700 100 3
30 60 700 9.00
0 2 78 1
0 5 75 1
0 2 47 1
0 23 38 2
0 9 47 2
0 23 55 3
0 2 21 3
0 8 76 3
0 3 81 3
0 11 38 3
0 15 67 2
0 19 5 1
0 5 88 2
0 7 82 3
0 5 84 2
0 1 29 3
0 12 96 2
0 2 10 3
0 3 2 1
0 10 55 1
0 2 54 3
0 12 75 2
0 18 46 3
0 22 38 2
0 4 75 2
0 15 78 3
0 14 77 1
0 9 43 3
0 2 55 3
0 1 75 1
0 3 77 2
0 8 31 3
0 11 90 1
0 3 5 1
0 7 55 1
0 8 47 2
0 4 51 2
0 1 94 3
0 16 64 2
0 2 1 2
0 3 41 1
0 24 86 2
0 2 85 3
0 14 61 1
0 15 42 3
0 8 72 1
0 8 67 2
0 7 92 3
0 2 21 1
0 6 26 1
0 6 78 1
0 12 59 3
0 5 85 3
0 17 42 3
0 5 99 2
0 10 82 1
0 17 76 1
0 3 33 1
0 2 21 3
0 15 78 3
0 1 89 2
0 13 91 1
0 3 2 3
0 17 18 3
0 9 49 3
0 18 32 3
0 18 11 1
0 13 98 3
0 2 29 1
0 4 98 3
0 23 99 2
0 22 27 2
0 1 72 3
0 13 68 3
0 6 64 2
0 25 76 3
0 10 6 1
0 2 57 1
0 1 79 2
0 16 54 2
0 11 23 1
0 9 86 2
0 12 12 1
0 2 94 1
0 2 8 2
0 23 19 1
0 11 9 2
0 3 16 2
0 2 71 2
0 2 89 2
0 8 24 1
0 1 89 3
0 9 7 1
0 22 30 1
0 18 46 3
0 5 68 1
0 2 69 1
0 4 53 1
0 24 23 1
0 24 61 1
0 21 77 2
0 7 44 3
0 3 74 2
0 1 70 2
0 5 62 1
0 4 84 2
0 7 77 2
0 2 14 1
0 2 44 1
0 20 82 1
0 2 6 3
0 1 24 2
0 16 97 3
0 5 91 2
0 2 1 2
0 8 46 3
0 24 83 1
0 9 25 3
0 15 24 2
0 1 79 1
0 4 68 1
0 2 19 3
0 2 100 2
0 2 78 1
0 2 41 2
0 10 71 3
0 4 6 3
0 9 73 2
0 5 70 3
0 14 7 3
0 1 71 2
0 17 28 2
0 8 43 3
0 1 97 1
0 1 23 2
0 4 56 1
0 16 60 1
0 11 55 3
0 10 63 1
0 14 18 1
0 3 20 2
0 3 78 3
0 22 28 2
0 6 33 2
0 19 67 2
0 9 44 2
0 8 48 3
0 20 25 2
0 6 90 2
0 4 34 1
0 14 41 2
0 12 83 3
0 3 74 3
0 6 33 2
0 13 32 1
0 17 30 2
0 7 24 2
0 14 92 2
0 1 99 3
0 3 82 1
0 5 14 2
0 3 59 2
0 3 4 3
0 13 8 1
0 25 93 3
0 4 76 1
0 1 55 2
0 6 47 1
0 4 45 2
0 3 31 1
0 12 98 1
0 4 65 1
0 7 73 2
0 13 84 1
0 1 92 2
0 13 36 2
0 4 38 1
0 4 24 3
0 6 33 3
0 2 7 3
0 2 2 3
0 20 94 3
0 14 27 1
0 14 65 2
0 2 69 2
0 4 44 3
0 1 1 1
0 22 2 1
0 1 88 2
0 8 18 1
0 11 23 3
0 4 64 3
0 4 33 2
0 1 76 1
0 13 92 2
0 1 12 3
0 11 44 3
0 4 8 2
0 10 81 2
0 2 85 1
0 14 87 3
0 1 81 2
0 1 9 2
0 8 61 2
0 3 12 3
0 11 86 1
0 22 52 1
0 13 57 1
0 2 82 2
0 4 75 3
0 9 60 2
0 15 67 2
0 3 40 3
0 9 46 1
0 6 69 1
0 10 25 2
0 7 82 2
0 3 86 3
0 13 14 3
0 25 78 3
0 7 12 2
0 1 43 2
0 5 75 3
0 4 28 2
0 23 91 1
0 10 23 2
0 12 46 2
0 20 18 1
0 5 72 3
0 2 48 1
0 4 85 1
0 20 92 2
0 5 33 1
0 15 72 1
0 5 30 2
0 8 72 3
0 7 72 2
0 6 14 1
0 14 37 1
0 18 98 2
0 11 76 3
0 21 41 1
0 21 49 3
0 13 84 2
0 6 8 2
0 12 31 3
0 10 91 2
0 13 69 1
0 20 78 3
0 10 80 1
0 1 57 2
0 19 45 1
0 2 73 1
0 15 30 3
0 10 55 2
0 19 58 3
0 5 17 3
0 3 65 3
0 2 82 3
0 9 18 3
0 1 47 3
0 1 16 2
0 3 81 3
0 15 90 3
0 1 56 3
0 5 66 1
0 2 69 1
0 12 38 3
0 13 90 1
0 16 62 3
0 6 5 1
0 6 25 3
0 9 84 3
0 11 63 3
0 2 60 2
0 1 18 2
0 11 96 3
0 2 24 2
0 6 47 3
0 6 91 1
0 12 21 1
0 4 48 2
0 9 37 1
0 1 20 2
0 2 30 2
0 10 53 2
0 8 16 3
0 20 9 3
0 19 55 3
0 4 11 1
0 4 7 2
0 6 98 1
0 7 93 3
0 16 97 2
0 3 7 2
0 7 88 2
0 6 11 1
0 6 3 3
0 10 61 1
0 10 52 1
0 23 16 1
0 25 39 2
0 17 44 2
0 7 43 2
0 3 12 2
0 2 68 3
0 7 12 2
0 3 52 3
0 3 90 1
0 12 56 2
0 1 3 1
0 24 81 2
0 18 43 1
0 5 7 3
0 1 48 2
0 9 53 3
0 17 60 1
0 24 41 2
0 6 64 2
0 6 51 3
0 20 38 3
0 3 4 1
0 4 81 1
0 11 33 1
0 2 76 2
0 17 47 1
0 2 77 1
0 25 31 3
0 5 20 3
0 5 86 3
0 7 25 3
0 16 20 1
0 11 26 2
0 9 45 3
0 1 52 3
0 2 83 1
0 10 86 2
0 25 8 2
0 1 73 2
0 6 66 2
0 1 98 1
0 6 94 1
0 14 75 3
0 5 91 3
0 17 26 2
0 8 90 2
0 14 46 1
0 24 35 3
0 5 68 1
0 1 59 3
0 9 19 1
0 6 3 3
0 12 48 3
0 2 20 1
0 2 91 1
0 6 88 2
0 15 30 3
0 2 73 2
0 10 2 2
0 3 52 2
0 3 32 1
0 7 81 1
0 16 16 3
0 21 49 2
0 3 30 2
0 6 5 2
0 20 2 1
0 14 78 1
0 17 61 3
0 12 91 1
0 10 69 2
0 2 7 2
0 1 49 1
0 16 22 2
0 2 74 3
0 14 77 2
0 6 40 2
0 15 22 3
0 7 48 1
0 13 51 2
0 4 33 1
0 5 39 2
0 22 66 3
0 8 84 1
0 10 16 3
0 7 3 2
0 18 93 1
0 18 40 2
0 2 45 1
0 11 69 2
0 22 63 3
0 5 68 1
0 25 22 2
0 8 34 2
0 2 53 2
0 6 68 2
0 8 17 3
0 4 17 2
0 18 56 1
0 22 17 3
0 1 65 2
0 10 15 1
0 3 53 3
0 7 30 3
0 4 63 1
0 20 97 3
0 18 20 1
0 8 86 1
0 3 13 1
0 2 67 2
0 3 14 1
0 9 39 3
0 8 35 2
0 1 53 2
0 16 12 2
0 4 77 3
0 9 83 3
0 24 69 3
0 19 6 2
0 3 38 2
0 7 73 3
0 20 97 1
0 13 14 3
0 25 44 3
0 6 88 2
0 22 18 3
0 24 6 1
0 6 63 3
0 10 23 3
0 2 56 3
0 6 9 2
0 4 78 3
0 2 2 1
0 8 2 1
0 1 79 3
0 5 80 3
0 2 67 1
0 13 20 1
0 15 61 1
0 12 32 1
0 19 59 1
0 6 56 1
0 6 6 1
0 5 58 3
0 14 86 3
0 5 51 1
0 2 59 2
0 10 31 3
0 16 51 3
0 24 65 3
0 20 74 2
0 25 88 1
0 17 6 3
0 17 77 1
0 4 74 2
0 16 10 3
0 2 90 1
0 8 31 2
0 7 47 3
0 15 61 1
0 15 15 2
0 9 63 3
0 2 59 2
0 8 58 2
0 5 22 1
0 5 79 1
0 5 40 3
0 6 94 1
0 12 61 3
0 8 80 2
0 4 84 2
0 13 49 1
0 6 48 1
0 2 18 2
0 1 81 2
0 17 83 1
0 1 73 3
0 22 27 2
0 23 30 3
0 1 27 1
0 6 82 1
0 9 71 3
0 2 11 3
0 7 65 3
0 9 12 2
0 8 85 2
0 7 18 2
0 16 61 3
0 1 68 3
0 6 33 1
0 7 93 2
0 19 86 2
0 1 74 1
0 25 60 2
0 11 52 2
0 7 24 1
0 15 54 1
0 17 73 2
0 6 6 3
0 9 40 2
0 8 64 3
0 12 58 3
0 25 36 2
0 7 87 1
0 5 32 1
0 2 88 3
0 5 51 1
0 11 62 3
0 11 36 3
0 10 87 3
0 7 86 3
0 17 19 2
0 1 89 1
0 2 30 1
0 6 81 1
0 4 30 3
0 6 85 2
0 3 77 3
0 8 44 1
0 8 40 1
0 3 66 1
0 8 81 2
0 12 28 2
0 25 27 2
0 7 99 1
0 11 30 1
0 10 96 1
0 18 73 2
0 1 49 2
0 3 29 1
0 5 82 3
0 8 22 3
0 5 82 1
0 10 99 3
0 2 47 1
0 12 60 1
0 2 51 1
0 13 20 3
0 23 17 2
0 7 42 3
0 13 84 3
0 12 21 3
0 3 99 2
0 16 2 2
0 4 16 1
0 10 79 2
0 7 15 3
0 2 1 3
0 9 4 3
0 15 31 3
0 20 43 3
0 8 18 3
0 17 52 3
0 21 26 3
0 4 82 1
0 9 100 3
0 15 92 1
0 23 54 1
0 12 29 3
0 7 15 1
0 1 73 3
0 1 33 3
0 25 62 3
0 1 33 1
0 24 81 3
0 5 6 3
0 10 38 1
0 12 29 1
0 6 47 3
0 16 25 2
0 3 98 3
0 1 77 3
0 4 7 3
0 2 98 1
0 7 100 3
0 7 19 3
0 1 97 3
0 22 93 3
0 9 38 1
0 1 66 1
0 7 29 3
0 4 38 1
0 10 100 1
0 10 50 2
0 2 16 2
0 15 94 3
0 1 63 1
0 10 2 2
0 21 4 2
0 11 8 3
0 3 85 1
0 1 45 2
0 5 44 3
0 12 99 2
0 21 44 2
0 23 17 1
0 3 60 1
0 15 67 2
0 6 39 3
0 5 67 2
0 12 33 1
0 3 62 2
0 1 71 1
0 1 86 3
0 1 67 3
0 6 19 3
0 4 67 3
0 21 24 2
0 11 45 2
0 25 30 1
0 13 42 1
0 14 56 2
0 5 4 1
0 18 7 1
0 4 12 3
0 1 14 2
0 12 25 3
0 12 74 2
0 8 67 2
0 2 27 2
0 13 54 2
0 8 77 3
0 11 60 1
0 1 8 1
0 2 13 3
0 1 76 1
0 1 83 2
0 4 52 1
0 16 74 1
0 7 54 1
0 7 50 3
0 5 10 3
0 14 47 1
0 1 58 2
0 7 57 1
0 3 52 2
0 10 64 1
0 10 30 1
0 15 45 1
0 2 88 2
0 8 20 2
0 10 16 3
0 8 24 2
0 10 80 2
0 17 9 3
0 8 59 1
0 3 55 1
0 5 2 1
0 13 88 3
0 1 99 1
0 2 47 2
0 1 9 1
0 1 61 3
0 12 44 2
0 1 10 2
0 2 4 1
0 7 62 3
0 8 78 2
0 21 40 1
0 12 51 2
0 5 80 1
0 2 92 1
0 5 21 2
0 1 34 2
0 6 100 1
0 4 8 3
0 4 99 1
0 15 51 2
0 5 77 3
0 11 26 3
0 16 5 3
0 9 20 1
0 6 87 3
0 19 8 2
0 4 1 1
0 13 75 2
0 4 85 3
0 13 44 1
0 12 73 1
0 3 36 1
0 7 87 1
0 24 57 3
0 6 27 2
0 14 18 2
0 9 57 2
0 5 62 3
0 20 73 1
0 12 64 1
0 8 84 2
0 3 56 3
0 7 75 2
0 9 35 2
0 18 65 2
0 21 59 3
0 6 42 3
0 16 69 2
0 12 25 2
0 4 44 3
0 12 36 2
0 15 77 1
0 10693 3743 11059 7119 17815 4213 10501 9157 5355 15389 3662 17706 8692 6747 6909 6076 19599 17680 3623 13048 6132 5563 12803 13837 14720 10892 15986 4019 821 16141 7096 4939 12745 1776 10675 6648 12623 2460 11744 2233 4830 13910 9927 12952 15309 14538 5420 17574 16743 10208 5038 9923 16374 9109 11204 3131 18491 9820 11733 14838 10608 10013 5439 3148 8078 2088 7062 6383 18533 19760 6975 7513 10294 10003 15794 470 11416 20597 15611 7661 4513 8961 7115 9482 15539 15015 17340 9073 6405 8248 6694 8655 5312 9749 8700 11688 9425 17177 4639 18037
10693 0 11852 12776 10491 8119 8022 7560 10165 5764 13335 12800 13561 2691 11184 8912 7271 18917 11975 8347 9132 5762 14592 17225 9436 13173 8228 9808 8099 11353 19272 5215 5894 4404 10255 11560 6371 7569 12536 10378 8497 7880 15164 6509 14557 8951 9225 15197 18242 14360 10488 9576 18520 10159 6687 18703 7826 9504 12611 15192 13449 9345 19367 8077 13060 17849 12529 7792 10924 19323 19918 14264 10098 8961 15983 7328 10380 6229 21187 11541 16126 6180 18850 8627 7400 8649 15558 15365 1620 6782 7533 5809 4537 8111 7013 3531 16212 18532 13612 9768 10194
3743 11852 0 7901 4299 17717 3846 9021 6603 6103 12775 1207 15499 9343 3595 4873 5174 16400 15970 3514 11315 8785 2739 9078 12135 12030 9198 14601 7287 4204 12462 9689 7092 12611 2322 7816 9588 11357 2255 9409 4915 4121 10597 8822 9632 14065 13037 3514 14192 14106 7644 8679 6898 14960 7948 7748 4381 17985 6538 8141 12093 8487 7530 4257 2135 6033 2894 5595 3326 15098 16396 3292 4885 8284 6265 15282 3470 10480 17140 13573 4478 6263 7046 5208 8027 14455 11782 14552 10320 5683 6772 9453 8454 4162 8449 8938 7975 6731 14840 8308 17071
11059 12776 7901 0 3969 14746 7740 5630 2695 9150 5331 8886 8529 10259 4357 4805 6647 8549 9894 8133 6152 13286 8873 4855 6790 4520 5147 9410 13154 11748 6509 13843 11465 10671 9284 1273 14376 7313 10156 3448 10941 7222 2920 6462 2022 9292 7924 10230 6593 6542 2332 15070 9891 9644 6102 8592 9451 14118 1422 2712 4490 3764 11604 6512 9952 11459 10785 5551 4696 7612 8742 6542 3730 4036 5399 11854 10634 7582 9683 7154 8513 10532 12307 4860 5432 9955 3957 6796 11916 6865 5316 13954 8252 6599 5893 9292 4154 10669 7695 14829 12373
7119 10491 4299 3969 0 14627 3907 5272 2315 5723 8494 5441 11213 7803 948 1583 3354 12484 11823 4228 7247 9711 6092 7030 8060 7764 5260 10642 9285 7834 9802 10385 7844 9774 5345 3592 10761 7603 6495 5132 7008 3483 6871 5451 5934 10209 9052 7323 10550 9833 3346 11153 8741 10976 4668 8393 5576 14545 2882 5293 7844 4314 10073 2857 6433 9254 7067 2717 1018 11551 12709 4463 665 4185 5501 11935 6684 7073 13624 9333 6641 6883 10233 1901 4426 10697 7921 10329 9282 3770 3411 10402 6140 2908 4937 7013 5927 9129 10542 10896 13318
17815 8119 17717 14746 14627 0 14110 9489 13025 12460 12107 18870 10282 9201 15556 13260 12544 17105 7738 14629 8700 13819 20270 19583 8261 12454 9755 6298 15999 18581 20285 13331 13565 5130 16854 13532 14487 7441 19096 11329 15828 13674 15890 9177 15748 5906 7219 21229 17653 12424 12636 17631 23366 6353 9991 22792 14692 2027 15369 17453 12744 11106 24661 13460 19457 23603 19292 12265 15476 18583 18563 19074 14003 10964 19628 2902 17413 7566 19929 9296 21227 13528 24616 12891 10213 5167 15619 13435 9443 12042 11258 13920 9326 13556 9694 9118 18884 23728 10878 17787 4144
4213 8022 3846 7740 3907 14110 0 6289 5385 2333 11426 4877 13556 5498 4074 3031 1864 16052 13467 591 8842 5885 6580 10778 9627 10816 6692 11791 5414 5032 13697 6637 4016 8980 2814 7050 6901 8430 4990 7714 3281 632 10658 5739 9753 11132 10329 7289 14320 12774 6372 7345 10547 12177 4906 10978 1718 14572 6781 9175 10968 6518 11344 1331 5355 9875 5240 2897 3698 15350 16434 6410 4012 6174 8685 11856 3745 7280 17418 11434 8134 3054 10885 3128 5271 11397 11610 13456 6520 2226 4050 6583 4784 1214 5539 5139 9645 10512 13069 7128 13939
10501 7560 9021 5630 5272 9489 6289 0 3543 6103 6091 10228 7458 5428 6220 4165 4428 11535 7179 6879 2582 9866 11256 10438 3344 5768 686 5599 10760 11320 11933 10097 8402 5052 8994 4356 10956 2353 10890 2818 9261 5673 7673 1093 7162 5044 4072 12393 10687 7305 3324 12791 13944 5969 1505 13303 7680 9280 5970 8295 6021 1890 15337 5117 11051 14497 11295 3519 6215 11769 12421 9727 4617 1595 10150 6709 10033 1991 13661 5275 11911 7711 15487 3817 1027 5465 8001 8209 7091 4152 2299 10413 3433 5242 830 4424 9602 14390 7124 12706 8090
9157 10165 6603 2695 2315 13025 5385 3543 0 6527 6259 7755 8899 7600 3167 2354 4046 10669 9561 5861 5078 10672 8337 7124 5871 5568 3309 8509 10738 9916 9184 11192 8884 8503 7415 1703 11772 5702 8771 2818 8662 4804 5472 4113 4664 8157 6919 9603 9050 7610 1061 12711 10525 8822 3579 9770 7095 12715 2517 5040 5681 2119 12017 4076 8738 11396 9318 2896 3326 10108 11110 6459 1725 2113 6607 10215 8701 5519 12157 7028 8640 7975 12349 2301 3016 8708 6294 8183 9243 4210 2646 11329 5628 4182 3532 6652 6191 11063 8239 12508 11297
5355 5764 6103 9150 5723 12460 2333 6103 6527 0 11936 7036 13559 3408 6129 4393 2504 17003 13020 2589 8649 4146 8841 12750 9349 11444 6678 11121 4657 6127 15441 4706 2400 7401 4560 8223 5247 7820 6856 8244 3482 2386 11997 5230 11162 10365 9823 9437 15563 13236 7335 6687 12876 11518 4599 13292 2238 13174 8444 10980 11643 6982 13630 2879 7339 12085 6937 3633 5788 16628 17582 8736 5605 6576 10889 10497 4956 6440 18667 11371 10459 1610 13086 4292 5226 10487 12794 14044 4217 2335 4332 4806 3428 2849 5274 3347 11638 12815 13218 6607 12875
15389 13335 12775 5331 8494 12107 11426 6091 6259 11936 0 13875 3334 11475 9201 8489 9764 5595 5335 11959 4246 15891 14116 8973 4187 813 5419 5856 16514 16161 8510 16171 14317 9717 13663 4988 16992 5890 14988 3729 14679 10804 4476 7170 4854 6210 4990 15457 5554 1354 5199 18542 15131 5897 7483 13608 13070 10861 6711 7248 926 4976 16887 10098 14901 16789 15556 8584 9449 6522 6751 11853 7967 5369 10543 9349 14928 7110 8091 2860 13844 13531 17636 8319 6768 6946 3740 2122 13102 9698 7626 16463 9519 10218 6870 10485 8773 15963 2432 18398 8678
3662 12800 1207 8886 5441 18870 4877 10228 7755 7036 13875 0 16654 10357 4675 6078 6328 17311 17166 4468 12515 9310 1984 9558 13335 13118 10402 15807 7545 3895 13022 10245 7734 13754 2755 8896 10017 12563 1490 10569 5308 5221 11485 10020 10525 15271 14242 2413 15020 15196 8784 8700 6356 16166 9146 7542 5114 19169 7491 8855 13168 9673 6727 5419 1078 5055 2176 6795 4444 15889 17226 3469 6048 9477 6570 16464 3531 11675 17908 14749 4022 6984 6051 6414 9233 15660 12700 15606 11235 6828 7976 9949 9578 5318 9652 10011 8500 6009 15979 8298 18274
17706 13561 15499 8529 11213 10282 13556 7458 8899 13559 3334 16654 0 12266 12023 10861 11746 6896 2613 14129 4925 17174 17106 12293 4314 4120 6925 4200 18215 18509 11540 17277 15822 9368 16063 7961 18232 6132 17637 6091 16671 12925 7765 8366 8187 4924 4337 18418 7994 2685 7876 20243 18401 4017 8963 16930 15070 8672 9848 10578 4259 7117 20132 12274 17633 19926 18152 10662 12217 8745 8443 14949 10614 7413 13837 7910 17236 7617 9792 2193 17007 15164 20804 10614 8392 5525 6879 3457 13727 11550 9524 17663 10580 12401 8286 11375 12106 19198 931 20164 6336
8692 2691 9343 10259 7803 9201 5498 5428 7600 3408 11475 10357 12266 0 8494 6227 4590 16962 11130 5893 7476 5170 12072 14592 7966 11192 6114 9031 6956 9431 16768 5078 4435 4343 7964 9084 6126 6138 10260 8184 6637 5280 12786 4335 12115 8192 8061 12770 16034 12623 8028 8783 15896 9419 4284 16022 5626 10126 9996 12590 11449 7043 16809 5418 10727 15373 10344 5113 8236 17120 17832 11612 7423 6636 13293 7556 8319 4650 19052 10118 13520 4327 16383 5949 5036 8110 13294 13574 1686 4094 4953 5534 2056 5459 4742 1012 13562 15954 12151 8857 10199
6747 11184 3595 4357 948 15556 4074 6220 3167 6129 9201 4675 12023 8494 0 2384 3937 12902 12719 4274 8171 9958 5178 6704 8980 8446 6204 11575 9291 7410 9703 10690 8087 10671 4981 4226 10972 8551 5840 5974 6932 3774 7166 6379 6206 11152 9984 6436 10827 10523 4150 11076 7821 11907 5580 7575 5629 15491 3073 5181 8502 5224 9129 3268 5705 8312 6450 3507 391 11790 13014 3522 1610 5115 4823 12876 6340 8010 13857 10193 5696 7123 9288 2736 5365 11644 8294 10957 9906 4406 4315 10655 6934 3284 5873 7757 5571 8187 11324 10787 14264
6909 8912 4873 4805 1583 13260 3031 4165 2354 4393 8489 6078 10861 6227 2384 0 1906 13021 11129 3513 6458 8499 7120 8485 7277 7843 4327 9729 8403 7693 11052 9099 6666 8312 5215 4026 9582 6514 6848 4838 6309 2458 7701 4113 6827 9206 8165 8231 11337 9843 3356 10364 10173 10088 3272 9947 4743 13308 4056 6619 7979 3745 11403 1731 6943 10405 7320 1136 2235 12381 13429 5840 1243 3480 7084 10648 6445 5776 14442 8831 7970 5728 11407 369 3198 9623 8605 10477 7730 2250 2011 9176 4566 1832 3663 5430 7410 10474 10290 10156 12247
6076 7271 5174 6647 3354 12544 1864 4428 4046 2504 9764 6328 11746 4590 3937 1906 0 14629 11605 2455 6989 6640 7786 10362 7768 9202 4850 9934 6787 6896 12956 7207 4839 7437 4629 5748 7734 6577 6693 6035 4947 1263 9505 3894 8662 9286 8466 8688 13095 11098 4911 8799 11367 10318 3049 11433 3336 12874 5962 8524 9378 4798 12392 922 6972 11130 7013 1199 3658 14154 15141 7049 3141 4427 8759 10161 5609 5473 16202 9606 9029 3934 12147 1788 3414 9572 10334 11835 5969 526 2222 7307 3310 1012 3676 3948 9272 11504 11292 8640 12137
19599 18917 16400 8549 12484 17105 16052 11535 10669 17003 5595 17311 6896 16962 12902 13021 14629 0 9509 16512 9839 21091 16960 9365 9719 5772 10849 10846 21393 20296 6820 21466 19402 15277 17824 9009 22200 11477 18648 8862 19323 15473 5830 12627 6786 11404 10369 18312 2737 4783 9723 23378 16531 10755 12814 14478 17764 15562 9865 8778 5514 10100 18389 14745 18388 18912 19294 13433 13244 2651 1651 14483 12147 10519 12122 14549 19168 12698 2927 7966 16020 18542 19564 12958 12064 12102 4618 3733 18616 14680 12693 21703 14956 14851 12258 15959 9844 17584 6227 23177 13231
17680 11975 15970 9894 11823 7738 13467 7179 9561 13020 5335 17166 2613 11130 12719 11129 11605 9509 0 14057 4677 16244 17896 14161 3864 5985 6837 2167 17604 18499 13827 16208 15107 7601 16160 9051 17244 5203 17972 6826 16356 12852 9769 7834 10010 3025 3198 19146 10501 5118 8660 19594 19726 1828 8596 18479 14807 6068 11056 12266 6208 7512 21368 12284 18067 20926 18417 10668 12840 11303 11052 15948 11175 7688 15293 5575 17212 6641 12403 2748 18092 14575 21857 10824 8202 3403 9069 6009 12409 11304 9455 16656 9746 12410 7939 10360 13812 20418 3374 19571 3727
3623 8347 3514 8133 4228 14629 591 6879 5861 2589 11959 4468 14129 5893 4274 3513 2455 16512 14057 0 9429 5768 6251 10957 10215 11336 7277 12381 5058 4442 13961 6573 3924 9501 2248 7502 6739 9020 4468 8257 2816 1211 11053 6328 10134 11720 10920 6879 14725 13309 6868 6937 10329 12767 5497 10881 1359 15124 7110 9435 11482 7073 11043 1869 4869 9505 4686 3467 3887 15744 16856 6293 4407 6737 8729 12409 3155 7862 17816 12013 7905 2988 10510 3644 5860 11980 12036 13975 6807 2811 4633 6466 5310 1746 6130 5603 9819 10234 13633 6697 14517
13048 9132 11315 6152 7247 8700 8842 2582 5078 8649 4246 12515 4925 7476 8171 6458 6989 9839 4677 9429 0 12266 13339 10928 820 4231 2165 3433 13302 13865 11656 12407 10897 5512 11497 5027 13333 1655 13296 2707 11843 8219 7243 3441 7049 3164 1850 14554 9545 5229 4336 15327 15542 3745 4072 14576 10261 7966 7006 8824 4526 2962 17081 7627 13401 16463 13740 6006 8255 10583 10964 11537 6587 3064 11354 5801 12579 2913 12285 2732 13716 10250 17422 6149 3576 3805 7148 6235 9032 6732 4802 12771 5684 7754 3395 6537 10305 16126 4693 15257 6293
6132 5762 8785 13286 9711 13819 5885 9866 10672 4146 15891 9310 17174 5170 9958 8499 6640 21091 16244 5768 12266 0 11291 16661 12867 15455 10506 14174 2518 6547 19503 964 1871 9393 6564 12368 1109 11130 8480 12266 4030 6231 16142 8854 15302 13344 13113 11439 19705 17152 11470 3817 15635 14566 8415 16493 4510 15033 12519 15003 15671 11010 15991 6869 9135 14142 8212 7779 9584 20772 21712 11925 9678 10594 14494 12595 6006 9642 22809 14987 13239 2836 15059 8425 9124 13279 16934 18012 4388 6474 8399 698 6595 6807 9052 5884 15529 15313 16945 4008 15324
5563 14592 2739 8873 6092 20270 6580 11256 8337 8841 14116 1984 17106 12072 5178 7120 7786 16960 17896 6251 13339 11291 0 8513 14151 13324 11322 16726 9509 5668 12032 12225 9695 15201 4731 9163 12000 13609 3165 11122 7292 6818 11161 11215 10235 16266 15138 1362 14504 15385 9283 10575 4379 17064 10355 5730 7037 20418 7453 8237 13330 10400 4802 6865 2500 3344 3760 8021 5087 15284 16688 2485 6752 10276 5385 17742 5480 12883 17237 15346 2117 8918 4361 7483 10315 16719 12425 15668 13058 8308 9117 11933 11095 6784 10782 11634 7562 4042 16360 10159 19345
12803 17225 9078 4855 7030 19583 10778 10438 7124 12750 8973 9558 12293 14592 6704 8485 10362 9365 14161 10957 10928 16661 8513 0 11498 8227 9989 14029 15894 13278 3520 17380 14790 15489 11187 6110 17676 12162 11046 8255 13486 10452 4551 11187 4152 14010 12626 9749 6653 9785 7114 17561 7189 14217 10703 5122 12302 18875 4623 2147 8049 8603 9044 9874 10569 9766 11733 9526 7083 7183 8664 6147 7243 8844 3140 16685 12485 12412 8956 11443 7054 13825 10316 8703 10109 14700 5644 9539 16171 10735 9704 17358 12702 9914 10606 13694 1141 8275 11372 17231 17012
13837 9436 12135 6790 8060 8261 9627 3344 5871 9349 4187 13335 4314 7966 8980 7277 7768 9719 3864 10215 820 12867 14151 11498 0 4329 2973 2668 13991 14655 12025 12964 11556 5559 12299 5717 13920 1873 14112 3380 12591 9007 7629 4119 7525 2513 1135 15371 9656 4994 5090 16009 16300 2958 4808 15284 11018 7380 7717 9421 4627 3762 17856 8426 14220 17264 14553 6807 9069 10665 10936 12328 7401 3880 12062 5387 13368 3323 12278 2153 14503 10939 18220 6966 4356 3207 7404 6033 9464 7494 5598 13350 6272 8552 4136 7063 10925 16901 4205 15951 5589
14720 13173 12030 4520 7764 12454 10816 5768 5568 11444 813 13118 4120 11192 8446 7843 9202 5772 5985 11336 4231 15455 13324 8227 4329 0 5083 6289 15978 15484 7961 15776 13837 9743 12982 4222 16561 5883 14253 3200 14084 10200 3784 6859 4088 6550 5255 14668 5333 2078 4512 17999 14320 6373 7087 12811 12481 11309 5906 6460 298 4462 16074 9485 14150 15980 14830 8011 8705 6358 6765 11048 7258 4870 9735 9641 14262 6985 8069 3372 13033 13026 16824 7693 6350 7290 3199 2640 12844 9170 7114 16044 9196 9603 6508 10190 7991 15150 3232 17841 9186
10892 8228 9198 5147 5260 9755 6692 686 3309 6678 5419 10402 6925 6114 6204 4327 4850 10849 6837 7277 2165 10506 11322 9989 2973 5083 0 5416 11328 11707 11353 10757 9007 5537 9332 3881 11600 2394 11145 2157 9750 6067 7054 1779 6582 4950 3841 12500 10014 6650 2903 13362 13816 5768 2099 13068 8154 9406 5620 7842 5336 1386 15266 5464 11266 14515 11581 3841 6242 11096 11737 9668 4596 1211 9883 6917 10422 2444 12980 4763 11856 8288 15493 4005 1468 5446 7341 7540 7777 4628 2644 11062 4114 5591 1455 5109 9197 14314 6542 13264 8061
15986 9808 14601 9410 10642 6298 11791 5599 8509 11121 5856 15807 4200 9031 11575 9729 9934 10846 2167 12381 3433 14174 16726 14029 2668 6289 5416 0 15637 16807 14237 14102 13116 5438 14552 8373 15156 3363 16488 6038 14526 11196 9931 6059 9963 859 1592 17915 11375 6129 7756 17603 18966 397 6886 17942 13019 5020 10380 11994 6565 6390 20513 10688 16646 19880 16884 9112 11640 12290 12275 14967 9978 6462 14720 3728 15524 4681 13641 3010 17148 12638 20845 9394 6618 1328 9487 7148 10264 9581 7893 14565 7765 10811 6270 8303 13516 19558 4651 17601 2983
4019 8099 7287 13154 9285 15999 5414 10760 10738 4657 16514 7545 18215 6956 9291 8403 6787 21393 17604 5058 13302 2518 9509 15894 13991 15978 11328 15637 0 4256 18994 3414 2546 11298 4965 12427 2704 12404 6474 12793 2422 5948 16072 9873 15166 14847 14413 9439 19729 17833 11672 2034 13887 16034 9255 15011 3711 17063 12168 14471 16160 11539 14032 6672 7158 12089 6087 7985 8900 20763 21832 10567 9426 11147 13401 14512 4031 10972 22830 16026 11565 3053 12954 8439 9869 14885 17007 18603 6595 6816 8890 2890 7873 6574 9931 7426 14753 13434 17870 1967 17117
821 11353 4204 11748 7834 18581 5032 11320 9916 6127 16161 3895 18509 9431 7410 7693 6896 20296 18499 4442 13865 6547 5668 13278 14655 15484 11707 16807 4256 0 16663 7506 5523 13526 2503 11408 6949 13444 2504 12531 2857 5648 14574 10748 13613 16129 15358 5325 18225 17515 10972 4943 9956 17195 9930 11382 3921 19283 10479 12304 15596 11405 9894 6250 3174 7895 1949 7874 7056 19170 20419 7323 8254 11097 10398 16590 1287 12234 21228 16420 7785 5190 8727 7909 10300 16356 15699 18097 9736 7226 9064 7059 9455 6123 10570 9474 12179 9371 17973 4515 18849
16141 19272 12462 6509 9802 20285 13697 11933 9184 15441 8510 13022 11540 16768 9703 11052 12956 6820 13827 13961 11656 19503 12032 3520 12025 7961 11353 14237 18994 16663 0 20142 17641 16841 14467 7712 20561 13151 14502 9287 16626 13284 4413 12868 4772 14429 13076 13267 4166 8857 8786 20755 10394 14333 12586 8147 15320 19250 6997 4526 7698 10047 12213 12634 14050 13154 15189 11950 10094 4265 5717 9648 9838 10389 6658 17410 15797 13770 5697 11327 10537 16682 13622 11189 11889 15162 4775 8258 18423 13245 11822 20190 14758 12696 12318 15800 4523 11531 10621 20450 17148
7096 5215 9689 13843 10385 13331 6637 10097 11192 4706 16171 10245 17277 5078 10690 9099 7207 21466 16208 6573 12407 964 12225 17380 12964 15776 10757 14102 3414 7506 20142 0 2652 9123 7495 12873 1157 11176 9438 12610 4984 6928 16663 9049 15848 13259 13128 12394 20181 17403 11936 4447 16557 14488 8693 17371 5366 14640 13146 15667 16004 11367 16938 7529 10090 15099 9175 8299 10324 21255 22148 12792 10305 10947 15298 12287 6966 9682 23275 15104 14154 3592 16018 8993 9426 13140 17405 18293 4012 6984 8810 609 6727 7478 9303 5906 16254 16253 17100 4702 15071
4939 5894 7092 11465 7844 13565 4016 8402 8884 2400 14317 7734 15822 4435 8087 6666 4839 19402 15107 3924 10897 1871 9695 14790 11556 13837 9007 13116 2546 5523 17641 2652 0 8776 4983 10586 2922 9918 7085 10637 2706 4362 14341 7457 13486 12318 11926 9980 17932 15607 9722 4488 13985 13512 6910 14734 2729 14560 10664 13137 14040 9375 14459 5011 7701 12694 6929 6006 7714 18993 19967 10150 7827 8967 12652 11985 4701 8467 21039 13629 11570 965 13645 6612 7575 12344 15169 16429 4301 4726 6729 2568 5362 4945 7573 4880 13659 13736 15525 4494 14573
12745 4404 12611 10671 9774 5130 8980 5052 8503 7401 9717 13754 9368 4343 10671 8312 7437 15277 7601 9501 5512 9393 15201 15489 5559 9743 5537 5438 11298 13526 16841 9123 8776 0 11731 9399 10248 3861 13967 7555 10834 8548 12475 4409 12086 4589 5074 16125 15047 10545 8376 13100 18484 5777 5114 18114 9614 5804 10991 13346 10038 6909 19688 8358 14327 18543 14171 7257 10547 16092 16462 14152 9190 6646 15044 3217 12332 3093 17791 7500 16267 8595 19559 7948 5508 4247 12565 11589 5123 6928 6363 9654 4196 8449 4982 4059 14643 18769 9543 13189 5948
1776 10255 2322 9284 5345 16854 2814 8994 7415 4560 13663 2755 16063 7964 4981 5215 4629 17824 16160 2248 11497 6564 4731 11187 12299 12982 9332 14552 4965 2503 14467 7495 4983 11731 0 8909 7311 11202 2297 10051 2608 3368 12139 8523 11182 13914 13061 5025 15806 15017 8471 6410 9073 14934 7673 10058 2440 17372 8051 10020 13093 8947 9477 3878 2808 7732 2442 5492 4613 16770 17990 5607 5752 8654 8512 14657 1359 10087 18837 13998 6688 4265 8701 5449 7967 14198 13240 15594 8657 5033 6705 7213 7549 3752 8283 7780 10060 8764 15505 6060 16749
10675 11560 7816 1273 3592 13532 7050 4356 1703 8223 4988 8896 7961 9084 4226 4026 5748 9009 9051 7502 5027 12368 9163 6110 5717 4222 3881 8373 12427 11408 7712 12873 10586 9399 8909 0 13470 6091 10050 2337 10315 6484 3793 5199 3039 8189 6843 10492 7347 6300 1076 14390 10680 8633 4875 9568 8766 12970 2017 3962 4277 2496 12320 5757 9931 11980 10641 4590 4496 8407 9410 6994 3165 2762 6347 10649 10230 6312 10454 6355 9086 9679 12877 4000 4185 8827 4591 6745 10755 5898 4183 13022 7056 5859 4634 8103 5353 11371 7198 14178 11303
6648 6371 9588 14376 10761 14487 6901 10956 11772 5247 16992 10017 18232 6126 10972 9582 7734 22200 17244 6739 13333 1109 12000 17676 13920 16561 11600 15156 2704 6949 20561 1157 2922 10248 7311 13470 0 12163 9070 13373 4712 7278 17239 9934 16394 14318 14135 12044 20809 18248 12576 3365 16370 15544 9512 17329 5435 15792 13586 16053 16778 12117 16627 7933 9744 14722 8734 8880 10593 21875 22819 12789 10749 11701 15437 13423 6592 10672 23913 16049 13998 3879 15609 9517 10225 14223 18039 19113 5152 7578 9508 596 7653 7866 10145 6898 16541 15988 18019 3661 16195
12623 7569 11357 7313 7603 7441 8430 2353 5702 7820 5890 12563 6132 6138 8551 6514 6577 11477 5203 9020 1655 11130 13609 12162 1873 5883 2394 3363 12404 13444 13151 11176 9918 3861 11202 6091 12163 0 13175 3938 11187 7840 8747 2696 8460 2722 2010 14744 11188 6815 5210 14400 16209 3752 3529 15447 9665 7012 7948 10024 6178 3686 17645 7349 13363 16843 13552 5801 8560 12231 12618 12039 6942 3594 12251 4565 12161 1494 13940 4012 14227 9372 17830 6162 3330 3111 8742 7839 7604 6218 4594 11585 4565 7471 2935 5271 11444 16694 6074 14371 5737
2460 12536 2255 10156 6495 19096 4990 10890 8771 6856 14988 1490 17637 10260 5840 6848 6693 18648 17972 4468 13296 8480 3165 11046 14112 14253 11145 16488 6474 2504 14502 9438 7085 13967 2297 10050 9070 13175 0 11549 4459 5471 12837 10544 11873 15897 14954 2974 16412 16326 9824 7419 7483 16860 9675 8880 4710 19547 8790 10293 14324 10561 7562 5846 689 5664 687 7378 5554 17301 18617 4956 7046 10322 8058 16831 2482 12159 19331 15660 5282 6466 6583 7148 9870 16231 14030 16792 10931 7147 8595 9076 9772 5729 10241 10056 9982 6965 17005 7000 18816
11744 10378 9409 3448 5132 11329 7714 2818 2818 8244 3729 10569 6091 8184 5974 4838 6035 8862 6826 8257 2707 12266 11122 8255 3380 3200 2157 6038 12793 12531 9287 12610 10637 7555 10051 2337 13373 3938 11549 0 10955 7088 4932 3885 4545 5860 4507 12405 7873 5067 1842 14818 12968 6304 3960 11905 9345 10671 4342 6134 3406 1262 14568 6389 11542 14103 12074 4856 6144 8957 9652 9122 4524 1673 8682 8430 11278 4498 10869 4223 11268 9828 15031 4634 3205 6511 5184 5811 9863 5978 3915 12863 6143 6512 3443 7173 7602 13615 5467 14671 8968
2233 8497 4915 10941 7008 15828 3281 9261 8662 3482 14679 5308 16671 6637 6932 6309 4947 19323 16356 2816 11843 4030 7292 13486 12591 14084 9750 14526 2422 2857 16626 4984 2706 10834 2608 10315 4712 11187 4459 10955 0 3886 13859 8522 12934 13794 13167 7410 17534 16022 9653 4151 11659 14921 7783 12662 1612 16629 9879 12111 14241 9734 11962 4608 5107 10116 4244 6101 6541 18549 19670 8173 7220 9371 10980 13965 2012 9863 20621 14513 9289 2342 11042 6408 8287 13945 14852 16724 6879 5123 7161 4650 6905 4494 8456 6778 12347 11296 16236 3889 16355
4830 7880 4121 7222 3483 13674 632 5673 4804 2386 10804 5221 12925 5280 3774 2458 1263 15473 12852 1211 8219 6231 6818 10452 9007 10200 6067 11196 5948 5648 13284 6928 4362 8548 3368 6484 7278 7840 5471 7088 3886 0 10134 5156 9241 10549 9723 7618 13784 12151 5775 7907 10641 11580 4311 10938 2295 14076 6324 8775 10356 5888 11531 729 5787 10145 5766 2265 3420 14821 15884 6415 3511 5543 8504 11360 4361 6723 16886 10804 8249 3400 11160 2526 4652 10830 11060 12840 6435 1678 3423 6924 4361 626 4934 4819 9327 10674 12438 7705 13387
13910 15164 10597 2920 6871 15890 10658 7673 5472 11997 4476 11485 7765 12786 7166 7701 9505 5830 9769 11053 7243 16142 11161 4551 7629 3784 7054 9931 16072 14574 4413 16663 14341 12475 12139 3793 17239 8747 12837 4932 13859 10134 0 8671 965 10066 8699 12519 3680 5234 4788 17989 11221 10061 8513 9442 12370 14919 4095 3168 3569 5825 13051 9420 12563 13314 13490 8368 7527 4692 5851 8699 6650 6203 6630 13008 13496 9430 6763 7126 10371 13418 14047 7729 7776 10793 1277 5042 14468 9682 7955 16801 10735 9510 8152 11787 4547 12178 6839 17748 12885
9927 6509 8822 6462 5451 9177 5739 1093 4113 5230 7170 10020 8366 4335 6379 4113 3894 12627 7834 6328 3441 8854 11215 11187 4119 6859 1779 6059 9873 10748 12868 9049 7457 4409 8523 5199 9934 2696 10544 3885 8522 5156 8671 0 8111 5394 4646 12278 11757 8365 4130 11893 14192 6449 875 13722 6981 9203 6622 9062 7114 2847 15492 4699 10768 14515 10895 3227 6306 12841 13509 9898 4835 2482 10636 6535 9465 1668 14744 6173 12057 6821 15519 3745 1100 5688 9054 9283 6000 3522 2103 9382 2350 4818 582 3331 10292 14556 8095 11832 8275
12952 14557 9632 2022 5934 15748 9753 7162 4664 11162 4854 10525 8187 12115 6206 6827 8662 6786 10010 10134 7049 15302 10235 4152 7525 4088 6582 9963 15166 13613 4772 15848 13486 12086 11182 3039 16394 8460 11873 4545 12934 9241 965 8111 0 10015 8632 11596 4626 5788 4087 17071 10479 10128 7875 8806 11460 14889 3134 2439 3928 5279 12291 8533 11603 12468 12525 7549 6570 5618 6808 7784 5741 5629 5867 12849 12540 9006 7690 7299 9514 12554 13226 6877 7158 10727 2192 5737 13789 8865 7221 15968 10078 8619 7569 11128 3931 11401 7277 16823 12941
15309 8951 14065 9292 10209 5906 11132 5044 8157 10365 6210 15271 4924 8192 11152 9206 9286 11404 3025 11720 3164 13344 16266 14010 2513 6550 4950 859 14847 16129 14429 13259 12318 4589 13914 8189 14318 2722 15897 5860 13794 10549 10066 5394 10015 0 1385 17426 11763 6639 7483 16802 18669 1232 6243 17739 12307 4875 10169 11934 6839 6046 20172 10069 16082 19463 16272 8522 11191 12713 12784 14594 9545 6066 14517 3159 14850 3931 14148 3455 16781 11863 20439 8861 6043 740 9726 7679 9408 8911 7312 13726 6983 10191 5657 7484 13434 19218 5283 16808 3143
14538 9225 13037 7924 9052 7219 10329 4072 6919 9823 4990 14242 4337 8061 9984 8165 8466 10369 3198 10920 1850 13113 15138 12626 1135 5255 3841 1592 14413 15358 13076 13128 11926 5074 13061 6843 14135 2010 14954 4507 13167 9723 8699 4646 8632 1385 0 16333 10533 5587 6184 16409 17392 1929 5432 16406 11627 6259 8837 10555 5548 4800 18928 9186 15096 18288 15366 7591 10051 11512 11675 13376 8388 4870 13184 4386 14072 3474 13032 2445 15558 11380 19253 7836 5098 2097 8401 6639 9447 8142 6370 13553 6569 9311 4789 7237 12059 17973 4470 16380 4461
5420 15197 3514 10230 7323 21229 7289 12393 9603 9437 15457 2413 18418 12770 6436 8231 8688 18312 19146 6879 14554 11439 1362 9749 15371 14668 12500 17915 9439 5325 13267 12394 9980 16125 5025 10492 12044 14744 2974 12405 7410 7618 12519 12278 11596 17426 16333 0 15840 16732 10572 10261 4716 18261 11408 6473 7450 21467 8808 9574 14678 11637 4594 7770 2305 2714 3384 9056 6307 16606 18019 3830 7975 11491 6609 18772 5454 13943 18543 16627 2921 9290 3677 8586 11426 17854 13784 17025 13623 9198 10198 12044 11965 7676 11874 12419 8838 4048 17684 9827 20478
17574 18242 14192 6593 10550 17653 14320 10687 9050 15563 5554 15020 7994 16034 10827 11337 13095 2737 10501 14725 9545 19705 14504 6653 9656 5333 10014 11375 19729 18225 4166 20181 17932 15047 15806 7347 20809 11188 16412 7873 17534 13784 3680 11757 4626 11763 10533 15840 0 5385 8245 21659 13836 11379 11761 11755 16035 16339 7755 6267 5034 8993 15693 13064 16097 16290 17076 11931 11193 1086 2206 12019 10318 9404 9498 14902 17164 12183 3108 8365 13435 17024 16910 11339 11004 12498 2776 4542 17718 13232 11388 20352 13980 13158 11300 15023 7200 14905 7139 21421 14087
16743 14360 14106 6542 9833 12424 12774 7305 7610 13236 1354 15196 2685 12623 10523 9843 11098 4783 5118 13309 5229 17152 15385 9785 4994 2078 6650 6129 17833 17515 8857 17403 15607 10545 15017 6300 18248 6815 16326 5067 16022 12151 5234 8365 5788 6639 5587 16732 5385 0 6550 19863 16217 6081 8737 14594 14412 11003 7947 8225 2055 6302 18000 11446 16228 17987 16898 9923 10780 6217 6150 13084 9314 6687 11607 9794 16282 8140 7516 3188 15031 14837 18812 9670 8039 7348 4243 1052 14223 11019 8943 17711 10711 11567 8105 11649 9711 17088 1779 19726 8723
10208 10488 7644 2332 3346 12636 6372 3324 1061 7335 5199 8784 7876 8028 4150 3356 4911 9723 8660 6868 4336 11470 9283 7114 5090 4512 2903 7756 11672 10972 8786 11936 9722 8376 8471 1076 12576 5210 9824 1842 9653 5775 4788 4130 4087 7483 6184 10572 8245 6550 0 13663 11210 8047 3801 10274 8069 12176 2738 4971 4634 1530 12773 5048 9778 12265 10376 3721 4343 9319 10246 7290 2780 1731 7061 9774 9751 5301 11343 6063 9446 8839 13199 3249 3109 8082 5470 7135 9703 5001 3169 12111 5992 5160 3562 7041 6296 11819 7196 13474 10623
5038 9576 8679 15070 11153 17631 7345 12791 12711 6687 18542 8700 20243 8783 11076 10364 8799 23378 19594 6937 15327 3817 10575 17561 16009 17999 13362 17603 2034 4943 20755 4447 4488 13100 6410 14390 3365 14400 7419 14818 4151 7907 17989 11893 17071 16802 16409 10261 21659 19863 13663 0 14896 17999 11286 16242 5628 18806 14028 16249 18177 13566 14805 8636 8101 12771 6892 9995 10685 22681 23779 11962 11341 13176 14920 16315 5223 12954 24752 18054 12684 5080 13547 10420 11903 16812 18956 20627 8191 8844 10920 3838 9850 8532 11961 9339 16426 14309 19903 448 18981
9923 18520 6898 9891 8741 23366 10547 13944 10525 12876 15131 6356 18401 15896 7821 10173 11367 16531 19726 10329 15542 15635 4379 7189 16300 14320 13816 18966 13887 9956 10394 16557 13985 18484 9073 10680 16370 16209 7483 12968 11659 10641 11221 14192 10479 18669 17392 4716 13836 16217 11210 14896 0 19254 13401 2322 11280 23213 8671 8060 14235 12623 1857 10491 6797 3066 8010 11254 7939 14360 15845 4343 9364 12635 4614 20647 9858 15805 16054 17009 2426 13161 3275 10536 13156 19232 12466 16216 17059 11888 12136 16287 14612 10442 13673 15314 6735 1165 17543 14471 21811
16374 10159 14960 9644 10976 6353 12177 5969 8822 11518 5897 16166 4017 9419 11907 10088 10318 10755 1828 12767 3745 14566 17064 14217 2958 6373 5768 397 16034 17195 14333 14488 13512 5777 14934 8633 15544 3752 16860 6304 14921 11580 10061 6449 10128 1232 1929 18261 11379 6081 8047 17999 19254 0 7271 18197 13412 4967 10645 12201 6643 6706 20815 11066 17012 20206 17260 9486 11978 12274 12212 15281 10314 6792 14977 3895 15912 5078 13577 3037 17459 13035 21167 9756 6991 1587 9570 7084 10639 9969 8266 14953 8163 11190 6651 8697 13730 19860 4535 17998 2824
9109 6687 7948 6102 4668 9991 4906 1505 3579 4599 7483 9146 8963 4284 5580 3272 3049 12814 8596 5497 4072 8415 10355 10703 4808 7087 2099 6886 9255 9930 12586 8693 6910 5114 7673 4875 9512 3529 9675 3960 7783 4311 8513 875 7875 6243 5432 11408 11761 8737 3801 11286 13401 7271 0 13004 6216 10066 6092 8608 7322 2770 14670 3833 9895 13662 10034 2354 5486 12847 13602 9088 4077 2357 9963 7388 8645 2535 14799 6779 11236 6207 14668 2902 759 6555 9014 9605 5970 2710 1268 8981 2227 3953 678 3278 9762 13738 8623 11201 9148
11204 18703 7748 8592 8393 22792 10978 13303 9770 13292 13608 7542 16930 16022 7575 9947 11433 14478 18479 10881 14576 16493 5730 5122 15284 12811 13068 17942 15011 11382 8147 17371 14734 18114 10058 9568 17329 15447 8880 11905 12662 10938 9442 13722 8806 17739 16406 6473 11755 14594 10274 16242 2322 18197 13004 0 12007 22444 7571 6372 12690 11772 4077 10638 8227 5333 9489 11079 7798 12208 13696 4589 8937 11858 3223 19983 11053 15251 13834 15733 3626 13841 5596 10286 12638 18353 10638 14484 17344 11931 11775 17172 14509 10615 13166 15324 4897 3487 16040 15838 20866
3131 7826 4381 9451 5576 14692 1718 7680 7095 2238 13070 5114 15070 5626 5629 4743 3336 17764 14807 1359 10261 4510 7037 12302 11018 12481 8154 13019 3711 3921 15320 5366 2729 9614 2440 8766 5435 9665 4710 9345 1612 2295 12370 6981 11460 12307 11627 7450 16035 14412 8069 5628 11280 13412 6216 12007 0 15362 8458 10793 12642 8122 11830 3022 5247 10147 4730 4489 5241 17062 18152 7426 5721 7758 10003 12669 2721 8385 19132 12917 8859 1884 11126 4820 6695 12495 13328 15120 6223 3530 5553 5202 5537 2914 6883 5574 11162 11075 14627 5413 14956
18491 9504 17985 14118 14545 2027 14572 9280 12715 13174 10861 19169 8672 10126 15491 13308 12874 15562 6068 15124 7966 15033 20418 18875 7380 11309 9406 5020 17063 19283 19250 14640 14560 5804 17372 12970 15792 7012 19547 10671 16629 14076 14919 9203 14889 4875 6259 21467 16339 11003 12176 18806 23213 4967 10066 22444 15362 0 14905 16785 11585 10672 24616 13763 19846 23713 19809 12412 15462 17217 17077 19005 13894 10605 19236 2716 18066 7535 18436 8002 21186 14399 24714 12941 10139 4175 14507 11973 10655 12404 11302 15209 9847 13870 9650 9851 18271 23669 9357 18923 2344
9820 12611 6538 1422 2882 15369 6781 5970 2517 8444 6711 7491 9848 9996 3073 4056 5962 9865 11056 7110 7006 12519 7453 4623 7717 5906 5620 10380 12168 10479 6997 13146 10664 10991 8051 2017 13586 7948 8790 4342 9879 6324 4095 6622 3134 10169 8837 8808 7755 7947 2738 14028 8671 10645 6092 7571 8458 14905 0 2600 5893 4265 10331 5654 8562 10089 9431 4999 3439 8725 9942 5142 2843 4418 4349 12512 9409 7961 10795 8344 7159 9710 10957 4210 5529 10790 5247 8218 11600 6270 5083 13203 8082 5723 6040 9083 3674 9387 9040 13763 13295
11733 15192 8141 2712 5293 17453 9175 8295 5040 10980 7248 8855 10578 12590 5181 6619 8524 8778 12266 9435 8824 15003 8237 2147 9421 6460 7842 11994 14471 12304 4526 15667 13137 13346 10020 3962 16053 10024 10293 6134 12111 8775 3168 9062 2439 11934 10555 9574 6267 8225 4971 16249 8060 12201 8608 6372 10793 16785 2600 0 6326 6456 9886 8141 9921 10179 10972 7594 5572 7065 8452 5752 5383 6701 3462 14558 11366 10267 9060 9523 7256 12175 10890 6795 7994 12613 4431 8162 14199 8853 7659 15694 10657 8198 8483 11667 1546 9011 9679 15952 14973
14838 13449 12093 4490 7844 12744 10968 6021 5681 11643 926 13168 4259 11449 8502 7979 9378 5514 6208 11482 4526 15671 13330 8049 4627 298 5336 6565 16160 15596 7698 16004 14040 10038 13093 4277 16778 6178 14324 3406 14241 10356 3569 7114 3928 6839 5548 14678 5034 2055 4634 18177 14235 6643 7322 12690 12642 11585 5893 6326 0 4666 16000 9637 14207 15944 14909 8183 8771 6060 6480 11031 7355 5079 9639 9934 14382 7269 7779 3629 12992 13220 16778 7841 6579 7578 2928 2502 13105 9359 7312 16265 9444 9754 6751 10445 7848 15081 3354 18014 9451
10608 9345 8487 3764 4314 11106 6518 1890 2119 6982 4976 9673 7117 7043 5224 3745 4798 10100 7512 7073 2962 11010 10400 8603 3762 4462 1386 6390 11539 11405 10047 11367 9375 6909 8947 2496 12117 3686 10561 1262 9734 5888 5825 2847 5279 6046 4800 11637 8993 6302 1530 13566 12623 6706 2770 11772 8122 10672 4265 6456 4666 0 14133 5205 10605 13503 11055 3635 5330 10079 10840 8577 3662 420 8569 8247 10139 3818 12030 5099 10758 8567 14461 3499 2012 6614 6253 7068 8729 4723 2655 11611 4988 5329 2334 6033 7815 13179 6570 13424 9188
10013 19367 7530 11604 10073 24661 11344 15337 12017 13630 16887 6727 20132 16809 9129 11403 12392 18389 21368 11043 17081 15991 4802 9044 17856 16074 15266 20513 14032 9894 12213 16938 14459 19688 9477 12320 16627 17645 7562 14568 11962 11531 13051 15492 12291 20172 18928 4594 15693 18000 12773 14805 1857 20815 14670 4077 11830 24616 10331 9886 16000 14133 0 11486 6884 2091 7969 12431 9186 16211 17696 5611 10721 14110 6427 22005 10036 17135 17887 18672 3436 13707 1746 11771 14494 20708 14303 18028 17847 12918 13403 16609 15691 11420 14999 16312 8585 955 19287 14365 23309
5439 8077 4257 6512 2857 13460 1331 5117 4076 2879 10098 5419 12274 5418 3268 1731 922 14745 12284 1869 7627 6869 6865 9874 8426 9485 5464 10688 6672 6250 12634 7529 5011 8358 3878 5757 7933 7349 5846 6389 4608 729 9420 4699 8533 10069 9186 7770 13064 11446 5048 8636 10491 11066 3833 10638 3022 13763 5654 8141 9637 5205 11486 0 6092 10209 6203 1625 2944 14104 15160 6194 2821 4872 8069 11053 4969 6317 16168 10172 8137 4057 11226 1800 4090 10387 10336 12125 6710 1443 2829 7557 4230 127 4418 4833 8760 10603 11768 8433 12971
3148 13060 2135 9952 6433 19457 5355 11051 8738 7339 14901 1078 17633 10727 5705 6943 6972 18388 18067 4869 13401 9135 2500 10569 14220 14150 11266 16646 7158 3174 14050 10090 7701 14327 2808 9931 9744 13363 689 11542 5107 5787 12563 10768 11603 16082 15096 2305 16097 16228 9778 8101 6797 17012 9895 8227 5247 19846 8562 9921 14207 10605 6884 6092 0 5010 1265 7565 5453 16962 18302 4437 7019 10389 7536 17132 3152 12404 18978 15697 4617 7047 5946 7262 10040 16442 13776 16655 11465 7447 8770 9739 10132 5981 10435 10472 9527 6278 16974 7680 19042
8078 17849 6033 11459 9254 23603 9875 14497 11396 12085 16789 5055 19926 15373 8312 10405 11130 18912 20926 9505 16463 14142 3344 9766 17264 15980 14515 19880 12089 7895 13154 15099 12694 18543 7732 11980 14722 16843 5664 14103 10116 10145 13314 14515 12468 19463 18288 2714 16290 17987 12265 12771 3066 20206 13662 5333 10147 23713 10089 10179 15944 13503 2091 10209 5010 0 6002 11343 8283 16920 18387 4989 9919 13420 6794 21049 8144 16180 18722 18299 2961 11997 1017 10772 13584 19946 14590 18136 16290 11651 12413 14739 14438 10127 14064 14964 9090 1973 19128 12329 22570
2088 12529 2894 10785 7067 19292 5240 11295 9318 6937 15556 2176 18152 10344 6450 7320 7013 19294 18417 4686 13740 8212 3760 11733 14553 14830 11581 16884 6087 1949 15189 9175 6929 14171 2442 10641 8734 13552 687 12074 4244 5766 13490 10895 12525 16272 15366 3384 17076 16898 10376 6892 8010 17260 10034 9489 4730 19809 9431 10972 14909 11055 7969 6203 1265 6002 0 7776 6150 17971 19281 5637 7596 10800 8741 17094 2232 12486 20004 16150 5874 6388 6875 7604 10270 16582 14675 17385 10914 7442 8997 8781 9990 6082 10620 10206 10670 7426 17538 6464 19150
7062 7792 5595 5551 2717 12265 2897 3519 2896 3633 8584 6795 10662 5113 3507 1136 1199 13433 10668 3467 6006 7779 8021 9526 6807 8011 3841 9112 7985 7874 11950 8299 6006 7257 5492 4590 8880 5801 7378 4856 6101 2265 8368 3227 7549 8522 7591 9056 11931 9923 3721 9995 11254 9486 2354 11079 4489 12412 4999 7594 8183 3635 12431 1625 7565 11343 7776 0 3327 12995 13962 6912 2310 3281 8218 9725 6592 4889 15036 8550 9010 5117 12354 835 2494 8878 9164 10646 6649 1316 1220 8434 3431 1752 2870 4298 8471 11512 10173 9831 11485
6383 10924 3326 4696 1018 15476 3698 6215 3326 5788 9449 4444 12217 8236 391 2235 3658 13244 12840 3887 8255 9584 5087 7083 9069 8705 6242 11640 8900 7056 10094 10324 7714 10547 4613 4496 10593 8560 5554 6144 6541 3420 7527 6306 6570 11191 10051 6307 11193 10780 4343 10685 7939 11978 5486 7798 5241 15462 3439 5572 8771 5330 9186 2944 5453 8283 6150 3327 0 12162 13377 3607 1669 5191 5126 12828 5971 7954 14231 10349 5751 6751 9272 2599 5324 11664 8643 11239 9619 4142 4219 10281 6734 2952 5820 7527 5948 8252 11535 10398 14288
18533 19323 15098 7612 11551 18583 15350 11769 10108 16628 6522 15889 8745 17120 11790 12381 14154 2651 11303 15744 10583 20772 15284 7183 10665 6358 11096 12290 20763 19170 4265 21255 18993 16092 16770 8407 21875 12231 17301 8957 18549 14821 4692 12841 5618 12713 11512 16606 1086 6217 9319 22681 14360 12274 12847 12208 17062 17217 8725 7065 6060 10079 16211 14104 16962 16920 17971 12995 12162 0 1488 12803 11342 10490 10157 15863 18129 13249 2073 9287 14115 18080 17496 12392 12090 13444 3855 5296 18804 14299 12467 21421 15066 14196 12386 16109 7851 15456 7929 22438 14940
19760 19918 16396 8742 12709 18563 16434 12421 11110 17582 6751 17226 8443 17832 13014 13429 15141 1651 11052 16856 10964 21712 16688 8664 10936 6765 11737 12275 21832 20419 5717 22148 19967 16462 17990 9410 22819 12618 18617 9652 19670 15884 5851 13509 6808 12784 11675 18019 2206 6150 10246 23779 15845 12212 13602 13696 18152 17077 9942 8452 6480 10840 17696 15160 18302 18387 19281 13962 13377 1488 0 14203 12450 11258 11613 15941 19346 13749 1366 9329 15566 19075 18973 13410 12843 13497 4825 5129 19506 15247 13339 22346 15794 15258 13093 16822 9307 16938 7720 23552 14759
6975 14264 3292 6542 4463 19074 6410 9727 6459 8736 11853 3469 14949 11612 3522 5840 7049 14483 15948 6293 11537 11925 2485 6147 12328 11048 9668 14967 10567 7323 9648 12792 10150 14152 5607 6994 12789 12039 4956 9122 8173 6415 8699 9898 7784 14594 13376 3830 12019 13084 7290 11962 4343 15281 9088 4589 7426 19005 5142 5752 11031 8577 5611 6194 4437 4989 5637 6912 3607 12803 14203 0 5110 8528 3103 16397 6742 11532 14765 13311 2189 9253 5909 6206 8887 15114 9968 13306 12849 7566 7821 12609 10273 6154 9395 10994 5139 4666 14163 11585 17723
7513 10098 4885 3730 665 14003 4012 4617 1725 5605 7967 6048 10614 7423 1610 1243 3141 12147 11175 4407 6587 9678 6752 7243 7401 7258 4596 9978 9426 8254 9838 10305 7827 9190 5752 3165 10749 6942 7046 4524 7220 3511 6650 4835 5741 9545 8388 7975 10318 9314 2780 11341 9364 10314 4077 8937 5721 13894 2843 5383 7355 3662 10721 2821 7019 9919 7596 2310 1669 11342 12450 5110 0 3524 5964 11294 7066 6441 13412 8706 7293 6876 10897 1476 3791 10034 7634 9851 8953 3493 2838 10361 5673 2898 4309 6589 6173 9775 9962 11104 12655
10294 8961 8284 4036 4185 10964 6174 1595 2113 6576 5369 9477 7413 6636 5115 3480 4427 10519 7688 6737 3064 10594 10276 8844 3880 4870 1211 6462 11147 11097 10389 10947 8967 6646 8654 2762 11701 3594 10322 1673 9371 5543 6203 2482 5629 6066 4870 11491 9404 6687 1731 13176 12635 6792 2357 11858 7758 10605 4418 6701 5079 420 14110 4872 10389 13420 10800 3281 5191 10490 11258 8528 3524 0 8671 8128 9825 3570 12445 5353 10715 8166 14387 3210 1600 6601 6659 7469 8321 4332 2257 11193 4580 4998 1949 5627 8022 13157 6897 13039 9199
10003 15983 6265 5399 5501 19628 8685 10150 6607 10889 10543 6570 13837 13293 4823 7084 8759 12122 15293 8729 11354 14494 5385 3140 12062 9735 9883 14720 13401 10398 6658 15298 12652 15044 8512 6347 15437 12251 8058 8682 10980 8504 6630 10636 5867 14517 13184 6609 9498 11607 7061 14920 4614 14977 9963 3223 10003 19236 4349 3462 9639 8569 6427 8069 7536 6794 8741 8218 5126 10157 11613 3103 5964 8671 0 16800 9733 12118 12020 12552 3960 11707 7455 7393 9540 15135 7890 11604 14728 9220 8773 15191 11630 8074 10068 12514 2306 5549 12966 14560 17643
15794 7328 15282 11854 11935 2902 11856 6709 10215 10497 9349 16464 7910 7556 12876 10648 10161 14549 5575 12409 5801 12595 17742 16685 5387 9641 6917 3728 14512 16590 17410 12287 11985 3217 14657 10649 13423 4565 16831 8430 13965 11360 13008 6535 12849 3159 4386 18772 14902 9794 9774 16315 20647 3895 7388 19983 12669 2716 12512 14558 9934 8247 22005 11053 17132 21049 17094 9725 12828 15863 15941 16397 11294 8128 16800 0 15365 4875 17306 6613 18570 11768 22054 10280 7511 2447 12777 10830 8274 9688 8638 12831 7142 11159 7008 7199 15997 21063 8377 16406 2881
470 10380 3470 10634 6684 17413 3745 10033 8701 4956 14928 3531 17236 8319 6340 6445 5609 19168 17212 3155 12579 6006 5480 12485 13368 14262 10422 15524 4031 1287 15797 6966 4701 12332 1359 10230 6592 12161 2482 11278 2012 4361 13496 9465 12540 14850 14072 5454 17164 16282 9751 5223 9858 15912 8645 11053 2721 18066 9409 11366 14382 10139 10036 4969 3152 8144 2232 6592 5971 18129 19346 6742 7066 9825 9733 15365 0 10962 20196 15141 7552 4205 9053 6648 9013 15085 14591 16884 8760 5943 7778 6596 8223 4842 9283 8295 11364 9412 16709 4843 17589
11416 6229 10480 7582 7073 7566 7280 1991 5519 6440 7110 11675 7617 4650 8010 5776 5473 12698 6641 7862 2913 9642 12883 12412 3323 6985 2444 4681 10972 12234 13770 9682 8467 3093 10087 6312 10672 1494 12159 4498 9863 6723 9430 1668 9006 3931 3474 13943 12183 8140 5301 12954 15805 5078 2535 15251 8385 7535 7961 10267 7269 3818 17135 6317 12404 16180 12486 4889 7954 13249 13749 11532 6441 3570 12118 4875 10962 0 15043 5475 13700 7960 17183 5409 2650 4123 9605 9139 6146 5055 3768 10093 3105 6432 2137 3778 11590 16196 7523 12939 6664
20597 21187 17140 9683 13624 19929 17418 13661 12157 18667 8091 17908 9792 19052 13857 14442 16202 2927 12403 17816 12285 22809 17237 8956 12278 8069 12980 13641 22830 21228 5697 23275 21039 17791 18837 10454 23913 13940 19331 10869 20621 16886 6763 14744 7690 14148 13032 18543 3108 7516 11343 24752 16054 13577 14799 13834 19132 18436 10795 9060 7779 12030 17887 16168 18978 18722 20004 15036 14231 2073 1366 14765 13412 12445 12020 17306 20196 15043 0 10693 15978 20132 19248 14447 14040 14862 5875 6494 20732 16335 14474 23453 17006 16261 14311 18041 9728 17177 9080 24510 16114
15611 11541 13573 7154 9333 9296 11434 5275 7028 11371 2860 14749 2193 10118 10193 8831 9606 7966 2748 12013 2732 14987 15346 11443 2153 3372 4763 3010 16026 16420 11327 15104 13629 7500 13998 6355 16049 4012 15660 4223 14513 10804 7126 6173 7299 3455 2445 16627 8365 3188 6063 18054 17009 3037 6779 15733 12917 8002 8344 9523 3629 5099 18672 10172 15697 18299 16150 8550 10349 9287 9329 13311 8706 5353 12552 6613 15141 5475 10693 0 15432 12974 19214 8563 6226 4173 6555 4234 11613 9390 7388 15482 8396 10299 6101 9210 11069 17725 2072 17977 5826
7661 16126 4478 8513 6641 21227 8134 11911 8640 10459 13844 4022 17007 13520 5696 7970 9029 16020 18092 7905 13716 13239 2117 7054 14503 13033 11856 17148 11565 7785 10537 14154 11570 16267 6688 9086 13998 14227 5282 11268 9289 8249 10371 12057 9514 16781 15558 2921 13435 15031 9446 12684 2426 17459 11236 3626 8859 21186 7159 7256 12992 10758 3436 8137 4617 2961 5874 9010 5751 14115 15566 2189 7293 10715 3960 18570 7552 13700 15978 15432 0 10739 3798 8339 11060 17302 11648 15175 14651 9554 9968 13897 12308 8080 11563 12970 6264 2504 16196 12272 19912
4513 6180 6263 10532 6883 13528 3054 7711 7975 1610 13531 6984 15164 4327 7123 5728 3934 18542 14575 2988 10250 2836 8918 13825 10939 13026 8288 12638 3053 5190 16682 3592 965 8595 4265 9679 3879 9372 6466 9828 2342 3400 13418 6821 12554 11863 11380 9290 17024 14837 8839 5080 13161 13035 6207 13841 1884 14399 9710 12175 13220 8567 13707 4057 7047 11997 6388 5117 6751 18080 19075 9253 6876 8166 11707 11768 4205 7960 20132 12974 10739 0 12966 5689 6835 11943 14267 15634 4560 3867 5913 3533 4882 3988 6881 4575 12695 12958 14828 5012 14260
8961 18850 7046 12307 10233 24616 10885 15487 12349 13086 17636 6051 20804 16383 9288 11407 12147 19564 21857 10510 17422 15059 4361 10316 18220 16824 15493 20845 12954 8727 13622 16018 13645 19559 8701 12877 15609 17830 6583 15031 11042 11160 14047 15519 13226 20439 19253 3677 16910 18812 13199 13547 3275 21167 14668 5596 11126 24714 10957 10890 16778 14461 1746 11226 5946 1017 6875 12354 9272 17496 18973 5909 10897 14387 7455 22054 9053 17183 19248 19214 3798 12966 0 11775 14581 20930 15318 18927 17285 12668 13417 15645 15455 11144 15064 15979 9720 2111 19994 13102 23552
7115 8627 5208 4860 1901 12891 3128 3817 2301 4292 8319 6414 10614 5949 2736 369 1788 12958 10824 3644 6149 8425 7483 8703 6966 7693 4005 9394 8439 7909 11189 8993 6612 7948 5449 4000 9517 6162 7148 4634 6408 2526 7729 3745 6877 8861 7836 8586 11339 9670 3249 10420 10536 9756 2902 10286 4820 12941 4210 6795 7841 3499 11771 1800 7262 10772 7604 835 2599 12392 13410 6206 1476 3210 7393 10280 6648 5409 14447 8563 8339 5689 11775 0 2841 9270 8591 10332 7480 2060 1642 9094 4240 1915 3299 5128 7643 10842 10064 10226 11893
9482 7400 8027 5432 4426 10213 5271 1027 3016 5226 6768 9233 8392 5036 5365 3198 3414 12064 8202 5860 3576 9124 10315 10109 4356 6350 1468 6618 9869 10300 11889 9426 7575 5508 7967 4185 10225 3330 9870 3205 8287 4652 7776 1100 7158 6043 5098 11426 11004 8039 3109 11903 13156 6991 759 12638 6695 10139 5529 7994 6579 2012 14494 4090 10040 13584 10270 2494 5324 12090 12843 8887 3791 1600 9540 7511 9013 2650 14040 6226 11060 6835 14581 2841 0 6432 8259 8889 6722 3166 1275 9701 2980 4215 529 4028 9202 13552 8004 11801 9053
15539 8649 14455 9955 10697 5167 11397 5465 8708 10487 6946 15660 5525 8110 11644 9623 9572 12102 3403 11980 3805 13279 16719 14700 3207 7290 5446 1328 14885 16356 15162 13140 12344 4247 14198 8827 14223 3111 16231 6511 13945 10830 10793 5688 10727 740 2097 17854 12498 7348 8082 16812 19232 1587 6555 18353 12495 4175 10790 12613 7578 6614 20708 10387 16442 19946 16582 8878 11664 13444 13497 15114 10034 6601 15135 2447 15085 4123 14862 4173 17302 11943 20930 9270 6432 0 10465 8383 9225 9170 7684 13628 7069 10506 6010 7473 14104 19755 5944 16838 2626
15015 15558 11782 3957 7921 15619 11610 8001 6294 12794 3740 12700 6879 13294 8294 8605 10334 4618 9069 12036 7148 16934 12425 5644 7404 3199 7341 9487 17007 15699 4775 17405 15169 12565 13240 4591 18039 8742 14030 5184 14852 11060 1277 9054 2192 9726 8401 13784 2776 4243 5470 18956 12466 9570 9014 10638 13328 14507 5247 4431 2928 6253 14303 10336 13776 14590 14675 9164 8643 3855 4825 9968 7634 6659 7890 12777 14591 9605 5875 6555 11648 14267 15318 8591 8259 10465 0 3898 14980 10461 8613 17579 11238 10434 8576 12285 5759 13437 5949 18731 12379
17340 15365 14552 6796 10329 13435 13456 8209 8183 14044 2122 15606 3457 13574 10957 10477 11835 3733 6009 13975 6235 18012 15668 9539 6033 2640 7540 7148 18603 18097 8258 18293 16429 11589 15594 6745 19113 7839 16792 5811 16724 12840 5042 9283 5737 7679 6639 17025 4542 1052 7135 20627 16216 7084 9605 14484 15120 11973 8218 8162 2502 7068 18028 12125 16655 18136 17385 10646 11239 5296 5129 13306 9851 7469 11604 10830 16884 9139 6494 4234 15175 15634 18927 10332 8889 8383 3898 0 15189 11789 9723 18586 11633 12243 8991 12590 9587 17134 2636 20474 9672
9073 1620 10320 11916 9282 9443 6520 7091 9243 4217 13102 11235 13727 1686 9906 7730 5969 18616 12409 6807 9032 4388 13058 16171 9464 12844 7777 10264 6595 9736 18423 4012 4301 5123 8657 10755 5152 7604 10931 9863 6879 6435 14468 6000 13789 9408 9447 13623 17718 14223 9703 8191 17059 10639 5970 17344 6223 10655 11600 14199 13105 8729 17847 6710 11465 16290 10914 6649 9619 18804 19506 12849 8953 8321 14728 8274 8760 6146 20732 11613 14651 4560 17285 7480 6722 9225 14980 15189 0 5516 6601 4563 3743 6729 6422 2695 15121 17027 13668 8345 11068
6405 6782 5683 6865 3770 12042 2226 4152 4210 2335 9698 6828 11550 4094 4406 2250 526 14680 11304 2811 6732 6474 8308 10735 7494 9170 4628 9581 6816 7226 13245 6984 4726 6928 5033 5898 7578 6218 7147 5978 5123 1678 9682 3522 8865 8911 8142 9198 13232 11019 5001 8844 11888 9969 2710 11931 3530 12404 6270 8853 9359 4723 12918 1443 7447 11651 7442 1316 4142 14299 15247 7566 3493 4332 9220 9688 5943 5055 16335 9390 9554 3867 12668 2060 3166 9170 10461 11789 5516 0 2077 7124 2787 1526 3366 3427 9658 12030 11132 8710 11716
8248 7533 6772 5316 3411 11258 4050 2299 2646 4332 7626 7976 9524 4953 4315 2011 2222 12693 9455 4633 4802 8399 9117 9704 5598 7114 2644 7893 8890 9064 11822 8810 6729 6363 6705 4183 9508 4594 8595 3915 7161 3423 7955 2103 7221 7312 6370 10198 11388 8943 3169 10920 12136 8266 1268 11775 5553 11302 5083 7659 7312 2655 13403 2829 8770 12413 8997 1220 4219 12467 13339 7821 2838 2257 8773 8638 7778 3768 14474 7388 9968 5913 13417 1642 1275 7684 8613 9723 6601 2077 0 9018 3000 2955 1678 4010 8716 12470 9076 10787 10299
6694 5809 9453 13954 10402 13920 6583 10413 11329 4806 16463 9949 17663 5534 10655 9176 7307 21703 16656 6466 12771 698 11933 17358 13350 16044 11062 14565 2890 7059 20190 609 2568 9654 7213 13022 596 11585 9076 12863 4650 6924 16801 9382 15968 13726 13553 12044 20352 17711 12111 3838 16287 14953 8981 17172 5202 15209 13203 15694 16265 11611 16609 7557 9739 14739 8781 8434 10281 21421 22346 12609 10361 11193 15191 12831 6596 10093 23453 15482 13897 3533 15645 9094 9701 13628 17579 18586 4563 7124 9018 0 7088 7497 9607 6317 16227 15945 17460 4097 15600
8655 4537 8454 8252 6140 9326 4784 3433 5628 3428 9519 9578 10580 2056 6934 4566 3310 14956 9746 5310 5684 6595 11095 12702 6272 9196 4114 7765 7873 9455 14758 6727 5362 4196 7549 7056 7653 4565 9772 6143 6905 4361 10735 2350 10078 6983 6569 11965 13980 10711 5992 9850 14612 8163 2227 14509 5537 9847 8082 10657 9444 4988 15691 4230 10132 14438 9990 3431 6734 15066 15794 10273 5673 4580 11630 7142 8223 3105 17006 8396 12308 4882 15455 4240 2980 7069 11238 11633 3743 2787 3000 7088 0 4311 2703 1052 11706 14795 10375 9838 9450
5312 8111 4162 6599 2908 13556 1214 5242 4182 2849 10218 5318 12401 5459 3284 1832 1012 14851 12410 1746 7754 6807 6784 9914 8552 9603 5591 10811 6574 6123 12696 7478 4945 8449 3752 5859 7866 7471 5729 6512 4494 626 9510 4818 8619 10191 9311 7676 13158 11567 5160 8532 10442 11190 3953 10615 2914 13870 5723 8198 9754 5329 11420 127 5981 10127 6082 1752 2952 14196 15258 6154 2898 4998 8074 11159 4842 6432 16261 10299 8080 3988 11144 1915 4215 10506 10434 12243 6729 1526 2955 7497 4311 0 4541 4893 8797 10541 11893 8326 13087
9749 7013 8449 5893 4937 9694 5539 830 3532 5274 6870 9652 8286 4742 5873 3663 3676 12258 7939 6130 3395 9052 10782 10606 4136 6508 1455 6270 9931 10570 12318 9303 7573 4982 8283 4634 10145 2935 10241 3443 8456 4934 8152 582 7569 5657 4789 11874 11300 8105 3562 11961 13673 6651 678 13166 6883 9650 6040 8483 6751 2334 14999 4418 10435 14064 10620 2870 5820 12386 13093 9395 4309 1949 10068 7008 9283 2137 14311 6101 11563 6881 15064 3299 529 6010 8576 8991 6422 3366 1678 9607 2703 4541 0 3730 9710 14059 7954 11878 8622
8700 3531 8938 9292 7013 9118 5139 4424 6652 3347 10485 10011 11375 1012 7757 5430 3948 15959 10360 5603 6537 5884 11634 13694 7063 10190 5109 8303 7426 9474 15800 5906 4880 4059 7780 8103 6898 5271 10056 7173 6778 4819 11787 3331 11128 7484 7237 12419 15023 11649 7041 9339 15314 8697 3278 15324 5574 9851 9083 11667 10445 6033 16312 4833 10472 14964 10206 4298 7527 16109 16822 10994 6589 5627 12514 7199 8295 3778 18041 9210 12970 4575 15979 5128 4028 7473 12285 12590 2695 3427 4010 6317 1052 4893 3730 0 12682 15435 11225 9370 9704
11688 16212 7975 4154 5927 18884 9645 9602 6191 11638 8773 8500 12106 13562 5571 7410 9272 9844 13812 9819 10305 15529 7562 1141 10925 7991 9197 13516 14753 12179 4523 16254 13659 14643 10060 5353 16541 11444 9982 7602 12347 9327 4547 10292 3931 13434 12059 8838 7200 9711 6296 16426 6735 13730 9762 4897 11162 18271 3674 1546 7848 7815 8585 8760 9527 9090 10670 8471 5948 7851 9307 5139 6173 8022 2306 15997 11364 11590 9728 11069 6264 12695 9720 7643 9202 14104 5759 9587 15121 9658 8716 16227 11706 8797 9710 12682 0 7752 11201 16098 16491
9425 18532 6731 10669 9129 23728 10512 14390 11063 12815 15963 6009 19198 15954 8187 10474 11504 17584 20418 10234 16126 15313 4042 8275 16901 15150 14314 19558 13434 9371 11531 16253 13736 18769 8764 11371 15988 16694 6965 13615 11296 10674 12178 14556 11401 19218 17973 4048 14905 17088 11819 14309 1165 19860 13738 3487 11075 23669 9387 9011 15081 13179 955 10603 6278 1973 7426 11512 8252 15456 16938 4666 9775 13157 5549 21063 9412 16196 17177 17725 2504 12958 2111 10842 13552 19755 13437 17134 17027 12030 12470 15945 14795 10541 14059 15435 7752 0 18358 13875 22356
17177 13612 14840 7695 10542 10878 13069 7124 8239 13218 2432 15979 931 12151 11324 10290 11292 6227 3374 13633 4693 16945 16360 11372 4205 3232 6542 4651 17870 17973 10621 17100 15525 9543 15505 7198 18019 6074 17005 5467 16236 12438 6839 8095 7277 5283 4470 17684 7139 1779 7196 19903 17543 4535 8623 16040 14627 9357 9040 9679 3354 6570 19287 11768 16974 19128 17538 10173 11535 7929 7720 14163 9962 6897 12966 8377 16709 7523 9080 2072 16196 14828 19994 10064 8004 5944 5949 2636 13668 11132 9076 17460 10375 11893 7954 11225 11201 18358 0 19805 7044
4639 9768 8308 14829 10896 17787 7128 12706 12508 6607 18398 8298 20164 8857 10787 10156 8640 23177 19571 6697 15257 4008 10159 17231 15951 17841 13264 17601 1967 4515 20450 4702 4494 13189 6060 14178 3661 14371 7000 14671 3889 7705 17748 11832 16823 16808 16380 9827 21421 19726 13474 448 14471 17998 11201 15838 5413 18923 13763 15952 18014 13424 14365 8433 7680 12329 6464 9831 10398 22438 23552 11585 11104 13039 14560 16406 4843 12939 24510 17977 12272 5012 13102 10226 11801 16838 18731 20474 8345 8710 10787 4097 9838 8326 11878 9370 16098 13875 19805 0 19044
18037 10194 17071 12373 13318 4144 13939 8090 11297 12875 8678 18274 6336 10199 14264 12247 12137 13231 3727 14517 6293 15324 19345 17012 5589 9186 8061 2983 17117 18849 17148 15071 14573 5948 16749 11303 16195 5737 18816 8968 16355 13387 12885 8275 12941 3143 4461 20478 14087 8723 10623 18981 21811 2824 9148 20866 14956 2344 13295 14973 9451 9188 23309 12971 19042 22570 19150 11485 14288 14940 14759 17723 12655 9199 17643 2881 17589 6664 16114 5826 19912 14260 23552 11893 9053 2626 12379 9672 11068 11716 10299 15600 9450 13087 8622 9704 16491 22356 7044 19044 0
1 6 12 3
2 9 9 0
3 9 5 6
4 8 6 6
5 12 7 4
6 8 8 5
7 9 11 4
8 10 6 10
9 9 8 3
10 5 7 1
11 9 8 5
12 7 9 5
13 9 7 4
14 8 9 4
15 12 10 9
16 5 3 8
17 10 7 4
18 8 6 6
19 10 11 3
20 12 7 5
21 4 11 3
22 7 8 7
23 12 8 3
24 8 5 1
25 8 6 5
26 6 7 7
27 9 5 6
28 10 6 6
29 14 7 4
30 11 8 2
31 5 6 3
32 11 10 5
33 7 9 3
34 8 8 4
35 10 10 6
36 8 5 2
37 7 11 8
38 6 6 4
39 7 8 6
40 6 8 5
41 6 10 4
42 7 9 5
43 8 7 7
44 7 4 6
45 6 9 6
46 6 7 9
47 6 7 6
48 4 4 6
49 12 2 6
50 11 8 8
51 10 9 3
52 14 7 4
53 10 10 3
54 11 7 3
55 4 10 2
56 10 12 6
57 9 8 6
58 7 11 7
59 10 4 3
60 3 8 5
61 6 5 5
62 7 11 3
63 9 5 8
64 8 3 2
65 6 7 6
66 9 9 5
67 8 7 5
68 5 6 6
69 9 7 5
70 5 7 7
71 7 6 5
72 8 2 5
73 7 12 3
74 7 8 4
75 10 6 3
76 7 6 6
77 7 7 4
78 12 5 2
79 8 10 5
80 9 4 7
81 9 9 7
82 12 8 8
83 10 12 3
84 8 9 3
85 14 7 3
86 7 9 5
87 10 11 3
88 8 7 2
89 7 10 3
90 5 9 4
91 8 9 4
92 5 6 3
93 6 1 5
94 5 11 6
95 7 11 4
96 7 2 2
97 4 14 5
98 10 11 3
99 9 3 4
100 8 8 7
