500 100 3
30 60 700 9.00
0 6 26 3
0 11 96 2
0 1 23 3
0 7 27 2
0 14 32 2
0 13 44 2
0 11 73 1
0 5 84 3
0 10 51 1
0 3 80 2
0 6 1 2
0 12 46 2
0 20 72 1
0 2 74 3
0 3 35 2
0 2 5 1
0 5 52 2
0 4 51 1
0 11 14 2
0 3 89 3
0 6 62 2
0 9 61 1
0 14 22 1
0 21 85 1
0 8 36 1
0 1 56 3
0 1 96 1
0 3 63 3
0 4 46 3
0 15 75 1
0 12 46 2
0 8 56 3
0 5 33 3
0 13 6 1
0 21 17 1
0 4 5 3
0 3 90 1
0 6 76 3
0 1 81 3
0 9 79 2
0 25 24 1
0 1 71 1
0 9 96 2
0 1 19 1
0 19 16 2
0 10 99 3
0 24 92 2
0 6 42 1
0 5 6 2
0 3 6 1
0 6 77 3
0 21 42 3
0 24 96 3
0 2 31 3
0 5 97 1
0 10 37 3
0 5 17 2
0 5 54 1
0 3 41 2
0 4 48 3
0 3 48 3
0 6 8 2
0 6 28 3
0 14 32 3
0 3 79 2
0 5 96 2
0 25 26 1
0 20 81 1
0 17 95 3
0 3 33 3
0 14 96 1
0 6 75 2
0 2 69 3
0 2 82 1
0 3 41 1
0 9 27 2
0 10 15 3
0 2 72 3
0 6 48 1
0 12 97 3
0 19 8 3
0 6 6 2
0 9 62 3
0 8 15 1
0 6 18 3
0 18 1 3
0 21 97 1
0 12 37 1
0 2 67 3
0 2 28 1
0 7 28 1
0 12 64 3
0 14 14 3
0 13 49 2
0 6 79 2
0 3 56 3
0 18 87 2
0 3 55 1
0 5 100 2
0 11 11 2
0 16 84 1
0 3 80 3
0 7 36 1
0 15 22 2
0 9 59 1
0 9 94 2
0 24 64 1
0 3 26 1
0 1 99 3
0 17 77 2
0 8 82 2
0 10 16 1
0 1 58 1
0 1 98 3
0 7 40 1
0 3 73 2
0 17 1 1
0 18 24 3
0 10 82 2
0 2 79 2
0 24 29 1
0 20 69 2
0 1 40 2
0 16 6 3
0 1 36 2
0 9 13 3
0 7 59 1
0 6 52 3
0 14 45 1
0 10 58 3
0 13 15 2
0 4 9 1
0 1 90 3
0 11 73 1
0 5 78 1
0 5 36 2
0 8 50 3
0 12 84 2
0 15 96 3
0 5 21 1
0 8 45 3
0 5 38 1
0 7 49 3
0 13 66 3
0 3 20 3
0 5 47 1
0 3 40 1
0 5 72 1
0 9 29 3
0 7 4 2
0 17 100 2
0 6 51 2
0 4 41 1
0 25 9 1
0 1 27 3
0 4 37 1
0 7 27 1
0 4 77 1
0 2 100 3
0 2 50 3
0 6 16 2
0 1 99 1
0 6 56 3
0 25 60 2
0 7 26 3
0 14 4 3
0 1 19 3
0 6 76 2
0 12 59 3
0 6 90 2
0 7 12 3
0 10 49 1
0 14 61 2
0 2 51 2
0 5 1 3
0 1 93 3
0 12 62 2
0 15 89 1
0 2 80 2
0 6 81 2
0 4 20 1
0 5 91 3
0 3 45 3
0 3 95 1
0 5 82 2
0 3 88 3
0 2 57 2
0 18 26 2
0 15 3 2
0 6 75 3
0 4 57 1
0 4 15 1
0 10 57 2
0 20 67 3
0 12 57 1
0 8 56 3
0 4 35 2
0 2 35 2
0 3 86 3
0 3 86 2
0 11 84 2
0 16 45 2
0 1 50 1
0 7 78 3
0 3 74 1
0 16 33 2
0 5 28 1
0 6 55 3
0 8 86 2
0 15 8 2
0 3 4 3
0 8 83 1
0 12 77 1
0 7 71 3
0 1 90 1
0 13 1 1
0 18 56 3
0 7 36 2
0 9 76 2
0 24 43 3
0 4 20 1
0 9 69 2
0 5 2 1
0 1 6 3
0 5 12 1
0 11 87 2
0 7 38 3
0 10 14 1
0 12 28 1
0 4 61 3
0 23 99 3
0 2 4 1
0 4 57 3
0 25 55 3
0 17 35 1
0 19 80 2
0 10 84 3
0 3 51 2
0 16 47 2
0 4 93 3
0 6 88 3
0 9 33 3
0 5 64 3
0 1 69 1
0 8 59 3
0 1 63 3
0 5 32 1
0 16 68 3
0 8 85 1
0 12 36 2
0 5 46 1
0 4 9 1
0 15 77 1
0 16 69 1
0 13 48 1
0 7 40 1
0 17 91 3
0 1 96 2
0 3 16 1
0 4 97 3
0 5 57 1
0 2 26 1
0 2 20 2
0 7 72 2
0 1 100 3
0 4 72 1
0 10 49 1
0 8 42 1
0 6 39 1
0 20 15 1
0 18 95 3
0 4 26 2
0 7 25 2
0 15 15 3
0 3 99 1
0 14 64 2
0 3 49 3
0 1 54 3
0 10 31 2
0 16 26 2
0 8 30 2
0 17 76 3
0 4 47 2
0 11 99 2
0 2 99 3
0 2 94 2
0 10 6 1
0 19 3 1
0 19 14 1
0 1 51 1
0 13 93 1
0 1 97 3
0 5 38 3
0 17 89 3
0 3 39 1
0 2 33 2
0 3 44 3
0 6 6 3
0 5 4 1
0 5 52 3
0 24 24 3
0 2 32 2
0 9 38 3
0 1 80 2
0 12 25 1
0 10 64 1
0 6 8 1
0 13 19 3
0 11 54 1
0 1 19 3
0 5 54 2
0 6 20 2
0 9 39 3
0 11 76 1
0 2 25 2
0 11 22 1
0 13 50 2
0 11 90 2
0 14 69 3
0 16 81 2
0 6 62 3
0 8 6 2
0 7 26 1
0 9 31 2
0 11 78 2
0 5 40 3
0 6 62 3
0 2 30 3
0 11 24 1
0 2 15 3
0 6 68 1
0 1 48 3
0 3 17 3
0 2 12 1
0 11 56 3
0 10 41 2
0 10 95 3
0 21 5 3
0 10 77 1
0 11 19 2
0 6 1 3
0 17 80 3
0 2 20 3
0 8 33 2
0 19 23 3
0 6 36 1
0 11 81 2
0 4 49 1
0 6 92 1
0 14 34 3
0 7 49 1
0 16 34 3
0 4 63 3
0 11 90 3
0 3 68 3
0 2 48 1
0 2 38 3
0 1 66 2
0 2 93 3
0 3 5 3
0 4 40 3
0 11 11 3
0 8 81 1
0 3 96 3
0 19 21 2
0 11 77 1
0 16 32 1
0 15 26 1
0 4 65 2
0 3 51 1
0 5 94 1
0 20 22 2
0 14 84 3
0 6 53 2
0 13 74 2
0 3 60 1
0 8 52 2
0 19 35 2
0 3 53 1
0 2 30 3
0 11 23 1
0 9 28 2
0 2 48 1
0 3 99 2
0 5 64 2
0 13 69 3
0 4 44 1
0 11 43 1
0 7 41 2
0 21 91 3
0 2 30 3
0 8 37 2
0 6 37 3
0 6 41 3
0 7 70 2
0 16 33 2
0 12 84 3
0 6 66 3
0 3 64 3
0 21 59 3
0 6 59 3
0 16 38 2
0 13 43 3
0 2 12 2
0 4 19 1
0 2 56 1
0 17 14 2
0 2 32 3
0 18 31 2
0 9 44 2
0 18 97 1
0 4 60 2
0 1 80 2
0 1 60 1
0 7 85 2
0 8 64 1
0 1 26 2
0 17 99 2
0 10 12 3
0 5 44 3
0 3 81 2
0 2 2 1
0 15 76 3
0 18 17 3
0 7 76 3
0 9 1 2
0 9 73 3
0 7 42 3
0 4 64 3
0 16 34 2
0 14 69 2
0 3 58 2
0 3 20 3
0 1 34 2
0 1 68 2
0 6 8 2
0 22 2 2
0 8 21 1
0 1 49 2
0 18 70 3
0 5 52 2
0 1 9 3
0 10 10 1
0 1 8 2
0 20 71 3
0 1 94 3
0 3 31 1
0 1 82 2
0 1 51 2
0 5 46 2
0 8 67 2
0 14 21 2
0 3 93 3
0 1 56 2
0 7 95 3
0 7 5 2
0 23 31 3
0 3 85 3
0 6 23 3
0 18 56 3
0 8 93 2
0 5 18 2
0 3 70 1
0 2 13 1
0 20 92 1
0 13 50 2
0 6 13 2
0 19 63 2
0 1 30 3
0 6 17 1
0 2 100 1
0 7 41 3
0 3 77 2
0 17 24 1
0 4 22 3
0 9 60 1
0 6 89 1
0 11 45 1
0 1 55 3
0 8 71 1
0 19 27 2
0 19 23 1
0 1 52 2
0 12 15 1
0 13 72 1
0 9 53 1
0 9 53 3
0 19 6 1
0 3 81 3
0 23 28 2
0 1 80 2
0 5 35 2
0 9 12 3
0 5 50 1
0 12 61 1
0 3 97 2
0 10 14 2
0 13 73 3
0 7 29 3
0 14 23 1
0 12920 18110 7776 15757 16817 16429 20672 15300 14969 16255 11565 15124 10318 19497 12362 13304 15741 17142 18470 10838 19827 15026 19220 2975 8013 3575 18431 10848 8447 7014 8766 19983 15575 11584 5399 19577 15122 19462 16130 4187 14881 1918 11464 16665 3737 11574 3165 8233 5484 4525 10939 11127 12551 17029 12207 7152 9971 12871 8753 8139 5543 10088 12924 6873 13001 9638 10809 15207 18046 7685 10140 9219 8916 3341 17688 2336 4346 8292 5877 7622 15773 7861 5899 9064 12347 9052 12191 8788 11624 8907 6291 15917 11714 15242 14994 10514 13515 18295 10930 11942
12920 0 10395 5159 3124 4851 4911 15451 3443 2160 9298 1371 7401 2877 6592 6505 4783 9643 13212 8419 8589 7040 13352 6314 10426 5166 11256 13920 6910 8004 12153 13259 14407 14604 15432 8595 6758 13442 6745 6295 9200 3544 11806 14338 3745 9216 7080 12896 16705 12386 15171 3014 1871 5106 7000 8552 8379 8663 12663 9197 7435 11357 4142 2465 10203 11953 6928 10487 8880 5737 12321 5884 5204 4004 9607 5835 12741 8592 8280 9654 6061 4934 5268 7101 9433 13917 6277 14254 16373 2722 14167 17039 4296 15059 2343 3247 9769 13254 7593 13767 13080
18110 10395 0 12732 8776 13558 6421 5375 12889 10926 1863 10558 3313 10244 10647 16859 6001 2581 4850 3396 18627 12809 7068 11511 16991 13457 14821 4682 17013 17354 12864 12475 4324 8125 12585 16388 9868 7086 9278 4248 16209 7054 18050 11402 10360 14910 17318 16177 16824 14184 17667 9148 11360 15492 3891 6068 17182 18490 8344 18637 16630 13415 9183 8066 11736 7511 16695 8424 2931 7690 21127 8195 9506 11873 15726 6679 16577 14953 9865 12371 14610 14595 11558 13148 9475 10172 9224 10689 15963 8698 13287 18836 6820 12030 10538 12874 19663 8380 4489 11222 9624
7776 5159 12732 0 8112 9216 9195 16839 7671 7193 11098 3827 9423 2859 11751 6530 6880 10988 13795 11970 6843 12064 12848 11445 5299 966 6571 14854 5666 4887 8517 10081 15906 13909 12799 3809 11883 12951 11818 9555 4119 7606 6667 11952 8899 4121 6301 8127 12646 8219 10453 3812 3351 5958 10445 8264 4476 6380 11374 6134 4127 7274 3550 5642 6698 10954 4778 8834 10256 10563 8396 4966 3483 1181 4450 10377 7830 3436 5651 5697 1985 8436 1453 2172 7102 12015 4352 12189 12550 4449 10854 12401 8618 12577 7468 7374 7529 12074 11492 11316 11245
15757 3124 8776 8112 0 4793 2420 14116 4190 2301 8189 4312 6454 5442 3902 9049 4652 8805 12519 6090 11428 5133 13321 4028 13411 8237 13719 12957 9751 11079 13986 14779 13057 14603 16531 11685 3833 13396 3710 4552 12216 2056 14776 15349 1767 12021 9794 15373 18619 14503 17564 4992 4969 7593 4943 8939 11500 11605 13151 12241 10537 13474 6076 3167 12094 12332 9928 11385 8132 2633 15422 7255 7171 6932 12503 2919 15325 11493 9954 11808 9174 5873 7918 9862 10811 14673 8012 15084 18147 4365 15718 19341 1956 16087 1844 4231 12661 13633 5065 14847 13854
16817 4851 13558 9216 4793 0 7149 18908 1548 2977 12959 6034 11176 7617 4863 6423 9010 13531 17237 10698 9194 3628 17805 3883 14017 8815 15720 17729 7749 9918 16949 18104 17848 19081 20272 11784 5606 17888 6021 9344 12740 6720 15390 19164 3255 13304 7433 17316 21449 17072 19634 7865 6056 5211 9693 13153 10818 9705 17344 10754 9668 16056 8990 6883 14998 16588 8487 15275 12828 6448 14156 10716 10039 8249 13491 7233 17045 12515 13125 14359 9267 1754 9775 11365 14282 18689 11125 19045 21164 7524 19007 21558 6743 19889 3195 1842 10476 17898 9590 18601 17853
16429 4911 6421 9195 2420 7149 0 11789 6609 4696 6043 5724 4506 6341 4822 11266 3662 6770 10451 3684 13490 6708 11583 5432 14388 9545 13950 10765 11808 12847 13583 14084 10732 12854 15462 12962 4294 11648 3850 2310 13283 1589 15698 14242 3940 12730 11934 15576 18181 14350 17629 5523 6515 9820 2544 7667 13087 13574 11742 14069 12233 13352 6352 3567 11813 10879 11830 10333 6180 1991 17091 6901 7315 8048 13337 1280 15658 12361 9598 11784 10604 8293 8629 10590 10159 13402 7867 13854 17591 4838 15023 19276 618 14976 4256 6642 14679 12138 2720 13805 12618
20672 15451 5375 16839 14116 18908 11789 0 18172 16207 6154 15388 8052 14754 15943 21767 10754 5942 3563 8619 23257 18138 6183 16845 20238 17688 17127 2252 21721 21683 14257 13182 1060 6431 12043 20166 15133 6119 14533 9566 19707 12303 21064 11137 15729 18065 22110 18144 17144 15811 19063 13685 16141 20466 9266 8794 21293 23003 8356 22952 20930 15324 13400 13018 13817 7903 21238 9900 6714 13031 25047 11904 13375 16192 18937 12033 18735 18353 12570 14812 18812 19880 15487 16701 11613 9786 12724 10241 16137 13379 13739 19744 12165 11521 15841 18136 24183 7947 9763 11263 9654
15300 3443 12889 7671 4190 1548 6609 18172 0 1966 12109 4540 10265 6118 5493 5519 7907 12602 16275 10276 8216 4801 16658 4694 12526 7290 14173 16855 6661 8655 15445 16638 17114 17925 18868 10331 6084 16744 6378 8641 11249 5871 13904 17780 3113 11765 6458 15768 19925 15540 18086 6442 4517 4156 9113 11921 9472 8630 16074 9582 8339 14526 7545 5672 13495 15344 7261 13928 11872 6350 12969 9326 8570 6701 11968 6964 15500 10987 11663 12832 7787 1708 8233 9817 12857 17356 9674 17696 19656 6160 17533 20011 6113 18499 2361 308 9504 16650 9230 17205 16520
14969 2160 10926 7193 2301 2977 4696 16207 1966 0 10152 3514 8319 5035 4717 6845 6045 10664 14350 8378 9344 4898 14836 4268 12376 7059 13409 14905 7690 9292 14270 15315 15148 16111 17380 10391 5062 14920 5194 6678 11123 3906 13763 16253 1853 11296 7654 15046 18842 14538 17326 5066 3842 5393 7170 10177 9889 9607 14373 10373 8836 13508 6217 3910 12323 13613 8025 12338 9941 4719 13668 7835 7305 6077 11636 5185 14875 10625 10347 11806 7810 3674 7415 9211 11431 15740 8339 16106 18489 4643 16233 19198 4174 16982 485 1956 10606 14922 7365 15701 14905
16255 9298 1863 11098 8189 12959 6043 6154 12109 10152 0 9263 1898 8754 10685 15635 4623 953 4418 4042 17231 12716 5991 11424 15193 11868 12958 4770 15657 15818 11051 10749 5115 7182 11092 14682 9995 6032 9439 3733 14446 6255 16227 9880 9894 13093 16014 14317 15107 12343 15830 7663 10034 14319 3796 4218 15569 17036 6892 17100 15081 11562 7558 6865 9880 6021 15251 6666 1071 7674 19471 6416 7777 10308 13918 6647 14714 13169 8003 10508 13017 13811 9863 11380 7627 8722 7420 9233 14277 7292 11590 17035 6294 10544 9817 12052 18215 7042 4877 9641 8101
11565 1371 10558 3827 4312 6034 5724 15388 4540 3514 9263 0 7381 1583 7934 6379 4640 9476 12894 8982 8095 8406 12754 7683 9118 3933 9896 13710 6460 7154 10915 12102 14366 13976 14392 7386 8056 12848 8003 6692 7910 4195 10491 13336 5107 7853 6765 11533 15429 11079 13813 2056 825 5116 7492 7898 7365 8037 11870 8400 6518 10054 3057 2522 8964 11215 6250 9576 8701 6842 11368 4936 4039 2657 8263 6792 11370 7248 7133 8352 4920 5831 3902 5732 8366 13008 5160 13315 15131 2068 12994 15691 5112 14044 3714 4296 9189 12494 8284 12746 12175
15124 7401 3313 9423 6454 11176 4506 8052 10265 8319 1898 7381 0 6950 9301 13745 2748 2355 6067 3726 15388 11208 7090 9937 13806 10144 12004 6590 13798 14052 10583 10606 7013 8355 11451 13100 8695 7152 8182 2315 12970 4455 14918 10218 8198 11773 14140 13471 14924 11710 15184 5854 8160 12424 2783 3817 13869 15219 7460 15335 13325 10835 5875 4967 9154 6576 13428 6554 1688 6335 17818 5029 6253 8563 12562 5347 13778 11747 7078 9579 11298 11960 8271 9923 7040 9218 6100 9703 14182 5440 11507 16558 4643 10929 8005 10197 16397 7775 4141 9871 8492
10318 2877 10244 2859 5442 7617 6341 14754 6118 5035 8754 1583 6950 0 9246 7238 4254 8813 12015 9176 8503 9895 11599 9096 8076 3329 8410 12934 6983 7114 9332 10536 13765 12784 12878 6653 9271 11697 9144 6777 6946 4751 9413 11848 6503 6581 7423 10058 13850 9512 12315 1096 1806 6149 7651 6753 7041 8282 10547 8396 6398 8485 1638 2783 7381 9943 6500 8171 8046 7775 11055 3573 2498 1748 7093 7536 9944 6092 5581 6782 4464 7356 2482 4421 6855 11586 3639 11870 13548 1631 11423 14170 5770 12547 5182 5868 9462 11195 8652 11248 10759
19497 6592 10647 11751 3902 4863 4822 15943 5493 4717 10685 7934 9301 9246 0 11010 8223 11489 15094 7325 13702 2257 16391 1095 17011 11719 17599 15251 12121 13939 17859 18580 14919 17656 20171 15093 886 16453 1471 7019 15775 5587 18394 18964 2883 15776 11949 19252 22494 18404 21458 8883 8438 9643 6912 12422 14593 14083 16548 14961 13521 17375 9978 7062 15981 15690 12613 15017 10952 3011 18306 11106 11074 10589 16195 4040 19180 15180 13823 15710 12517 6588 11726 13635 14611 18179 11902 18620 21996 8266 19522 23242 4859 19702 4344 5734 14989 16957 6181 18498 17382
12362 6505 16859 6530 9049 6423 11266 21767 5519 6845 15635 6379 13745 7238 11010 0 11015 15852 19213 14882 2778 10051 18813 10170 9387 5622 12546 20071 1604 4127 14991 16603 20743 19974 19326 6964 11595 18912 11859 12800 8222 10029 10597 18455 8505 9597 1047 13873 18872 14512 16137 8208 5645 1456 13494 13984 5339 3378 17615 4586 4246 13641 8831 8801 13217 17082 2751 15131 15078 11563 7928 10728 9397 6371 9387 11968 13347 8644 12095 12161 5201 4735 7850 8406 13528 18436 10491 18645 18895 8413 17357 18113 10671 19092 7330 5292 4054 18291 13986 17822 17640
13304 4783 6001 6880 4652 9010 3662 10754 7907 6045 4623 4640 2748 4254 8223 11015 0 4874 8433 5218 12644 9763 8797 8593 11626 7526 10533 9145 11050 11367 9929 10436 9727 10074 11953 10648 7838 8879 7455 2831 10672 2660 12838 10753 6395 9733 11394 12121 14520 10747 14089 3163 5413 9715 3736 4287 11259 12490 8500 12649 10652 9767 3419 2318 8189 7689 10697 6797 4106 5634 15249 3337 4098 5929 10449 4899 12282 9551 5972 8258 8677 9556 5886 7713 6499 10030 4379 10449 13931 2699 11377 15680 3410 11491 5825 7794 13665 8994 4997 10277 9215
15741 9643 2581 10988 8805 13531 6770 5942 12602 10664 953 9476 2355 8813 11489 15852 4874 0 3714 4990 17317 13474 5062 12189 14832 11805 12373 4279 15779 15788 10292 9902 4954 6271 10156 14468 10826 5106 10281 4481 14150 6811 15813 8950 10541 12700 16173 13679 14255 11633 15110 7742 10215 14578 4653 3565 15462 17074 5947 17064 15040 10891 7495 7181 9222 5079 15303 5844 775 8485 19305 6151 7578 10281 13544 7466 14113 12841 7452 9930 12942 14291 9690 11090 6944 7778 7090 8290 13407 7447 10725 16257 6964 9607 10357 12526 18255 6089 5795 8725 7169
17142 13212 4850 13795 12519 17237 10451 3563 16275 14350 4418 12894 6067 12015 15094 19213 8433 3714 0 8143 20436 17133 2833 15841 16829 14693 13586 1314 18980 18680 10697 9676 3087 3521 8817 16921 14387 2796 13821 8144 16371 10520 17599 7802 14253 14653 19438 14582 13747 12248 15517 11007 13578 18007 8186 5550 18179 20100 4873 19927 17920 11765 10522 10750 10275 4354 18378 6347 4410 12083 21813 8832 10313 13282 15530 11054 15179 15002 9141 11301 15779 17953 12387 13424 8102 6450 9529 6938 12765 10828 10280 16255 10670 8271 14056 16186 21272 4555 9137 7850 6206
18470 8419 3396 11970 6090 10698 3684 8619 10276 8378 4042 8982 3726 9176 7325 14882 5218 4990 8143 0 16989 9532 10024 8245 16842 12505 15528 8076 15317 16116 14299 14319 7600 11191 15002 15774 6517 10061 5919 2418 15870 4876 18055 13775 7443 14943 15498 17050 18646 15388 18846 8159 9805 13447 1526 7531 16193 17000 10866 17374 15451 14486 8619 6515 12818 9983 15223 10247 4786 4459 20215 8352 9304 10921 15667 3512 17299 14768 10684 13146 13630 11945 11082 12930 10751 12681 9438 13184 17894 7547 15212 20262 4240 14464 7933 10320 18137 11062 1155 13476 12012
10838 8589 18627 6843 11428 9194 13490 23257 8216 9344 17231 8095 15388 8503 13702 2778 12644 17317 20436 16989 0 12821 19670 12899 7951 5882 11773 21408 1682 2491 14706 16458 22268 20748 19331 5684 14246 19772 14473 14767 6996 12117 8953 18598 11094 8763 1764 12868 18117 13948 15002 9580 7279 4060 15535 14987 3746 879 18214 2199 3075 13204 9917 10616 13127 17795 2074 15669 16549 14018 5280 11656 10204 7161 8317 14318 12226 7818 12446 11940 4983 7513 8294 8187 13896 18781 11171 18917 18292 9948 17110 16938 12877 19173 9821 7968 1289 18915 16182 17957 18033
19827 7040 12809 12064 5133 3628 6708 18138 4801 4898 12716 8406 11208 9895 2257 10051 9763 13474 17133 9532 12821 0 18258 1299 17160 11850 18295 17362 11358 13449 18964 19857 17106 19535 21664 15053 3135 18326 3728 8996 15891 7113 18547 20482 3508 16178 11060 19937 23578 19343 22207 9772 8721 8819 8999 14043 14270 13320 18238 14339 13140 18310 10919 8192 17038 17403 12041 16517 12887 5119 17737 12310 12026 10966 16487 6138 19773 15481 14963 16614 12480 5347 12307 14106 15900 19792 12976 20209 23161 9239 20791 24063 6599 21220 4713 5099 14104 18694 8380 19979 18977
15026 13352 7068 12848 13321 17805 11583 6183 16658 14836 5991 12754 7090 11599 16391 18813 8797 5062 2833 10024 19670 18258 0 17002 15098 13798 11454 4048 18349 17684 8265 7034 5879 1282 5984 15546 15780 104 15256 9391 14820 11265 15707 4987 15088 12952 18886 12262 10970 9856 12970 10727 13323 17745 9683 4860 17013 19227 2228 18876 16927 9515 9984 10987 8197 2060 17596 4359 5468 13421 20391 8092 9489 12564 13826 12422 12925 13444 7563 9356 14796 18262 11395 12061 6274 3631 8500 4111 9973 10726 7558 13570 11660 5439 14622 16520 20370 1764 10857 5080 3477
19220 6314 11511 11445 4028 3883 5432 16845 4694 4268 11424 7683 9937 9096 1095 10170 8593 12189 15841 8245 12899 1299 17002 0 16644 11326 17503 16063 11356 13285 17985 18807 15811 18276 20531 14635 1970 17069 2529 7709 15390 5933 18031 19339 2593 15527 11137 19152 22613 18438 21395 8861 8097 8844 7701 12857 14010 13324 17034 14258 12911 17406 9991 7166 16077 16191 11922 15376 11612 3821 17632 11276 11098 10309 15894 4839 19033 14881 13962 15721 12051 5630 11554 13414 14839 18615 11998 19040 22161 8287 19745 23219 5354 20077 3979 4961 14188 17475 7091 18849 17805
2975 10426 16991 5299 13411 14017 14388 20238 12526 12376 15193 9118 13806 8076 17011 9387 11626 14832 16829 16842 7951 17160 15098 16644 0 5319 4414 18058 7879 5514 7948 9815 19439 15859 12779 2423 17173 15200 17116 14437 1277 12804 1388 12380 14141 2176 8607 5085 10438 6732 7082 8877 8574 9598 15344 11477 4222 7101 13112 5952 5170 6318 8232 10822 7046 13039 6667 10740 14202 15842 5682 8799 7584 6480 1301 15605 4357 2075 7688 5798 4755 12892 5796 3915 8836 13001 7773 12961 10783 9556 10218 8997 13832 12784 12690 12218 7754 13806 16511 11777 12437
8013 5166 13457 966 8237 8815 9545 17688 7290 7059 11868 3933 10144 3329 11719 5622 7526 11805 14693 12505 5882 11850 13798 11326 5319 0 7206 15732 4706 3997 9377 10981 16741 14867 13730 3452 11922 13901 11906 10106 4064 7967 6707 12899 8840 4522 5350 8698 13399 8988 11023 4381 3295 5153 10980 9179 3734 5437 12339 5264 3242 8074 4316 6054 7596 11913 3814 9800 11061 10773 7732 5862 4384 1598 4678 10677 8327 3701 6614 6548 1154 7885 2413 2856 8066 12977 5298 13147 13349 4960 11736 12990 8949 13517 7384 6985 6596 13039 11956 12261 12209
3575 11256 14821 6571 13719 15720 13950 17127 14173 13409 12958 9896 12004 8410 17599 12546 10533 12373 13586 15528 11773 18295 11454 17503 4414 7206 0 14882 11261 9287 3617 5466 16461 12024 8407 6145 17536 11549 17329 13290 4890 12494 4496 8107 14910 3013 11993 1653 6361 2319 3922 8729 9689 12317 14163 8810 8098 10997 9308 10030 8728 2030 7688 10648 3311 9427 10085 7244 11893 15738 10089 7215 6650 7471 3535 15230 1775 3969 4961 2450 7352 15007 5998 4400 5548 8879 6154 8768 6530 9374 5811 5840 13508 8450 13586 13884 11837 9960 15499 7533 8422
18431 13920 4682 14854 12957 17729 10765 2252 16855 14905 4770 13710 6590 12934 15251 20071 9145 4279 1314 8076 21408 17362 4048 16063 18058 15732 14882 0 19917 19728 12011 10975 1836 4524 10007 18075 14500 3997 13918 8462 17566 11019 18855 9034 14653 15882 20346 15892 15009 13562 16828 11895 14426 18823 8363 6679 19275 21107 6160 20987 18971 13072 11498 11457 11571 5665 19364 7649 5040 12257 22965 9891 11373 14280 16758 11230 16484 16203 10375 12580 16837 18550 13468 14589 9379 7679 10648 8154 14017 11659 11563 17550 11051 9470 14580 16787 22284 5801 9148 9113 7480
10848 6910 17013 5666 9751 7749 11808 21721 6661 7690 15657 6460 13798 6983 12121 1604 11050 15779 18980 15317 1682 11358 18349 11356 7879 4706 11261 19917 0 2527 13917 15599 20720 19463 18401 5469 12636 18450 12844 13111 6757 10443 9051 17596 9463 8268 739 12512 17617 13317 14742 8038 5653 2539 13870 13596 3760 1969 16997 3044 2709 12495 8467 8976 12223 16528 1215 14470 15007 12347 6433 10276 8860 5785 7978 12638 11947 7308 11317 11101 4031 6141 7082 7310 12767 17681 9887 17853 17699 8365 16309 16711 11196 18204 8164 6399 2917 17689 14503 16957 16909
8447 8004 17354 4887 11079 9918 12847 21683 8655 9292 15818 7154 14052 7114 13939 4127 11367 15788 18680 16116 2491 13449 17684 13285 5514 3997 9287 19728 2527 0 12285 14065 20731 18706 16968 3198 14351 17787 14477 13777 4512 11346 6601 16283 11138 6281 3203 10380 15627 11479 12529 8208 6342 4808 14610 13151 1294 1723 16099 1283 761 10758 8293 9605 10772 15745 1455 13550 15038 13712 4376 9849 8367 5513 5827 13836 9747 5342 10281 9557 2905 8432 6317 5871 11717 16544 9218 16650 15811 8700 14688 14475 12230 16835 9731 8364 2733 16808 15438 15644 15822
7014 12153 12864 8517 13986 16949 13583 14257 15445 14270 11051 10915 10583 9332 17859 14991 9929 10292 10697 14299 14706 18964 8265 17985 7948 9377 3617 12011 13917 12285 0 1867 13721 8655 4835 9333 17617 8353 17298 12359 8200 12356 8113 4492 15461 6173 14618 4033 4635 1599 4871 9217 10980 14472 13138 6872 11215 14006 6045 13195 11634 1630 8063 10823 1952 6360 12826 4527 9994 15531 13625 6760 6966 9042 6900 14828 4761 7019 4036 2830 9885 16582 7413 6609 3550 5336 5990 5181 4220 9725 2405 5994 13269 4842 14327 15189 14960 6630 14535 3929 4980
8766 13259 12475 10081 14779 18104 14084 13182 16638 15315 10749 12102 10606 10536 18580 16603 10436 9902 9676 14319 16458 19857 7034 18807 9815 10981 5466 10975 15599 14065 1867 0 12756 7215 2969 11164 18258 7110 17890 12599 10052 13003 9953 2701 16352 8021 16286 5675 4358 3283 5965 10257 12266 15996 13303 6790 13025 15781 4827 15008 13396 3498 9118 11665 3386 5351 14539 4096 9740 16067 15492 7547 8068 10479 8761 15281 6459 8847 4979 4518 11575 17877 8866 8298 3970 3729 6983 3481 3576 10686 942 6583 13842 2985 15321 16398 16758 5299 14699 2209 3575
19983 14407 4324 15906 13057 17848 10732 1060 17114 15148 5115 14366 7013 13765 14919 20743 9727 4954 3087 7600 22268 17106 5879 15811 19439 16741 16461 1836 20720 20731 13721 12756 0 6334 11843 19288 14116 5830 13518 8506 18868 11244 20304 10866 14672 17271 21100 17540 16830 15249 18564 12689 15125 19434 8213 7965 20370 22028 7960 22004 19981 14710 12440 11980 13161 7417 20257 9282 5719 11994 24158 10995 12457 15229 18138 10992 18103 17523 11804 14108 17871 18821 14571 15842 10920 9510 11849 9988 15843 12367 13367 19337 11106 11305 14781 17078 23209 7627 8738 10933 9292
15575 14604 8125 13909 14603 19081 12854 6431 17925 16111 7182 13976 8355 12784 17656 19974 10074 6271 3521 11191 20748 19535 1282 18276 15859 14867 12024 4524 19463 18706 8655 7215 6334 0 5636 16453 17036 1209 16508 10648 15663 12548 16383 4836 16371 13743 20017 12688 10837 10253 13177 11939 14527 18933 10914 6079 17986 20278 2749 19877 17953 10032 11158 12253 8856 2961 18676 5209 6717 14680 21258 9247 10609 13684 14609 13676 13396 14294 8484 10069 15836 19521 12456 12999 7121 3537 9583 3926 9808 11961 7595 13594 12938 5131 15899 17783 21410 2068 12059 5087 3682
11584 15432 12585 12799 16531 20272 15462 12043 18868 17380 11092 14392 11451 12878 20171 19326 11953 10156 8817 15002 19331 21664 5984 20531 12779 13730 8407 10007 18401 16968 4835 2969 11843 5636 0 14116 19742 6024 19312 13663 13018 14608 12873 1233 18204 10985 19071 8433 5288 6153 8206 12426 14665 18624 14234 7805 15957 18677 4241 17941 16285 6464 11339 13557 6205 5082 17376 5157 10222 17447 18459 9556 10381 13067 11730 16564 9251 11798 7342 7414 14401 20222 11498 11146 6026 2428 9241 1913 4242 12750 2680 8215 15325 558 17321 18650 19677 4312 15583 1686 2993
5399 8595 16388 3809 11685 11784 12962 20166 10331 10391 14682 7386 13100 6653 15093 6964 10648 14468 16921 15774 5684 15053 15546 14635 2423 3452 6145 18075 5469 3198 9333 11164 19288 16453 14116 0 15336 15649 15340 13358 1315 11376 3693 13539 12210 3184 6202 7184 12453 8392 9337 7620 6726 7200 14250 11396 1958 4875 13751 3893 2768 7750 7254 9430 8011 13524 4255 11244 13772 14225 4892 8318 6906 4918 2639 14114 6551 2318 7984 6746 2583 10571 4830 3505 9335 13952 7442 13997 12674 8256 11716 11290 12373 14036 10749 10023 5693 14462 15299 12908 13291
19577 6758 9868 11883 3833 5606 4294 15133 6084 5062 9995 8056 8695 9271 886 11595 7838 10826 14387 6517 14246 3135 15780 1970 17173 11922 17536 14500 12636 14351 17617 18258 14116 17036 19742 15336 0 15839 603 6389 15955 5267 18547 18526 3213 15843 12505 19188 22247 18233 21359 8808 8627 10199 6203 11957 14942 14586 16031 15413 13897 17211 9864 6911 15769 15164 13062 14600 10320 2360 18726 10859 10943 10708 16304 3362 19154 15291 13585 15567 12776 7298 11750 13688 14299 17696 11708 18148 21715 8164 19200 23108 4430 19261 4641 6302 15528 16414 5384 18079 16911
15122 13442 7086 12951 13396 17888 11648 6119 16744 14920 6032 12848 7152 11697 16453 18912 8879 5106 2796 10061 19772 18326 104 17069 15200 13901 11549 3997 18450 17787 8353 7110 5830 1209 6024 15649 15839 0 15314 9450 14924 11341 15807 5039 15163 13054 18987 12352 11029 9944 13050 10823 13420 17842 9734 4955 17117 19330 2312 18980 17030 9608 10082 11074 8295 2162 17698 4461 5524 13481 20494 8192 9590 12665 13928 12480 13018 13547 7667 9456 14900 18350 11499 12165 6377 3683 8603 4158 10029 10819 7626 13640 11729 5481 14703 16607 20473 1829 10901 5143 3548
19462 6745 9278 11818 3710 6021 3850 14533 6378 5194 9439 8003 8182 9144 1471 11859 7455 10281 13821 5919 14473 3728 15256 2529 17116 11906 17329 13918 12844 14477 17298 17890 13518 16508 19312 15340 603 15314 0 5869 15913 4945 18484 18091 3381 15725 12745 18978 21921 17957 21125 8618 8615 10444 5644 11514 15022 14781 15555 15567 13999 16940 9643 6683 15470 14683 13218 14181 9791 1870 18852 10548 10706 10638 16213 2835 18969 15203 13274 15312 12797 7677 11612 13564 13941 17237 11429 17694 21368 7959 18831 22851 4048 18825 4747 6577 15749 15924 4791 17655 16459
16130 6295 4248 9555 4552 9344 2310 9566 8641 6678 3733 6692 2315 6777 7019 12800 2831 4481 8144 2418 14767 8996 9391 7709 14437 10106 13290 8462 13111 13777 12359 12599 8506 10648 13663 13358 6389 9450 5869 0 13455 2829 15662 12431 6202 12563 13343 14851 16844 13328 16739 5747 7516 11395 907 5896 13809 14729 9750 15044 13097 12384 6208 4182 10749 8869 12941 8645 3935 4032 17828 6076 6929 8517 13273 3034 15052 12364 8561 10957 11238 10347 8667 10529 8825 11483 7150 11959 16165 5146 13522 18247 2607 13152 6291 8627 15881 10083 2213 12049 10735
4187 9200 16209 4119 12216 12740 13283 19707 11249 11123 14446 7910 12970 6946 15775 8222 10672 14150 16371 15870 6996 15891 14820 15390 1277 4064 4890 17566 6757 4512 8200 10052 18868 15663 13018 1315 15955 14924 15913 13455 0 11695 2658 12504 12899 2034 7493 5874 11161 7170 8024 7806 7339 8364 14358 10913 3259 6180 12932 5149 4069 6590 7254 9718 7019 12774 5542 10474 13488 14681 5603 8030 6717 5297 1356 14482 5236 1378 7285 5745 3479 11623 4788 3065 8554 13001 7060 13012 11407 8475 10556 9979 12716 12968 11445 10941 6960 13638 15485 11882 12378
14881 3544 7054 7606 2056 6720 1589 12303 5871 3906 6255 4195 4455 4751 5587 10029 2660 6811 10520 4876 12117 7113 11265 5933 12804 7967 12494 11019 10443 11346 12356 13003 11244 12548 14608 11376 5267 11341 4945 2829 11695 0 14119 13411 3823 11170 10624 14132 16983 13021 16232 3952 5004 8607 3466 6931 11540 12149 11128 12584 10714 12009 4835 1981 10526 10300 10384 9452 6116 3247 15553 5603 5844 6460 11763 2811 14179 10783 8329 10399 9037 7578 7057 9023 9038 12684 6496 13107 16448 3266 13945 17927 1037 14149 3562 5835 13275 11596 4097 12929 11873
1918 11806 18050 6667 14776 15390 15698 21064 13904 13763 16227 10491 14918 9413 18394 10597 12838 15813 17599 18055 8953 18547 15707 18031 1388 6707 4496 18855 9051 6601 8113 9953 20304 16383 12873 3693 18547 15807 18484 15662 2658 14119 0 12603 15525 3146 9767 4696 9980 6724 6379 10177 9957 10892 16569 12377 5313 8082 13639 6847 6352 6517 9476 12138 7529 13651 7852 11378 15214 17187 5879 9891 8758 7846 2389 16926 3880 3337 8500 6354 6123 14239 7077 5143 9517 13348 8833 13255 10448 10861 10235 8195 15151 12938 14076 13596 8599 14316 17765 12027 12850
11464 14338 11402 11952 15349 19164 14242 11137 17780 16253 9880 13336 10218 11848 18964 18455 10753 8950 7802 13775 18598 20482 4987 19339 12380 12899 8107 9034 17596 16283 4492 2701 10866 4836 1233 13539 18526 5039 18091 12431 12504 13411 12603 0 17034 10474 18249 8375 6016 5980 8489 11343 13646 17695 13000 6580 15327 17976 3079 17305 15580 6094 10279 12406 5534 3891 16608 3964 8999 16225 18030 8454 9359 12140 11262 15337 9160 11231 6384 6792 13633 19166 10606 10421 5004 1356 8212 910 5001 11639 2826 8769 14113 739 16180 17570 19008 3249 14350 640 1781
16665 3745 10360 8899 1767 3255 3940 15729 3113 1853 9894 5107 8198 6503 2883 8505 6395 10541 14253 7443 11094 3508 15088 2593 14141 8840 14910 14653 9463 11138 15461 16352 14672 16371 18204 12210 3213 15163 3381 6202 12899 3823 15525 17034 0 12959 9373 16559 20080 15870 18804 6290 5568 7077 6476 10678 11742 11401 14895 12204 10689 14838 7430 4689 13539 14083 9854 13073 9881 3265 15513 8805 8538 7749 13349 3986 16442 12334 11455 13147 9634 4630 8964 10835 12400 16393 9472 16795 19655 5739 17286 20633 3602 17771 1461 3269 12369 15386 6336 16518 15569
3737 9216 14910 4121 12021 13304 12730 18065 11765 11296 13093 7853 11773 6581 15776 9597 9733 12700 14653 14943 8763 16178 12952 15527 2176 4522 3013 15882 8268 6281 6173 8021 17271 13743 10985 3184 15843 13054 15725 12563 2034 11170 3146 10474 12959 0 9003 4281 9372 5213 6575 7221 7458 9476 13469 9313 5115 7996 11000 7074 5715 4574 6421 9204 5010 10894 7083 8593 12087 14317 7589 6745 5639 5220 879 13981 3824 960 5512 3738 4448 12406 4129 2163 6680 10995 5689 10993 9530 7906 8542 8554 12207 10934 11549 11464 8868 11701 14692 9853 10390
11574 7080 17318 6301 9794 7433 11934 22110 6458 7654 16014 6765 14140 7423 11949 1047 11394 16173 19438 15498 1764 11060 18886 11137 8607 5350 11993 20346 739 3203 14618 16286 21100 20017 19071 6202 12505 18987 12745 13343 7493 10624 9767 18249 9373 9003 0 13250 18347 14039 15481 8451 5981 2307 14075 14103 4463 2331 17582 3554 3438 13208 8954 9256 12906 17093 1951 15066 15400 12355 6883 10798 9407 6334 8717 12703 12685 8043 11943 11797 4736 5765 7695 8009 13390 18307 10458 18489 18422 8732 17006 17449 11328 18865 8135 6215 3052 18270 14645 17612 17527
3165 12896 16177 8127 15373 17316 15576 18144 15768 15046 14317 11533 13471 10058 19252 13873 12121 13679 14582 17050 12868 19937 12262 19152 5085 8698 1653 15892 12512 10380 4033 5675 17540 12688 8433 7184 19188 12352 18978 14851 5874 14132 4696 8375 16559 4281 13250 0 5355 2439 2328 10382 11305 13744 15714 10119 9132 12053 10055 10984 9891 2833 9336 12296 4461 10302 11312 8258 13247 17378 10557 8790 8289 9073 4559 16856 835 5229 6394 3904 8726 16553 7632 5958 6749 9340 7746 9142 5758 11025 5753 4293 15141 8584 15230 15476 12796 10657 17063 7871 9013
8233 16705 16824 12646 18619 21449 18181 17144 19925 18842 15107 15429 14924 13850 22494 18872 14520 14255 13747 18646 18117 23578 10970 22613 10438 13399 6361 15009 17617 15627 4635 4358 16830 10837 5288 12453 22247 11029 21921 16844 11161 16983 9980 6016 20080 9372 18347 5355 0 4430 3841 13813 15419 18551 17582 11116 14411 17326 8890 16303 15085 5413 12663 15455 6541 9546 16445 8452 14098 20140 15859 11392 11557 13351 9815 19413 6122 10329 8670 7095 13670 20964 11742 10543 8042 7361 10615 6923 1047 14341 3546 3068 17884 5736 18919 19657 18116 9209 18981 5897 7545
5484 12386 14184 8219 14503 17072 14350 15811 15540 14538 12343 11079 11710 9512 18404 14512 10747 11633 12248 15388 13948 19343 9856 18438 6732 8988 2319 13562 13317 11479 1599 3283 15249 10253 6153 8392 18233 9944 17957 13328 7170 13021 6724 5980 15870 5213 14039 2439 4430 0 3490 9580 11025 14140 14147 8128 10329 13199 7639 12284 10880 1033 8448 11343 2579 7929 12173 5992 11276 16249 12403 7449 7342 8928 5823 15617 3190 6137 4780 2732 9322 16544 7328 6135 4721 6905 6529 6721 4385 10155 3514 4934 13983 6245 14647 15267 14081 8229 15531 5454 6575
4525 15171 17667 10453 17564 19634 17629 19063 18086 17326 15830 13813 15184 12315 21458 16137 14089 15110 15517 18846 15002 22207 12970 21395 7082 11023 3922 16828 14742 12529 4871 5965 18564 13177 8206 9337 21359 13050 21125 16739 8024 16232 6379 8489 18804 6575 15481 2328 3841 3490 0 12575 13610 16050 17575 11616 11256 14165 10745 13034 12085 4361 11495 14450 6031 11163 13534 9396 14763 19478 12209 10756 10420 11386 6764 18906 2796 7509 8180 5845 11022 18880 9918 8283 8210 9666 9762 9357 4585 13201 5666 1979 17224 8497 17495 17795 14834 11255 18950 8116 9535
10939 3014 9148 3812 4992 7865 5523 13685 6442 5066 7663 2056 5854 1096 8883 8208 3163 7742 11007 8159 9580 9772 10727 8861 8877 4381 8729 11895 8038 8208 9217 10257 12689 11939 12426 7620 8808 10823 8618 5747 7806 3952 10177 11343 6290 7221 8451 10382 13813 9580 12575 0 2604 7045 6634 5867 8109 9374 9815 9490 7490 8548 1154 1985 7278 9161 7588 7539 6972 7114 12113 2902 2256 2784 7814 6763 10352 6840 5283 6860 5527 7840 3106 5071 6419 10973 3275 11291 13432 686 11171 14369 4988 12060 5110 6227 10553 10439 7693 10765 10138
11127 1871 11360 3351 4969 6056 6515 16141 4517 3842 10034 825 8160 1806 8438 5645 5413 10215 13578 9805 7279 8721 13323 8097 8574 3295 9689 14426 5653 6342 10980 12266 15125 14527 14665 6726 8627 13420 8615 7516 7339 5004 9957 13646 5568 7458 5981 11305 15419 11025 13610 2604 0 4444 8317 8464 6595 7213 12337 7583 5718 10014 3433 3343 9039 11716 5425 9975 9440 7549 10582 5364 4287 2251 7797 7553 11086 6785 7343 8324 4206 5614 3719 5399 8647 13393 5434 13676 15175 2769 13138 15519 5900 14341 4125 4242 8366 12978 9097 13043 12565
12551 5106 15492 5958 7593 5211 9820 20466 4156 5393 14319 5116 12424 6149 9643 1456 9715 14578 18007 13447 4060 8819 17745 8844 9598 5153 12317 18823 2539 4808 14472 15996 19434 18933 18624 7200 10199 17842 10444 11395 8364 8607 10892 17695 7077 9476 2307 13744 18551 14140 16050 7045 4444 0 12073 12891 5858 4502 16660 5552 4698 13218 7779 7460 12627 16082 3353 14222 13804 10111 8953 9706 8458 5558 9399 10512 13291 8554 11312 11655 5035 3636 7138 8009 12714 17586 9585 17825 18496 7179 16793 18028 9228 18357 5878 3909 5348 17321 12540 17070 16774
17029 7000 3891 10445 4943 9693 2544 9266 9113 7170 3796 7492 2783 7651 6912 13494 3736 4653 8186 1526 15535 8999 9683 7701 15344 10980 14163 8363 13870 14610 13138 13303 8213 10914 14234 14250 6203 9734 5644 907 14358 3466 16569 13000 6476 13469 14075 15714 17582 14147 17575 6634 8317 12073 0 6542 14672 15523 10225 15872 13939 13216 7114 5005 11569 9338 13741 9295 4229 3904 18693 6955 7833 9395 14180 2874 15928 13271 9395 11815 12107 10809 9572 11436 9592 11996 8033 12483 16877 6021 14217 19055 3000 13712 6752 9126 16667 10509 1400 12647 11275
12207 8552 6068 8264 8939 13153 7667 8794 11921 10177 4218 7898 3817 6753 12422 13984 4287 3565 5550 7531 14987 14043 4860 12857 11477 9179 8810 6679 13596 13151 6872 6790 7965 6079 7805 11396 11957 4955 11514 5896 10913 6931 12377 6580 10678 9313 14103 10119 11116 8128 11616 5867 8464 12891 6542 0 12629 14608 4220 14390 12391 7347 5157 6272 5669 3436 12917 2754 3148 9647 16285 3331 4797 7829 10177 8759 10548 9562 3919 6371 10247 13483 6843 7913 3410 5761 3979 6198 10366 5886 7690 12866 7563 7312 10016 11763 15773 4746 7930 6166 4960
7152 8379 17182 4476 11500 10818 13087 21293 9472 9889 15569 7365 13869 7041 14593 5339 11259 15462 18179 16193 3746 14270 17013 14010 4222 3734 8098 19275 3760 1294 11215 13025 20370 17986 15957 1958 14942 17117 15022 13809 3259 11540 5313 15327 11742 5115 4463 9132 14411 10329 11256 8109 6595 5858 14672 12629 0 2921 15330 1984 1162 9654 8013 9696 9794 15032 2594 12791 14731 14116 4023 9392 7918 5330 4596 14148 8481 4207 9508 8550 2582 9424 5809 5008 10916 15662 8653 15739 14627 8668 13610 13195 12477 15851 10301 9172 3755 16041 15593 14690 14967
9971 8663 18490 6380 11605 9705 13574 23003 8630 9607 17036 8037 15219 8282 14083 3378 12490 17074 20100 17000 879 13320 19227 13324 7101 5437 10997 21107 1969 1723 14006 15781 22028 20278 18677 4875 14586 19330 14781 14729 6180 12149 8082 17976 11401 7996 2331 12053 17326 13199 14165 9374 7213 4502 15523 14608 2921 0 17705 1331 2396 12481 9613 10552 12476 17319 1795 15156 16312 14221 4555 11282 9812 6827 7514 14461 11397 7062 11905 11269 4446 8070 7831 7556 13350 18206 10731 18325 17524 9792 16410 16095 12957 18536 10076 8366 1181 18411 16238 17336 17472
12871 12663 8344 11374 13151 17344 11742 8356 16074 14373 6892 11870 7460 10547 16548 17615 8500 5947 4873 10866 18214 18238 2228 17034 13112 12339 9308 6160 16997 16099 6045 4827 7960 2749 4241 13751 16031 2312 15555 9750 12932 11128 13639 3079 14895 11000 17582 10055 8890 7639 10745 9815 12337 16660 10225 4220 15330 17705 0 17245 15353 7338 8909 10463 6110 887 16152 2550 6083 13686 18532 6974 8220 11260 11864 12743 10733 11567 5825 7321 13260 17593 9930 10327 4420 1833 7129 2348 7925 9951 5407 11392 11701 3685 14226 15901 18819 712 11529 3011 1351
8753 9197 18637 6134 12241 10754 14069 22952 9582 10373 17100 8400 15335 8396 14961 4586 12649 17064 19927 17374 2199 14339 18876 14258 5952 5264 10030 20987 3044 1283 13195 15008 22004 19877 17941 3893 15413 18980 15567 15044 5149 12584 6847 17305 12204 7074 3554 10984 16303 12284 13034 9490 7583 5552 15872 14390 1984 1331 17245 0 2023 11629 9570 10867 11774 16918 2351 14700 16316 14874 3402 11100 9617 6793 6503 15033 10294 6181 11420 10533 4150 9178 7547 6949 12843 17622 10440 17708 16555 9979 15588 14941 13452 17833 10825 9303 1813 17956 16680 16668 16918
8139 7435 16630 4127 10537 9668 12233 20930 8339 8836 15081 6518 13325 6398 13521 4246 10652 15040 17920 15451 3075 13140 16927 12911 5170 3242 8728 18971 2709 761 11634 13396 19981 17953 16285 2768 13897 17030 13999 13097 4069 10714 6352 15580 10689 5715 3438 9891 15085 10880 12085 7490 5718 4698 13939 12391 1162 2396 15353 2023 0 10129 7546 8937 10082 14992 1501 12803 14293 13165 4886 9089 7607 4773 5334 13250 9291 4762 9539 8881 2144 8262 5556 5160 10978 15819 8458 15933 15234 7998 14039 14045 11617 16141 9261 8041 3468 16061 14797 14940 15091
5543 11357 13415 7274 13474 16056 13352 15324 14526 13508 11562 10054 10835 8485 17375 13641 9767 10891 11765 14486 13204 18310 9515 17406 6318 8074 2030 13072 12495 10758 1630 3498 14710 10032 6464 7750 17211 9608 16940 12384 6590 12009 6517 6094 14838 4574 13208 2833 5413 1033 4361 8548 10014 13218 13216 7347 9654 12481 7338 11629 10129 0 7416 10316 1687 7519 11373 5430 10491 15241 11995 6453 6310 7940 5278 14623 3421 5448 3823 1703 8475 15552 6329 5238 3948 6849 5512 6740 5278 9124 3968 5925 12976 6469 13616 14255 13407 7973 14593 5511 6405
10088 4142 9183 3550 6076 8990 6352 13400 7545 6217 7558 3057 5875 1638 9978 8831 3419 7495 10522 8619 9917 10919 9984 9991 8232 4316 7688 11498 8467 8293 8063 9118 12440 11158 11339 7254 9864 10082 9643 6208 7254 4835 9476 10279 7430 6421 8954 9336 12663 8448 11495 1154 3433 7779 7114 5157 8013 9613 8909 9570 7546 7416 0 2960 6125 8307 7867 6547 6747 8064 11944 1935 1108 2792 7089 7621 9351 6161 4140 5737 5461 8888 2467 4333 5317 9972 2135 10268 12278 1712 10027 13265 5865 10988 6263 7319 10792 9557 8289 9690 9142
12924 2465 8066 5642 3167 6883 3567 13018 5672 3910 6865 2522 4967 2783 7062 8801 2318 7181 10750 6515 10616 8192 10987 7166 10822 6054 10648 11457 8976 9605 10823 11665 11980 12253 13557 9430 6911 11074 6683 4182 9718 1981 12138 12406 4689 9204 9256 12296 15455 11343 14450 1985 3343 7460 5005 6272 9696 10552 10463 10867 8937 10316 2960 0 8927 9706 8762 8464 6417 5133 13719 4119 4032 4513 9785 4788 12300 8803 6796 8660 7154 7285 5083 7051 7711 11846 4845 12222 14995 1301 12600 16200 3013 13140 3785 5534 11709 11015 5904 11873 11013
6873 10203 11736 6698 12094 14998 11813 13817 13495 12323 9880 8964 9154 7381 15981 13217 8189 9222 10275 12818 13127 17038 8197 16077 7046 7596 3311 11571 12223 10772 1952 3386 13161 8856 6205 8011 15769 8295 15470 10749 7019 10526 7529 5534 13539 5010 12906 4461 6541 2579 6031 7278 9039 12627 11569 5669 9794 12476 6110 11774 10082 1687 6125 8927 0 6151 11179 3936 8809 13733 12599 4926 5023 7142 5842 13074 4953 5714 2217 1274 8207 14646 5518 4943 2290 5985 4082 5996 6171 7800 4167 7503 11466 6064 12387 13240 13489 6791 12953 4900 5392
13001 11953 7511 10954 12332 16588 10879 7903 15344 13613 6021 11215 6576 9943 15690 17082 7689 5079 4354 9983 17795 17403 2060 16191 13039 11913 9427 5665 16528 15745 6360 5351 7417 2961 5082 13524 15164 2162 14683 8869 12774 10300 13651 3891 14083 10894 17093 10302 9546 7929 11163 9161 11716 16082 9338 3436 15032 17319 887 16918 14992 7519 8307 9706 6151 0 15725 2302 5198 12816 18354 6376 7692 10759 11768 11868 10938 11399 5542 7298 12876 16887 9501 10054 4221 2703 6641 3212 8611 9256 6020 11932 10850 4530 13451 15180 18449 1310 10641 3742 2115
9638 6928 16695 4778 9928 8487 11830 21238 7261 8025 15251 6250 13428 6500 12613 2751 10697 15303 18378 15223 2074 12041 17596 11922 6667 3814 10085 19364 1215 1455 12826 14539 20257 18676 17376 4255 13062 17698 13218 12941 5542 10384 7852 16608 9854 7083 1951 11312 16445 12173 13534 7588 5425 3353 13741 12917 2594 1795 16152 2351 1501 11373 7867 8762 11179 15725 0 13610 14539 12557 5711 9586 8131 5097 6771 12752 10738 6122 10403 10026 2976 6981 6226 6241 11854 16752 9098 16902 16549 7998 15226 15501 11213 17199 8479 6976 2969 16852 14478 15968 15996
10809 10487 8424 8834 11385 15275 10333 9900 13928 12338 6666 9576 6554 8171 15017 15131 6797 5844 6347 10247 15669 16517 4359 15376 10740 9800 7244 7649 14470 13550 4527 4096 9282 5209 5157 11244 14600 4461 14181 8645 10474 9452 11378 3964 13073 8593 15066 8258 8452 5992 9396 7539 9975 14222 9295 2754 12791 15156 2550 14700 12803 5430 6547 8464 3936 2302 13610 0 5646 12322 16059 4640 5764 8762 9467 11465 8835 9101 3283 5026 10711 15376 7394 7795 1920 3435 4643 3771 7656 7768 4969 10431 10176 4703 12247 13733 16269 3258 10681 3481 2600
15207 8880 2931 10256 8132 12828 6180 6714 11872 9941 1071 8701 1688 8046 10952 15078 4106 775 4410 4786 16549 12887 5468 11612 14202 11061 11893 5040 15007 15038 9994 9740 5719 6717 10222 13772 10320 5524 9791 3935 13488 6116 15214 8999 9881 12087 15400 13247 14098 11276 14763 6972 9440 13804 4229 3148 14731 16312 6083 16316 14293 10491 6747 6417 8809 5198 14539 5646 0 7966 18593 5466 6870 9528 12921 6959 13647 12194 6942 9444 12201 13556 8976 10423 6558 7895 6437 8398 13284 6672 10595 15983 6331 9682 9646 11789 17493 6311 5470 8723 7230
18046 5737 7690 10563 2633 6448 1991 13031 6350 4719 7674 6842 6335 7775 3011 11563 5634 8485 12083 4459 14018 5119 13421 3821 15842 10773 15738 12257 12347 13712 15531 16067 11994 14680 17447 14225 2360 13481 1870 4032 14681 3247 17187 16225 3265 14317 12355 17378 20140 16249 19478 7114 7549 10111 3904 9647 14116 14221 13686 14874 13165 15241 8064 5133 13733 12816 12557 12322 7966 0 18051 8808 9088 9385 14864 1030 17415 13867 11524 13642 11751 7894 10188 12157 12133 15367 9733 15824 19564 6434 17007 21164 2267 16958 4234 6473 15262 14060 3305 15793 14589
7685 12321 21127 8396 15422 14156 17091 25047 12969 13668 19471 11368 17818 11055 18306 7928 15249 19305 21813 20215 5280 17737 20391 17632 5682 7732 10089 22965 6433 4376 13625 15492 24158 21258 18459 4892 18726 20494 18852 17828 5603 15553 5879 18030 15513 7589 6883 10557 15859 12403 12209 12113 10582 8953 18693 16285 4023 4555 18532 3402 4886 11995 11944 13719 12599 18354 5711 16059 18593 18051 0 13169 11727 9329 6771 18129 9753 6965 12832 11327 6591 12574 9618 8393 14141 18584 12324 18576 16315 12685 15898 13932 16478 18453 14106 12686 4228 19239 19614 17418 17974
10140 5884 8195 4966 7255 10716 6901 11904 9326 7835 6416 4936 5029 3573 11106 10728 3337 6151 8832 8352 11656 12310 8092 11276 8799 5862 7215 9891 10276 9849 6760 7547 10995 9247 9556 8318 10859 8192 10548 6076 8030 5603 9891 8454 8805 6745 10798 8790 11392 7449 10756 2902 5364 9706 6955 3331 9392 11282 6974 11100 9089 6453 1935 4119 4926 6376 9586 4640 5466 8808 13169 0 1482 4500 7542 8170 8976 6759 2727 4922 6950 10742 3584 4965 3607 8074 1088 8389 10894 3196 8481 12376 6541 9176 7804 9119 12450 7622 8283 7885 7240
9219 5204 9506 3483 7171 10039 7315 13375 8570 7305 7777 4039 6253 2498 11074 9397 4098 7578 10313 9304 10204 12026 9489 11098 7584 4384 6650 11373 8860 8367 6966 8068 12457 10609 10381 6906 10943 9590 10706 6929 6717 5844 8758 9359 8538 5639 9407 8289 11557 7342 10420 2256 4287 8458 7833 4797 7918 9812 8220 9617 7607 6310 1108 4032 5023 7692 8131 5764 6870 9088 11727 1482 0 3076 6374 8593 8344 5513 3095 4637 5468 9851 2115 3678 4360 9145 1148 9409 11183 2814 8968 12172 6859 10054 7364 8332 10977 8894 9079 8755 8327
8916 4004 11873 1181 6932 8249 8048 16192 6701 6077 10308 2657 8563 1748 10589 6371 5929 10281 13282 10921 7161 10966 12564 10309 6480 1598 7471 14280 5785 5513 9042 10479 15229 13684 13067 4918 10708 12665 10638 8517 5297 6460 7846 12140 7749 5220 6334 9073 13351 8928 11386 2784 2251 5558 9395 7829 5330 6827 11260 6793 4773 7940 2792 4513 7142 10759 5097 8762 9528 9385 9329 4500 3076 0 5606 9216 8838 4591 5758 6285 2748 7617 1629 3148 7173 12071 4131 12291 13176 3374 11303 13309 7464 12799 6330 6413 8004 11943 10397 11514 11271
3341 9607 15726 4450 12503 13491 13337 18937 11968 11636 13918 8263 12562 7093 16195 9387 10449 13544 15530 15667 8317 16487 13826 15894 1301 4678 3535 16758 7978 5827 6900 8761 18138 14609 11730 2639 16304 13928 16213 13273 1356 11763 2389 11262 13349 879 8717 4559 9815 5823 6764 7814 7797 9399 14180 10177 4596 7514 11864 6503 5334 5278 7089 9785 5842 11768 6771 9467 12921 14864 6771 7542 6374 5606 0 14573 3968 1015 6390 4577 4382 12494 4708 2758 7556 11822 6502 11806 10052 8499 9235 8734 12798 11701 11918 11663 8314 12563 15377 10648 11231
17688 5835 6679 10377 2919 7233 1280 12033 6964 5185 6647 6792 5347 7536 4040 11968 4899 7466 11054 3512 14318 6138 12422 4839 15605 10677 15230 11230 12638 13836 14828 15281 10992 13676 16564 14114 3362 12480 2835 3034 14482 2811 16926 15337 3986 13981 12703 16856 19413 15617 18906 6763 7553 10512 2874 8759 14148 14461 12743 15033 13250 14623 7621 4788 13074 11868 12752 11465 6959 1030 18129 8170 8593 9216 14573 0 16937 13591 10857 13061 11707 8578 9868 11834 11379 14446 9144 14911 18805 6077 16218 20546 1776 16067 4708 7051 15538 13099 2373 14921 13679
2336 12741 16577 7830 15325 17045 15658 18735 15500 14875 14714 11370 13778 9944 19180 13347 12282 14113 15179 17299 12226 19773 12925 19033 4357 8327 1775 16484 11947 9747 4761 6459 18103 13396 9251 6551 19154 13018 18969 15052 5236 14179 3880 9160 16442 3824 12685 835 6122 3190 2796 10352 11086 13291 15928 10548 8481 11397 10733 10294 9291 3421 9351 12300 4953 10938 10738 8835 13647 17415 9753 8976 8344 8838 3968 16937 0 4737 6728 4213 8256 16209 7479 5692 7233 10091 7907 9910 6568 11012 6572 4767 15201 9389 15083 15203 12103 11352 17258 8643 9733
4346 8592 14953 3436 11493 12515 12361 18353 10987 10625 13169 7248 11747 6092 15180 8644 9551 12841 15002 14768 7818 15481 13444 14881 2075 3701 3969 16203 7308 5342 7019 8847 17523 14294 11798 2318 15291 13547 15203 12364 1378 10783 3337 11231 12334 960 8043 5229 10329 6137 7509 6840 6785 8554 13271 9562 4207 7062 11567 6181 4762 5448 6161 8803 5714 11399 6122 9101 12194 13867 6965 6759 5513 4591 1015 13591 4737 0 5907 4443 3519 11558 3742 1840 7181 11680 5756 11708 10474 7524 9408 9488 11816 11721 10904 10683 7961 12275 14446 10602 11040
8292 8280 9865 5651 9954 13125 9598 12570 11663 10347 8003 7133 7078 5581 13823 12095 5972 7452 9141 10684 12446 14963 7563 13962 7688 6614 4961 10375 11317 10281 4036 4979 11804 8484 7342 7984 13585 7667 13274 8561 7285 8329 8500 6384 11455 5512 11943 6394 8670 4780 8180 5283 7343 11312 9395 3919 9508 11905 5825 11420 9539 3823 4140 6796 2217 5542 10403 3283 6942 11524 12832 2727 3095 5758 6390 10857 6728 5907 0 2515 7469 12936 4253 4515 1452 6365 2008 6552 8201 5739 5888 9713 9259 7050 10370 11427 13006 6536 10770 5760 5595
5877 9654 12371 5697 11808 14359 11784 14812 12832 11806 10508 8352 9579 6782 15710 12161 8258 9930 11301 13146 11940 16614 9356 15721 5798 6548 2450 12580 11101 9557 2830 4518 14108 10069 7414 6746 15567 9456 15312 10957 5745 10399 6354 6792 13147 3738 11797 3904 7095 2732 5845 6860 8324 11655 11815 6371 8550 11269 7321 10533 8881 1703 5737 8660 1274 7298 10026 5026 9444 13642 11327 4922 4637 6285 4577 13061 4213 4443 2515 0 7070 13882 4663 3791 3201 7258 3918 7269 6892 7448 5209 7541 11384 7302 11916 12563 12263 8011 13171 6161 6655
7622 6061 14610 1985 9174 9267 10604 18812 7787 7810 13017 4920 11298 4464 12517 5201 8677 12942 15779 13630 4983 12480 14796 12051 4755 1154 7352 16837 4031 2905 9885 11575 17871 15836 14401 2583 12776 14900 12797 11238 3479 9037 6123 13633 9634 4448 4736 8726 13670 9322 11022 5527 4206 5035 12107 10247 2582 4446 13260 4150 2144 8475 5461 7154 8207 12876 2976 10711 12201 11751 6591 6950 5468 2748 4382 11707 8256 3519 7469 7070 0 8154 3414 3280 8918 13798 6317 13937 13706 6094 12278 13001 10000 14223 8174 7479 5575 13966 13058 12993 13051
15773 4934 14595 8436 5873 1754 8293 19880 1708 3674 13811 5831 11960 7356 6588 4735 9556 14291 17953 11945 7513 5347 18262 5630 12892 7885 15007 18550 6141 8432 16582 17877 18821 19521 20222 10571 7298 18350 7677 10347 11623 7578 14239 19166 4630 12406 5765 16553 20964 16544 18880 7840 5614 3636 10809 13483 9424 8070 17593 9178 8262 15552 8888 7285 14646 16887 6981 15376 13556 7894 12574 10742 9851 7617 12494 8578 16209 11558 12936 13882 8154 0 9223 10608 14196 18810 10984 19131 20761 7642 18751 20835 7810 19875 4061 1767 8786 18187 10880 18577 17975
7861 5268 11558 1453 7918 9775 8629 15487 8233 7415 9863 3902 8271 2482 11726 7850 5886 9690 12387 11082 8294 12307 11395 11554 5796 2413 5998 13468 7082 6317 7413 8866 14571 12456 11498 4830 11750 11499 11612 8667 4788 7057 7077 10606 8964 4129 7695 7632 11742 7328 9918 3106 3719 7138 9572 6843 5809 7831 9930 7547 5556 6329 2467 5083 5518 9501 6226 7394 8976 10188 9618 3584 2115 1629 4708 9868 7479 3742 4253 4663 3414 9223 0 1970 5696 10613 2904 10804 11552 3792 9682 11811 8093 11249 7607 7954 8978 10628 10718 9974 9832
5899 7101 13148 2172 9862 11365 10590 16701 9817 9211 11380 5732 9923 4421 13635 8406 7713 11090 13424 12930 8187 14106 12061 13414 3915 2856 4400 14589 7310 5871 6609 8298 15842 12999 11146 3505 13688 12165 13564 10529 3065 9023 5143 10421 10835 2163 8009 5958 10543 6135 8283 5071 5399 8009 11436 7913 5008 7556 10327 6949 5160 5238 4333 7051 4943 10054 6241 7795 10423 12157 8393 4965 3678 3148 2758 11834 5692 1840 4515 3791 3280 10608 1970 0 5910 10679 4005 10779 10505 5757 8999 10229 10059 10988 9442 9523 8603 11038 12622 9781 9969
9064 9433 9475 7102 10811 14282 10159 11613 12857 11431 7627 8366 7040 6855 14611 13528 6499 6944 8102 10751 13896 15900 6274 14839 8836 8066 5548 9379 12767 11717 3550 3970 10920 7121 6026 9335 14299 6377 13941 8825 8554 9038 9517 5004 12400 6680 13390 6749 8042 4721 8210 6419 8647 12714 9592 3410 10916 13350 4420 12843 10978 3948 5317 7711 2290 4221 11854 1920 6558 12133 14141 3607 4360 7173 7556 11379 7233 7181 1452 3201 8918 14196 5696 5910 0 4917 3216 5118 7432 6788 4912 9519 9893 5694 11410 12634 14445 5132 10991 4396 4143
12347 13917 10172 12015 14673 18689 13402 9786 17356 15740 8722 13008 9218 11586 18179 18436 10030 7778 6450 12681 18781 19792 3631 18615 13001 12977 8879 7679 17681 16544 5336 3729 9510 3537 2428 13952 17696 3683 17237 11483 13001 12684 13348 1356 16393 10995 18307 9340 7361 6905 9666 10973 13393 17586 11996 5761 15662 18206 1833 17622 15819 6849 9972 11846 5985 2703 16752 3435 7895 15367 18584 8074 9145 12071 11822 14446 10091 11680 6365 7258 13798 18810 10613 10679 4917 0 8006 517 6351 11196 4058 10061 13321 1870 15630 17164 19277 1903 13318 1554 837
9052 6277 9224 4352 8012 11125 7867 12724 9674 8339 7420 5160 6100 3639 11902 10491 4379 7090 9529 9438 11171 12976 8500 11998 7773 5298 6154 10648 9887 9218 5990 6983 11849 9583 9241 7442 11708 8603 11429 7150 7060 6496 8833 8212 9472 5689 10458 7746 10615 6529 9762 3275 5434 9585 8033 3979 8653 10731 7129 10440 8458 5512 2135 4845 4082 6641 9098 4643 6437 9733 12324 1088 1148 4131 6502 9144 7907 5756 2008 3918 6317 10984 2904 4005 3216 8006 0 8264 10187 3740 7896 11431 7471 8909 8365 9443 11881 7813 9352 7610 7190
12191 14254 10689 12189 15084 19045 13854 10241 17696 16106 9233 13315 9703 11870 18620 18645 10449 8290 6938 13184 18917 20209 4111 19040 12961 13147 8768 8154 17853 16650 5181 3481 9988 3926 1913 13997 18148 4158 17694 11959 13012 13107 13255 910 16795 10993 18489 9142 6923 6721 9357 11291 13676 17825 12483 6198 15739 18325 2348 17708 15933 6740 10268 12222 5996 3212 16902 3771 8398 15824 18576 8389 9409 12291 11806 14911 9910 11708 6552 7269 13937 19131 10804 10779 5118 517 8264 0 5903 11537 3708 9676 13761 1356 16007 17498 19382 2405 13811 1272 1237
8788 16373 15963 12550 18147 21164 17591 16137 19656 18489 14277 15131 14182 13548 21996 18895 13931 13407 12765 17894 18292 23161 9973 22161 10783 13349 6530 14017 17699 15811 4220 3576 15843 9808 4242 12674 21715 10029 21368 16165 11407 16448 10448 5001 19655 9530 18422 5758 1047 4385 4585 13432 15175 18496 16877 10366 14627 17524 7925 16555 15234 5278 12278 14995 6171 8611 16549 7656 13284 19564 16315 10894 11183 13176 10052 18805 6568 10474 8201 6892 13706 20761 11552 10505 7432 6351 10187 5903 0 13927 2690 4072 17321 4696 18541 19396 18363 8216 18273 4918 6575
11624 2722 8698 4449 4365 7524 4838 13379 6160 4643 7292 2068 5440 1631 8266 8413 2699 7447 10828 7547 9948 9239 10726 8287 9556 4960 9374 11659 8365 8700 9725 10686 12367 11961 12750 8256 8164 10819 7959 5146 8475 3266 10861 11639 5739 7906 8732 11025 14341 10155 13201 686 2769 7179 6021 5886 8668 9792 9951 9979 7998 9124 1712 1301 7800 9256 7998 7768 6672 6434 12685 3196 2814 3374 8499 6077 11012 7524 5739 7448 6094 7642 3792 5757 6788 11196 3740 11537 13927 0 11610 14976 4302 12364 4635 5969 10966 10551 7044 11077 10360
8907 14167 13287 10854 15718 19007 15023 13739 17533 16233 11590 12994 11507 11423 19522 17357 11377 10725 10280 15212 17110 20791 7558 19745 10218 11736 5811 11563 16309 14688 2405 942 13367 7595 2680 11716 19200 7626 18831 13522 10556 13945 10235 2826 17286 8542 17006 5753 3546 3514 5666 11171 13138 16793 14217 7690 13610 16410 5407 15588 14039 3968 10027 12600 4167 6020 15226 4969 10595 17007 15898 8481 8968 11303 9235 16218 6572 9408 5888 5209 12278 18751 9682 8999 4912 4058 7896 3708 2690 11610 0 6019 14783 2871 16245 17289 17358 5797 15611 2510 4086
6291 17039 18836 12401 19341 21558 19276 19744 20011 19198 17035 15691 16558 14170 23242 18113 15680 16257 16255 20262 16938 24063 13570 23219 8997 12990 5840 17550 16711 14475 5994 6583 19337 13594 8215 11290 23108 13640 22851 18247 9979 17927 8195 8769 20633 8554 17449 4293 3068 4934 1979 14369 15519 18028 19055 12866 13195 16095 11392 14941 14045 5925 13265 16200 7503 11932 15501 10431 15983 21164 13932 12376 12172 13309 8734 20546 4767 9488 9713 7541 13001 20835 11811 10229 9519 10061 11431 9676 4072 14976 6019 0 18900 8609 19350 19723 16732 11812 20445 8525 10094
15917 4296 6820 8618 1956 6743 618 12165 6113 4174 6294 5112 4643 5770 4859 10671 3410 6964 10670 4240 12877 6599 11660 5354 13832 8949 13508 11051 11196 12230 13269 13842 11106 12938 15325 12373 4430 11729 4048 2607 12716 1037 15151 14113 3602 12207 11328 15141 17884 13983 17224 4988 5900 9228 3000 7563 12477 12957 11701 13452 11617 12976 5865 3013 11466 10850 11213 10176 6331 2267 16478 6541 6859 7464 12798 1776 15201 11816 9259 11384 10000 7810 8093 10059 9893 13321 7471 13761 17321 4302 14783 18900 0 14850 3752 6129 14064 12128 3317 13657 12524
11714 15059 12030 12577 16087 19889 14976 11521 18499 16982 10544 14044 10929 12547 19702 19092 11491 9607 8271 14464 19173 21220 5439 20077 12784 13517 8450 9470 18204 16835 4842 2985 11305 5131 558 14036 19261 5481 18825 13152 12968 14149 12938 739 17771 10934 18865 8584 5736 6245 8497 12060 14341 18357 13712 7312 15851 18536 3685 17833 16141 6469 10988 13140 6064 4530 17199 4703 9682 16958 18453 9176 10054 12799 11701 16067 9389 11721 7050 7302 14223 19875 11249 10988 5694 1870 8909 1356 4696 12364 2871 8609 14850 0 16913 18286 19553 3757 15056 1299 2452
15242 2343 10538 7468 1844 3195 4256 15841 2361 485 9817 3714 8005 5182 4344 7330 5825 10357 14056 7933 9821 4713 14622 3979 12690 7384 13586 14580 8164 9731 14327 15321 14781 15899 17321 10749 4641 14703 4747 6291 11445 3562 14076 16180 1461 11549 8135 15230 18919 14647 17495 5110 4125 5878 6752 10016 10301 10076 14226 10825 9261 13616 6263 3785 12387 13451 8479 12247 9646 4234 14106 7804 7364 6330 11918 4708 15083 10904 10370 11916 8174 4061 7607 9442 11410 15630 8365 16007 18541 4635 16245 19350 3752 16913 0 2387 11081 14761 6907 15639 14798
14994 3247 12874 7374 4231 1842 6642 18136 308 1956 12052 4296 10197 5868 5734 5292 7794 12526 16186 10320 7968 5099 16520 4961 12218 6985 13884 16787 6399 8364 15189 16398 17078 17783 18650 10023 6302 16607 6577 8627 10941 5835 13596 17570 3269 11464 6215 15476 19657 15267 17795 6227 4242 3909 9126 11763 9172 8366 15901 9303 8041 14255 7319 5534 13240 15180 6976 13733 11789 6473 12686 9119 8332 6413 11663 7051 15203 10683 11427 12563 7479 1767 7954 9523 12634 17164 9443 17498 19396 5969 17289 19723 6129 18286 2387 0 9255 16484 9289 16992 16327
10514 9769 19663 7529 12661 10476 14679 24183 9504 10606 18215 9189 16397 9462 14989 4054 13665 18255 21272 18137 1289 14104 20370 14188 7754 6596 11837 22284 2917 2733 14960 16758 23209 21410 19677 5693 15528 20473 15749 15881 6960 13275 8599 19008 12369 8868 3052 12796 18116 14081 14834 10553 8366 5348 16667 15773 3755 1181 18819 1813 3468 13407 10792 11709 13489 18449 2969 16269 17493 15262 4228 12450 10977 8004 8314 15538 12103 7961 13006 12263 5575 8786 8978 8603 14445 19277 11881 19382 18363 10966 17358 16732 14064 19553 11081 9255 0 19526 17357 18370 18554
13515 13254 8380 12074 13633 17898 12138 7947 16650 14922 7042 12494 7775 11195 16957 18291 8994 6089 4555 11062 18915 18694 1764 17475 13806 13039 9960 5801 17689 16808 6630 5299 7627 2068 4312 14462 16414 1829 15924 10083 13638 11596 14316 3249 15386 11701 18270 10657 9209 8229 11255 10439 12978 17321 10509 4746 16041 18411 712 17956 16061 7973 9557 11015 6791 1310 16852 3258 6311 14060 19239 7622 8894 11943 12563 13099 11352 12275 6536 8011 13966 18187 10628 11038 5132 1903 7813 2405 8216 10551 5797 11812 12128 3757 14761 16484 19526 0 11780 3317 1726
18295 7593 4489 11492 5065 9590 2720 9763 9230 7365 4877 8284 4141 8652 6181 13986 4997 5795 9137 1155 16182 8380 10857 7091 16511 11956 15499 9148 14503 15438 14535 14699 8738 12059 15583 15299 5384 10901 4791 2213 15485 4097 17765 14350 6336 14692 14645 17063 18981 15531 18950 7693 9097 12540 1400 7930 15593 16238 11529 16680 14797 14593 8289 5904 12953 10641 14478 10681 5470 3305 19614 8283 9079 10397 15377 2373 17258 14446 10770 13171 13058 10880 10718 12622 10991 13318 9352 13811 18273 7044 15611 20445 3317 15056 6907 9289 17357 11780 0 14011 12612
10930 13767 11222 11316 14847 18601 13805 11263 17205 15701 9641 12746 9871 11248 18498 17822 10277 8725 7850 13476 17957 19979 5080 18849 11777 12261 7533 9113 16957 15644 3929 2209 10933 5087 1686 12908 18079 5143 17655 12049 11882 12929 12027 640 16518 9853 17612 7871 5897 5454 8116 10765 13043 17070 12647 6166 14690 17336 3011 16668 14940 5511 9690 11873 4900 3742 15968 3481 8723 15793 17418 7885 8755 11514 10648 14921 8643 10602 5760 6161 12993 18577 9974 9781 4396 1554 7610 1272 4918 11077 2510 8525 13657 1299 15639 16992 18370 3317 14011 0 1660
11942 13080 9624 11245 13854 17853 12618 9654 16520 14905 8101 12175 8492 10759 17382 17640 9215 7169 6206 12012 18033 18977 3477 17805 12437 12209 8422 7480 16909 15822 4980 3575 9292 3682 2993 13291 16911 3548 16459 10735 12378 11873 12850 1781 15569 10390 17527 9013 7545 6575 9535 10138 12565 16774 11275 4960 14967 17472 1351 16918 15091 6405 9142 11013 5392 2115 15996 2600 7230 14589 17974 7240 8327 11271 11231 13679 9733 11040 5595 6655 13051 17975 9832 9969 4143 837 7190 1237 6575 10360 4086 10094 12524 2452 14798 16327 18554 1726 12612 1660 0
1 11 10 3
2 11 7 5
3 10 16 2
4 5 12 4
5 10 6 4
6 7 8 7
7 8 11 8
8 13 7 4
9 11 7 5
10 10 7 4
11 7 8 4
12 11 13 4
13 10 8 5
14 12 8 2
15 12 5 6
16 14 6 5
17 13 7 7
18 16 10 4
19 5 11 6
20 10 11 5
21 14 11 5
22 8 10 4
23 5 11 4
24 10 8 4
25 7 13 6
26 11 7 3
27 12 11 4
28 8 5 3
29 13 6 4
30 10 11 3
31 8 8 2
32 14 10 3
33 11 6 8
34 4 8 2
35 9 4 7
36 11 8 5
37 9 8 5
38 11 7 7
39 6 8 2
40 12 7 6
41 14 12 3
42 8 8 2
43 9 11 6
44 12 6 4
45 12 14 6
46 9 9 7
47 11 9 6
48 9 14 7
49 12 13 8
50 10 7 4
51 15 6 2
52 12 6 6
53 7 7 6
54 6 11 4
55 11 11 3
56 12 11 7
57 5 6 5
58 9 8 7
59 6 7 4
60 9 11 10
61 7 11 6
62 11 9 6
63 9 7 4
64 9 7 2
65 8 11 8
66 10 10 4
67 6 10 5
68 12 6 5
69 11 9 4
70 9 14 8
71 13 12 7
72 11 8 6
73 13 11 3
74 16 8 8
75 8 7 4
76 3 10 8
77 10 11 4
78 8 11 6
79 12 8 4
80 6 6 6
81 12 7 4
82 9 7 5
83 6 10 3
84 10 9 4
85 15 13 6
86 12 4 3
87 10 8 3
88 14 7 5
89 14 7 10
90 9 9 9
91 5 12 3
92 8 12 4
93 10 7 6
94 9 5 11
95 12 9 6
96 10 8 4
97 9 15 5
98 10 9 2
99 8 8 1
100 8 9 5
