105 15 3
30 60 700 9.00
0 1 2 1
0 12 13 2
0 3 11 1
0 5 8 3
0 3 6 1
0 3 11 2
0 6 1 1
0 21 2 2
0 4 7 1
0 1 8 3
0 18 6 2
0 3 3 2
0 9 13 2
0 11 15 2
0 8 12 3
0 3 10 2
0 11 13 3
0 3 8 2
0 11 6 2
0 7 5 3
0 5 15 2
0 18 3 3
0 5 5 3
0 13 7 1
0 11 5 2
0 2 1 1
0 2 11 1
0 7 14 3
0 14 4 1
0 8 14 3
0 19 13 3
0 1 4 2
0 1 2 1
0 4 6 3
0 12 2 1
0 17 4 1
0 4 15 2
0 16 5 1
0 2 3 3
0 3 12 1
0 3 3 3
0 8 15 2
0 2 5 3
0 1 9 2
0 2 11 2
0 8 7 2
0 4 8 1
0 10 11 2
0 4 3 1
0 21 5 2
0 3 4 1
0 7 13 3
0 3 4 3
0 13 6 2
0 4 5 3
0 17 10 2
0 1 6 2
0 4 2 2
0 11 14 3
0 2 15 3
0 1 7 2
0 6 2 2
0 2 9 3
0 5 8 1
0 2 1 3
0 7 8 3
0 9 9 2
0 5 13 3
0 10 1 1
0 3 12 3
0 15 9 2
0 12 15 3
0 22 4 1
0 12 9 2
0 11 3 1
0 15 13 2
0 9 5 1
0 19 8 3
0 6 4 1
0 1 8 3
0 19 3 2
0 10 5 1
0 11 12 3
0 23 1 3
0 1 6 3
0 6 9 3
0 15 2 3
0 12 10 3
0 1 13 1
0 11 7 3
0 7 9 1
0 20 11 2
0 1 11 2
0 15 3 1
0 10 8 2
0 9 6 1
0 9 2 1
0 1 7 1
0 1 4 3
0 8 1 2
0 18 7 3
0 2 12 3
0 7 7 2
0 4 9 1
0 8 5 1
0 16847 6232 11710 12173 13260 2750 12329 6147 5334 8706 16044 13121 11807 14412 17232
16847 0 14349 15086 16593 3694 16850 11417 10734 13326 13905 1364 4511 5040 6318 2677
6232 14349 0 15554 6185 11447 4058 14648 6281 8727 2476 14017 12023 9848 14440 15667
11710 15086 15554 0 21485 12044 14076 3808 9705 6899 17398 13742 10735 11828 9102 13570
12173 16593 6185 21485 0 14782 9592 20097 11853 14796 4088 16762 15825 13380 18720 18626
13260 3694 11447 12044 14782 0 13484 8646 7117 9640 11497 2787 1486 1604 4518 4232
2750 16850 4058 14076 9592 13484 0 14190 6741 7322 6469 16242 13648 11919 15439 17653
12329 11417 14648 3808 20097 8646 14190 0 8378 6997 16067 10059 7237 8741 5307 9779
6147 10734 6281 9705 11853 7117 6741 8378 0 3695 7774 9899 7019 5700 8710 11110
5334 13326 8727 6899 14796 9640 7322 6997 3695 0 10744 12259 9025 8549 9569 13054
8706 13905 2476 17398 4088 11497 6469 16067 7774 10744 0 13808 12346 9973 15073 15589
16044 1364 14017 13742 16762 2787 16242 10059 9899 12259 13808 0 3290 4323 4960 1891
13121 4511 12023 10735 15825 1486 13648 7237 7019 9025 12346 3290 0 2453 3098 4118
11807 5040 9848 11828 13380 1604 11919 8741 5700 8549 9973 4323 2453 0 5480 5836
14412 6318 14440 9102 18720 4518 15439 5307 8710 9569 15073 4960 3098 5480 0 4473
17232 2677 15667 13570 18626 4232 17653 9779 11110 13054 15589 1891 4118 5836 4473 0
1 10 6 1
2 9 4 6
3 4 4 5
4 8 4 4
5 6 7 1
6 4 8 3
7 6 9 2
8 8 4 5
9 3 6 4
10 6 6 3
11 3 9 1
12 4 4 3
13 6 6 5
14 8 8 3
15 7 6 3
