500 100 3
30 60 700 9.00
0 3 1 3
0 6 27 3
0 10 56 3
0 12 92 2
0 7 4 3
0 2 34 2
0 6 99 3
0 1 43 1
0 17 78 1
0 12 58 1
0 1 62 1
0 16 37 2
0 3 4 2
0 15 41 2
0 10 8 2
0 3 20 3
0 9 60 3
0 14 30 2
0 4 12 1
0 12 76 2
0 11 99 2
0 6 86 3
0 6 45 2
0 4 7 2
0 2 18 3
0 16 2 3
0 7 64 3
0 8 52 3
0 8 73 2
0 1 68 3
0 17 53 3
0 17 44 2
0 4 18 1
0 5 69 3
0 1 37 1
0 3 84 2
0 20 29 3
0 13 79 3
0 10 26 3
0 23 48 2
0 2 87 3
0 6 34 3
0 6 52 1
0 17 31 2
0 7 30 2
0 11 90 3
0 19 97 3
0 3 26 2
0 14 3 3
0 6 58 2
0 5 11 1
0 2 68 1
0 13 17 2
0 3 75 2
0 8 2 3
0 8 43 2
0 13 65 1
0 13 41 1
0 7 29 2
0 9 76 3
0 4 19 3
0 5 25 1
0 16 36 1
0 7 41 2
0 3 44 1
0 25 2 2
0 7 62 2
0 12 32 1
0 8 27 2
0 16 18 1
0 2 59 1
0 6 98 1
0 2 24 3
0 16 24 3
0 3 34 2
0 2 35 3
0 20 22 1
0 16 54 2
0 11 13 2
0 2 37 1
0 19 33 2
0 1 90 3
0 4 70 3
0 11 73 3
0 7 35 2
0 3 10 1
0 2 6 2
0 6 59 1
0 2 86 2
0 11 71 3
0 21 4 1
0 4 42 2
0 24 65 2
0 3 2 3
0 11 56 1
0 4 96 2
0 12 83 2
0 1 59 3
0 8 14 2
0 6 69 1
0 3 25 1
0 1 60 3
0 1 62 3
0 8 11 3
0 18 50 2
0 10 28 3
0 9 88 3
0 1 30 3
0 7 90 2
0 15 78 2
0 7 69 1
0 14 20 3
0 5 100 1
0 3 12 3
0 13 77 3
0 2 47 3
0 13 11 2
0 8 7 2
0 5 74 3
0 13 22 2
0 19 59 1
0 5 22 3
0 1 70 1
0 9 53 3
0 4 88 2
0 9 27 2
0 8 92 3
0 5 96 3
0 7 45 2
0 8 14 2
0 8 64 2
0 3 5 1
0 1 28 3
0 10 90 3
0 5 58 1
0 25 57 1
0 5 2 2
0 10 30 1
0 6 70 3
0 10 36 1
0 3 8 1
0 3 93 3
0 5 70 2
0 7 85 2
0 6 5 3
0 1 99 3
0 8 95 2
0 12 43 3
0 5 31 2
0 7 26 3
0 25 49 1
0 4 2 3
0 5 67 3
0 15 33 3
0 8 61 3
0 5 79 3
0 2 72 2
0 6 72 1
0 23 75 3
0 21 76 3
0 15 15 3
0 6 82 1
0 1 47 3
0 2 10 2
0 6 73 1
0 10 46 1
0 18 12 3
0 1 90 3
0 16 17 1
0 3 35 3
0 8 28 2
0 1 15 1
0 1 14 2
0 6 54 1
0 2 35 2
0 14 30 1
0 14 63 1
0 13 37 3
0 7 94 2
0 19 4 2
0 4 98 1
0 9 51 1
0 2 71 1
0 14 86 3
0 19 74 2
0 3 43 1
0 12 74 1
0 8 21 1
0 10 34 2
0 9 17 3
0 15 85 3
0 10 45 3
0 4 84 3
0 24 86 1
0 12 60 1
0 11 72 1
0 4 92 3
0 3 44 3
0 3 67 3
0 2 66 1
0 6 60 3
0 5 27 1
0 5 26 1
0 9 4 3
0 4 87 2
0 10 19 2
0 2 3 3
0 5 80 1
0 22 70 3
0 11 32 3
0 5 54 3
0 2 29 1
0 2 95 2
0 5 36 1
0 6 71 3
0 3 6 1
0 2 6 3
0 9 92 2
0 16 9 2
0 11 83 3
0 2 25 2
0 1 31 3
0 7 100 2
0 6 48 1
0 18 52 2
0 5 40 2
0 5 87 1
0 18 45 1
0 14 50 2
0 9 53 3
0 4 29 2
0 16 10 2
0 1 76 2
0 25 20 1
0 11 88 2
0 18 90 2
0 13 22 3
0 4 98 1
0 12 70 3
0 3 77 3
0 8 51 3
0 22 50 2
0 1 89 2
0 1 63 2
0 18 97 2
0 5 81 3
0 2 12 2
0 1 73 1
0 1 92 3
0 9 38 3
0 12 15 2
0 3 9 2
0 3 45 1
0 22 61 2
0 1 44 3
0 18 17 3
0 16 33 1
0 10 85 1
0 1 5 1
0 13 57 3
0 1 43 1
0 2 89 3
0 6 33 2
0 20 86 1
0 3 39 2
0 3 45 3
0 9 14 2
0 17 43 2
0 2 56 3
0 8 26 1
0 4 7 1
0 6 31 1
0 3 16 1
0 7 9 1
0 15 28 2
0 1 37 3
0 15 74 1
0 9 33 3
0 8 26 2
0 3 42 3
0 6 93 1
0 5 61 1
0 18 96 2
0 9 52 1
0 2 15 3
0 25 97 2
0 5 96 2
0 9 93 3
0 16 20 1
0 3 78 3
0 4 22 2
0 20 15 1
0 12 5 2
0 22 60 2
0 6 78 2
0 7 19 1
0 3 14 3
0 4 66 3
0 5 49 2
0 4 63 2
1 12 50 2
1 9 100 1
1 5 40 1
1 5 69 1
1 6 46 2
1 8 39 2
1 11 22 3
1 13 27 2
1 16 91 1
1 6 54 3
1 11 65 3
1 10 12 1
1 4 82 3
1 24 57 1
1 7 87 2
1 8 58 1
1 1 26 2
1 17 73 2
1 15 12 3
1 1 84 3
1 5 67 2
1 15 14 3
1 16 36 2
1 13 53 2
1 7 11 2
1 1 42 1
1 17 15 2
1 2 60 3
1 3 77 1
1 7 89 3
1 6 33 2
1 4 61 3
1 3 99 1
1 20 53 3
1 3 31 2
1 10 26 1
1 9 85 1
1 4 88 3
1 4 67 3
1 2 88 3
1 5 36 3
1 5 79 1
1 4 31 2
1 11 64 1
1 24 35 3
1 11 68 2
1 4 86 2
1 3 69 2
1 22 16 3
1 1 66 1
1 3 92 2
1 17 55 2
1 3 2 3
1 7 90 1
1 23 23 2
1 9 51 3
1 4 14 2
1 22 44 1
1 10 37 3
1 6 5 3
1 1 37 2
1 1 89 2
1 7 49 1
1 2 1 2
1 9 47 2
1 16 66 3
1 16 42 2
1 5 50 3
1 2 28 2
1 24 25 2
1 4 1 1
1 4 53 2
1 13 43 1
1 1 54 1
1 14 9 2
1 10 3 3
1 4 73 3
1 3 50 2
1 25 17 1
1 5 52 3
1 19 7 1
1 5 71 1
1 1 47 3
1 17 82 1
1 12 96 2
1 3 58 2
1 20 78 3
1 5 83 3
1 16 99 1
1 7 37 1
1 24 26 3
1 3 10 3
1 6 98 1
1 2 64 3
1 2 66 3
1 2 83 3
1 3 83 2
1 9 38 2
1 6 77 1
1 1 73 2
1 8 85 1
1 18 88 3
1 1 27 3
1 14 48 2
1 2 75 1
1 12 97 3
1 2 40 2
1 14 60 2
1 23 19 1
1 5 20 2
1 1 79 3
1 6 40 3
1 2 34 3
1 2 92 1
1 9 65 3
1 3 17 1
1 9 82 3
1 10 9 1
1 2 33 3
1 2 77 1
1 2 20 1
1 4 54 1
1 5 97 2
1 5 4 3
1 6 58 2
1 8 51 3
1 18 16 1
1 12 17 3
1 3 24 3
1 9 57 3
1 2 46 3
1 6 70 3
1 7 36 2
1 1 69 2
1 11 70 1
1 3 61 1
1 5 43 1
1 14 47 1
1 14 90 3
1 7 99 1
1 6 53 3
1 9 56 2
1 9 46 2
1 1 49 2
1 25 46 2
1 6 67 2
1 11 67 3
1 2 78 3
1 15 49 2
1 5 45 3
1 2 59 3
1 2 87 1
1 17 22 2
1 4 56 1
1 9 19 1
1 7 31 3
1 19 5 2
1 1 38 1
1 13 7 1
1 3 11 3
1 11 90 3
1 10 97 1
1 16 31 3
1 17 93 1
1 13 25 2
1 4 79 1
1 12 19 3
1 2 81 1
1 5 46 3
1 4 59 2
1 2 93 1
1 9 42 3
1 3 26 3
1 12 29 2
1 1 2 1
1 9 10 2
1 11 3 3
1 2 10 1
1 5 88 1
1 3 93 3
1 4 54 2
1 3 10 1
1 4 96 2
1 2 36 3
1 1 66 2
1 22 32 3
1 8 48 1
1 1 26 3
1 1 34 3
1 21 82 1
1 1 24 3
1 13 47 1
1 1 80 3
1 4 88 3
1 16 86 3
1 1 37 1
1 12 38 1
1 13 31 1
1 6 78 2
1 6 78 1
0 8179 19984 14799 9118 18030 6372 12013 19584 15220 5535 4040 20304 8813 11562 5815 9678 15049 8777 8848 19312 6720 13624 5372 2942 20718 7929 12160 15876 20783 13496 4417 8730 6247 11001 3212 5308 12154 16456 9465 17391 7607 5542 12632 10718 21313 11452 13125 19507 13101 11176 7827 10614 15578 2969 2805 1617 16698 11223 14352 14549 12871 18766 13837 7681 20535 9571 7579 6128 17837 21204 18229 16134 10813 10474 16136 20203 7377 9253 17930 3634 14815 14500 16831 4198 13765 11584 14370 8961 4579 13490 15041 16934 18327 6945 14501 12195 19072 12741 5908 15822
8179 0 21175 15640 16710 18347 6224 15405 19943 18733 7100 4667 17048 15367 7155 3451 10926 14959 6273 4088 21692 11535 18905 4473 5381 23810 16003 7858 12807 23100 10188 9260 7047 12118 8492 5242 2975 11195 16695 4972 17566 3472 11031 13911 4551 24971 11896 16391 19840 13199 13549 3243 6108 16325 8325 7361 6627 14262 12189 18775 10975 10546 15407 19862 2021 23753 2785 8506 14035 18886 17781 22461 16948 10500 14386 21009 16704 13670 13487 15851 11108 17200 14673 20797 11294 16746 8092 18193 14369 12109 13720 18552 16173 18464 1887 18985 17964 20022 11247 13593 17469
19984 21175 0 5559 17833 3208 15480 8486 2222 6650 15332 18656 10924 14754 15169 18388 10704 6360 14914 17258 3059 13569 10921 17590 20764 5429 20196 14721 11054 3300 12508 15572 14129 14678 12994 19016 21001 10087 4636 16522 3957 17705 14834 7540 17992 7365 9340 7533 2313 7979 8809 17934 15815 4851 17025 17448 19551 9505 9205 8787 12487 11358 11117 12958 19155 5716 19175 13238 18847 2293 11463 8070 4227 10678 10086 9713 11497 14675 11254 8365 17859 5414 6534 7260 17094 6773 13875 7586 12671 17746 7457 6724 6036 3363 22022 8882 12319 1210 10273 18014 4164
14799 15640 5559 0 14464 3244 9936 4914 4787 5736 9862 13151 9252 11246 9989 12831 5237 1737 9401 11781 6394 8848 9296 12044 15321 8899 16395 9646 7186 7665 7739 10464 8593 10186 7662 13554 15455 4739 1828 11089 2686 12168 10066 2172 12676 10522 3780 4608 4709 2516 3971 12405 10501 780 11833 12141 14206 6183 3694 7473 8047 6359 8600 11407 13619 8974 13737 7728 14710 3268 10098 9297 1368 5142 6119 9501 9607 10631 6997 5994 13150 3110 1385 7702 12431 4096 8681 6080 8866 13241 1999 5646 3401 3579 16463 7680 10035 4460 5131 13827 2165
9118 16710 17833 14464 0 17332 12104 9683 18483 11342 10781 12051 22918 3218 17220 13554 11465 15664 14366 15760 15855 6921 7613 12662 11979 16108 2774 17550 19202 17122 17690 7940 13765 5521 15469 11490 14152 14771 16268 15959 17016 14848 6475 12686 17748 15904 13017 10416 18453 14250 10689 15161 16665 15085 8445 9383 10331 19224 12356 9445 18667 16436 21748 6513 15576 15798 17228 11318 3139 16339 23844 12585 15387 13474 8345 10038 23075 4223 7596 19816 5643 12596 15020 11857 5421 11167 16570 10350 5614 4635 14336 11228 17701 17760 15844 9451 5893 17398 15610 3212 14184
18030 18347 3208 3244 17332 0 12947 7649 1616 7172 12993 16225 8202 14129 12074 15759 8410 3388 12077 14348 5474 12056 11330 15038 18453 8123 19417 11594 7856 6259 9333 13707 11349 13355 9996 16675 18433 7157 1667 13568 792 14903 13286 5416 14944 10007 6792 7008 1521 5241 7153 15108 12779 2473 15067 15351 17397 6339 6851 9266 9283 8244 8143 13469 16339 8332 16210 10831 17818 1654 8871 9845 1998 7954 9068 10833 8718 13684 10068 5332 16370 4914 3732 8579 15643 6308 10796 7872 11819 16427 4750 7162 2838 455 19328 9429 12397 2021 7229 16943 3261
6372 6224 15480 9936 12104 12947 0 9181 14562 12516 1323 3330 13996 10007 5441 2970 4858 9647 2509 3720 15660 5778 12844 2110 5688 17668 12300 5952 9539 17099 7124 4179 2359 6771 4633 3927 5520 6199 11284 3856 12211 3109 5702 7987 5671 18771 6175 10174 14468 7713 7372 3439 4677 10681 4235 3726 5114 10478 6283 12578 8178 6570 12431 14006 4355 17593 5477 2330 10155 13197 14882 16238 11297 5053 8196 14841 13865 8330 7374 11824 7224 11098 9219 14573 7001 10553 5254 11969 8537 8036 8196 12334 11272 13151 6637 12791 12075 14395 6630 9441 11548
12013 15405 8486 4914 9683 7649 9181 0 8841 3379 8462 11712 13977 6484 11761 12076 4847 6375 9928 12274 7320 5320 4816 11096 13401 8790 11831 11707 11099 8783 10620 7666 9032 6249 9350 11817 14292 7133 6655 11885 7353 12141 6564 3656 13777 9666 5149 1114 8803 5561 2226 12450 11825 5457 9181 9824 11925 10560 4423 3640 11310 9120 13106 6780 13500 8649 14277 6932 10376 6728 14861 7067 5714 6438 1618 5994 14263 6200 2836 10731 9473 3072 5771 5391 8698 1784 10597 2794 4229 9285 5410 3194 8291 8078 15670 3872 5206 7860 7919 9534 4545
19584 19943 2222 4787 18483 1616 14562 8841 0 7810 14595 17837 8702 15310 13580 17374 9998 4990 13676 15930 5099 13497 12086 16654 20057 7608 20669 13075 9071 5519 10760 15236 12957 14751 11559 18281 20049 8748 3283 15139 2379 16506 14742 6953 16473 9541 8403 8073 112 6857 8595 16707 14319 4007 16617 16925 18982 7459 8441 9966 10621 9747 8930 14199 17938 7876 17774 12436 19144 2161 9245 9922 3459 9569 10341 11259 9277 14983 11404 6217 17820 5900 5348 8876 17082 7332 12317 8630 13061 17833 6366 7837 4122 1493 20939 10101 13301 1443 8781 18280 4302
15220 18733 6650 5736 11342 7172 12516 3379 7810 0 11836 15091 14845 8421 14589 15434 7960 7472 13065 15459 4541 8502 4297 14462 16747 5498 13852 14431 12854 5894 12970 10953 12166 9182 12143 15184 17670 9549 6910 14998 7234 15418 9692 5747 16841 6287 7749 2343 7815 7523 5246 15719 14796 5857 12465 13152 15236 11919 7131 2162 13479 11481 14314 6391 16802 5322 17476 10232 12760 5712 15641 3898 5747 9207 4765 3787 15250 8722 5970 11627 12400 2627 7040 2178 11622 2103 13348 998 6697 12046 7170 185 8900 7624 19041 2291 5677 6488 10214 11997 4050
5535 7100 15332 9862 10781 12993 1323 8462 14595 11836 0 3354 14781 8732 6684 3671 4632 9805 3740 5015 15255 4566 11814 2660 5463 17125 11006 7153 10376 16715 8095 2858 3396 5476 5592 3692 5863 6653 11353 5179 12291 4281 4396 7792 6983 18121 6218 9508 14507 7841 6863 4611 5972 10630 3063 2750 4515 11162 6168 11707 9156 7357 13259 12868 5378 17025 6687 2175 8861 13076 15686 15454 11230 5357 7321 13916 14697 7043 6388 12410 5962 10655 9315 13824 5702 9961 6369 11213 7373 6744 8285 11652 11575 13237 7209 11911 10946 14298 7210 8133 11284
4040 4667 18656 13151 12051 16225 3330 11712 17837 15091 3354 0 17095 10760 7765 1776 7953 12956 5237 4846 18605 7175 14639 1513 2402 20438 11484 8414 12621 20067 10075 4731 5475 7556 7688 845 2602 9525 14569 5532 15501 3583 6495 11119 6681 21376 9434 12784 17745 11010 10208 3790 6749 13911 3665 2697 2443 13688 9461 14788 11091 9744 15492 15408 3712 20327 5570 5423 9452 16389 17955 18606 14518 8378 10453 16904 16913 9077 9403 15088 6480 14003 12510 17017 6631 13270 8009 14415 9972 7471 11482 14906 14603 16444 4151 14980 13549 17603 9923 8961 14631
20304 17048 10924 9252 22918 8202 13996 13977 8702 14845 14781 17095 0 19787 9918 15851 11640 7621 11870 13163 13635 16327 18543 15599 19490 16245 24363 9206 4474 14216 7066 16828 11666 17823 9412 17827 18436 8433 7949 12248 7816 14266 17271 10416 12593 18159 9937 13839 8612 8687 12344 14300 11000 8997 17711 17531 19110 3750 10568 16708 6131 7436 1644 20642 15383 16482 14319 12900 22393 9849 933 17968 9116 9837 14836 18630 641 18762 15357 3261 20080 12254 8209 16574 19525 13347 9212 15303 17383 20523 8670 14783 5945 7840 18630 16910 19181 9970 7696 21515 10827
8813 15367 14754 11246 3218 14129 10007 6484 15310 8421 8732 10760 19787 0 14735 11996 8505 12463 12018 13727 12962 4319 5278 11014 11324 13516 5451 14985 16197 14296 14863 6124 11314 3280 12781 10388 13168 11778 13050 13777 13802 12993 4379 9490 15658 13584 9946 7265 15275 11102 7498 13320 14314 11868 7128 8093 9604 16122 9258 6735 15798 13536 18664 5047 13943 13239 15405 8778 4449 13175 20708 10283 12176 10542 5128 7866 19966 1705 4430 16653 5228 9445 11821 9272 4615 8024 13948 7424 2414 4445 11163 8288 14494 14555 14836 6792 3611 14261 12627 3813 11008
11562 7155 15169 9989 17220 12074 5441 11761 13580 14589 6684 7765 9918 14735 0 6228 6989 8817 2944 3276 16381 10430 16308 6273 10038 18831 17673 714 5661 17643 3084 9478 3455 11716 2447 8588 8630 5264 10533 2379 11284 4470 10748 8922 2944 20331 6846 12431 13470 7501 9544 4448 1095 10513 9676 9112 10096 7175 7465 15400 3820 3834 8274 17901 5474 18870 4507 5959 15529 12978 10682 18486 11100 5385 11449 17752 9607 13171 11108 8791 12645 12401 8738 16767 12370 12488 1308 14385 12806 13418 8000 14431 9546 12091 8714 15632 16002 13963 4909 14775 12100
5815 3451 18388 12831 13554 15759 2970 12076 17374 15434 3671 1776 15851 11996 6228 0 7823 12407 4046 3138 18629 8089 15458 1022 3822 20629 13157 6909 11398 20066 8786 5872 4526 8727 6548 2608 2716 8776 14091 3902 15004 1853 7631 10933 4913 21705 9052 13095 17277 10520 10331 2029 5167 13561 5110 4192 4212 12600 9218 15375 9758 8666 14224 16419 2028 20550 3820 5299 11089 16098 16682 19103 14181 7805 10986 17586 15623 10292 10055 14079 8085 14067 12028 17459 8147 13499 6653 14849 10923 9053 11022 15251 13888 15934 3669 15580 14516 17282 9042 10544 14501
9678 10926 10704 5237 11465 8410 4858 4847 9998 7960 4632 7953 11640 8505 6989 7823 0 5379 5110 7500 10810 4692 9322 6951 10086 12885 12730 7016 7739 12244 6414 5515 4211 6190 4654 8323 10345 3308 6799 7057 7738 7522 5650 3166 8935 14095 1832 5660 9913 3455 2716 7809 6985 6010 6746 6953 8987 7893 1559 8476 7310 5038 10354 10975 8942 12833 9517 2551 10754 8444 12574 11817 6603 2040 4477 10827 11726 7246 4322 8759 8581 6276 4822 10105 7963 5896 5907 7583 6249 8926 3816 7785 7320 8681 11491 8706 9113 9666 4145 9874 6701
15049 14959 6360 1737 15664 3388 9647 6375 4990 7472 9805 12956 7621 12463 8817 12407 5379 0 8689 10968 7778 9600 10937 11718 15236 10372 17422 8393 5484 8924 6295 10869 7968 11026 6645 13453 15097 3773 1747 10199 2611 11517 10745 2980 11633 12076 3607 6226 4889 1965 4979 11721 9457 1864 12124 12299 14283 4448 3866 9172 6478 5034 6887 13025 12951 10482 12848 7631 15625 4167 8493 11009 2360 4608 7373 11232 7942 11670 8082 4364 13795 4847 645 9430 13118 5776 7518 7792 10052 14003 1564 7380 2060 3529 15953 9384 11569 5161 3914 14735 3774
8777 6273 14914 9401 14366 12077 2509 9928 13676 13065 3740 5237 11870 12018 2944 4046 5110 8689 0 2427 15583 7700 14144 3733 7624 17830 14737 3443 7398 16956 4838 6550 899 8901 2503 6000 6735 4936 10423 1962 11298 2833 7893 7801 3885 19139 5717 10771 13574 6935 7826 3032 2304 10069 6741 6218 7398 8556 6114 13524 5860 4620 10259 15556 4262 17810 4442 3330 12592 12630 12722 16927 10691 4264 9299 15862 11677 10402 8743 10036 9701 11219 8401 15215 9433 10987 2813 12688 10253 10479 7457 12892 9987 12202 7336 13750 13627 13755 5073 11848 11307
8848 4088 17258 11781 15760 14348 3720 12274 15930 15459 5015 4846 13163 13727 3276 3138 7500 10968 2427 0 18002 9480 16329 3495 6942 20257 15746 3988 8816 19368 6175 7821 3312 10487 4414 5692 5365 7195 12712 917 13561 1286 9411 10226 1999 21560 8134 13150 15825 9290 10213 1188 2181 12428 7548 6780 7280 10213 8541 15834 7036 6458 11519 17618 2229 20237 2020 5453 13619 14984 13944 19306 13047 6665 11538 18156 12871 12049 10869 11787 10619 13645 10727 17599 10516 13392 4040 15051 12195 11513 9814 15284 12102 14444 5484 16057 15683 16085 7185 12969 13719
19312 21692 3059 6394 15855 5474 15660 7320 5099 4541 15255 18605 13635 12962 16381 18629 10810 7778 15583 18002 0 12639 8510 17735 20509 2662 18391 16039 13067 1474 14060 14927 14726 13512 14030 18836 21096 11122 6329 17370 6020 18241 13884 7792 19027 4533 9868 6221 5166 8886 8400 18506 16861 5940 16435 17006 19125 11684 9507 6456 14244 12731 13614 10406 19685 2857 19995 13335 17283 3896 14252 5050 5419 11347 8912 6917 14171 13200 10144 10798 16748 4604 7699 4468 15969 5550 15074 5539 11164 16472 8381 4676 8178 5803 22297 6494 10079 3702 11520 16505 4302
6720 11535 13569 8848 6921 12056 5778 5320 13497 8502 4566 7175 16327 4319 10430 8089 4692 9600 7700 9480 12639 0 7464 7070 8417 14000 8038 10704 12388 14103 10772 2550 6998 1498 8561 7043 9754 7979 10650 9480 11535 8843 1266 6738 11379 14648 6416 6426 13435 7877 4906 9174 9994 9595 4019 4815 6812 12582 5866 7780 11757 9545 15045 8332 9922 13822 11241 4472 6089 11558 17260 11659 10068 6628 3757 9780 16418 2752 2534 13383 4324 8239 8970 10180 3588 7093 9691 7670 2834 4409 8097 8323 11649 12418 11323 7952 6428 12773 8797 5203 9429
13624 18905 10921 9296 7613 11330 12844 4816 12086 4297 11814 14639 18543 5278 16308 15458 9322 10937 14144 16329 8510 7464 0 14435 15763 8501 10319 16329 15899 9656 15403 9972 13281 7412 13963 14490 17218 11927 10800 16093 11281 15947 8306 8439 18027 8354 9930 4711 12086 10356 6966 16274 16232 9640 11344 12221 14088 15275 9190 2138 16119 13910 17793 2142 17170 8186 18256 10880 9693 9959 19394 5034 9687 11127 4868 2591 18879 6303 5474 15282 10247 6465 10383 4269 9532 5213 15218 3466 4733 9605 10164 4254 12672 11785 18783 2043 1736 10782 12726 9091 8091
5372 4473 17590 12044 12662 15038 2110 11096 16654 14462 2660 1513 15599 11014 6273 1022 6951 11718 3733 3495 17735 7070 14435 0 3891 19693 12391 6913 11126 19180 8568 4893 4027 7739 6201 2317 3411 8179 13373 4095 14296 2314 6641 10092 5430 20740 8279 12125 16559 9799 9397 2587 5276 12788 4245 3380 3842 12226 8392 14367 9581 8279 13992 15402 2938 19606 4588 4404 10294 15306 16455 18108 13404 7112 9980 16571 15410 9309 9038 13653 7280 13156 11307 16471 7283 12547 6496 13860 9904 8225 10289 14278 13285 15234 4590 14571 13497 16503 8523 9708 13649
2942 5381 20764 15321 11979 18453 5688 13401 20057 16747 5463 2402 19490 11324 10038 3822 10086 15236 7624 6942 20509 8417 15763 3891 0 22189 10870 10709 15016 21980 12457 5869 7877 8388 10087 1784 2425 11886 16810 7724 17747 5658 7458 13233 8584 22991 11670 14503 19969 13277 12130 5787 8985 16091 4424 3612 1720 16090 11629 16194 13463 12147 17883 16242 5292 22049 7181 7624 9050 18522 20346 20068 16689 10697 12005 18171 19300 9748 10857 17485 6372 15913 14764 18554 6789 15055 10369 15992 11030 7367 13733 16563 16936 18692 4013 16368 14485 19748 12309 8770 16675
20718 23810 5429 8899 16108 8123 17668 8790 7608 5498 17125 20438 16245 13516 18831 20629 12885 10372 17830 20257 2662 14000 8501 19693 22189 0 18786 18526 15714 2238 16623 16435 16952 14652 16440 20587 22988 13570 8977 19675 8682 20398 15189 10045 21395 1937 12160 7687 7686 11336 10299 20678 19249 8516 17949 18612 20709 14345 11716 6782 16850 15259 16266 10038 21825 389 22268 15341 17954 6558 16835 3839 8027 13661 10255 6297 16792 14071 11466 13453 17850 6621 10245 4260 17075 7168 17529 6380 12087 17438 10849 5677 10840 8436 24282 6726 10216 6276 14024 17249 6746
7929 16003 20196 16395 2774 19417 12300 11831 20669 13852 11006 11484 24363 5451 17673 13157 12730 17422 14737 15746 18391 8038 10319 12391 10870 18786 0 18097 20389 19700 18598 8199 14275 6540 16223 10791 13218 16004 18222 16098 19028 14685 7194 14458 17741 18646 14437 12682 20629 15832 12476 14973 16975 17070 8198 9012 9391 20620 13848 12058 19623 17480 23079 9288 15171 18485 16960 12035 2146 18558 25296 15323 17434 14635 10349 12786 24456 5767 9398 21384 5127 14852 16779 14526 5305 13443 17211 12854 7609 4264 15994 13724 19482 19828 14871 12084 8586 19670 16811 2929 16376
12160 7858 14721 9646 17550 11594 5952 11707 13075 14431 7153 8414 9206 14985 714 6909 7016 8393 3443 3988 16039 10704 16329 6913 10709 18526 18097 0 4973 17272 2441 9899 3825 12033 2367 9230 9337 4973 10086 3087 10808 5171 11095 8716 3569 20066 6686 12323 12964 7193 9481 5157 1808 10134 10180 9657 10718 6516 7343 15335 3120 3363 7562 17980 6188 18578 5187 6240 15957 12560 9968 18319 10707 5277 11493 17682 8893 13454 11227 8138 13110 12171 8358 16606 12803 12337 1112 14274 12986 13855 7677 14277 9008 11591 9427 15568 16099 13512 4522 15186 11781
15876 12807 11054 7186 19202 7856 9539 11099 9071 12854 10376 12621 4474 16197 5661 11398 7739 5484 7398 8816 13067 12388 15899 11126 15016 15714 20389 4973 0 14051 2644 12579 7199 13879 4939 13354 14013 4432 6738 7899 7154 9861 13209 7461 8515 17484 6285 11278 8960 5544 9107 9918 6700 7320 13358 13123 14650 1697 7011 14360 1878 3026 2892 17874 11045 15857 10160 8599 18349 9219 5345 16483 7725 5760 11584 16546 4328 14984 11848 3294 15871 10258 5827 14880 15368 10984 4798 13046 13863 16393 5768 12745 5019 7702 14300 14585 16203 9876 3595 17489 9254
20783 23100 3300 7665 17122 6259 17099 8783 5519 5894 16715 20067 14216 14296 17643 20066 12244 8924 16956 19368 1474 14103 9656 19180 21980 2238 19700 17272 14051 0 15218 16400 16108 14955 15326 20304 22549 12404 7360 18715 6907 19641 15345 9190 20337 4144 11240 7680 5606 10177 9866 19902 18164 7139 17909 18480 20599 12587 10912 7679 15333 13936 14350 11443 21089 2583 21352 14778 18654 4841 14763 5629 6574 12704 10368 7812 14783 14601 11601 11564 18190 6071 8914 5453 17411 7018 16335 6884 12568 17895 9663 6042 9070 6513 23735 7689 11285 4292 12752 17889 5649
13496 10188 12508 7739 17690 9333 7124 10620 10760 12970 8095 10075 7066 14863 3084 8786 6414 6295 4838 6175 14060 10772 15403 8568 12457 16623 18598 2441 2644 15218 0 10543 4766 12217 2506 10834 11378 3490 7908 5259 8559 7219 11418 7241 6008 18259 5474 11053 10648 5469 8437 7274 4082 8120 11143 10803 12193 4093 6213 14147 1060 1504 5439 17225 8404 16709 7587 6579 16499 10423 7899 16795 8653 4393 10735 16450 6846 13484 10730 5707 13845 10533 6379 15110 13417 10933 2155 12959 12658 14464 5884 12832 6654 9292 11658 14379 15425 11299 2758 15670 9904
4417 9260 15572 10464 7940 13707 4179 7666 15236 10953 2858 4731 16828 6124 9478 5872 5515 10869 6550 7821 14927 2550 9972 4893 5869 16435 8199 9899 12579 16400 10543 0 6079 2859 8098 4519 7267 8418 12173 8033 13099 6953 1773 8292 9808 17155 7344 8779 15163 8969 6763 7274 8816 11240 1515 2266 4289 13104 7003 10325 11591 9573 15400 10677 7828 16273 9357 3989 6058 13442 17754 14201 11778 7015 6189 12325 16823 4420 5009 14153 3305 10405 10286 12701 2908 9391 9030 10160 5263 3961 9306 10771 12834 14024 8876 10499 8824 14676 9132 5298 11409
8730 7047 14129 8593 13765 11349 2359 9032 12957 12166 3396 5475 11666 11314 3455 4526 4211 7968 899 3312 14726 6998 13281 4027 7877 16952 14275 3825 7199 16108 4766 6079 0 8262 2275 6172 7242 4266 9687 2854 10578 3577 7294 6937 4764 18248 4871 9871 12857 6158 6926 3812 3028 9278 6458 6051 7454 8213 5238 12632 5821 4272 10088 14725 5027 16928 5330 2550 12136 11840 12544 16028 9902 3453 8427 14973 11520 9729 7906 9626 9315 10337 7645 14316 8985 10090 2976 11790 9473 10038 6677 11993 9370 11495 7989 12859 12801 12981 4520 11362 10462
6247 12118 14678 10186 5521 13355 6771 6249 14751 9182 5476 7556 17823 3280 11716 8727 6190 11026 8901 10487 13512 1498 7412 7739 8388 14652 6540 12033 13879 14955 12217 2859 8262 0 9954 7258 10038 9475 12004 10584 12869 9720 1099 8120 12439 15124 7906 7311 14695 9344 6216 10046 11205 10915 4013 4949 6693 14080 7340 8129 13214 11018 16542 7893 10665 14442 12132 5798 4613 12753 18756 11995 11358 8119 4631 9895 17916 1576 3428 14868 3235 9283 10391 10642 2456 8029 11049 8272 2714 3084 9544 9012 13082 13732 11679 8270 6099 13948 10290 3724 10590
11001 8492 12994 7662 15469 9996 4633 9350 11559 12143 5592 7688 9412 12781 2447 6548 4654 6645 2503 4414 14030 8561 13963 6201 10087 16440 16223 2367 4939 15326 2506 8098 2275 9954 0 8415 9227 2928 8389 3586 9206 5200 9088 6484 5018 17911 4400 9994 11452 5149 7127 5333 2840 8236 8645 8298 9727 6053 5021 12983 3565 2125 7822 15626 6548 16468 6215 4194 14106 10755 10282 16039 8840 2942 9131 15334 9252 11308 8899 7543 11390 9969 6480 14321 10992 10042 1255 11947 10706 12044 5663 11984 7688 10068 9734 13216 13752 11802 2782 13294 9733
3212 5242 19016 13554 11490 16675 3927 11817 18281 15184 3692 845 17827 10388 8588 2608 8323 13453 6000 5692 18836 7043 14490 2317 1784 20587 10791 9230 13354 20304 10834 4519 6172 7258 8415 0 2783 10115 15030 6372 15966 4427 6237 11479 7520 21456 9889 12906 18192 11494 10440 4630 7581 14322 3263 2310 1605 14376 9860 14761 11860 10442 16234 15148 4486 20460 6366 5845 8797 16766 18695 18611 14922 8916 10484 16820 17659 8733 9382 15746 5869 14234 12982 17055 6096 13429 8792 14468 9780 6874 11951 15000 15156 16912 4450 14945 13323 17989 10557 8354 14946
5308 2975 21001 15455 14152 18433 5520 14292 20049 17670 5863 2602 18436 13168 8630 2716 10345 15097 6735 5365 21096 9754 17218 3411 2425 22988 13218 9337 14013 22549 11378 7267 7242 10038 9227 2783 0 11488 16767 6251 17685 4178 9006 13496 6676 23958 11687 15355 19953 13192 12719 4183 7537 16197 6046 5091 3848 15270 11800 17390 12312 11351 16799 17923 3322 22884 5087 7794 11328 18717 19245 21207 16814 10489 13053 19502 18177 11516 12005 16768 8509 16502 14701 19613 8811 15822 9226 17008 12528 9517 13687 17486 16602 18620 1694 17582 16088 19914 11756 10970 17046
12154 11195 10087 4739 14771 7157 6199 7133 8748 9549 6653 9525 8433 11778 5264 8776 3308 3773 4936 7195 11122 7979 11927 8179 11886 13570 16004 4973 4432 12404 3490 8418 4266 9475 2928 10115 11488 0 5517 6436 6373 7769 8858 3802 7947 15094 2003 7571 8645 2238 4966 7962 5768 5308 9399 9350 11153 4692 2750 10660 4208 1988 7079 13783 9194 13613 9089 4586 13994 7835 9364 13413 5914 1405 7334 12971 8473 10553 7470 5784 11650 7211 3559 11710 11093 7485 3960 9490 9466 12094 2743 9405 5114 7269 12246 10893 12018 8903 852 13124 6836
16456 16695 4636 1828 16268 1667 11284 6655 3283 6910 11353 14569 7949 13050 10533 14091 6799 1747 10423 12712 6329 10650 10800 13373 16810 8977 18222 10086 6738 7360 7908 12173 9687 12004 8389 15030 16767 5517 0 11946 940 13246 11856 3923 13368 10768 5141 6213 3187 3575 5794 13455 11195 1199 13502 13752 15781 5404 5242 8852 7975 6723 7560 12936 14685 9128 14594 9186 16537 2526 8732 10093 1167 6287 7928 10689 8381 12459 8825 4782 14937 4366 2066 8639 14226 5603 9241 7436 10681 15051 3088 6858 2025 1885 17662 9041 11675 3431 5645 15654 2878
9465 4972 16522 11089 15959 13568 3856 11885 15139 14998 5179 5532 12248 13777 2379 3902 7057 10199 1962 917 17370 9480 16093 4095 7724 19675 16098 3087 7899 18715 5259 8033 2854 10584 3586 6372 6251 6436 11946 0 12779 2099 9534 9630 1937 21028 7518 12715 15033 8582 9768 2070 1287 11714 7927 7229 7933 9305 7978 15485 6119 5585 10604 17471 3146 19669 2654 5238 13958 14260 13032 18869 12329 6025 11256 17824 11959 12124 10673 10885 10984 13085 9989 17155 10821 12912 3130 14639 12116 11841 9105 14826 11265 13649 6401 15712 15539 15340 6368 13270 13074
17391 17566 3957 2686 17016 792 12211 7353 2379 7234 12291 15501 7816 13802 11284 15004 7738 2611 11298 13561 6020 11535 11281 14296 17747 8682 19028 10808 7154 6907 8559 13099 10578 12869 9206 15966 17685 6373 940 12779 0 14127 12750 4829 14152 10534 6077 6810 2278 4498 6653 14329 11987 1961 14435 14690 16720 5686 6181 9267 8533 7455 7624 13423 15560 8868 15420 10123 17377 2124 8538 10154 1645 7199 8698 10967 8300 13274 9643 4804 15833 4817 2992 8799 15117 6150 10005 7856 11456 15927 4019 7204 2168 946 18562 9443 12255 2753 6437 16497 3204
7607 3472 17705 12168 14848 14903 3109 12141 16506 15418 4281 3583 14266 12993 4470 1853 7522 11517 2833 1286 18241 8843 15947 2314 5658 20398 14685 5171 9861 19641 7219 6953 3577 9720 5200 4427 4178 7769 13246 2099 14127 0 8626 10453 3124 21610 8425 13083 16404 9733 10191 331 3384 12855 6505 5677 6024 11176 8734 15617 8138 7314 12626 17110 1452 20353 2413 5211 12577 15416 15069 19207 13478 7029 11255 17904 14000 11295 10474 12714 9564 13779 11214 17520 9522 13393 5064 14935 11631 10490 10253 15239 12809 15034 4535 15834 15180 16557 7885 11964 14004
5542 11031 14834 10066 6475 13286 5702 6564 14742 9692 4396 6495 17271 4379 10748 7631 5650 10745 7893 9411 13884 1266 8306 6641 7458 15189 7194 11095 13209 15345 11418 1773 7294 1099 9088 6237 9006 8858 11856 9534 12750 8626 0 7934 11372 15775 7441 7665 14678 8966 6147 8952 10195 10820 3038 3937 5794 13521 6947 8837 12435 10286 15935 8920 9566 15000 11038 4897 5141 12816 18204 12721 11304 7470 4981 10727 17330 2675 3749 14405 3084 9503 10124 11294 2375 8343 10141 8830 3573 3282 9219 9515 12781 13642 10631 8995 7086 14033 9647 4281 10693
12632 13911 7540 2172 12686 5416 7987 3656 6953 5747 7792 11119 10416 9490 8922 10933 3166 2980 7801 10226 7792 6738 8439 10092 13233 10045 14458 8716 7461 9190 7241 8292 6937 8120 6484 11479 13496 3802 3923 9630 4829 10453 7934 0 11365 11442 2118 3855 6877 1918 1999 10715 9241 2949 9665 9992 12071 6918 1724 6961 7816 5744 9473 10435 11899 10044 12231 5709 12694 5289 11319 9616 3504 3622 4432 9228 10667 8698 5102 7209 11014 3488 2335 7910 10307 3693 7652 5725 7077 11145 1765 5604 5031 5741 14595 7190 8834 6518 4484 11806 3571
10718 4551 17992 12676 17748 14944 5671 13777 16473 16841 6983 6681 12593 15658 2944 4913 8935 11633 3885 1999 19027 11379 18027 5430 8584 21395 17741 3569 8515 20337 6008 9808 4764 12439 5018 7520 6676 7947 13368 1937 14152 3124 11372 11365 0 22801 9247 14580 16364 10161 11634 2892 2180 13254 9543 8761 9123 10084 9761 17390 6642 6738 10964 19408 3360 21405 1767 7175 15617 15766 13293 20725 13857 7743 13184 19733 12219 13992 12610 11707 12614 14845 11495 19007 12516 14746 4159 16515 14041 13512 10677 16672 12471 14981 6317 17618 17475 16794 7724 14968 14725
21313 24971 7365 10522 15904 10007 18771 9666 9541 6287 18121 21376 18159 13584 20331 21705 14095 12076 19139 21560 4533 14648 8354 20740 22991 1937 18646 20066 17484 4144 18259 17155 18248 15124 17911 21456 23958 15094 10768 21028 10534 21610 15775 11442 22801 0 13558 8615 9618 12881 11425 21902 20683 10212 18656 19384 21444 16163 13051 7012 18544 16857 18143 9546 23016 1677 23579 16465 18027 8411 18759 3324 9763 15061 10986 5868 18700 14357 12146 15325 18244 7956 11894 4484 17484 8225 19040 6999 12460 17737 12416 6472 12678 10334 25324 6895 10088 8197 15605 17386 8357
11452 11896 9340 3780 13017 6792 6175 5149 8403 7749 6218 9434 9937 9946 6846 9052 1832 3607 5717 8134 9868 6416 9930 8279 11670 12160 14437 6686 6285 11240 5474 7344 4871 7906 4400 9889 11687 2003 5141 7518 6077 8425 7441 2118 9247 13558 0 5657 8311 1649 2965 8675 7128 4512 8544 8694 10679 6213 749 8717 6210 3981 8732 11781 9877 12161 10131 4047 12504 7048 10868 11643 5131 1504 5346 11047 10065 8833 5566 6971 10405 5601 3097 9926 9775 5652 5599 7601 7587 10723 2067 7593 5500 7022 12683 8950 10022 8232 2828 11619 5592
13125 16391 7533 4608 10416 7008 10174 1114 8073 2343 9508 12784 13839 7265 12431 13095 5660 6226 10771 13150 6221 6426 4711 12125 14503 7687 12682 12323 11278 7680 11053 8779 9871 7311 9994 12906 15355 7571 6213 12715 6810 13083 7665 3855 14580 8615 5657 0 8045 5759 2947 13385 12572 5023 10294 10931 13035 10577 4981 3106 11666 9549 13085 6804 14462 7553 15164 7891 11319 5923 14697 6157 5169 7053 2692 5400 14169 7154 3923 10578 10543 2181 5673 4449 9765 762 11224 1954 5139 10318 5511 2161 8004 7452 16709 3336 5462 6996 8307 10494 3786
19507 19840 2313 4709 18453 1521 14468 8803 112 7815 14507 17745 8612 15275 13470 17277 9913 4889 13574 15825 5166 13435 12086 16559 19969 7686 20629 12964 8960 5606 10648 15163 12857 14695 11452 18192 19953 8645 3187 15033 2278 16404 14678 6877 16364 9618 8311 8045 0 6761 8532 16604 14210 3929 16541 16844 18899 7349 8356 9968 10510 9638 8829 14202 17836 7951 17667 12347 19096 2145 9161 9967 3388 9472 10296 11282 9185 14937 11353 6112 17758 5876 5252 8906 17021 7307 12208 8627 13021 17776 6271 7839 4010 1385 20840 10106 13290 1491 8674 18230 4269
13101 13199 7979 2516 14250 5241 7713 5561 6857 7523 7841 11010 8687 11102 7501 10520 3455 1965 6935 9290 8886 7877 10356 9799 13277 11336 15832 7193 5544 10177 5469 8969 6158 9344 5149 11494 13192 2238 3575 8582 4498 9733 8966 1918 10161 12881 1649 5759 6761 0 3681 9957 7987 3138 10189 10342 12319 5079 2019 8859 5959 4007 7641 12341 11180 11385 11233 5667 13956 5697 9606 11328 3758 2723 6187 11101 8889 10138 6672 5572 11975 5066 1509 9649 11324 5534 6196 7591 8696 12245 524 7393 3866 5438 14106 9087 10709 6824 2739 13067 4598
11176 13549 8809 3971 10689 7153 7372 2226 8595 5246 6863 10208 12344 7498 9544 10331 2716 4979 7826 10213 8400 4906 6966 9397 12130 10299 12476 9481 9107 9866 8437 6763 6926 6216 7127 10440 12719 4966 5794 9768 6653 10191 6147 1999 11634 11425 2965 2947 8532 3681 0 10487 9641 4701 8222 8691 10809 8760 2224 5857 9169 6945 11322 8826 11592 10221 12230 5051 10747 6702 13256 9102 5162 4213 2507 8208 12564 6711 3104 9169 9227 3796 4334 7390 8493 3202 8372 4883 5084 9278 3679 5071 7028 7522 13984 6090 7102 7931 5779 9862 4647
7827 3243 17934 12405 15161 15108 3439 12450 16707 15719 4611 3790 14300 13320 4448 2029 7809 11721 3032 1188 18506 9174 16274 2587 5787 20678 14973 5157 9918 19902 7274 7274 3812 10046 5333 4630 4183 7962 13455 2070 14329 331 8952 10715 2892 21902 8675 13385 16604 9957 10487 0 3354 13085 6802 5962 6233 11265 9000 15933 8169 7434 12658 17440 1232 20636 2086 5522 12869 15647 15092 19514 13708 7263 11575 18223 14021 11621 10800 12817 9856 14058 11431 17825 9825 13688 5122 15243 11961 10788 10478 15540 12977 15231 4415 16151 15511 16780 8049 12264 14260
10614 6108 15815 10501 16665 12779 4677 11825 14319 14796 5972 6749 11000 14314 1095 5167 6985 9457 2304 2181 16861 9994 16232 5276 8985 19249 16975 1808 6700 18164 4082 8816 3028 11205 2840 7581 7537 5768 11195 1287 11987 3384 10195 9241 2180 20683 7128 12572 14210 7987 9641 3354 0 11075 8880 8255 9116 8166 7678 15459 4885 4613 9355 17730 4385 19267 3540 5575 14830 13586 11771 18691 11677 5627 11365 17812 10697 12704 10910 9769 11899 12728 9315 16970 11673 12694 2046 14520 12500 12711 8502 14631 10349 12826 7631 15690 15811 14618 5553 14104 12561
15578 16325 4851 780 15085 2473 10681 5457 4007 5857 10630 13911 8997 11868 10513 13561 6010 1864 10069 12428 5940 9595 9640 12788 16091 8516 17070 10134 7320 7139 8120 11240 9278 10915 8236 14322 16197 5308 1199 11714 1961 12855 10820 2949 13254 10212 4512 5023 3929 3138 4701 13085 11075 0 12612 12921 14984 6165 4463 7728 8339 6801 8477 11771 14305 8620 14367 8490 15416 2562 9811 9229 624 5827 6753 9644 9394 11314 7682 5771 13904 3258 1776 7700 13181 4431 9205 6316 9509 13979 2614 5789 3058 2823 17182 7925 10484 3722 5614 14536 1948
2969 8325 17025 11833 8445 15067 4235 9181 16617 12465 3063 3665 17711 7128 9676 5110 6746 12124 6741 7548 16435 4019 11344 4245 4424 17949 8198 10180 13358 17909 11143 1515 6458 4013 8645 3263 6046 9399 13502 7927 14435 6505 3038 9665 9543 18656 8544 10294 16541 10189 8222 6802 8880 12612 0 970 2793 14033 8280 11796 12203 10332 16225 11905 7134 17787 8832 4824 6076 14870 18626 15677 13166 8022 7701 13748 17660 5470 6513 15181 3071 11901 11563 14195 3041 10903 9428 11665 6612 3986 10561 12284 14041 15369 7709 11964 10105 16106 10049 5465 12867
2805 7361 17448 12141 9383 15351 3726 9824 16925 13152 2750 2697 17531 8093 9112 4192 6953 12299 6218 6780 17006 4815 12221 3380 3612 18612 9012 9657 13123 18480 10803 2266 6051 4949 8298 2310 5091 9350 13752 7229 14690 5677 3937 9992 8761 19384 8694 10931 16844 10342 8691 5962 8255 12921 970 0 2121 13905 8510 12586 11862 10106 16008 12840 6220 18463 7958 4777 6916 15253 18436 16458 13493 8011 8400 14589 17445 6428 7246 15126 3904 12434 11765 14943 3964 11508 8979 12385 7497 4862 10747 12969 14156 15631 6746 12762 11022 16488 9941 6352 13309
1617 6627 19551 14206 10331 17397 5114 11925 18982 15236 4515 2443 19110 9604 10096 4212 8987 14283 7398 7280 19125 6812 14088 3842 1720 20709 9391 10718 14650 20599 12193 4289 7454 6693 9727 1605 3848 11153 15781 7933 16720 6024 5794 12071 9123 21444 10679 13035 18899 12319 10809 6233 9116 14984 2793 2121 0 15575 10546 14588 13235 11682 17540 14529 6064 20553 7955 6671 7480 17345 19994 18470 15564 9871 10475 16520 18974 8032 9298 16880 4698 14554 13770 16986 5079 13620 10210 14449 9357 5701 12744 15053 16085 17665 5530 14756 12784 18579 11672 7136 15419
16698 14262 9505 6183 19224 6339 10478 10560 7459 11919 11162 13688 3750 16122 7175 12600 7893 4448 8556 10213 11684 12582 15275 12226 16090 14345 20620 6516 1697 12587 4093 13104 8213 14080 6053 14376 15270 4692 5404 9305 5686 11176 13521 6918 10084 16163 6213 10577 7349 5079 8760 11265 8166 6165 14033 13905 15575 0 6869 13589 3515 3948 2562 17321 12433 14512 11680 9210 18644 7796 4683 15394 6482 6097 11267 15678 3852 15046 11702 1628 16342 9293 4925 13851 15780 10187 6175 12224 13732 16774 5154 11828 3518 6142 15676 13805 15752 8351 3985 17766 8111
11223 12189 9205 3694 12356 6851 6283 4423 8441 7131 6168 9461 10568 9258 7465 9218 1559 3866 6114 8541 9507 5866 9190 8392 11629 11716 13848 7343 7011 10912 6213 7003 5238 7340 5021 9860 11800 2750 5242 7978 6181 8734 6947 1724 9761 13051 749 4981 8356 2019 2224 9000 7678 4463 8280 8510 10546 6869 0 8014 6958 4723 9406 11033 10179 11698 10553 4038 11951 6929 11497 11029 5063 2079 4600 10352 10719 8196 4856 7535 9962 5109 3287 9309 9306 5028 6244 6932 6883 10226 2306 6970 5859 7123 12877 8248 9274 8142 3577 11062 5293
14352 18775 8787 7473 9445 9266 12578 3640 9966 2162 11707 14788 16708 6735 15400 15375 8476 9172 13524 15834 6456 7780 2138 14367 16194 6782 12058 15335 14360 7679 14147 10325 12632 8129 12983 14761 17390 10660 8852 15485 9267 15617 8837 6961 17390 7012 8717 3106 9968 8859 5857 15933 15459 7728 11796 12586 14588 13589 8014 0 14771 12643 16059 4233 16930 6512 17820 10420 11171 7853 17535 3885 7711 10060 4390 2354 17078 7357 5386 13459 11232 4485 8665 2565 10472 3402 14227 1416 5450 10738 8593 2129 10785 9721 18868 234 3622 8649 11408 10474 6063
14549 10975 12487 8047 18667 9283 8178 11310 10621 13479 9156 11091 6131 15798 3820 9758 7310 6478 5860 7036 14244 11757 16119 9581 13463 16850 19623 3120 1878 15333 1060 11591 5821 13214 3565 11860 12312 4208 7975 6119 8533 8138 12435 7816 6642 18544 6210 11666 10510 5959 9169 8169 4885 8339 12203 11862 13235 3515 6958 14771 0 2277 4489 17991 9260 16959 8302 7618 17531 10500 6934 17249 8827 5272 11535 17044 5868 14452 11602 5139 14895 10972 6663 15588 14459 11488 3105 13537 13558 15504 6317 13350 6502 9190 12512 15002 16223 11286 3393 16697 10199
12871 10546 11358 6359 16436 8244 6570 9120 9747 11481 7357 9744 7436 13536 3834 8666 5038 5034 4620 6458 12731 9545 13910 8279 12147 15259 17480 3363 3026 13936 1504 9573 4272 11018 2125 10442 11351 1988 6723 5585 7455 7314 10286 5744 6738 16857 3981 9549 9638 4007 6945 7434 4613 6801 10332 10106 11682 3948 4723 12643 2277 0 5903 15749 8636 15330 8136 5586 15412 9200 8333 15319 7363 2998 9274 14947 7340 12215 9325 5418 12873 9071 5033 13628 12390 9436 2580 11458 11284 13424 4447 11341 5738 8257 11844 12875 13965 10150 1271 14563 8517
18766 15407 11117 8600 21748 8143 12431 13106 8930 14314 13259 15492 1644 18664 8274 14224 10354 6887 10259 11519 13614 15045 17793 13992 17883 16266 23079 7562 2892 14350 5439 15400 10088 16542 7822 16234 16799 7079 7560 10604 7624 12626 15935 9473 10964 18143 8732 13085 8829 7641 11322 12658 9355 8477 16225 16008 17540 2562 9406 16059 4489 5903 0 19853 13739 16471 12683 11439 21073 9736 2463 17651 8704 8467 13828 18093 1437 17556 14251 2819 18676 11690 7413 16168 18147 12662 7578 14677 16281 19159 7708 14234 5544 7845 16986 16271 18304 10059 6295 20202 10391
13837 19862 12958 11407 6513 13469 14006 6780 14199 6391 12868 15408 20642 5047 17901 16419 10975 13025 15556 17618 10406 8332 2142 15402 16242 10038 9288 17980 17874 11443 17225 10677 14725 7893 15626 15148 17923 13783 12936 17471 13423 17110 8920 10435 19408 9546 11781 6804 14202 12341 8826 17440 17730 11771 11905 12840 14529 17321 11033 4233 17991 15749 19853 0 18242 9689 19477 12235 9096 12083 21501 6290 11827 12880 6511 3746 20965 6500 6820 17381 10274 8606 12458 5991 9642 7340 16875 5599 5500 9480 12183 6362 14793 13924 19550 4103 1935 12875 14603 8659 10232
7681 2021 19155 13619 15576 16339 4355 13500 17938 16802 5378 3712 15383 13943 5474 2028 8942 12951 4262 2229 19685 9922 17170 2938 5292 21825 15171 6188 11045 21089 8404 7828 5027 10665 6548 4486 3322 9194 14685 3146 15560 1452 9566 11899 3360 23016 9877 14462 17836 11180 11592 1232 4385 14305 7134 6220 6064 12433 10179 16930 9260 8636 13739 18242 0 21776 1904 6573 13112 16866 16156 20565 14928 8479 12550 19195 15081 12238 11712 13998 10111 15210 12657 18888 10173 14793 6265 16293 12744 11081 11701 16622 14204 16463 3254 17144 16323 18004 9276 12571 15454
20535 23753 5716 8974 15798 8332 17593 8649 7876 5322 17025 20327 16482 13239 18870 20550 12833 10482 17810 20237 2857 13822 8186 19606 22049 389 18485 18578 15857 2583 16709 16273 16928 14442 16468 20460 22884 13613 9128 19669 8868 20353 15000 10044 21405 1677 12161 7553 7951 11385 10221 20636 19267 8620 17787 18463 20553 14512 11698 6512 16959 15330 16471 9689 21776 0 22251 15270 17682 6744 17084 3467 8149 13664 10087 5945 17023 13828 11290 13654 17628 6591 10331 3969 16856 7064 17571 6175 11856 17201 10905 5503 11018 8657 24196 6447 9907 6522 14088 16986 6812
9571 2785 19175 13737 17228 16210 5477 14277 17774 17476 6687 5570 14319 15405 4507 3820 9517 12848 4442 2020 19995 11241 18256 4588 7181 22268 16960 5187 10160 21352 7587 9357 5330 12132 6215 6366 5087 9089 14594 2654 15420 2413 11038 12231 1767 23579 10131 15164 17667 11233 12230 2086 3540 14367 8832 7958 7955 11680 10553 17820 8302 8136 12683 19477 1904 22251 0 7411 14875 16914 15034 21317 14982 8649 13500 20134 13958 13707 12784 13292 11863 15660 12642 19613 11868 15411 5584 17059 14013 12812 11757 17301 13859 16282 4573 18042 17545 17992 8994 14296 15705
7579 8506 13238 7728 11318 10831 2330 6932 12436 10232 2175 5423 12900 8778 5959 5299 2551 7631 3330 5453 13335 4472 10880 4404 7624 15341 12035 6240 8599 14778 6579 3989 2550 5798 4194 5845 7794 4586 9186 5238 10123 5211 4897 5709 7175 16465 4047 7891 12347 5667 5051 5522 5575 8490 4824 4777 6671 9210 4038 10420 7618 5586 11439 12235 6573 15270 7411 0 9926 10967 13820 13999 9096 3234 6089 12725 12869 7218 5437 10370 7293 8768 7143 12316 6840 8242 5253 9726 6928 7886 6112 10051 9414 11068 8965 10640 10304 12180 5225 9106 9251
6128 14035 18847 14710 3139 17818 10155 10376 19144 12760 8861 9452 22393 4449 15529 11089 10754 15625 12592 13619 17283 6089 9693 10294 9050 17954 2146 15957 18349 18654 16499 6058 12136 4613 14106 8797 11328 13994 16537 13958 17377 12577 5141 12694 15617 18027 12504 11319 19096 13956 10747 12869 14830 15416 6076 6916 7480 18644 11951 11171 17531 15412 21073 9096 13112 17682 14875 9926 0 17077 23326 14718 15821 12610 8814 12264 22464 4177 7751 19472 3014 13444 14986 13717 3160 12077 15079 11771 6181 2119 14154 12615 17683 18213 13005 11236 7982 18231 14787 890 14891
17837 18886 2293 3268 16339 1654 13197 6728 2161 5712 13076 16389 9849 13175 12978 16098 8444 4167 12630 14984 3896 11558 9959 15306 18522 6558 18558 12560 9219 4841 10423 13442 11840 12753 10755 16766 18717 7835 2526 14260 2124 15416 12816 5289 15766 8411 7048 5923 2145 5697 6702 15647 13586 2562 14870 15253 17345 7796 6929 7853 10500 9200 9736 12083 16866 6744 16914 10967 17077 0 10524 8200 1939 8388 8263 9279 10358 12905 9365 6917 15877 3745 4276 6975 15125 5177 11676 6495 10957 15836 5174 5725 4284 2057 19730 7998 11146 1236 8070 16220 2186
21204 17781 11463 10098 23844 8871 14882 14861 9245 15641 15686 17955 933 20708 10682 16682 12574 8493 12722 13944 14252 17260 19394 16455 20346 16835 25296 9968 5345 14763 7899 17754 12544 18756 10282 18695 19245 9364 8732 13032 8538 15069 18204 11319 13293 18759 10868 14697 9161 9606 13256 15092 11771 9811 18626 18436 19994 4683 11497 17535 6934 8333 2463 21501 16156 17084 15034 13820 23326 10524 0 18687 9898 10767 15744 19421 1077 19691 16278 4131 21009 13067 9091 17326 20457 14190 10032 16126 18303 21455 9579 15585 6752 8488 19394 17734 20061 10562 8622 22448 11606
18229 22461 8070 9297 12585 9845 16238 7067 9922 3898 15454 18606 17968 10283 18486 19103 11817 11009 16927 19306 5050 11659 5034 18108 20068 3839 15323 18319 16483 5629 16795 14201 16028 11995 16039 18611 21207 13413 10093 18869 10154 19207 12721 9616 20725 3324 11643 6157 9967 11328 9102 19514 18691 9229 15677 16458 18470 15394 11029 3885 17249 15319 17651 6290 20565 3467 21317 13999 14718 8200 18687 0 8949 13105 8155 2562 18438 11129 9229 14870 15049 6277 10666 1720 14300 6001 17240 4273 9295 14498 10936 4060 12115 10257 22651 3729 6766 8479 14049 14092 7284
16134 16948 4227 1368 15387 1998 11297 5714 3459 5747 11230 14518 9116 12176 11100 14181 6603 2360 10691 13047 5419 10068 9687 13404 16689 8027 17434 10707 7725 6574 8653 11778 9902 11358 8840 14922 16814 5914 1167 12329 1645 13478 11304 3504 13857 9763 5131 5169 3388 3758 5162 13708 11677 624 13166 13493 15564 6482 5063 7711 8827 7363 8704 11827 14928 8149 14982 9096 15821 1939 9898 8949 0 6450 7090 9523 9546 11694 8073 5941 14387 3230 2364 7478 13655 4521 9793 6295 9845 14432 3235 5698 3186 2395 17805 7896 10621 3101 6194 14946 1710
10813 10500 10678 5142 13474 7954 5053 6438 9569 9207 5357 8378 9837 10542 5385 7805 2040 4608 4264 6665 11347 6628 11127 7112 10697 13661 14635 5277 5760 12704 4393 7015 3453 8119 2942 8916 10489 1405 6287 6025 7199 7029 7470 3622 7743 15061 1504 7053 9472 2723 4213 7263 5627 5827 8022 8011 9871 6097 2079 10060 5272 2998 8467 12880 8479 13664 8649 3234 12610 8388 10767 13105 6450 0 6371 12406 9869 9251 6340 7161 10245 7104 4226 11386 9691 7105 4172 9006 8287 10696 3235 9048 6240 8131 11383 10293 11054 9536 2177 11744 7057
10474 14386 10086 6119 8345 9068 8196 1618 10341 4765 7321 10453 14836 5128 11449 10986 4477 7373 9299 11538 8912 3757 4868 9980 12005 10255 10349 11493 11584 10368 10735 6189 8427 4631 9131 10484 13053 7334 7928 11256 8698 11255 4981 4432 13184 10986 5346 2692 10296 6187 2507 11575 11365 6753 7701 8400 10475 11267 4600 4390 11535 9274 13828 6511 12550 10087 13500 6089 8814 8263 15744 8155 7090 6371 0 6649 15066 4644 1233 11641 7858 4673 6736 6571 7081 3399 10384 3988 2757 7670 6166 4583 9384 9482 14501 4599 4691 9422 8172 7960 6077
16136 21009 9713 9501 10038 10833 14841 5994 11259 3787 13916 16904 18630 7866 17752 17586 10827 11232 15862 18156 6917 9780 2591 16571 18171 6297 12786 17682 16546 7812 16450 12325 14973 9895 15334 16820 19502 12971 10689 17824 10967 17904 10727 9228 19733 5868 11047 5400 11282 11101 8208 18223 17812 9644 13748 14589 16520 15678 10352 2354 17044 14947 18093 3746 19195 5945 20134 12725 12264 9279 19421 2562 9523 12406 6649 0 19037 8867 7535 15414 12812 6404 10771 2461 12087 5572 16576 3510 7184 12190 10800 3860 12685 11278 21021 2122 4281 9850 13701 11677 7817
20203 16704 11497 9607 23075 8718 13865 14263 9277 15250 14697 16913 641 19966 9607 15623 11726 7942 11677 12871 14171 16418 18879 15410 19300 16792 24456 8893 4328 14783 6846 16823 11520 17916 9252 17659 18177 8473 8381 11959 8300 14000 17330 10667 12219 18700 10065 14169 9185 8889 12564 14021 10697 9394 17660 17445 18974 3852 10719 17078 5868 7340 1437 20965 15081 17023 13958 12869 22464 10358 1077 18438 9546 9869 15066 19037 0 18898 15541 3625 20094 12646 8510 17018 19557 13700 8970 15679 17571 20565 8908 15183 6361 8369 18318 17283 19469 10522 7705 21590 11254
7377 13670 14675 10631 4223 13684 8330 6200 14983 8722 7043 9077 18762 1705 13171 10292 7246 11670 10402 12049 13200 2752 6303 9309 9748 14071 5767 13454 14984 14601 13484 4420 9729 1576 11308 8733 11516 10553 12459 12124 13274 11295 2675 8698 13992 14357 8833 7154 14937 10138 6711 11621 12704 11314 5470 6428 8032 15046 8196 7357 14452 12215 17556 6500 12238 13828 13707 7218 4177 12905 19691 11129 11694 9251 4644 8867 18898 0 3634 15708 3945 9268 11026 9920 3231 7909 12442 7754 2037 3381 10268 8566 13727 14088 13174 7463 4819 14055 11391 3340 10719
9253 13487 11254 6997 7596 10068 7374 2836 11404 5970 6388 9403 15357 4430 11108 10055 4322 8082 8743 10869 10144 2534 5474 9038 10857 11466 9398 11227 11848 11601 10730 5009 7906 3428 8899 9382 12005 7470 8825 10673 9643 10474 3749 5102 12610 12146 5566 3923 11353 6672 3104 10800 10910 7682 6513 7246 9298 11702 4856 5386 11602 9325 14251 6820 11712 11290 12784 5437 7751 9365 16278 9229 8073 6340 1233 7535 15541 3634 0 12226 6641 5855 7438 7697 5867 4620 10134 5152 2031 6493 6741 5790 10131 10466 13496 5577 4902 10546 8322 6879 7189
17930 15851 8365 5994 19816 5332 11824 10731 6217 11627 12410 15088 3261 16653 8791 14079 8759 4364 10036 11787 10798 13383 15282 13653 17485 13453 21384 8138 3294 11564 5707 14153 9626 14868 7543 15746 16768 5784 4782 10885 4804 12714 14405 7209 11707 15325 6971 10578 6112 5572 9169 12817 9769 5771 15181 15126 16880 1628 7535 13459 5139 5418 2819 17381 13998 13654 13292 10370 19472 6917 4131 14870 5941 7161 11641 15414 3625 15708 12226 0 17323 9021 4960 13418 16720 10090 7759 12057 14240 17684 5491 11559 2757 5051 17231 13663 15931 7275 5208 18586 7644
3634 11108 17859 13150 5643 16370 7224 9473 17820 12400 5962 6480 20080 5228 12645 8085 8581 13795 9701 10619 16748 4324 10247 7280 6372 17850 5127 13110 15871 18190 13845 3305 9315 3235 11390 5869 8509 11650 14937 10984 15833 9564 3084 11014 12614 18244 10405 10543 17758 11975 9227 9856 11899 13904 3071 3904 4698 16342 9962 11232 14895 12873 18676 10274 10111 17628 11863 7293 3014 15877 21009 15049 14387 10245 7858 12812 20094 3945 6641 17323 0 12486 13181 13778 779 11256 12286 11475 5787 1009 12255 12232 15817 16726 10201 11353 8719 17088 12391 2485 13738
14815 17200 5414 3110 12596 4914 11098 3072 5900 2627 10655 14003 12254 9445 12401 14067 6276 4847 11219 13645 4604 8239 6465 13156 15913 6621 14852 12171 10258 6071 10533 10405 10337 9283 9969 14234 16502 7211 4366 13085 4817 13779 9503 3488 14845 7956 5601 2181 5876 5066 3796 14058 12728 3258 11901 12434 14554 9293 5109 4485 10972 9071 11690 8606 15210 6591 15660 8768 13444 3745 13067 6277 3230 7104 4673 6404 12646 9268 5855 9021 12486 0 4432 4630 11715 1432 11122 3070 7278 12340 4661 2544 6315 5366 17732 4676 7483 4819 7801 12604 1654
14500 14673 6534 1385 15020 3732 9219 5771 5348 7040 9315 12510 8209 11821 8738 12028 4822 645 8401 10727 7699 8970 10383 11307 14764 10245 16779 8358 5827 8914 6379 10286 7645 10391 6480 12982 14701 3559 2066 9989 2992 11214 10124 2335 11495 11894 3097 5673 5252 1509 4334 11431 9315 1776 11563 11765 13770 4925 3287 8665 6663 5033 7413 12458 12657 10331 12642 7143 14986 4276 9091 10666 2364 4226 6736 10771 8510 11026 7438 4960 13181 4432 0 9053 12499 5262 7431 7302 9409 13376 1031 6938 2703 3935 15608 8880 10973 5359 3838 14097 3538
16831 20797 7260 7702 11857 8579 14573 5391 8876 2178 13824 17017 16574 9272 16767 17459 10105 9430 15215 17599 4468 10180 4269 16471 18554 4260 14526 16606 14880 5453 15110 12701 14316 10642 14321 17055 19613 11710 8639 17155 8799 17520 11294 7910 19007 4484 9926 4449 8906 9649 7390 17825 16970 7700 14195 14943 16986 13851 9309 2565 15588 13628 16168 5991 18888 3969 19613 12316 13717 6975 17326 1720 7478 11386 6571 2461 17018 9920 7697 13418 13778 4630 9053 0 13014 4281 15525 2611 7991 13300 9271 2340 10663 9012 21030 2483 5965 7451 12359 13032 5778
4198 11294 17094 12431 5421 15643 7001 8698 17082 11622 5702 6631 19525 4615 12370 8147 7963 13118 9433 10516 15969 3588 9532 7283 6789 17075 5305 12803 15368 17411 13417 2908 8985 2456 10992 6096 8811 11093 14226 10821 15117 9522 2375 10307 12516 17484 9775 9765 17021 11324 8493 9825 11673 13181 3041 3964 5079 15780 9306 10472 14459 12390 18147 9642 10173 16856 11868 6840 3160 15125 20457 14300 13655 9691 7081 12087 19557 3231 5867 16720 779 11715 12499 13014 0 10480 11938 10699 5024 1054 11588 11454 15151 16004 10504 10597 8037 16333 11853 2453 12980
13765 16746 6773 4096 11167 6308 10553 1784 7332 2103 9961 13270 13347 8024 12488 13499 5896 5776 10987 13392 5550 7093 5213 12547 15055 7168 13443 12337 10984 7018 10933 9391 10090 8029 10042 13429 15822 7485 5603 12912 6150 13393 8343 3693 14746 8225 5652 762 7307 5534 3202 13688 12694 4431 10903 11508 13620 10187 5028 3402 11488 9436 12662 7340 14793 7064 15411 8242 12077 5177 14190 6001 4521 7105 3399 5572 13700 7909 4620 10090 11256 1432 5262 4281 10480 0 11251 2064 5898 11053 5228 1942 7459 6756 17136 3619 6106 6238 8176 11249 3062
11584 8092 13875 8681 16570 10796 5254 10597 12317 13348 6369 8009 9212 13948 1308 6653 5907 7518 2813 4040 15074 9691 15218 6496 10369 17529 17211 1112 4798 16335 2155 9030 2976 11049 1255 8792 9226 3960 9241 3130 10005 5064 10141 7652 4159 19040 5599 11224 12208 6196 8372 5122 2046 9205 9428 8979 10210 6175 6244 14227 3105 2580 7578 16875 6265 17571 5584 5253 15079 11676 10032 17240 9793 4172 10384 16576 8970 12442 10134 7759 12286 11122 7431 15525 11938 11251 0 13176 11915 12992 6694 13192 8317 10825 9516 14461 14997 12671 3606 14289 10795
14370 18193 7586 6080 10350 7872 11969 2794 8630 998 11213 14415 15303 7424 14385 14849 7583 7792 12688 15051 5539 7670 3466 13860 15992 6380 12854 14274 13046 6884 12959 10160 11790 8272 11947 14468 17008 9490 7436 14639 7856 14935 8830 5725 16515 6999 7601 1954 8627 7591 4883 15243 14520 6316 11665 12385 14449 12224 6932 1416 13537 11458 14677 5599 16293 6175 17059 9726 11771 6495 16126 4273 6295 9006 3988 3510 15679 7754 5152 12057 11475 3070 7302 2611 10699 2064 13176 0 5739 11094 7292 879 9374 8327 18420 1608 4735 7351 10206 11014 4653
8961 14369 12671 8866 5614 11819 8537 4229 13061 6697 7373 9972 17383 2414 12806 10923 6249 10052 10253 12195 11164 2834 4733 9904 11030 12087 7609 12986 13863 12568 12658 5263 9473 2714 10706 9780 12528 9466 10681 12116 11456 11631 3573 7077 14041 12460 7587 5139 13021 8696 5084 11961 12500 9509 6612 7497 9357 13732 6883 5450 13558 11284 16281 5500 12744 11856 14013 6928 6181 10957 18303 9295 9845 8287 2757 7184 17571 2037 2031 14240 5787 7278 9409 7991 5024 5898 11915 5739 0 5356 8750 6539 12087 12235 14123 5579 3595 12086 10318 5365 8773
4579 12109 17746 13241 4635 16427 8036 9285 17833 12046 6744 7471 20523 4445 13418 9053 8926 14003 10479 11513 16472 4409 9605 8225 7367 17438 4264 13855 16393 17895 14464 3961 10038 3084 12044 6874 9517 12094 15051 11841 15927 10490 3282 11145 13512 17737 10723 10318 17776 12245 9278 10788 12711 13979 3986 4862 5701 16774 10226 10738 15504 13424 19159 9480 11081 17201 12812 7886 2119 15836 21455 14498 14432 10696 7670 12190 20565 3381 6493 17684 1009 12340 13376 13300 1054 11053 12992 11094 5356 0 12488 11885 16047 16800 11210 10844 8015 17030 12864 1492 13671
13490 13720 7457 1999 14336 4750 8196 5410 6366 7170 8285 11482 8670 11163 8000 11022 3816 1564 7457 9814 8381 8097 10164 10289 13733 10849 15994 7677 5768 9663 5884 9306 6677 9544 5663 11951 13687 2743 3088 9105 4019 10253 9219 1765 10677 12416 2067 5511 6271 524 3679 10478 8502 2614 10561 10747 12744 5154 2306 8593 6317 4447 7708 12183 11701 10905 11757 6112 14154 5174 9579 10936 3235 3235 6166 10800 8908 10268 6741 5491 12255 4661 1031 9271 11588 5228 6694 7292 8750 12488 0 7046 3563 4963 14616 8818 10598 6304 3189 13264 4105
15041 18552 6724 5646 11228 7162 12334 3194 7837 185 11652 14906 14783 8288 14431 15251 7785 7380 12892 15284 4676 8323 4254 14278 16563 5677 13724 14277 12745 6042 12832 10771 11993 9012 11984 15000 17486 9405 6858 14826 7204 15239 9515 5604 16672 6472 7593 2161 7839 7393 5071 15540 14631 5789 12284 12969 15053 11828 6970 2129 13350 11341 14234 6362 16622 5503 17301 10051 12615 5725 15585 4060 5698 9048 4583 3860 15183 8566 5790 11559 12232 2544 6938 2340 11454 1942 13192 879 6539 11885 7046 0 8839 7616 18857 2274 5596 6529 10076 11848 4010
16934 16173 6036 3401 17701 2838 11272 8291 4122 8900 11575 14603 5945 14494 9546 13888 7320 2060 9987 12102 8178 11649 12672 13285 16936 10840 19482 9008 5019 9070 6654 12834 9370 13082 7688 15156 16602 5114 2025 11265 2168 12809 12781 5031 12471 12678 5500 8004 4010 3866 7028 12977 10349 3058 14041 14156 16085 3518 5859 10785 6502 5738 5544 14793 14204 11018 13859 9414 17683 4284 6752 12115 3186 6240 9384 12685 6361 13727 10131 2757 15817 6315 2703 10663 15151 7459 8317 9374 12087 16047 3563 8839 0 2695 17322 10982 13435 4858 4928 16794 4893
18327 18464 3363 3579 17760 455 13151 8078 1493 7624 13237 16444 7840 14555 12091 15934 8681 3529 12202 14444 5803 12418 11785 15234 18692 8436 19828 11591 7702 6513 9292 14024 11495 13732 10068 16912 18620 7269 1885 13649 946 15034 13642 5741 14981 10334 7022 7452 1385 5438 7522 15231 12826 2823 15369 15631 17665 6142 7123 9721 9190 8257 7845 13924 16463 8657 16282 11068 18213 2057 8488 10257 2395 8131 9482 11278 8369 14088 10466 5051 16726 5366 3935 9012 16004 6756 10825 8327 12235 16800 4963 7616 2695 0 19482 9883 12848 2227 7289 17336 3713
6945 1887 22022 16463 15844 19328 6637 15670 20939 19041 7209 4151 18630 14836 8714 3669 11491 15953 7336 5484 22297 11323 18783 4590 4013 24282 14871 9427 14300 23735 11658 8876 7989 11679 9734 4450 1694 12246 17662 6401 18562 4535 10631 14595 6317 25324 12683 16709 20840 14106 13984 4415 7631 17182 7709 6746 5530 15676 12877 18868 12512 11844 16986 19550 3254 24196 4573 8965 13005 19730 19394 22651 17805 11383 14501 21021 18318 13174 13496 17231 10201 17732 15608 21030 10504 17136 9516 18420 14123 11210 14616 18857 17322 19482 0 19066 17698 20903 12408 12660 18164
14501 18985 8882 7680 9451 9429 12791 3872 10101 2291 11911 14980 16910 6792 15632 15580 8706 9384 13750 16057 6494 7952 2043 14571 16368 6726 12084 15568 14585 7689 14379 10499 12859 8270 13216 14945 17582 10893 9041 15712 9443 15834 8995 7190 17618 6895 8950 3336 10106 9087 6090 16151 15690 7925 11964 12762 14756 13805 8248 234 15002 12875 16271 4103 17144 6447 18042 10640 11236 7998 17734 3729 7896 10293 4599 2122 17283 7463 5577 13663 11353 4676 8880 2483 10597 3619 14461 1608 5579 10844 8818 2274 10982 9883 19066 0 3597 8773 11639 10550 6239
12195 17964 12319 10035 5893 12397 12075 5206 13301 5677 10946 13549 19181 3611 16002 14516 9113 11569 13627 15683 10079 6428 1736 13497 14485 10216 8586 16099 16203 11285 15425 8824 12801 6099 13752 13323 16088 12018 11675 15539 12255 15180 7086 8834 17475 10088 10022 5462 13290 10709 7102 15511 15811 10484 10105 11022 12784 15752 9274 3622 16223 13965 18304 1935 16323 9907 17545 10304 7982 11146 20061 6766 10621 11054 4691 4281 19469 4819 4902 15931 8719 7483 10973 5965 8037 6106 14997 4735 3595 8015 10598 5596 13435 12848 17698 3597 0 12066 12850 7409 9137
19072 20022 1210 4460 17398 2021 14395 7860 1443 6488 14298 17603 9970 14261 13963 17282 9666 5161 13755 16085 3702 12773 10782 16503 19748 6276 19670 13512 9876 4292 11299 14676 12981 13948 11802 17989 19914 8903 3431 15340 2753 16557 14033 6518 16794 8197 8232 6996 1491 6824 7931 16780 14618 3722 16106 16488 18579 8351 8142 8649 11286 10150 10059 12875 18004 6522 17992 12180 18231 1236 10562 8479 3101 9536 9422 9850 10522 14055 10546 7275 17088 4819 5359 7451 16333 6238 12671 7351 12086 17030 6304 6529 4858 2227 20903 8773 12066 0 9072 17381 3358
12741 11247 10273 5131 15610 7229 6630 7919 8781 10214 7210 9923 7696 12627 4909 9042 4145 3914 5073 7185 11520 8797 12726 8523 12309 14024 16811 4522 3595 12752 2758 9132 4520 10290 2782 10557 11756 852 5645 6368 6437 7885 9647 4484 7724 15605 2828 8307 8674 2739 5779 8049 5553 5614 10049 9941 11672 3985 3577 11408 3393 1271 6295 14603 9276 14088 8994 5225 14787 8070 8622 14049 6194 2177 8172 13701 7705 11391 8322 5208 12391 7801 3838 12359 11853 8176 3606 10206 10318 12864 3189 10076 4928 7289 12408 11639 12850 9072 0 13921 7279
5908 13593 18014 13827 3212 16943 9441 9534 18280 11997 8133 8961 21515 3813 14775 10544 9874 14735 11848 12969 16505 5203 9091 9708 8770 17249 2929 15186 17489 17889 15670 5298 11362 3724 13294 8354 10970 13124 15654 13270 16497 11964 4281 11806 14968 17386 11619 10494 18230 13067 9862 12264 14104 14536 5465 6352 7136 17766 11062 10474 16697 14563 20202 8659 12571 16986 14296 9106 890 16220 22448 14092 14946 11744 7960 11677 21590 3340 6879 18586 2485 12604 14097 13032 2453 11249 14289 11014 5365 1492 13264 11848 16794 17336 12660 10550 7409 17381 13921 0 14036
15822 17469 4164 2165 14184 3261 11548 4545 4302 4050 11284 14631 10827 11008 12100 14501 6701 3774 11307 13719 4302 9429 8091 13649 16675 6746 16376 11781 9254 5649 9904 11409 10462 10590 9733 14946 17046 6836 2878 13074 3204 14004 10693 3571 14725 8357 5592 3786 4269 4598 4647 14260 12561 1948 12867 13309 15419 8111 5293 6063 10199 8517 10391 10232 15454 6812 15705 9251 14891 2186 11606 7284 1710 7057 6077 7817 11254 10719 7189 7644 13738 1654 3538 5778 12980 3062 10795 4653 8773 13671 4105 4010 4893 3713 18164 6239 9137 3358 7279 14036 0
1 5 5 7
2 12 8 3
3 12 7 1
4 8 9 3
5 12 8 4
6 4 12 7
7 8 10 3
8 12 8 5
9 13 6 4
10 4 6 4
11 8 13 5
12 6 12 3
13 10 10 4
14 10 10 8
15 11 7 5
16 10 10 4
17 10 9 8
18 6 8 5
19 8 10 3
20 8 6 4
21 10 9 5
22 9 9 5
23 11 6 6
24 14 12 3
25 8 9 2
26 8 13 1
27 7 6 2
28 13 3 4
29 13 7 8
30 4 4 4
31 10 5 3
32 17 11 3
33 10 10 0
34 11 11 7
35 9 7 6
36 7 5 2
37 4 9 4
38 11 8 8
39 11 9 5
40 8 12 3
41 2 15 6
42 12 8 4
43 11 8 5
44 12 6 5
45 10 9 4
46 6 4 5
47 6 6 4
48 8 11 5
49 4 5 5
50 13 8 4
51 15 5 2
52 5 8 4
53 10 9 2
54 9 2 4
55 8 10 4
56 7 8 6
57 12 9 2
58 8 5 6
59 9 9 5
60 9 8 4
61 12 8 10
62 16 8 7
63 12 8 8
64 9 7 6
65 15 13 3
66 13 10 2
67 11 6 3
68 7 10 3
69 10 11 9
70 10 9 5
71 11 8 1
72 8 10 7
73 6 6 3
74 10 13 6
75 8 10 5
76 11 12 6
77 4 7 3
78 8 8 3
79 4 6 3
80 10 8 4
81 8 8 4
82 2 10 4
83 14 7 0
84 6 13 2
85 9 7 6
86 7 9 7
87 5 10 4
88 9 7 1
89 10 3 3
90 7 7 1
91 8 4 3
92 5 8 4
93 11 9 4
94 5 9 4
95 8 14 4
96 5 5 4
97 8 7 7
98 9 8 8
99 3 7 7
100 10 6 5
