700 100 3
30 60 700 9.00
0 15 32 1
0 13 43 1
0 2 88 2
0 5 47 1
0 10 77 2
0 7 34 1
0 14 79 2
0 7 25 3
0 9 69 2
0 18 12 3
0 20 36 2
0 16 48 1
0 2 49 1
0 21 56 2
0 21 58 3
0 24 83 2
0 2 37 3
0 1 79 1
0 8 5 3
0 1 78 3
0 6 1 2
0 24 75 2
0 2 45 3
0 24 8 2
0 22 95 1
0 3 14 1
0 3 25 3
0 17 79 2
0 1 44 3
0 3 27 2
0 24 13 2
0 10 55 3
0 21 60 1
0 6 15 2
0 5 62 2
0 3 3 1
0 8 51 1
0 6 46 1
0 3 57 1
0 5 8 3
0 6 58 3
0 9 58 3
0 15 31 1
0 7 93 3
0 3 9 1
0 13 65 3
0 9 24 1
0 14 86 1
0 5 61 3
0 4 89 1
0 2 28 1
0 8 93 3
0 12 94 2
0 14 12 1
0 1 5 3
0 17 99 3
0 18 30 2
0 10 79 2
0 10 73 2
0 2 81 3
0 5 58 1
0 1 3 2
0 3 53 1
0 5 94 1
0 5 54 1
0 7 91 3
0 3 84 2
0 4 73 2
0 9 89 2
0 6 21 2
0 25 76 3
0 2 40 1
0 4 51 3
0 25 45 3
0 1 14 1
0 11 66 3
0 3 33 3
0 10 30 3
0 3 98 2
0 11 2 2
0 11 41 1
0 10 25 1
0 24 37 3
0 1 40 1
0 19 84 3
0 8 8 1
0 4 55 3
0 2 29 2
0 6 34 2
0 6 81 2
0 9 53 1
0 4 20 2
0 9 61 2
0 7 58 1
0 5 68 2
0 11 12 3
0 11 25 2
0 2 86 3
0 8 60 3
0 5 72 1
0 7 16 1
0 3 99 3
0 3 78 2
0 7 45 2
0 5 40 1
0 17 44 2
0 4 35 2
0 2 61 2
0 2 22 1
0 15 64 2
0 10 91 1
0 14 31 3
0 7 71 3
0 2 36 3
0 11 39 2
0 17 16 2
0 12 69 2
0 12 9 3
0 14 13 2
0 4 22 2
0 12 8 2
0 10 7 2
0 15 51 2
0 24 35 1
0 23 87 2
0 1 33 1
0 11 64 1
0 18 13 2
0 9 28 2
0 2 47 3
0 5 3 3
0 11 46 3
0 4 15 1
0 17 95 3
0 5 25 2
0 11 51 3
0 21 64 3
0 3 48 2
0 2 35 3
0 6 59 2
0 23 45 1
0 1 43 1
0 12 83 2
0 13 4 1
0 7 6 1
0 5 14 1
0 6 62 3
0 7 74 2
0 1 90 3
0 6 33 2
0 3 92 1
0 10 27 1
0 10 11 2
0 22 44 1
0 9 58 3
0 23 93 3
0 4 90 1
0 10 59 1
0 11 6 2
0 18 62 2
0 3 74 2
0 16 30 1
0 17 1 3
0 15 57 2
0 12 76 1
0 9 73 2
0 3 73 2
0 3 10 1
0 1 30 2
0 1 63 1
0 2 43 3
0 3 94 1
0 5 41 3
0 2 22 2
0 5 80 2
0 2 72 2
0 18 66 3
0 14 30 1
0 1 53 1
0 10 47 1
0 6 18 3
0 12 50 3
0 23 70 1
0 2 16 2
0 1 43 3
0 17 71 3
0 10 13 3
0 23 27 1
0 8 17 1
0 19 69 3
0 12 14 1
0 15 47 1
0 6 29 2
0 15 15 3
0 6 12 3
0 7 13 1
0 13 100 1
0 3 46 1
0 4 2 2
0 13 62 2
0 6 61 2
0 15 28 1
0 6 49 3
0 1 39 3
0 2 34 1
0 25 17 1
0 2 48 3
0 2 85 2
0 4 36 1
0 3 90 3
0 10 12 1
0 20 92 1
0 8 97 3
0 17 87 3
0 11 25 3
0 1 52 3
0 11 20 3
0 5 68 2
0 21 42 1
0 5 40 3
0 13 78 1
0 2 40 1
0 1 37 2
0 6 46 1
0 9 46 3
0 7 89 1
0 1 54 1
0 13 47 2
0 11 73 3
0 4 81 1
0 4 45 2
0 15 30 3
0 16 2 3
0 5 17 2
0 3 15 1
0 5 27 1
0 11 11 1
0 5 39 1
0 5 22 2
0 11 31 1
0 1 63 2
0 16 47 2
0 5 71 1
0 18 58 3
0 3 31 1
0 3 66 1
0 10 50 1
0 4 94 3
0 15 29 3
0 11 1 3
0 16 30 3
0 17 75 2
0 5 27 3
0 4 86 2
0 9 71 3
0 4 11 2
0 16 25 3
0 23 65 2
0 5 90 3
0 13 68 3
0 13 85 3
0 20 68 2
0 3 73 1
0 22 41 2
0 11 98 1
0 3 34 1
0 4 40 3
0 2 18 3
0 12 50 2
0 3 74 1
0 5 43 1
0 1 9 3
0 3 74 3
0 22 19 3
0 8 51 3
0 7 13 1
0 1 8 3
0 4 82 2
0 5 55 3
0 5 17 2
0 4 14 1
0 3 11 3
0 20 89 3
0 4 56 2
0 9 67 1
0 9 78 2
0 2 24 1
0 3 81 1
0 7 2 2
0 1 30 3
0 8 64 1
0 10 83 2
0 19 48 1
0 1 60 3
0 9 79 2
0 2 67 2
0 9 52 1
0 1 4 1
0 1 83 1
0 11 73 2
0 3 27 2
0 18 82 1
0 9 21 3
0 22 37 3
0 13 14 3
0 1 83 2
0 8 16 2
0 2 61 2
0 5 17 1
0 7 34 1
0 10 14 2
0 10 98 1
0 8 96 2
0 3 48 2
0 6 91 2
0 9 1 2
0 13 96 3
0 1 88 1
0 4 7 3
0 16 94 1
0 10 39 2
0 6 10 1
0 2 69 1
0 11 69 3
0 7 35 2
0 1 14 3
0 22 27 2
0 1 44 1
0 5 90 3
0 3 11 2
0 8 43 3
0 18 65 3
0 3 59 3
0 9 45 1
0 2 69 1
0 1 16 2
0 19 51 3
0 5 23 3
0 6 56 1
0 1 17 3
0 5 39 3
0 2 9 1
0 20 71 3
0 2 25 3
0 11 37 3
0 5 16 1
0 14 4 2
0 5 27 2
0 9 58 2
0 8 43 3
0 4 69 3
0 5 86 2
0 12 62 1
0 4 73 2
0 3 97 3
0 17 83 1
0 21 24 1
0 14 31 1
0 6 73 1
0 2 36 1
0 12 49 1
0 6 3 2
0 5 37 1
0 8 92 1
0 11 7 3
0 10 19 1
0 4 86 1
0 16 78 3
0 11 42 1
0 1 8 2
0 2 10 3
0 10 86 3
0 1 47 2
0 17 76 1
0 5 64 2
0 12 92 1
0 16 85 1
0 6 10 1
0 22 61 2
0 12 63 3
0 2 47 2
0 2 52 1
0 14 18 1
0 6 13 1
0 14 89 1
0 10 30 3
0 4 48 3
0 22 8 1
0 13 2 3
0 13 59 2
0 23 58 1
0 14 45 1
0 6 61 3
0 2 10 2
0 10 94 1
0 2 54 1
0 1 7 2
0 2 81 1
0 19 22 3
0 14 11 2
0 18 100 2
0 3 69 2
0 8 25 3
0 18 25 2
0 2 48 3
0 6 75 2
0 2 7 1
0 1 1 2
0 3 61 3
0 25 62 1
0 6 64 2
0 11 80 1
0 1 48 2
0 2 38 3
0 7 53 2
0 8 68 1
0 3 33 3
0 7 87 2
0 1 66 1
0 5 19 3
0 9 66 3
0 14 48 2
0 1 82 3
0 1 88 2
0 3 31 3
0 12 84 1
0 2 17 1
0 12 71 3
0 1 72 1
0 1 15 3
0 4 67 3
0 13 79 1
0 5 21 3
0 1 76 2
0 11 31 2
0 10 72 3
0 2 98 1
0 17 7 1
0 2 7 1
0 25 70 1
0 2 81 2
0 22 7 1
0 6 56 1
0 7 30 1
0 9 29 3
0 2 35 2
0 15 74 3
0 5 10 1
0 2 67 3
0 21 22 3
0 11 93 1
0 12 5 3
0 2 2 2
0 2 51 1
0 6 56 2
0 2 10 2
0 1 50 3
0 5 38 3
0 7 43 2
0 1 11 2
0 7 41 2
0 9 87 3
0 7 11 2
0 3 39 2
0 7 82 3
0 7 48 1
0 7 45 1
0 2 1 3
0 15 73 3
0 5 72 2
0 18 46 2
0 21 75 3
0 16 79 3
0 6 69 2
0 12 82 1
0 18 96 3
0 11 42 3
0 6 14 3
0 13 80 2
0 4 70 2
0 4 12 2
0 1 36 2
0 7 93 2
0 2 49 3
0 6 47 3
0 5 30 2
0 6 30 1
0 15 78 2
0 11 36 2
0 10 17 1
0 10 19 3
0 15 72 1
0 5 12 2
0 5 39 3
0 15 74 1
0 1 98 3
0 6 16 3
0 3 52 1
0 4 56 3
0 3 22 3
0 19 2 3
0 18 7 2
0 4 40 2
0 6 58 1
0 24 92 3
0 16 93 1
0 1 10 3
0 7 96 1
0 3 73 1
0 13 91 2
0 5 23 1
0 17 61 3
0 11 15 3
0 13 67 2
0 2 35 3
0 3 3 3
0 4 26 1
0 1 87 1
0 1 3 2
0 3 33 1
0 15 40 2
0 1 48 3
0 7 56 1
0 20 85 3
0 7 8 3
0 5 45 2
0 2 26 1
0 1 53 2
0 6 40 3
0 4 72 2
0 10 20 1
0 14 46 2
0 15 67 3
0 2 67 3
0 12 23 2
0 15 79 3
0 6 3 1
0 2 77 2
0 4 95 2
0 10 45 3
0 19 6 1
0 4 41 1
0 8 85 1
0 16 44 2
0 18 41 1
0 3 80 3
0 9 94 2
0 6 86 2
0 1 78 3
0 2 16 1
0 11 66 1
0 1 8 3
0 5 30 3
0 2 81 2
0 6 37 1
0 2 40 1
0 22 15 1
0 5 69 2
0 2 8 2
0 10 81 3
1 3 53 1
1 7 72 2
1 6 58 1
1 6 66 2
1 1 46 1
1 9 97 2
1 4 10 3
1 10 1 1
1 3 37 1
1 6 53 1
1 2 19 1
1 3 58 2
1 11 47 3
1 1 74 3
1 3 39 3
1 6 71 2
1 4 52 2
1 5 24 3
1 11 35 3
1 10 93 3
1 6 10 2
1 3 61 3
1 10 98 3
1 7 10 1
1 6 38 1
1 22 30 3
1 3 57 3
1 7 32 3
1 12 73 3
1 12 87 1
1 9 89 3
1 13 61 1
1 8 45 3
1 2 77 3
1 5 5 2
1 22 50 3
1 7 10 2
1 3 83 3
1 3 26 2
1 3 95 3
1 21 69 3
1 11 72 1
1 12 91 3
1 17 81 2
1 1 39 1
1 11 26 2
1 3 38 2
1 18 51 3
1 10 46 2
1 4 59 1
1 11 33 2
1 4 77 1
1 4 28 3
1 3 75 1
1 16 73 1
1 7 57 3
1 4 41 2
1 8 31 1
1 2 100 3
1 6 18 1
1 5 91 1
1 9 8 3
1 12 83 3
1 1 10 3
1 8 37 2
1 7 24 2
1 2 72 1
1 1 94 3
1 2 91 2
1 10 67 3
1 3 76 1
1 18 58 1
1 5 12 3
1 18 29 2
1 16 58 2
1 7 19 1
1 14 67 3
1 8 87 3
1 13 32 2
1 15 66 3
1 7 2 1
1 11 21 3
1 7 44 1
1 10 92 1
1 4 17 1
1 5 6 1
1 5 2 3
1 2 64 3
1 4 68 3
1 2 99 3
1 8 100 3
1 2 37 3
1 11 59 3
1 9 63 3
1 2 19 1
1 10 87 1
1 7 75 1
1 11 62 3
1 22 32 3
1 14 37 3
1 1 61 2
1 2 65 3
1 4 45 3
1 12 10 1
1 4 16 2
1 3 4 3
1 6 68 1
1 16 20 2
1 7 41 2
1 8 58 1
1 4 66 1
1 22 41 2
1 6 60 1
1 12 9 2
1 11 82 1
1 8 89 1
1 17 73 3
1 1 26 1
1 1 35 3
1 2 59 2
1 16 25 3
1 3 79 1
1 3 100 1
1 8 13 3
1 3 9 2
1 2 4 2
1 10 99 1
1 5 59 3
1 22 89 3
1 5 29 1
1 23 28 1
1 12 66 1
1 5 57 3
1 2 78 3
1 1 80 1
1 8 9 3
1 11 71 3
1 6 40 3
1 6 36 3
1 6 89 3
0 2408 12309 13580 5559 13383 10412 7686 1502 10419 17420 20457 11364 10444 12300 12498 17125 20389 10944 20969 21937 19733 13124 17666 13988 8630 13109 18081 6770 16491 13020 20408 2005 7502 14339 12439 16260 16760 14059 15889 8130 22017 16479 15446 5591 12660 17044 21556 7644 13495 4902 13549 17962 9638 16100 21462 12119 17438 11932 16511 3722 12784 16789 14026 1332 7465 16075 16876 8973 20172 13055 2888 11743 13017 15509 23743 10974 10982 7730 4531 16484 8902 6940 9676 3871 9376 17453 4471 10252 9693 13306 12954 15325 22444 9708 2984 9589 13792 10294 9679 10510
2408 0 10153 12826 3522 11449 8788 5336 3161 8962 15050 18414 9731 8328 11309 10366 14916 18293 8883 18949 19691 17327 11399 15467 11721 6228 10935 16658 4771 14433 10790 18000 2664 5195 12131 10082 14013 14367 11745 13753 7738 19872 14462 13397 3601 10439 15163 19392 5513 12653 2963 11155 15774 7284 13948 19182 11154 15064 9527 14327 2404 10586 14686 11779 3354 6356 13889 14750 7145 18215 11596 3375 9860 10699 14706 21396 9723 8981 5888 3914 15280 7415 4641 7273 1915 6973 15109 2723 7865 9199 12297 10559 14496 20170 8442 2659 9006 11553 8415 7572 9242
12309 10153 0 18440 6752 12338 12532 5146 13313 13305 9856 16550 13004 9598 16519 10271 4843 15991 10195 17175 15589 10279 13553 5370 9506 5182 816 18958 5573 13361 9501 10430 11120 7843 2097 2861 4093 8604 8843 12191 15441 16836 13709 3400 9745 9438 15210 16242 4666 18027 7420 4248 13113 6965 3796 14727 16484 6374 4463 12111 8778 649 13152 2013 12633 12983 11795 12983 3943 17065 14959 13235 11780 8286 19821 15599 14532 1844 4891 12630 18808 12386 8055 4693 10088 5856 5921 7900 6274 16307 17202 4089 19559 15644 13688 9979 15960 9778 2877 9457 14165
13580 12826 18440 0 14828 7770 5935 14065 12443 5136 15229 12550 5660 9028 1924 9356 21610 13045 8574 12717 16078 18485 6112 22140 11423 13413 18871 6308 15649 10125 10566 19553 15181 10877 19476 16299 20516 15641 12173 10652 5534 14833 9720 21632 9996 10354 8802 14701 15593 526 14741 16061 12450 11501 21347 16236 1958 19308 14615 11536 15046 18435 10758 18850 14886 6517 11319 11063 17786 11542 4311 10768 7222 11803 1934 19339 3908 18477 16839 9101 4003 6205 10890 13748 11096 12584 20008 14898 12278 3977 1531 15661 1775 16903 4878 15477 4011 10952 18561 9016 4290
5559 3522 6752 14828 0 11476 9734 2683 6631 10195 13217 17861 10572 8092 13081 9882 11578 17583 8764 18447 18418 15017 11927 12115 10605 4008 7555 17537 1249 13960 9901 15547 4497 4695 8795 7185 10738 12314 10390 13056 10392 18966 14106 9913 4835 9612 15140 18431 2094 14553 684 8495 14822 6036 10541 17774 12967 12186 7101 13441 2163 7239 14064 8511 5938 8403 13014 14049 3649 17904 12629 6834 10138 9382 16580 19605 11226 5471 2407 6831 16568 8768 4365 4946 4150 5200 12086 1229 6241 11663 13994 7931 16343 18769 10033 3463 11395 10578 4896 7464 10757
13383 11449 12338 7770 11476 0 3515 9481 13002 4116 7472 7135 2840 3386 6112 2072 14516 7188 2712 7614 9443 10725 1661 15004 3726 8287 12539 6626 11718 3303 3070 11788 14101 6798 12815 9702 13450 7882 4517 3223 8689 8946 3171 15094 7860 2996 3727 8580 11175 7249 11756 9016 5361 5856 14511 9302 6219 11763 7958 4104 12778 12133 3779 12164 14629 6917 3781 3988 13128 6789 3465 11533 1668 4406 8435 12236 4811 12987 12614 9536 6668 5039 7208 8069 9595 7037 12554 12173 6237 8234 6246 8760 8177 10154 5210 13777 7884 3261 13432 4033 4868
10412 8788 12532 5935 9734 3515 0 8436 9823 867 10355 10524 953 3132 4011 4037 15720 10651 2789 10954 12950 13523 2743 16258 6257 7610 12943 7913 10319 6809 5218 14530 11437 5261 13542 10369 14625 10452 6873 6680 5229 12434 6635 15699 5266 4916 6801 12084 10068 5503 9829 10200 8851 5574 15420 12775 4001 13653 8699 7529 10544 12508 7294 12918 11715 3437 7162 7496 12226 10016 2901 8256 2000 6255 7309 15643 2065 12680 11421 6229 6840 1592 5429 7851 6873 6684 14274 10131 6343 5011 4675 9772 7049 13647 1812 11337 4636 5819 12862 3083 1818
7686 5336 5146 14065 2683 9481 8436 0 8454 9068 10539 15459 9137 6150 12198 7681 9706 15127 6838 16060 15801 12367 10212 10268 8103 1377 5854 15871 2344 11643 7506 12931 7011 3199 6954 4753 8753 9633 7816 10664 10447 16438 11839 8536 4660 7255 13012 15891 1698 13715 3292 5924 12313 3697 8853 15135 12123 9757 4442 10970 4773 5460 11684 6535 8325 8088 10554 11638 3794 15600 11215 8168 8361 6839 15656 16924 10231 4548 3133 7485 15198 7861 3197 2264 4966 2666 9774 3857 3698 11455 13013 5341 15404 16128 9190 6077 11131 8128 4501 5670 9802
1502 3161 13313 12443 6631 13002 9823 8454 0 9714 17638 20131 10763 10298 11289 12338 18076 20124 10726 20616 21873 20124 12565 18627 14006 9228 14096 17261 7875 16206 12986 20858 3507 7696 15291 13169 17167 17077 14163 15702 6926 21806 16151 16539 5506 12618 16579 21373 8664 12399 6019 14163 17827 9884 17108 21457 11098 18113 12484 16381 5024 13747 16553 14934 2564 6636 15950 16668 10182 19758 12306 1692 11338 13138 14377 23874 10127 12102 8925 3648 15545 8255 7138 10261 3956 9801 18203 5662 10585 8497 12292 13564 14207 22425 8897 4444 8432 13765 11483 9538 9683
10419 8962 13305 5136 10195 4116 867 9068 9714 0 11163 10938 1287 3989 3214 4860 16566 11121 3656 11335 13549 14348 3039 17106 7079 8317 13736 7704 10854 7354 6056 15362 11578 5871 14362 11195 15472 11292 7713 7331 4576 12926 7136 16502 5556 5761 7121 12604 10667 4725 10238 11056 9477 6367 16249 13418 3185 14520 9539 8199 10852 13300 7874 13742 11740 3131 7850 8097 12843 10345 2645 8093 2750 7115 6599 16331 1231 13390 11989 6073 6406 1547 5975 8615 7057 7449 15140 10503 7159 4210 3953 10621 6343 14268 1096 11565 3841 6634 13531 3891 950
17420 15050 9856 15229 13217 7472 10355 10539 17638 11163 0 7384 10037 7880 13578 6323 9360 6656 7805 7974 5733 3256 9121 9671 4111 9221 9543 12459 12716 5798 5192 4327 17298 9952 9035 7171 8543 1297 3630 4821 15454 7115 6282 11101 12179 5537 7881 6520 11751 14706 13795 5641 4175 7784 9973 4884 13676 5636 6298 4091 15233 9318 5240 8498 18378 13166 4122 4928 12753 8265 10919 16604 8425 4566 15721 6396 12115 11398 12963 14923 13461 11464 10514 8278 13691 8160 6643 14352 7199 15365 13700 5951 15475 5828 12164 16511 14992 4537 12290 8518 12058
20457 18414 16550 12550 17861 7135 10524 15459 20131 10938 7384 0 9681 10092 11639 8085 16735 841 9534 626 4040 9620 7904 17055 7403 14102 16417 7245 17803 3982 7967 10597 21025 13427 16143 13694 15883 8623 7867 4805 15404 2310 3982 18324 14881 8249 3912 2326 17038 12069 18265 12367 3444 11831 17282 4641 11825 13010 12277 4545 19464 16114 3798 15549 21672 13960 4934 3821 18617 1257 9032 18667 8803 8706 12107 7578 11210 17789 18442 16666 9209 12104 13921 13488 16620 12794 14023 18747 11775 14588 11201 12461 11934 4891 12006 20573 14299 7334 18515 10843 11450
11364 9731 13004 5660 10572 2840 953 9137 10763 1287 10037 9681 0 3429 3781 3817 15960 9847 2923 10092 12264 13253 1821 16487 6004 8224 13369 7007 11103 6067 5037 14285 12383 6010 13894 10708 14868 10248 6689 6061 5861 11647 5853 16092 6191 4780 5905 11320 10797 5185 10694 10405 8198 6048 15736 12141 3822 13688 8998 6937 11452 12938 6588 13259 12668 4303 6598 6814 12930 9127 2081 9183 1638 6199 6835 15071 2080 13266 12175 7156 6064 2512 6229 8366 7816 7207 14363 11014 6747 5416 4267 10016 6571 12986 2383 12267 5059 5544 13503 3580 2051
10444 8328 9598 9028 8092 3386 3132 6150 10298 3989 7880 10092 3429 0 7113 2054 12593 9967 688 10636 11577 10872 4103 13129 3864 5039 9945 9742 8346 6110 2778 11818 10933 3430 10469 7285 11499 7726 4251 5446 7690 11574 6166 12663 4855 2407 7062 11114 7847 8573 8385 7069 7536 2693 12324 11191 7118 10582 5588 6087 9459 9514 6360 9836 11617 5304 5654 6435 9870 9957 5364 9023 2253 3409 10264 13762 5196 9966 9279 7182 9268 3727 3874 5018 6576 3887 11169 8817 3327 7875 7685 6643 10000 12147 4724 10513 7493 3543 10295 765 4932
12300 11309 16519 1924 13081 6112 4011 12198 11289 3214 13578 11639 3781 7113 0 7546 19702 12037 6677 11889 14910 16828 4493 20235 9669 11510 16947 6322 13852 8782 8764 17883 13771 9001 17553 14378 18608 13911 10396 9160 4636 13859 8421 19708 8275 8532 7757 13661 13751 1520 13036 14160 11094 9577 19427 14975 215 17466 12699 10056 13442 16511 9396 16928 13626 4954 9798 9684 15942 10753 2780 9597 5382 9968 3500 18040 1991 16580 15026 7769 4312 4359 9041 11829 9505 10663 18144 13228 10354 3295 1006 13752 3262 15708 3053 13968 3143 9200 16686 7091 2396
12498 10366 10271 9356 9882 2072 4037 7681 12338 4860 6323 8085 3817 2054 7546 0 12527 7928 1648 8643 9554 9489 3489 13026 2221 6413 10467 8687 9982 4116 1221 10502 12953 5346 10755 7632 11451 6441 2872 3393 9156 9521 4227 13031 6909 1005 5332 9060 9353 8854 10238 6992 5489 3989 12474 9206 7609 9960 5887 4043 11392 10061 4322 10104 13667 6973 3614 4385 11220 8030 5189 11028 2180 2466 10253 11877 5885 10964 10793 9140 8694 5188 5837 6089 8629 5122 10692 10701 4246 9048 7877 6711 9990 10148 5842 12489 8673 1786 11449 2819 5777
17125 14916 4843 21610 11578 14516 15720 9706 18076 16566 9360 16735 15960 12593 19702 12527 0 16016 13038 17331 14638 8179 16015 568 10981 9340 4031 20824 10414 14448 11447 7826 15963 11858 2787 5489 1094 8114 10179 13271 19455 16348 14888 2704 14044 11540 16523 15765 9485 21143 12251 5563 13412 10355 1327 13679 19710 3871 7037 12867 13621 4341 14047 3176 17476 16923 12689 13791 8657 17552 17668 17874 14478 10110 22721 13563 17784 6458 9705 17056 21183 15966 12201 8519 14657 9528 2872 12739 9487 20100 20222 5950 22456 14425 17174 14819 19730 11392 7416 12710 17497
20389 18293 15991 13045 17583 7188 10651 15127 20124 11121 6656 841 9847 9967 12037 7928 16016 0 9446 1339 3277 8800 8113 16324 7029 13759 15828 7949 17470 3919 7686 9769 20879 13236 15508 13144 15184 7915 7425 4562 15641 1828 4021 17665 14799 7991 4281 1665 16674 12553 18011 11779 2899 11547 16597 3823 12216 12263 11782 4158 19248 15536 3607 14925 21581 14083 4575 3559 18187 2065 9367 18698 8847 8317 12698 6807 11480 17282 18063 16715 9834 12212 13746 13100 16533 12462 13279 18506 11430 14897 11656 11903 12515 4134 12204 20384 14594 7009 18035 10727 11690
10944 8883 10195 8574 8764 2712 2789 6838 10726 3656 7805 9534 2923 688 6677 1648 13038 9446 0 10065 11194 10884 3434 13566 3710 5717 10514 9061 9033 5555 2617 11860 11509 4088 10991 7806 11946 7765 4213 4976 7658 11090 5580 13209 5355 2267 6410 10648 8535 8105 9045 7486 7112 3346 12821 10854 6698 10866 6084 5673 10092 10087 5848 10353 12142 5380 5249 5947 10553 9352 4769 9390 1597 3495 9733 13512 4819 10614 9967 7492 8633 3664 4510 5660 7090 4545 11499 9468 3923 7705 7189 7094 9468 11795 4504 11124 7323 3331 10962 1338 4606
20969 18949 17175 12717 18447 7614 10954 16060 20616 11335 7974 626 10092 10636 11889 8643 17331 1339 10065 0 4287 10130 8296 17645 8016 14704 17041 7201 18403 4530 8561 11090 21567 13989 16761 14319 16486 9221 8488 5398 15760 2345 4492 18938 15402 8837 4241 2514 17645 12247 18844 12991 4068 12422 17890 4978 12080 13592 12901 5163 20032 16738 4384 16169 22193 14386 5548 4423 19234 1189 9338 19135 9279 9320 12181 7805 11553 18414 19051 17127 9256 12541 14478 14100 17142 13396 14606 19323 12379 14898 11406 13087 12019 5116 12391 21131 14618 7938 19138 11382 11811
21937 19691 15589 16078 18418 9443 12950 15801 21873 13549 5733 4040 12264 11577 14910 9554 14638 3277 11194 4287 0 6683 10684 14849 7973 14431 15265 11221 18085 6224 8918 7463 22154 14502 14694 12882 13965 6998 8046 6302 18125 2141 6521 16660 16395 9279 7287 1781 17180 15572 18931 11367 4117 12531 15437 970 15074 10768 11855 5526 20289 15048 5676 14186 23040 16296 5946 5455 18373 5297 12159 20582 10999 9080 15869 3538 14098 17114 18474 18679 13050 14424 15051 13601 18075 13220 11779 19465 12185 17556 14635 11648 15676 859 14645 21510 17227 8146 17986 12335 14238
19733 17327 10279 18485 15017 10725 13523 12367 20124 14348 3256 9620 13253 10872 16828 9489 8179 8800 10884 10130 6683 0 12376 8314 7269 11186 9738 15490 14296 8889 8311 1089 19351 12461 8853 8122 7679 3156 6673 8006 18537 8627 9372 10487 14800 8633 10905 8088 13270 17961 15653 6618 6938 10275 9150 5715 16924 4375 7925 7211 17140 9651 8289 8490 20570 16175 7307 7964 13794 10698 14174 19243 11629 7468 18955 5454 15334 12049 14277 17691 16632 14545 13007 10156 16174 10360 5319 16219 9539 18533 16955 7133 18712 6339 15322 18444 18156 7717 13045 11444 15258
13124 11399 13553 6112 11927 1661 2743 10212 12565 3039 9121 7904 1821 4103 4493 3489 16015 8113 3434 8296 10684 12376 0 16515 5366 9140 13820 5661 12329 4461 4622 13442 14062 7252 14189 11031 14938 9542 6145 4689 7529 9929 4182 16449 7814 4483 4089 9633 11905 5590 12119 10474 6710 6779 15942 10644 4613 13374 9283 5586 12989 13402 5036 13541 14416 6121 5311 5298 13962 7313 1805 10997 1854 5936 6806 13655 3415 14042 13323 8971 5263 4327 7565 9087 9493 7978 14142 12482 7315 6872 4586 10171 6546 11441 4102 13876 6545 4897 14396 4547 3583
17666 15467 5370 22140 12115 15004 16258 10268 18627 17106 9671 17055 16487 13129 20235 13026 568 16324 13566 17645 14849 8314 16515 0 11441 9907 4562 21273 10944 14858 11933 7890 16485 12424 3335 6051 1642 8445 10635 13687 20019 16601 15303 2982 14612 12035 16943 16022 10024 21671 12786 6083 13760 10910 1712 13886 20245 4096 7584 13259 14147 4885 14444 3740 18003 17486 13093 14182 9145 17897 18179 18435 14995 10599 23235 13644 18323 6946 10212 17623 21667 16519 12768 9086 15220 10091 3077 13270 10040 20657 20746 6486 22971 14606 17723 15337 20287 11859 7887 13256 18038
13988 11721 9506 11423 10605 3726 6257 8103 14006 7079 4111 7403 6004 3864 9669 2221 10981 7029 3710 8016 7973 7269 5366 11441 0 6732 9535 9849 10444 3863 1096 8287 14185 6529 9577 6678 9946 4248 810 2718 11344 8360 4203 11865 8501 1461 5736 7829 9647 10910 11070 5664 4218 4602 11118 7474 9747 8050 5063 2873 12376 9172 3722 8932 15071 9089 2470 3613 11225 7696 7156 12823 4370 1306 12161 9916 8082 10536 11043 11030 10286 7358 7079 6085 10142 5442 8867 11586 4405 11269 9914 5550 11903 8456 8061 13571 10893 471 11192 4565 7991
8630 6228 5182 13413 4008 8287 7610 1377 9228 8317 9221 14102 8224 5039 11510 6413 9340 13759 5717 14704 14431 11186 9140 9907 6732 0 5767 14778 3712 10313 6164 11807 8171 2661 6698 4021 8318 8361 6439 9313 10276 15061 10523 8551 4705 5927 11742 14513 2958 13029 4574 4938 10938 2435 8645 13773 11456 8888 3305 9601 6021 5339 10335 6186 9394 7803 9188 10282 4845 14266 10277 8713 7286 5463 14909 15615 9521 5074 4391 7726 14242 7266 2900 1046 5462 1314 9026 5131 2329 11126 12265 4340 14651 14767 8586 7311 10780 6768 5284 4663 9123
13109 10935 816 18871 7555 12539 12943 5854 14096 13736 9543 16417 13369 9945 16947 10467 4031 15828 10514 17041 15265 9738 13820 4562 9535 5767 0 19137 6383 13363 9624 9826 11934 8415 1285 2868 3282 8267 8834 12181 16044 16593 13731 2795 10400 9592 15267 15998 5465 18446 8225 4050 12973 7370 3018 14382 16921 5705 4587 12042 9590 438 13118 1295 13445 13563 11747 12932 4735 16986 15284 13983 12083 8364 20202 15113 14967 2587 5705 13324 19083 12882 8663 5172 10814 6315 5188 8709 6623 16863 17599 4007 19938 15279 14170 10794 16510 9839 3613 9860 14615
18081 16658 18958 6308 17537 6626 7913 15871 17261 7704 12459 7245 7007 9742 6322 8687 20824 7949 9061 7201 11221 15490 5661 21273 9849 14778 19137 0 17981 6663 9535 16570 19282 12891 19342 16282 19794 13329 10646 7725 10929 9523 6180 21631 13178 9546 4589 9567 17565 5963 17689 15468 8597 12384 20954 11662 6536 17673 14550 8371 18456 18737 7225 18691 19409 10638 8395 7544 19612 6035 5063 15589 7510 10844 5233 14733 7134 19596 18984 13625 2333 9250 13173 14656 14748 13582 18574 18019 12840 9613 5460 15276 5128 12080 8379 19240 9463 9456 20003 10208 7583
6770 4771 5573 15649 1249 11718 10319 2344 7875 10854 12716 17803 11103 8346 13852 9982 10414 17470 9033 18403 18085 14296 12329 10944 10444 3712 6383 17981 0 13977 9847 14761 5565 5101 7642 6294 9608 11733 10138 13006 11433 18768 14164 8680 5731 9590 15303 18217 1040 15346 1870 7699 14649 6016 9345 17394 13751 11237 6465 13312 3212 6089 14025 7397 7062 9327 12897 13982 2434 17934 13181 8071 10498 9173 17349 19063 11945 4228 1242 7974 17153 9499 4891 4485 5281 5010 11070 2327 6039 12642 14732 7164 17105 18385 10799 4452 12357 10472 3653 7792 11488
16491 14433 13361 10125 13960 3303 6809 11643 16206 7354 5798 3982 6067 6110 8782 4116 14448 3919 5555 4530 6224 8889 4461 14858 3863 10313 13363 6663 13977 0 4155 9976 17043 9462 13321 10520 13470 6687 4529 1193 11923 5648 485 15593 10907 4389 2112 5277 13270 9603 14338 9408 2326 7966 14742 6203 8932 11096 8925 1708 15508 13010 638 12687 17697 10220 1773 959 14981 3957 6004 14781 4945 5134 10259 9258 7875 14390 14696 12803 7767 8343 9949 9802 12645 8999 12032 14809 8013 11332 8624 9359 10032 6981 8449 16602 11003 3651 15021 6861 8017
13020 10790 9501 10566 9901 3070 5218 7506 12986 6056 5192 7967 5037 2778 8764 1221 11447 7686 2617 8561 8918 8311 4622 11933 1096 6164 9624 9535 9847 4155 0 9312 13302 5624 9809 6759 10382 5236 1659 3162 10262 9140 4396 12098 7489 373 5762 8635 9119 10061 10325 5965 5004 3866 11464 8471 8829 8768 5047 3575 11577 9234 4179 9158 14132 7993 3140 4150 10837 8103 6366 11770 3400 1337 11419 10986 7101 10358 10542 9956 9736 6272 6161 5655 9158 4851 9522 10822 3858 10223 9079 5744 11158 9442 7012 12739 9845 778 10931 3495 6982
20408 18000 10430 19553 15547 11788 14530 12931 20858 15362 4327 10597 14285 11818 17883 10502 7826 9769 11860 11090 7463 1089 13442 7890 8287 11807 9826 16570 14761 9976 9312 0 19939 13239 8839 8501 7462 4096 7662 9094 19500 9479 10458 10281 15601 9624 11987 8962 13725 19030 16197 7065 8005 11067 8901 6506 17976 4214 8510 8300 17690 9788 9375 8547 21201 17111 8394 9050 14089 11702 15242 20033 12656 8409 20039 5756 16365 12241 14656 18533 17720 15513 13776 10765 16922 11062 5046 16761 10295 19534 18024 7617 19795 7030 16322 18996 19155 8742 13257 12364 16278
2005 2664 11120 15181 4497 14101 11437 7011 3507 11578 17298 21025 12383 10933 13771 12953 15963 20879 11509 21567 22154 19351 14062 16485 14185 8171 11934 19282 5565 17043 13302 19939 0 7677 13201 11668 15172 16513 14141 16325 9853 22425 17087 14082 6264 12961 17819 21932 6551 15052 3815 12928 18303 9642 14858 21603 13604 16677 11435 16864 2355 11651 17275 12961 1567 8834 16427 17326 7503 20855 14220 4755 12521 13096 17092 23686 12280 9626 6318 6085 17838 10032 7146 9196 4571 9139 16582 3275 10111 11389 14771 12350 16894 22596 10998 1185 11246 14052 8835 10185 11803
7502 5195 7843 10877 4695 6798 5261 3199 7696 5871 9952 13427 6010 3430 9001 5346 11858 13236 4088 13989 14502 12461 7252 12424 6529 2661 8415 12891 5101 9462 5624 13239 7677 0 9294 6402 10805 9387 6559 8674 7640 14752 9557 11205 2391 5285 10492 14256 4807 10520 4958 6945 10626 2191 11244 13988 8930 10914 5194 9189 6048 7983 9645 8751 8548 5147 8752 9677 6974 13359 8091 6796 5446 5515 12457 16244 7032 7629 6166 5433 12071 4680 563 3340 3742 2406 11215 5387 2952 8466 9814 6368 12204 14975 6010 7150 8120 6377 7685 2772 6605
14339 12131 2097 19476 8795 12815 13542 6954 15291 14362 9035 16143 13894 10469 17553 10755 2787 15508 10991 16761 14694 8853 14189 3335 9577 6698 1285 19342 7642 13321 9809 8839 13201 9294 0 3186 1998 7739 8826 12129 16932 16144 13717 2291 11390 9825 15299 15548 6701 19033 9470 3918 12710 8017 1950 13782 17541 4645 4917 11897 10853 1556 13020 652 14704 14421 11639 12808 6014 16796 15735 15117 12519 8499 20723 14286 15592 3847 6988 14367 19440 13614 9592 5972 11917 7060 4019 9964 7203 17674 18153 4066 20458 14642 14871 12066 17313 9925 4861 10471 15266
12439 10082 2861 16299 7185 9702 10369 4753 13169 11195 7171 13694 10708 7285 14378 7632 5489 13144 7806 14319 12882 8122 11031 6051 6678 4021 2868 16282 6294 10520 6759 8501 11668 6402 3186 0 4418 5976 5995 9344 13969 14037 10879 5419 8663 6737 12404 13446 5254 15853 7859 1559 10260 4889 5054 12053 14370 5015 1749 9250 9348 2494 10298 2552 13045 11435 8937 10125 5702 14203 12555 12729 9340 5495 17537 13203 12424 4232 6162 11714 16290 10505 6780 3091 9478 4042 5034 8414 4045 14618 14969 1248 17272 12997 11739 10646 14250 6973 5124 7307 12107
16260 14013 4093 20516 10738 13450 14625 8753 17167 15472 8543 15883 14868 11499 18608 11451 1094 15184 11946 16486 13965 7679 14938 1642 9946 8318 3282 19794 9608 13470 10382 7462 15172 10805 1998 4418 0 7270 9148 12287 18386 15602 13903 2821 13017 10468 15532 15013 8646 20050 11418 4476 12522 9269 1479 13018 18616 3304 5944 11915 12820 3524 13088 2235 16664 15852 11720 12840 8008 16662 16584 16911 13390 9046 21634 13122 16690 5831 8984 16043 20118 14878 11160 7471 13680 8460 2419 11922 8399 19016 19130 4856 21369 13804 16083 14045 18646 10349 6833 11617 16403
16760 14367 8604 15641 12314 7882 10452 9633 17077 11292 1297 8623 10248 7726 13911 6441 8114 7915 7765 9221 6998 3156 9542 8445 4248 8361 8267 13329 11733 6687 5236 4096 16513 9387 7739 5976 7270 0 3579 5606 15404 8412 7163 9806 11696 5538 8798 7817 10743 15123 12917 4426 5322 7196 8691 6124 13992 4474 5270 4996 14380 8053 6184 7206 17659 13026 4934 5891 11621 9453 11346 16140 8612 4319 16274 7335 12323 10185 11901 14554 14166 11417 9941 7373 13121 7404 5459 13479 6512 15448 14122 4786 16021 7043 12237 15672 15069 4714 11099 8290 12216
14059 11745 8843 12173 10390 4517 6873 7816 14163 7713 3630 7867 6689 4251 10396 2872 10179 7425 4213 8488 8046 6673 6145 10635 810 6439 8834 10646 10138 4529 1659 7662 14141 6559 8826 5995 9148 3579 0 3349 11870 8633 4902 11110 8665 1963 6474 8079 9294 11663 10891 4908 4546 4499 10336 7463 10466 7248 4445 3330 12243 8482 4312 8185 15098 9546 2975 4159 10763 8257 7926 13052 5051 1047 12947 9711 8757 9954 10660 11323 11096 7876 7120 5699 10250 5191 8059 11421 4150 11873 10672 4832 12688 8456 8661 13468 11494 1259 10653 4892 8640
15889 13753 12191 10652 13056 3223 6680 10664 15702 7331 4821 4805 6061 5446 9160 3393 13271 4562 4976 5398 6302 8006 4689 13687 2718 9313 12181 7725 13006 1193 3162 9094 16325 8674 12129 9344 12287 5606 3349 0 11893 6128 1617 14400 10300 3446 3257 5674 12261 10126 13467 8217 2185 7026 13552 6095 9291 9966 7769 897 14689 11831 1023 11495 17059 9996 700 1003 13912 4990 6397 14347 4706 4012 10972 9014 8018 13254 13676 12412 8641 8127 9186 8746 12022 8002 10889 13956 6992 11454 9127 8175 10733 6973 8420 15822 11106 2563 13908 6211 8091
8130 7738 15441 5534 10392 8689 5229 10447 6926 4576 15454 15404 5861 7690 4636 9156 19455 15641 7658 15760 18125 18537 7529 20019 11344 10276 16044 10929 11433 11923 10262 19500 9853 7640 16932 13969 18386 15404 11870 11893 0 17458 11689 18825 5810 9922 11519 17155 11666 5536 10134 14260 14050 9192 18881 17987 4426 18067 12557 12752 10102 15614 12449 16380 9411 2542 12389 12673 13797 14710 6499 5271 7228 11094 7467 20871 4215 14988 12675 3831 8942 3994 7386 10965 6292 9928 18530 10156 10086 1571 5592 13731 7307 18842 3480 10306 1541 10935 14812 7212 3955
22017 19872 16836 14833 18966 8946 12434 16438 21806 12926 7115 2310 11647 11574 13859 9521 16348 1828 11090 2345 2141 8627 9929 16601 8360 15061 16593 9523 18768 5648 9140 9479 22425 14752 16144 14037 15602 8412 8633 6128 17458 0 5800 18211 16427 9470 6102 596 17925 14346 19427 12589 4147 12953 17054 3013 14039 12505 12817 5565 20711 16337 5254 15596 23185 15858 6002 5144 19311 3488 11195 20412 10593 9600 14417 5541 13304 18244 19281 18444 11518 13983 15278 14329 18150 13789 13525 19937 12748 16724 13462 12789 14243 2889 14012 21879 16421 8415 19054 12339 13509
16479 14462 13709 9720 14106 3171 6635 11839 16151 7136 6282 3982 5853 6166 8421 4227 14888 4021 5580 4492 6521 9372 4182 15303 4203 10523 13731 6180 14164 485 4396 10458 17087 9557 13717 10879 13903 7163 4902 1617 11689 5800 0 15994 10911 4600 1645 5469 13481 9200 14465 9801 2741 8148 15162 6554 8578 11561 9260 2192 15605 13372 1097 13080 17701 10064 2237 1424 15233 3804 5652 14698 4836 5448 9810 9634 7594 14699 14913 12706 7292 8192 10030 10051 12650 9211 12493 14926 8243 11047 8228 9733 9585 7299 8227 16678 10724 3953 15309 6904 7759
15446 13397 3400 21632 9913 15094 15699 8536 16539 16502 11101 18324 16092 12663 19708 13031 2704 17665 13209 18938 16660 10487 16449 2982 11865 8551 2795 21631 8680 15593 12098 10281 14082 11205 2291 5419 2821 9806 11110 14400 18825 18211 15994 0 13145 12109 17583 17617 7886 21200 10550 6202 14906 10135 1416 15724 19687 6116 7165 14143 11798 3231 15278 2941 15633 16352 13897 15059 6590 19015 17968 16562 14755 10789 22928 15936 17733 4468 7767 16020 21705 15673 11440 7965 13455 9103 5236 10979 9360 19658 20339 6355 22663 16541 16956 12906 19305 12215 5269 12617 17390
5591 3601 9745 9996 4835 7860 5266 4660 5506 5556 12179 14881 6191 4855 8275 6909 14044 14799 5355 15402 16395 14800 7814 14612 8501 4705 10400 13178 5731 10907 7489 15601 6264 2391 11390 8663 13017 11696 8665 10300 5810 16427 10911 13145 0 7123 11566 15969 5870 9731 4761 9312 12385 4534 13332 15959 8153 13290 7562 10934 5297 9983 11198 10890 6791 3596 10499 11285 8026 14640 8136 4444 6261 7647 11768 18373 6481 9186 6958 3064 11958 4046 1909 5572 1740 4765 13561 4973 5336 6927 9210 8727 11534 16931 5246 6077 6632 8267 9006 4090 6002
12660 10439 9438 10354 9612 2996 4916 7255 12618 5761 5537 8249 4780 2407 8532 1005 11540 7991 2267 8837 9279 8633 4483 12035 1461 5927 9592 9546 9590 4389 373 9624 12961 5285 9825 6737 10468 5538 1963 3446 9922 9470 4600 12109 7123 0 5904 8971 8884 9853 10023 6022 5342 3587 11515 8839 8589 8958 5005 3905 11260 9194 4453 9174 13778 7636 3468 4442 10645 8345 6194 11398 3152 1460 11258 11358 6831 10235 10314 9584 9657 5929 5817 5467 8796 4613 9687 10515 3645 9911 8879 5766 10995 9808 6699 12412 9532 1149 10779 3122 6695
17044 15163 15210 8802 15140 3727 6801 13012 16579 7121 7881 3912 5905 7062 7757 5332 16523 4281 6410 4241 7287 10905 4089 16943 5736 11742 15267 4589 15303 2112 5762 11987 17819 10492 15299 12404 15532 8798 6474 3257 11519 6102 1645 17583 11566 5904 0 5918 14685 8301 15447 11382 4057 9321 16777 7514 7938 13206 10748 3807 16498 14898 2641 14658 18308 10208 3881 2957 16527 3224 5120 15045 5310 6924 8627 10635 7312 16120 16125 13023 5928 8393 10919 11362 13295 10444 14138 15877 9526 10677 7386 11286 8422 8121 8164 17504 10389 5434 16683 7744 7571
21556 19392 16242 14701 18431 8580 12084 15891 21373 12604 6520 2326 11320 11114 13661 9060 15765 1665 10648 2514 1781 8088 9633 16022 7829 14513 15998 9567 18217 5277 8635 8962 21932 14256 15548 13446 15013 7817 8079 5674 17155 596 5469 17617 15969 8971 5918 0 17367 14207 18899 11995 3632 12428 16463 2560 13836 11926 12236 5068 20194 15742 4842 15000 22714 15497 5506 4706 18736 3570 10964 19998 10213 9056 14361 5292 13029 17655 18717 18041 11491 13619 14786 13769 17687 13247 12946 19413 12205 16465 13303 12198 14180 2603 13695 21371 16154 7900 18469 11880 13216
7644 5513 4666 15593 2094 11175 10068 1698 8664 10667 11751 17038 10797 7847 13751 9353 9485 16674 8535 17645 17180 13270 11905 10024 9647 2958 5465 17565 1040 13270 9119 13725 6551 4807 6701 5254 8646 10743 9294 12261 11666 17925 13481 7886 5870 8884 14685 17367 0 15262 2771 6665 13828 5364 8460 16470 13666 10202 5474 12520 4196 5145 13283 6422 8021 9430 12113 13222 2194 17222 12877 8707 10056 8359 17231 18077 11805 3517 1441 8392 16861 9395 4710 3598 5723 4271 10049 3282 5268 12786 14595 6136 16981 17457 10717 5462 12481 9707 3156 7360 11363
13495 12653 18027 526 14553 7249 5503 13715 12399 4725 14706 12069 5185 8573 1520 8854 21143 12553 8105 12247 15572 17961 5590 21671 10910 13029 18446 5963 15346 9603 10061 19030 15052 10520 19033 15853 20050 15123 11663 10126 5536 14346 9200 21200 9731 9853 8301 14207 15262 0 14488 15590 11929 11076 20897 15721 1597 18810 14161 11010 14839 18010 10235 18405 14810 6312 10793 10540 17454 11075 3788 10715 6730 11305 2055 18823 3508 18100 16527 8990 3697 5867 10553 13339 10891 12173 19516 14661 11842 4012 1006 15197 1844 16394 4550 15310 3996 10439 18204 8586 3916
4902 2963 7420 14741 684 11756 9829 3292 6019 10238 13795 18265 10694 8385 13036 10238 12251 18011 9045 18844 18931 15653 12119 12786 11070 4574 8225 17689 1870 14338 10325 16197 3815 4958 9470 7859 11418 12917 10891 13467 10134 19427 14465 10550 4761 10023 15447 18899 2771 14488 0 9153 15280 6475 11203 18305 12913 12864 7730 13883 1495 7914 14467 9192 5255 8262 13453 14465 4185 18269 12730 6321 10362 9870 16527 20188 11224 6094 2926 6478 16636 8772 4568 5544 3845 5715 12769 566 6747 11457 13969 8584 16295 19301 10003 2801 11205 11020 5469 7725 10749
13549 11155 4248 16061 8495 9016 10200 5924 14163 11056 5641 12367 10405 7069 14160 6992 5563 11779 7486 12991 11367 6618 10474 6083 5664 4938 4050 15468 7699 9408 5965 7065 12928 6945 3918 1559 4476 4426 4908 8217 14260 12589 9801 6202 9312 6022 11382 11995 6665 15590 9153 0 8923 5072 5499 10524 14175 3986 1752 8020 10648 3760 9123 3279 14246 11721 7744 8922 7255 12952 12108 13571 8915 4634 17158 11646 12263 5761 7665 12372 15679 10572 7403 3902 10340 4547 4288 9716 4177 14752 14662 599 16893 11460 11725 11954 14375 6024 6674 7254 11996
17962 15774 13113 12450 14822 5361 8851 12313 17827 9477 4175 3444 8198 7536 11094 5489 13412 2899 7112 4068 4117 6938 6710 13760 4218 10938 12973 8597 14649 2326 5004 8005 18303 10626 12710 10260 12522 5322 4546 2185 14050 4147 2741 14906 12385 5342 4057 3632 13828 11929 15280 8923 0 8805 13897 3946 11241 9785 8883 1451 16565 12671 1699 12112 19104 12181 1887 1414 15300 4141 8314 16500 6888 5476 12540 6951 10101 14384 15204 14579 9955 10310 11159 10240 14091 9656 10779 15790 8616 13554 10949 9024 12319 4796 10572 17739 13214 4270 15136 8300 10205
9638 7284 6965 11501 6036 5856 5574 3697 9884 6367 7784 11831 6048 2693 9577 3989 10355 11547 3346 12422 12531 10275 6779 10910 4602 2435 7370 12384 6016 7966 3866 11067 9642 2191 8017 4889 9269 7196 4499 7026 9192 12953 8148 10135 4534 3587 9321 12428 5364 11076 6475 5072 8805 0 9930 11962 9553 8951 3368 7410 7774 6934 8038 7411 10628 6651 6981 8016 7272 11922 8040 8970 4939 3456 12856 14112 7599 7274 6805 7507 11960 5617 2746 2328 5928 1200 9353 6985 895 9749 10239 4539 12593 12955 6856 8980 9378 4546 7622 2493 7257
16100 13948 3796 21347 10541 14511 15420 8853 17108 16249 9973 17282 15736 12324 19427 12474 1327 16597 12821 17890 15437 9150 15942 1712 11118 8645 3018 20954 9345 14742 11464 8901 14858 11244 1950 5054 1479 8691 10336 13552 18881 17054 15162 1416 13332 11515 16777 16463 8460 20897 11203 5499 13897 9930 0 14491 19422 4775 6739 13227 12532 3395 14387 2521 16388 16369 13011 14151 7464 18030 17533 16998 14320 10133 22551 14586 17477 5270 8560 16296 21168 15538 11541 7919 13818 8999 3857 11671 9098 19614 20003 5770 22285 15282 16785 13700 19251 11500 6191 12362 17162
21462 19182 14727 16236 17774 9302 12775 15135 21457 13418 4884 4641 12141 11191 14975 9206 13679 3823 10854 4978 970 5715 10644 13886 7474 13773 14382 11662 17394 6203 8471 6506 21603 13988 13782 12053 13018 6124 7463 6095 17987 3013 6554 15724 15959 8839 7514 2560 16470 15721 18305 10524 3946 11962 14491 0 15130 9809 11093 5257 19686 14176 5609 13284 22536 16063 5650 5349 17597 5887 12202 20214 10795 8507 16140 3121 14043 16282 17739 18345 13382 14204 14543 12911 17615 12591 10818 18846 11565 17498 14763 10829 15936 996 14511 20923 17159 7693 17170 11938 14151
12119 11154 16484 1958 12967 6219 4001 12123 11098 3185 13676 11825 3822 7118 215 7609 19710 12216 6698 12080 15074 16924 4613 20245 9747 11456 16921 6536 13751 8932 8829 17976 13604 8930 17541 14370 18616 13992 10466 9291 4426 14039 8578 19687 8153 8589 7938 13836 13666 1597 12913 14175 11241 9553 19422 15130 0 17511 12698 10187 13300 16485 9544 16919 13444 4798 9923 9829 15857 10947 2928 9406 5437 10019 3615 18189 1954 16522 14930 7590 4519 4271 8957 11792 9359 10628 18180 13098 10340 3080 1194 13760 3383 15869 2953 13812 2930 9279 16615 7073 2333
17438 15064 6374 19308 12186 11763 13653 9757 18113 14520 5636 13010 13688 10582 17466 9960 3871 12263 10866 13592 10768 4375 13374 4096 8050 8888 5705 17673 11237 11096 8768 4214 16677 10914 4645 5015 3304 4474 7248 9966 18067 12505 11561 6116 13290 8958 13206 11926 10202 18810 12864 3986 9785 8951 4775 9809 17511 0 5729 9432 14347 5724 10625 4411 18060 15545 9325 10341 10203 13898 15133 17555 12089 7505 20180 9820 15677 8215 10927 16347 18317 14248 11382 7867 14320 8526 1021 13415 8067 18433 17836 4580 19919 10558 15306 15639 18052 8507 9246 10910 15471
11932 9527 4463 14615 7101 7958 8699 4442 12484 9539 6298 12277 8998 5588 12699 5887 7037 11782 6084 12901 11855 7925 9283 7584 5063 3305 4587 14550 6465 8925 5047 8510 11435 5194 4917 1749 5944 5270 4445 7769 12557 12817 9260 7165 7562 5005 10748 12236 5474 14161 7730 1752 8883 3368 6739 11093 12698 5729 0 7764 9215 4190 8752 4273 12693 10015 7420 8604 6522 12702 10818 11844 7603 3825 15817 12604 10762 5515 6666 10621 14542 8944 5654 2259 8625 2797 6031 8296 2479 13103 13264 1182 15552 12068 10139 10519 12730 5318 6255 5673 10464
16511 14327 12111 11536 13441 4104 7529 10970 16381 8199 4091 4545 6937 6087 10056 4043 12867 4158 5673 5163 5526 7211 5586 13259 2873 9601 12042 8371 13312 1708 3575 8300 16864 9189 11897 9250 11915 4996 3330 897 12752 5565 2192 14143 10934 3905 3807 5068 12520 11010 13883 8020 1451 7410 13227 5257 10187 9432 7764 0 15150 11713 1193 11276 17655 10807 438 925 14072 4953 7290 15063 5541 4168 11817 8134 8908 13278 13914 13153 9421 8946 9718 8954 12640 8305 10384 14387 7273 12338 10012 8043 11581 6160 9285 16314 11988 2864 13983 6850 8972
3722 2404 8778 15046 2163 12778 10544 4773 5024 10852 15233 19464 11452 9459 13442 11392 13621 19248 10092 20032 20289 17140 12989 14147 12376 6021 9590 18456 3212 15508 11577 17690 2355 6048 10853 9348 12820 14380 12243 14689 10102 20711 15605 11798 5297 11260 16498 20194 4196 14839 1495 10648 16565 7774 12532 19686 13300 14347 9215 15150 0 9301 15674 10606 3857 8531 14716 15691 5266 19406 13428 5678 11301 11211 16893 21629 11738 7331 4039 6297 17249 9331 5585 7012 3950 7106 14235 934 8123 11529 14409 10079 16673 20682 10476 1307 11317 12296 6594 8755 11256
12784 10586 649 18435 7239 12133 12508 5460 13747 13300 9318 16114 12938 9514 16511 10061 4341 15536 10087 16738 15048 9651 13402 4885 9172 5339 438 18737 6089 13010 9234 9788 11651 7983 1556 2494 3524 8053 8482 11831 15614 16337 13372 3231 9983 9194 14898 15742 5145 18010 7914 3760 12671 6934 3395 14176 16485 5724 4190 11713 9301 0 12777 1379 13150 13131 11410 12597 4568 16662 14857 13605 11658 7985 19769 14991 14530 2492 5473 12918 18664 12445 8236 4734 10424 5878 5279 8409 6191 16428 17165 3670 19506 15084 13732 10521 16075 9466 3525 9425 14178
16789 14686 13152 10758 14064 3779 7294 11684 16553 7874 5240 3798 6588 6360 9396 4322 14047 3607 5848 4384 5676 8289 5036 14444 3722 10335 13118 7225 14025 638 4179 9375 17275 9645 13020 10298 13088 6184 4312 1023 12449 5254 1097 15278 11198 4453 2641 4842 13283 10235 14467 9123 1699 8038 14387 5609 9544 10625 8752 1193 15674 12777 0 12393 17976 10680 1382 327 14931 3974 6617 15160 5382 5023 10896 8645 8442 14249 14698 13199 8389 8802 10149 9767 12929 9023 11576 14951 8015 11899 9253 9111 10669 6412 8971 16795 11565 3585 14914 7121 8566
14026 11779 2013 18850 8511 12164 12918 6535 14934 13742 8498 15549 13259 9836 16928 10104 3176 14925 10353 16169 14186 8490 13541 3740 8932 6186 1295 18691 7397 12687 9158 8547 12961 8751 652 2552 2235 7206 8185 11495 16380 15596 13080 2941 10890 9174 14658 15000 6422 18405 9192 3279 12112 7411 2521 13284 16919 4411 4273 11276 10606 1379 12393 0 14443 13862 11012 12184 5947 16186 15091 14701 11876 7848 20085 13894 14972 3850 6836 13889 18790 13017 9068 5416 11481 6481 3910 9702 6585 17095 17521 3415 19820 14160 14266 11844 16732 9277 4882 9852 14650
1332 3354 12633 14886 5938 14629 11715 8325 2564 11740 18378 21672 12668 11617 13626 13667 17476 21581 12142 22193 23040 20570 14416 18003 15071 9394 13445 19409 7062 17697 14132 21201 1567 8548 14704 13045 16664 17659 15098 17059 9411 23185 17701 15633 6791 13778 18308 22714 8021 14810 5255 14246 19104 10628 16388 22536 13444 18060 12693 17655 3857 13150 17976 14443 0 8797 17217 18052 9062 21417 14379 4143 13000 14052 16817 24737 12305 11172 7866 5859 17816 10217 7993 10436 5052 10256 18006 4742 11181 10979 14632 13659 16636 23522 11038 2752 10886 14898 10394 10855 11841
7465 6356 12983 6517 8403 6917 3437 8088 6636 3131 13166 13960 4303 5304 4954 6973 16923 14083 5380 14386 16296 16175 6121 17486 9089 7803 13563 10638 9327 10220 7993 17111 8834 5147 14421 11435 15852 13026 9546 9996 2542 15858 10064 16352 3596 7636 10208 15497 9430 6312 8262 11721 12181 6651 16369 16063 4798 15545 10015 10807 8531 13131 10680 13862 8797 0 10414 10863 11605 13430 5674 4986 5302 8708 8366 18834 3511 12635 10553 2990 9030 1878 4944 8450 4581 7396 15995 8392 7546 3367 5947 11190 8151 16964 2262 9015 3052 8710 12537 4755 3055
16075 13889 11795 11319 13014 3781 7162 10554 15950 7850 4122 4934 6598 5654 9798 3614 12689 4575 5249 5548 5946 7307 5311 13093 2470 9188 11747 8395 12897 1773 3140 8394 16427 8752 11639 8937 11720 4934 2975 700 12389 6002 2237 13897 10499 3468 3881 5506 12113 10793 13453 7744 1887 6981 13011 5650 9923 9325 7420 438 14716 11410 1382 11012 17217 10414 0 1188 13687 5282 7046 14639 5167 3772 11665 8483 8593 12929 13512 12734 9341 8559 9280 8555 12204 7888 10260 13956 6859 12009 9791 7742 11426 6565 8931 15878 11655 2437 13620 6417 8641
16876 14750 12983 11063 14049 3988 7496 11638 16668 8097 4928 3821 6814 6435 9684 4385 13791 3559 5947 4423 5455 7964 5298 14182 3613 10282 12932 7544 13982 959 4150 9050 17326 9677 12808 10125 12840 5891 4159 1003 12673 5144 1424 15059 11285 4442 2957 4706 13222 10540 14465 8922 1414 8016 14151 5349 9829 10341 8604 925 15691 12597 327 12184 18052 10863 1188 0 14837 4099 6904 15293 5562 4918 11217 8365 8694 14111 14631 13344 8716 8987 10189 9686 13011 8974 11299 14955 7956 12149 9556 8928 10990 6173 9193 16825 11811 3515 14793 7199 8807
8973 7145 3943 17786 3649 13128 12226 3794 10182 12843 12753 18617 12930 9870 15942 11220 8657 18187 10553 19234 18373 13794 13962 9145 11225 4845 4735 19612 2434 14981 10837 14089 7503 6974 6014 5702 8008 11621 10763 13912 13797 19311 15233 6590 8026 10645 16527 18736 2194 17454 4185 7255 15300 7272 7464 17597 15857 10203 6522 14072 5266 4568 14931 5947 9062 11605 13687 14837 0 18901 15007 10481 12107 9919 19417 18899 13990 2199 1259 10400 18989 11587 6900 5182 7707 6102 9835 4522 7003 14952 16778 6838 19167 18564 12910 6323 14653 11350 1332 9438 13551
20172 18215 17065 11542 17904 6789 10016 15600 19758 10345 8265 1257 9127 9957 10753 8030 17552 2065 9352 1189 5297 10698 7313 17897 7696 14266 16986 6035 17934 3957 8103 11702 20855 13359 16796 14203 16662 9453 8257 4990 14710 3488 3804 19015 14640 8345 3224 3570 17222 11075 18269 12952 4141 11922 18030 5887 10947 13898 12702 4953 19406 16662 3974 16186 21417 13430 5282 4099 18901 0 8249 18244 8435 8997 10992 8835 10496 18209 18645 16226 8068 11608 13827 13731 16378 12952 14900 18730 11959 13803 10245 12993 10830 6147 11383 20470 13532 7551 18886 10685 10774
13055 11596 14959 4311 12629 3465 2901 11215 12306 2645 10919 9032 2081 5364 2780 5189 17668 9367 4769 9338 12159 14174 1805 18179 7156 10277 15284 5063 13181 6004 6366 15242 14220 8091 15735 12555 16584 11346 7926 6397 6499 11195 5652 17968 8136 6194 5120 10964 12877 3788 12730 12108 8314 8040 17533 12202 2928 15133 10818 7290 13428 14857 6617 15091 14379 5674 7046 6904 15007 8249 0 10659 3216 7655 5065 15261 2309 15296 14256 8658 3984 4189 8301 10368 9686 9220 15880 13030 8685 5561 2782 11770 4802 12948 3423 14184 5283 6686 15561 5616 2678
2888 3375 13235 10768 6834 11533 8256 8168 1692 8093 16604 18667 9183 9023 9597 11028 17874 18698 9390 19135 20582 19243 10997 18435 12823 8713 13983 15589 8071 14781 11770 20033 4755 6796 15117 12729 16911 16140 13052 14347 5271 20412 14698 16562 4444 11398 15045 19998 8707 10715 6321 13571 16500 8970 16998 20214 9406 17555 11844 15063 5678 13605 15160 14701 4143 4986 14639 15293 10481 18244 10659 0 9865 12052 12702 22735 8457 12219 9231 2027 13856 6671 6266 9701 3251 9075 17736 6097 9746 6840 10600 12975 12529 21167 7241 5454 6760 12546 11723 8281 8020
11743 9860 11780 7222 10138 1668 2000 8361 11338 2750 8425 8803 1638 2253 5382 2180 14478 8847 1597 9279 10999 11629 1854 14995 4370 7286 12083 7510 10498 4945 3400 12656 12521 5446 12519 9340 13390 8612 5051 4706 7228 10593 4836 14755 6261 3152 5310 10213 10056 6730 10362 8915 6888 4939 14320 10795 5437 12089 7603 5541 11301 11658 5382 11876 13000 5302 5167 5562 12107 8435 3216 9865 0 4587 8244 13645 3712 12211 11477 7870 7037 3426 5794 7257 7985 6137 12787 10748 5514 6960 5772 8562 7979 11680 3797 12250 6592 3914 12548 2706 3633
13017 10699 8286 11803 9382 4406 6255 6839 13138 7115 4566 8706 6199 3409 9968 2466 10110 8317 3495 9320 9080 7468 5936 10599 1306 5463 8364 10844 9173 5134 1337 8409 13096 5515 8499 5495 9046 4319 1047 4012 11094 9600 5448 10789 7647 1460 6924 9056 8359 11305 9870 4634 5476 3456 10133 8507 10019 7505 3825 4168 11211 7985 5023 7848 14052 8708 3772 4918 9919 8997 7655 12052 4587 0 12718 10741 8225 9256 9747 10357 11073 7114 6077 4786 9216 4191 8227 10397 3149 11199 10334 4435 12455 9500 7998 12431 10818 1496 9896 3984 8059
15509 14706 19821 1934 16580 8435 7309 15656 14377 6599 15721 12107 6835 10264 3500 10253 22721 12698 9733 12181 15869 18955 6806 23235 12161 14909 20202 5233 17349 10259 11419 20039 17092 12457 20723 17537 21634 16274 12947 10972 7467 14417 9810 22928 11768 11258 8627 14361 17231 2055 16527 17158 12540 12856 22551 16140 3615 20180 15817 11817 16893 19769 10896 20085 16817 8366 11665 11217 19417 10992 5065 12702 8244 12718 0 19261 5428 19983 18518 11020 2951 7851 12522 15154 12945 13988 20940 16708 13579 5905 2646 16803 265 16716 6553 17362 5946 11694 20129 10366 5869
23743 21396 15599 19339 19605 12236 15643 16924 23874 16331 6396 7578 15071 13762 18040 11877 13563 6807 13512 7805 3538 5454 13655 13644 9916 15615 15113 14733 19063 9258 10986 5756 23686 16244 14286 13203 13122 7335 9711 9014 20871 5541 9634 15936 18373 11358 10635 5292 18077 18823 20188 11646 6951 14112 14586 3121 18189 9820 12604 8134 21629 14991 8645 13894 24737 18834 8483 8365 18899 8835 15261 22735 13645 10741 19261 0 17026 17311 19229 20942 16496 17004 16807 14660 19958 14551 10735 20746 13576 20467 17858 12072 19057 2691 17414 22907 20120 10219 18276 14478 17104
10974 9723 14532 3908 11226 4811 2065 10231 10127 1231 12115 11210 2080 5196 1991 5885 17784 11480 4819 11553 14098 15334 3415 18323 8082 9521 14967 7134 11945 7875 7101 16365 12280 7032 15592 12424 16690 12323 8757 8018 4215 13304 7594 17733 6481 6831 7312 13029 11805 3508 11224 12263 10101 7599 17477 14043 1954 15677 10762 8908 11738 14530 8442 14972 12305 3511 8593 8694 13990 10496 2309 8457 3712 8225 5428 17026 0 14593 13101 6493 5559 2458 7097 9840 7854 8676 16317 11454 8389 3458 2791 11837 5177 14851 1283 12364 3131 7624 14710 5122 482
10982 8981 1844 18477 5471 12987 12680 4548 12102 13390 11398 17789 13266 9966 16580 10964 6458 17282 10614 18414 17114 12049 14042 6946 10536 5074 2587 19596 4228 14390 10358 12241 9626 7629 3847 4232 5831 10185 9954 13254 14988 18244 14699 4468 9186 10235 16120 17655 3517 18100 6094 5761 14384 7274 5270 16282 16522 8215 5515 13278 7331 2492 14249 3850 11172 12635 12929 14111 2199 18209 15296 12219 12211 9256 19983 17311 14593 0 3309 11869 19232 12303 7715 4955 9222 6081 7760 6513 6756 16000 17339 5472 19724 17221 13630 8456 15673 10746 1033 9687 14189
7730 5888 4891 16839 2407 12614 11421 3133 8925 11989 12963 18442 12175 9279 15026 10793 9705 18063 9967 19051 18474 14277 13323 10212 11043 4391 5705 18984 1242 14696 10542 14656 6318 6166 6988 6162 8984 11901 10660 13676 12675 19281 14913 7767 6958 10314 16125 18717 1441 16527 2926 7665 15204 6805 8560 17739 14930 10927 6666 13914 4039 5473 14698 6836 7866 10553 13512 14631 1259 18645 14256 9231 11477 9747 18518 19229 13101 3309 0 9206 18237 10667 6014 4964 6514 5702 10652 3269 6686 13877 15892 7182 18271 18721 11977 5148 13589 11117 2565 8776 12650
4531 3914 12630 9101 6831 9536 6229 7485 3648 6073 14923 16666 7156 7182 7769 9140 17056 16715 7492 17127 18679 17691 8971 17623 11030 7726 13324 13625 7974 12803 9956 18533 6085 5433 14367 11714 16043 14554 11323 12412 3831 18444 12706 16020 3064 9584 13023 18041 8392 8990 6478 12372 14579 7507 16296 18345 7590 16347 10621 13153 6297 12918 13199 13889 5859 2990 12734 13344 10400 16226 8658 2027 7870 10357 11020 20942 6493 11869 9206 0 11964 4644 4972 8626 2693 7825 16625 6429 8346 5326 8775 11789 10828 19287 5252 6478 5167 10724 11533 6466 6043
16484 15280 18808 4003 16568 6668 6840 15198 15545 6406 13461 9209 6064 9268 4312 8694 21183 9834 8633 9256 13050 16632 5263 21667 10286 14242 19083 2333 17153 7767 9736 17720 17838 12071 19440 16290 20118 14166 11096 8641 8942 11518 7292 21705 11958 9657 5928 11491 16861 3697 16636 15679 9955 11960 21168 13382 4519 18317 14542 9421 17249 18664 8389 18790 17816 9030 9341 8716 18989 8068 3984 13856 7037 11073 2951 16496 5559 19232 18237 11964 0 7918 12266 14286 13401 13151 19153 16909 12551 7530 3354 15404 2820 13904 6842 17916 7427 9844 19526 9580 6039
8902 7415 12386 6205 8768 5039 1592 7861 8255 1547 11464 12104 2512 3727 4359 5188 15966 12212 3664 12541 14424 14545 4327 16519 7358 7266 12882 9250 9499 8343 6272 15513 10032 4680 13614 10505 14878 11417 7876 8127 3994 13983 8192 15673 4046 5929 8393 13619 9395 5867 8772 10572 10310 5617 15538 14204 4271 14248 8944 8946 9331 12445 8802 13017 10217 1878 8559 8987 11587 11608 4189 6671 3426 7114 7851 17004 2458 12303 10667 4644 7918 0 4687 7711 5512 6572 14781 9013 6479 4189 5235 10085 7606 15098 1330 10023 3809 6956 12359 3340 1991
6940 4641 8055 10890 4365 7208 5429 3197 7138 5975 10514 13921 6229 3874 9041 5837 12201 13746 4510 14478 15051 13007 7565 12768 7079 2900 8663 13173 4891 9949 6161 13776 7146 563 9592 6780 11160 9941 7120 9186 7386 15278 10030 11440 1909 5817 10919 14786 4710 10553 4568 7403 11159 2746 11541 14543 8957 11382 5654 9718 5585 8236 10149 9068 7993 4944 9280 10189 6900 13827 8301 6266 5794 6077 12522 16807 7097 7715 6014 4972 12266 4687 0 3693 3183 2857 11654 4967 3482 8298 9888 6818 12273 15529 6012 6653 7964 6919 7696 3176 6653
9676 7273 4693 13748 4946 8069 7851 2264 10261 8615 8278 13488 8366 5018 11829 6089 8519 13100 5660 14100 13601 10156 9087 9086 6085 1046 5172 14656 4485 9802 5655 10765 9196 3340 5972 3091 7471 7373 5699 8746 10965 14329 10051 7965 5572 5467 11362 13769 3598 13339 5544 3902 10240 2328 7919 12911 11792 7867 2259 8954 7012 4734 9767 5416 10436 8450 8555 9686 5182 13731 10368 9701 7257 4786 15154 14660 9840 4955 4964 8626 14286 7711 3693 0 6457 1167 8040 6107 1844 11712 12525 3304 14892 13902 9004 8310 11355 6182 5364 4793 9472
3871 1915 10088 11096 4150 9595 6873 4966 3956 7057 13691 16620 7816 6576 9505 8629 14657 16533 7090 17142 18075 16174 9493 15220 10142 5462 10814 14748 5281 12645 9158 16922 4571 3742 11917 9478 13680 13121 10250 12022 6292 18150 12650 13455 1740 8796 13295 17687 5723 10891 3845 10340 14091 5928 13818 17615 9359 14320 8625 12640 3950 10424 12929 11481 5052 4581 12204 13011 7707 16378 9686 3251 7985 9216 12945 19958 7854 9222 6514 2693 13401 5512 3183 6457 0 5886 14488 3877 6636 7645 10480 9743 12727 18592 6578 4515 7411 9933 8851 5812 7372
9376 6973 5856 12584 5200 7037 6684 2666 9801 7449 8160 12794 7207 3887 10663 5122 9528 12462 4545 13396 13220 10360 7978 10091 5442 1314 6315 13582 5010 8999 4851 11062 9139 2406 7060 4042 8460 7404 5191 8002 9928 13789 9211 9103 4765 4613 10444 13247 4271 12173 5715 4547 9656 1200 8999 12591 10628 8526 2797 8305 7106 5878 9023 6481 10256 7396 7888 8974 6102 12952 9220 9075 6137 4191 13988 14551 8676 6081 5702 7825 13151 6572 2857 1167 5886 0 8809 6255 1042 10615 11359 3965 13726 13587 7854 8366 10253 5462 6423 3630 8311
17453 15109 5921 20008 12086 12554 14274 9774 18203 15140 6643 14023 14363 11169 18144 10692 2872 13279 11499 14606 11779 5319 14142 3077 8867 9026 5188 18574 11070 12032 9522 5046 16582 11215 4019 5034 2419 5459 8059 10889 18530 13525 12493 5236 13561 9687 14138 12946 10049 19516 12769 4288 10779 9353 3857 10818 18180 1021 6031 10384 14235 5279 11576 3910 18006 15995 10260 11299 9835 14900 15880 17736 12787 8227 20940 10735 16317 7760 10652 16625 19153 14781 11654 8040 14488 8809 0 13308 8459 18969 18553 4850 20678 11555 15883 15510 18590 9315 8792 11443 16089
4471 2723 7900 14898 1229 12173 10131 3857 5662 10503 14352 18747 11014 8817 13228 10701 12739 18506 9468 19323 19465 16219 12482 13270 11586 5131 8709 18019 2327 14809 10822 16761 3275 5387 9964 8414 11922 13479 11421 13956 10156 19937 14926 10979 4973 10515 15877 19413 3282 14661 566 9716 15790 6985 11671 18846 13098 13415 8296 14387 934 8409 14951 9702 4742 8392 13956 14955 4522 18730 13030 6097 10748 10397 16708 20746 11454 6513 3269 6429 16909 9013 4967 6107 3877 6255 13308 0 7283 11521 14175 9148 16480 19842 10215 2238 11284 11526 5833 8140 10975
10252 7865 6274 12278 6241 6237 6343 3698 10585 7159 7199 11775 6747 3327 10354 4246 9487 11430 3923 12379 12185 9539 7315 10040 4405 2329 6623 12840 6039 8013 3858 10295 10111 2952 7203 4045 8399 6512 4150 6992 10086 12748 8243 9360 5336 3645 9526 12205 5268 11842 6747 4177 8616 895 9098 11565 10340 8067 2479 7273 8123 6191 8015 6585 11181 7546 6859 7956 7003 11959 8685 9746 5514 3149 13579 13576 8389 6756 6686 8346 12551 6479 3482 1844 6636 1042 8459 7283 0 10627 10981 3646 13315 12561 7697 9371 10255 4441 7205 3268 8065
9693 9199 16307 3977 11663 8234 5011 11455 8497 4210 15365 14588 5416 7875 3295 9048 20100 14897 7705 14898 17556 18533 6872 20657 11269 11126 16863 9613 12642 11332 10223 19534 11389 8466 17674 14618 19016 15448 11873 11454 1571 16724 11047 19658 6927 9911 10677 16465 12786 4012 11457 14752 13554 9749 19614 17498 3080 18433 13103 12338 11529 16428 11899 17095 10979 3367 12009 12149 14952 13803 5561 6840 6960 11199 5905 20467 3458 16000 13877 5326 7530 4189 8298 11712 7645 10615 18969 11521 10627 0 4182 14255 5753 18309 3212 11801 382 10830 15901 7528 3368
13306 12297 17202 1531 13994 6246 4675 13013 12292 3953 13700 11201 4267 7685 1006 7877 20222 11656 7189 11406 14635 16955 4586 20746 9914 12265 17599 5460 14732 8624 9079 18024 14771 9814 18153 14969 19130 14122 10672 9127 5592 13462 8228 20339 9210 8879 7386 13303 14595 1006 13969 14662 10949 10239 20003 14763 1194 17836 13264 10012 14409 17165 9253 17521 14632 5947 9791 9556 16778 10245 2782 10600 5772 10334 2646 17858 2791 17339 15892 8775 3354 5235 9888 12525 10480 11359 18553 14175 10981 4182 0 14282 2391 15451 3966 14955 4073 9444 17483 7746 3245
12954 10559 4089 15661 7931 8760 9772 5341 13564 10621 5951 12461 10016 6643 13752 6711 5950 11903 7094 13087 11648 7133 10171 6486 5550 4340 4007 15276 7164 9359 5744 7617 12350 6368 4066 1248 4856 4786 4832 8175 13731 12789 9733 6355 8727 5766 11286 12198 6136 15197 8584 599 9024 4539 5770 10829 13760 4580 1182 8043 10079 3670 9111 3415 13659 11190 7742 8928 6838 12993 11770 12975 8562 4435 16803 12072 11837 5472 7182 11789 15404 10085 6818 3304 9743 3965 4850 9148 3646 14255 14282 0 16538 11779 11259 11385 13880 5877 6341 6786 11555
15325 14496 19559 1775 16343 8177 7049 15404 14207 6343 15475 11934 6571 10000 3262 9990 22456 12515 9468 12019 15676 18712 6546 22971 11903 14651 19938 5128 17105 10032 11158 19795 16894 12204 20458 17272 21369 16021 12688 10733 7307 14243 9585 22663 11534 10995 8422 14180 16981 1844 16295 16893 12319 12593 22285 15936 3383 19919 15552 11581 16673 19506 10669 19820 16636 8151 11426 10990 19167 10830 4802 12529 7979 12455 265 19057 5177 19724 18271 10828 2820 7606 12273 14892 12727 13726 20678 16480 13315 5753 2391 16538 0 16521 6312 17153 5779 11436 19874 10103 5622
22444 20170 15644 16903 18769 10154 13647 16128 22425 14268 5828 4891 12986 12147 15708 10148 14425 4134 11795 5116 859 6339 11441 14606 8456 14767 15279 12080 18385 6981 9442 7030 22596 14975 14642 12997 13804 7043 8456 6973 18842 2889 7299 16541 16931 9808 8121 2603 17457 16394 19301 11460 4796 12955 15282 996 15869 10558 12068 6160 20682 15084 6412 14160 23522 16964 6565 6173 18564 6147 12948 21167 11680 9500 16716 2691 14851 17221 18721 19287 13904 15098 15529 13902 18592 13587 11555 19842 12561 18309 15451 11779 16521 0 15363 21919 17976 8664 18118 12897 14977
9708 8442 13688 4878 10033 5210 1812 9190 8897 1096 12164 12006 2383 4724 3053 5842 17174 12204 4504 12391 14645 15322 4102 17723 8061 8586 14170 8379 10799 8449 7012 16322 10998 6010 14871 11739 16083 12237 8661 8420 3480 14012 8227 16956 5246 6699 8164 13695 10717 4550 10003 11725 10572 6856 16785 14511 2953 15306 10139 9285 10476 13732 8971 14266 11038 2262 8931 9193 12910 11383 3423 7241 3797 7998 6553 17414 1283 13630 11977 5252 6842 1330 6012 9004 6578 7854 15883 10215 7697 3212 3966 11259 6312 15363 0 11086 2834 7627 13689 4473 806
2984 2659 9979 15477 3463 13777 11337 6077 4444 11565 16511 20573 12267 10513 13968 12489 14819 20384 11124 21131 21510 18444 13876 15337 13571 7311 10794 19240 4452 16602 12739 18996 1185 7150 12066 10646 14045 15672 13468 15822 10306 21879 16678 12906 6077 12412 17504 21371 5462 15310 2801 11954 17739 8980 13700 20923 13812 15639 10519 16314 1307 10521 16795 11844 2752 9015 15878 16825 6323 20470 14184 5454 12250 12431 17362 22907 12364 8456 5148 6478 17916 10023 6653 8310 4515 8366 15510 2238 9371 11801 14955 11385 17153 21919 11086 0 11624 13471 7654 9787 11883
9589 9006 15960 4011 11395 7884 4636 11131 8432 3841 14992 14299 5059 7493 3143 8673 19730 14594 7323 14618 17227 18156 6545 20287 10893 10780 16510 9463 12357 11003 9845 19155 11246 8120 17313 14250 18646 15069 11494 11106 1541 16421 10724 19305 6632 9532 10389 16154 12481 3996 11205 14375 13214 9378 19251 17159 2930 18052 12730 11988 11317 16075 11565 16732 10886 3052 11655 11811 14653 13532 5283 6760 6592 10818 5946 20120 3131 15673 13589 5167 7427 3809 7964 11355 7411 10253 18590 11284 10255 382 4073 13880 5779 17976 2834 11624 0 10456 15588 7148 3016
13792 11553 9778 10952 10578 3261 5819 8128 13765 6634 4537 7334 5544 3543 9200 1786 11392 7009 3331 7938 8146 7717 4897 11859 471 6768 9839 9456 10472 3651 778 8742 14052 6377 9925 6973 10349 4714 1259 2563 10935 8415 3953 12215 8267 1149 5434 7900 9707 10439 11020 6024 4270 4546 11500 7693 9279 8507 5318 2864 12296 9466 3585 9277 14898 8710 2437 3515 11350 7551 6686 12546 3914 1496 11694 10219 7624 10746 11117 10724 9844 6956 6919 6182 9933 5462 9315 11526 4441 10830 9444 5877 11436 8664 7627 13471 10456 0 11371 4268 7540
10294 8415 2877 18561 4896 13432 12862 4501 11483 13531 12290 18515 13503 10295 16686 11449 7416 18035 10962 19138 17986 13045 14396 7887 11192 5284 3613 20003 3653 15021 10931 13257 8835 7685 4861 5124 6833 11099 10653 13908 14812 19054 15309 5269 9006 10779 16683 18469 3156 18204 5469 6674 15136 7622 6191 17170 16615 9246 6255 13983 6594 3525 14914 4882 10394 12537 13620 14793 1332 18886 15561 11723 12548 9896 20129 18276 14710 1033 2565 11533 19526 12359 7696 5364 8851 6423 8792 5833 7205 15901 17483 6341 19874 18118 13689 7654 15588 11371 0 9947 14289
9679 7572 9457 9016 7464 4033 3083 5670 9538 3891 8518 10843 3580 765 7091 2819 12710 10727 1338 11382 12335 11444 4547 13256 4565 4663 9860 10208 7792 6861 3495 12364 10185 2772 10471 7307 11617 8290 4892 6211 7212 12339 6904 12617 4090 3122 7744 11880 7360 8586 7725 7254 8300 2493 12362 11938 7073 10910 5673 6850 8755 9425 7121 9852 10855 4755 6417 7199 9438 10685 5616 8281 2706 3984 10366 14478 5122 9687 8776 6466 9580 3340 3176 4793 5812 3630 11443 8140 3268 7528 7746 6786 10103 12897 4473 9787 7148 4268 9947 0 4800
10510 9242 14165 4290 10757 4868 1818 9802 9683 950 12058 11450 2051 4932 2396 5777 17497 11690 4606 11811 14238 15258 3583 18038 7991 9123 14615 7583 11488 8017 6982 16278 11803 6605 15266 12107 16403 12216 8640 8091 3955 13509 7759 17390 6002 6695 7571 13216 11363 3916 10749 11996 10205 7257 17162 14151 2333 15471 10464 8972 11256 14178 8566 14650 11841 3055 8641 8807 13551 10774 2678 8020 3633 8059 5869 17104 482 14189 12650 6043 6039 1991 6653 9472 7372 8311 16089 10975 8065 3368 3245 11555 5622 14977 806 11883 3016 7540 14289 4800 0
1 11 11 4
2 6 8 4
3 8 8 7
4 7 8 0
5 9 10 0
6 5 10 5
7 11 6 7
8 2 5 4
9 8 5 5
10 9 9 2
11 11 9 3
12 8 9 2
13 5 10 5
14 9 11 9
15 7 8 6
16 13 12 5
17 11 10 5
18 8 6 7
19 5 13 3
20 7 8 4
21 9 10 4
22 6 9 5
23 9 9 9
24 9 9 5
25 9 4 1
26 10 6 3
27 8 6 4
28 10 9 5
29 9 4 3
30 14 8 7
31 9 9 6
32 11 12 3
33 8 6 5
34 13 9 4
35 10 9 5
36 11 4 3
37 10 4 2
38 8 12 6
39 9 10 6
40 14 7 3
41 11 5 1
42 8 8 5
43 10 12 5
44 9 4 8
45 12 7 6
46 10 5 7
47 11 8 9
48 13 10 5
49 11 8 4
50 8 12 2
51 7 12 2
52 10 5 5
53 12 9 6
54 8 9 6
55 10 10 8
56 10 9 4
57 12 10 3
58 5 7 5
59 8 9 6
60 6 10 5
61 10 10 7
62 10 6 7
63 5 11 5
64 10 11 3
65 10 12 7
66 7 9 1
67 10 12 4
68 9 8 5
69 9 5 7
70 13 11 5
71 11 10 5
72 4 9 4
73 8 16 6
74 11 8 3
75 7 10 4
76 12 9 6
77 5 9 2
78 10 10 2
79 12 5 7
80 8 9 6
81 10 7 9
82 8 6 5
83 13 7 2
84 11 7 6
85 10 10 4
86 7 9 7
87 7 10 3
88 7 6 6
89 9 11 0
90 6 9 5
91 11 9 5
92 9 8 4
93 6 11 7
94 13 7 7
95 8 10 6
96 13 9 7
97 14 6 5
98 11 6 3
99 9 7 8
100 5 5 3
