700 100 3
30 60 700 9.00
0 8 67 2
0 12 92 1
0 4 49 2
0 18 79 1
0 1 39 3
0 5 62 3
0 3 96 3
0 3 18 3
0 16 84 2
0 11 100 1
0 3 10 2
0 8 47 3
0 3 27 2
0 6 54 3
0 12 34 2
0 8 34 1
0 14 19 2
0 4 24 1
0 3 73 3
0 3 35 3
0 8 5 3
0 7 72 1
0 20 68 2
0 14 35 1
0 19 72 3
0 21 18 1
0 19 53 3
0 2 87 2
0 1 6 1
0 6 91 1
0 5 89 1
0 1 22 1
0 4 50 3
0 9 66 2
0 4 4 1
0 16 52 3
0 5 81 1
0 13 95 1
0 6 76 2
0 7 25 2
0 6 25 2
0 14 37 3
0 11 80 1
0 14 8 3
0 1 17 3
0 1 13 2
0 1 3 3
0 5 13 2
0 19 27 2
0 8 98 1
0 11 72 3
0 5 34 3
0 15 48 1
0 17 99 1
0 4 69 1
0 2 75 3
0 7 46 3
0 4 26 1
0 10 34 3
0 2 8 1
0 10 33 1
0 18 44 2
0 2 5 2
0 16 53 3
0 1 26 1
0 2 8 1
0 14 65 2
0 9 32 2
0 5 67 3
0 17 1 2
0 12 49 2
0 6 47 1
0 7 46 2
0 2 47 1
0 8 54 3
0 3 79 1
0 3 78 3
0 22 34 1
0 4 1 1
0 9 59 3
0 9 43 1
0 18 53 2
0 6 31 3
0 7 34 2
0 4 43 1
0 19 56 3
0 2 91 1
0 8 89 3
0 14 2 2
0 1 53 3
0 11 91 3
0 13 66 2
0 4 8 3
0 24 7 3
0 5 76 1
0 10 84 3
0 8 72 3
0 5 47 2
0 11 81 2
0 15 96 1
0 1 6 1
0 21 12 1
0 5 39 3
0 3 48 2
0 8 55 1
0 1 22 3
0 1 74 1
0 1 92 1
0 10 47 3
0 15 49 1
0 10 96 2
0 3 97 1
0 13 8 1
0 16 63 1
0 2 21 3
0 11 53 1
0 1 18 1
0 11 60 1
0 9 39 1
0 1 90 3
0 6 93 1
0 3 87 1
0 1 81 1
0 8 37 1
0 23 13 2
0 12 10 3
0 11 61 2
0 17 97 2
0 6 31 2
0 4 37 1
0 2 81 1
0 6 14 3
0 5 90 3
0 22 3 2
0 13 42 2
0 13 58 2
0 2 39 2
0 1 21 3
0 2 35 1
0 9 28 3
0 20 77 1
0 7 37 2
0 4 19 1
0 4 85 1
0 10 92 2
0 3 52 3
0 9 45 2
0 11 13 3
0 11 74 1
0 3 66 2
0 2 36 2
0 21 12 2
0 5 88 1
0 22 14 3
0 1 8 1
0 15 24 3
0 8 33 1
0 7 10 1
0 4 91 1
0 13 73 3
0 2 34 1
0 8 37 1
0 3 89 1
0 20 78 3
0 5 74 2
0 2 52 1
0 12 83 1
0 11 25 3
0 10 55 1
0 1 25 2
0 2 3 3
0 4 57 1
0 19 26 1
0 9 70 1
0 23 12 1
0 1 82 2
0 7 78 2
0 14 76 1
0 17 31 2
0 11 91 3
0 4 75 2
0 13 85 1
0 20 64 2
0 9 87 3
0 6 47 3
0 3 92 3
0 2 51 1
0 4 66 2
0 1 75 3
0 19 17 2
0 3 56 2
0 4 95 3
0 10 81 2
0 6 2 3
0 17 100 3
0 1 35 3
0 10 85 1
0 1 96 2
0 8 25 1
0 5 76 1
0 1 40 3
0 6 81 2
0 6 75 2
0 15 87 3
0 11 83 1
0 21 8 1
0 19 33 3
0 1 38 2
0 8 42 1
0 16 57 2
0 2 43 3
0 22 97 3
0 10 60 3
0 8 95 1
0 9 62 1
0 10 82 2
0 7 87 3
0 21 98 3
0 12 16 2
0 8 39 3
0 7 59 3
0 2 90 2
0 14 33 2
0 7 42 3
0 9 61 2
0 3 43 2
0 2 61 3
0 8 52 3
0 5 2 3
0 4 60 3
0 1 54 2
0 4 47 1
0 3 61 3
0 6 21 2
0 17 13 1
0 2 74 3
0 20 95 2
0 23 50 2
0 7 5 1
0 7 44 1
0 5 39 3
0 3 57 2
0 6 32 1
0 10 92 1
0 14 34 2
0 9 46 3
0 1 48 3
0 18 84 3
0 15 78 1
0 16 88 3
0 19 13 3
0 12 92 3
0 10 19 2
0 6 25 3
0 2 18 2
0 1 77 3
0 2 66 2
0 1 79 3
0 1 30 3
0 1 95 3
0 9 3 1
0 6 38 2
0 11 30 3
0 1 96 1
0 6 41 1
0 3 58 2
0 6 53 3
0 14 50 1
0 12 50 1
0 11 2 2
0 7 72 3
0 15 100 3
0 18 68 3
0 14 70 1
0 5 19 1
0 6 16 1
0 19 78 1
0 17 41 3
0 1 38 3
0 14 37 2
0 5 89 1
0 6 73 3
0 5 76 2
0 7 24 2
0 5 19 1
0 9 58 3
0 8 43 3
0 3 69 1
0 1 26 2
0 4 37 1
0 22 8 2
0 5 23 3
0 9 39 3
0 5 38 1
0 2 78 2
0 16 93 2
0 5 32 1
0 3 44 1
0 7 23 3
0 9 20 2
0 3 46 2
0 3 85 1
0 9 41 2
0 13 55 1
0 8 30 2
0 11 55 1
0 3 65 1
0 17 84 3
0 18 28 2
0 13 73 2
0 4 10 1
0 9 53 3
0 7 98 1
0 4 19 1
0 10 38 3
0 14 86 2
0 10 73 2
0 16 50 1
0 10 77 2
0 14 12 3
0 5 95 1
0 1 40 3
0 12 60 2
0 9 86 2
0 1 21 1
0 1 97 1
0 18 20 3
0 4 35 1
0 6 92 3
0 24 95 1
0 6 30 2
0 7 51 2
0 3 74 3
0 5 75 1
0 1 84 2
0 1 9 2
0 12 74 2
0 4 77 3
0 16 55 3
0 17 5 2
0 10 99 2
0 2 16 1
0 16 6 1
0 12 92 1
0 3 16 1
0 12 41 1
0 9 71 3
0 11 63 1
0 7 43 2
0 6 29 1
0 21 8 2
0 15 33 1
0 10 7 3
0 1 34 1
0 9 23 2
0 3 63 2
0 4 42 2
0 3 91 1
0 5 23 1
0 10 84 2
0 25 33 1
0 5 97 1
0 9 3 2
0 16 72 1
0 11 28 3
0 9 44 1
0 13 43 1
0 10 67 2
0 1 85 3
0 13 77 3
0 12 23 1
0 18 53 2
0 18 92 3
0 9 56 1
0 1 34 2
0 1 82 3
0 7 76 1
0 2 63 1
0 1 52 3
0 12 43 3
0 2 65 2
0 18 78 3
0 11 98 2
0 18 37 1
0 3 68 1
0 13 83 2
0 3 73 3
0 7 19 1
0 2 76 3
0 4 90 2
0 14 71 3
0 8 49 2
0 20 43 1
0 12 53 3
0 22 76 2
0 5 62 1
0 11 87 1
0 4 19 1
0 5 24 3
0 4 19 3
0 12 10 1
0 5 74 1
0 6 57 3
0 19 26 2
0 2 2 2
0 8 64 2
0 7 92 1
0 18 99 3
0 18 72 2
0 1 80 1
0 1 3 3
0 3 51 1
0 11 42 1
0 9 69 3
0 23 6 3
0 5 24 3
0 18 27 2
0 6 17 3
0 8 64 2
0 3 69 2
0 16 14 2
0 11 91 3
0 1 41 1
0 1 66 2
0 10 31 2
0 10 41 1
0 10 27 1
0 2 26 2
0 13 46 1
0 22 46 1
0 10 13 3
0 3 36 2
0 1 43 3
0 25 80 3
0 4 54 1
0 20 54 3
0 6 8 1
0 3 2 3
0 6 14 3
0 10 54 1
0 3 61 3
0 14 88 3
0 15 70 2
0 2 16 1
0 7 7 1
0 9 30 3
0 14 67 2
0 13 9 3
0 3 27 1
0 13 52 2
0 16 38 1
0 5 96 1
0 25 30 2
0 4 66 1
0 8 49 1
0 24 27 3
0 9 62 2
0 1 90 3
0 10 89 3
0 3 15 1
0 4 50 2
0 4 26 1
0 16 10 2
0 6 57 2
0 2 95 3
0 5 85 2
0 15 65 2
0 3 26 1
0 16 2 2
0 16 63 2
0 15 36 1
0 3 43 2
0 17 79 3
0 4 50 2
0 5 10 1
0 19 25 3
0 2 40 2
0 3 29 2
0 11 77 1
0 2 43 2
0 2 39 2
0 6 71 1
0 1 35 1
0 14 88 2
0 14 96 2
0 1 8 3
0 15 42 1
0 6 72 2
0 4 11 2
0 6 27 2
0 3 3 2
0 6 88 3
0 8 15 3
0 2 42 1
0 2 6 1
0 5 72 2
0 19 55 1
0 3 65 3
0 11 68 3
0 4 16 3
0 22 81 1
0 9 80 2
0 7 92 2
0 3 49 1
0 3 8 1
0 4 98 2
0 3 97 1
0 3 55 2
0 1 2 2
0 12 62 2
0 25 16 1
0 3 50 1
0 4 43 3
0 1 30 2
0 1 6 2
0 1 97 1
0 3 11 3
0 11 12 2
0 9 13 1
0 1 20 2
0 11 88 3
0 19 73 1
0 1 82 1
0 8 42 3
0 12 100 1
0 2 68 1
0 24 85 3
0 25 43 1
0 13 31 3
0 5 17 1
0 7 82 2
0 16 28 2
0 9 99 3
0 9 81 3
0 3 31 3
0 5 27 1
0 4 48 3
0 1 78 3
0 4 56 2
0 1 93 3
0 16 38 3
0 5 96 1
0 2 37 2
0 1 69 3
0 2 62 3
0 3 94 1
0 17 87 3
0 6 36 2
0 7 21 2
0 2 51 1
0 3 18 2
0 5 16 2
0 21 54 2
0 3 75 3
0 7 30 3
0 8 11 3
0 25 51 1
0 18 86 2
0 14 85 3
0 11 70 2
0 7 13 1
0 2 30 3
0 3 59 3
0 11 55 1
0 7 41 1
0 13 57 3
0 3 25 3
0 8 43 2
0 5 55 2
0 2 24 3
0 17 7 1
0 9 21 1
0 2 90 2
0 8 43 3
0 8 4 3
0 9 16 1
0 20 67 2
0 7 23 3
0 12 58 2
0 14 41 2
0 4 12 3
0 10 18 1
0 2 83 1
0 25 91 2
0 6 28 1
0 15 76 1
0 10 57 2
0 17 46 1
0 3 35 3
0 15 74 1
0 2 65 3
0 13 87 2
0 2 28 3
0 6 31 2
0 19 70 2
0 24 76 1
0 16 34 3
0 7 79 2
0 9 61 3
0 2 85 1
0 4 73 1
0 8 32 1
0 18 100 2
0 18 69 2
0 6 34 1
0 8 70 2
0 1 23 3
0 1 72 1
0 5 67 1
0 2 71 1
0 4 63 3
0 12 88 3
0 4 9 2
0 1 15 3
0 10 76 1
0 1 90 3
0 14 66 2
0 2 18 3
0 25 7 1
0 6 94 3
0 3 18 1
0 21 81 3
0 14 56 1
0 3 13 3
0 6 63 2
0 3 77 3
0 16 48 2
0 9 47 1
0 3 75 2
0 1 24 2
0 8 55 3
0 2 7 3
0 14 54 3
0 4 67 1
0 1 28 1
0 4 77 2
0 16 47 1
0 9 75 1
0 1 40 1
0 2 98 1
0 6 46 3
0 2 85 3
0 2 83 1
0 20 64 2
0 3 22 2
0 7 34 2
0 7 78 2
0 10 60 3
0 21 67 3
0 14 4 1
0 2 45 2
0 4 29 2
0 11 89 1
0 11 60 3
0 18 15 3
0 7 70 2
0 7 28 1
0 7 23 1
0 7 36 1
0 1 25 3
0 18 44 3
0 2 92 1
0 7 59 2
0 8 64 1
0 2 41 2
0 22 19 2
0 12 89 1
0 3 46 3
0 7 89 1
0 11 22 1
0 4 81 2
0 16 41 1
0 9 79 3
0 8 66 2
0 4 9 2
0 11 12 1
0 25 27 2
0 6 69 3
0 5 75 1
0 6 25 2
0 4 15 1
0 3 90 2
0 2 81 2
0 10 27 3
0 2 76 3
0 23 46 3
0 23 86 3
0 7 58 3
0 19 30 3
0 9 85 3
0 6 50 1
0 13 34 1
0 9 28 3
0 22 26 2
0 4 10 1
0 3 68 2
0 8 67 1
0 2 36 1
0 22 50 3
0 24 18 1
0 15263 13870 13850 15807 4207 10127 15302 6426 5920 11666 5566 18584 16456 11329 16828 10999 2191 14205 5438 10701 15357 15309 19364 17611 11979 13472 9625 2127 8375 17758 9897 16790 12352 11354 2592 20473 20452 21664 13789 16388 5867 12775 18526 12183 19049 14434 12154 16238 16528 16859 14074 4169 16483 11809 15386 13552 1956 15161 8051 19094 5158 963 12171 11270 12146 16783 11904 11209 16114 11379 2952 361 22511 11936 11814 19804 7464 7927 1341 18635 20463 10049 1898 5872 8645 14277 17646 14519 13498 15569 12065 11464 8861 17725 9037 10133 14041 11974 14387 15612
15263 0 11601 6007 9747 16075 5218 1474 11146 13241 5530 17864 6627 1489 7666 6430 8861 16172 11329 14601 6508 309 8593 6982 6660 10837 6920 13785 17304 9720 13123 5915 10993 6363 13956 13451 5922 8418 7225 6960 1417 13064 6814 7998 8994 4865 11761 13234 7226 14970 17086 1196 13023 1617 8751 16186 11434 16923 10529 12655 3875 18482 15282 4576 7491 6159 2568 17041 5847 882 16469 13620 15598 8042 8798 10335 6371 9267 8557 14116 6627 8317 5545 15246 16330 7507 1135 7529 4478 4981 4770 6905 9156 10076 17079 6538 9766 1310 11953 4380 1349
13870 11601 0 15858 19745 17308 9351 10328 14950 8192 13798 19077 18166 12994 15575 17572 3825 15915 513 17200 6279 11903 18647 18573 17995 18567 16379 19302 14922 5891 23041 12076 21093 5403 20435 14051 17087 20011 18335 16596 12931 16310 15852 19346 2921 16332 565 20393 17992 23788 25331 10944 14979 11338 3338 24036 19878 15783 20028 17487 14371 18946 13178 13268 4816 14827 14166 22693 13691 12244 22052 10931 14003 19048 16951 2249 17932 13789 7320 12591 18172 19914 11614 15218 18568 12782 10652 18724 7272 6620 7519 15439 16938 15891 25733 8575 16547 10632 19386 7325 10640
13850 6007 15858 0 3957 13047 6734 7359 7928 14315 2454 14542 4838 5841 2823 2985 12311 13933 15733 11120 9665 5781 2815 5646 3776 5205 980 8849 15968 11860 7352 4602 5292 10526 8540 11429 7797 6617 8688 955 5826 9579 1293 4707 12953 6349 16174 7604 2524 8966 11089 5735 10331 7530 12570 10242 5500 15005 4559 8315 7959 15456 14246 2630 11087 1711 5105 11707 2826 6209 11206 13372 14211 9461 3292 14027 6428 6424 10143 13088 4895 6639 4820 13091 12715 5306 6185 3834 9775 9770 10411 1901 3812 5858 11074 7958 4951 6043 6327 9628 7330
15807 9747 19745 3957 0 13965 10483 11169 9402 17417 6000 15090 5754 9262 4811 4126 16122 15359 19639 11861 13501 9487 1162 6427 4608 4324 3371 8308 17831 15408 3405 8000 1348 14454 7249 13229 9711 6580 10164 3150 9267 10531 3955 4361 16828 8517 20079 6013 2889 5522 7839 9631 11807 11154 16432 7356 3361 16567 1254 8640 10834 16184 16389 6479 14945 4983 8242 10178 6199 9780 9843 15975 16157 10747 3885 17847 7780 8530 13637 15319 5819 6690 8353 14643 13161 8113 10071 3788 13715 13728 14313 4509 4343 6966 7583 11575 5700 9948 5059 13571 11095
4207 16075 17308 13047 13965 0 11475 16492 5169 9847 11357 1884 17877 17002 10246 15964 14003 2214 17578 2118 13014 16089 13757 18688 16761 9721 12410 6394 5153 11488 15229 10190 14697 14760 8115 3288 20490 19553 21551 12700 16944 3501 11801 17421 15212 19014 17863 9158 15112 13433 13355 14967 3059 17522 14790 11916 11129 3398 13066 5365 19660 2442 5169 12113 13933 11484 17019 7972 10900 16838 7515 6836 4337 22367 10366 15125 19422 6944 10506 5070 17936 19598 10531 2338 1696 8631 15276 16561 16472 15578 17536 11147 9810 7265 14314 10804 8413 15026 9358 16319 16745
10127 5218 9351 6734 10483 11475 0 5183 7126 8286 4486 13339 10181 6548 6239 9011 5645 11231 9303 10356 3074 5357 9430 10813 9619 9345 7117 10875 12129 5235 13718 2771 11825 4400 11653 8544 10876 12169 12153 7362 6476 8966 6543 10891 6435 9588 9733 11377 9107 14479 16138 4023 8446 6357 6013 14917 10570 11867 10690 9289 9092 13785 10090 4106 4538 5512 7163 14347 4345 6094 13715 8405 10451 12999 7623 7372 10748 5401 3669 8937 10210 12121 2280 10309 12054 3864 4172 10124 5159 4471 6193 6094 7656 7108 16465 1425 7471 3946 10259 4996 5487
15302 1474 10328 7359 11169 16492 5183 0 11745 12718 6571 18323 8038 2682 8762 7903 7858 16393 10028 15159 5738 1773 10010 8343 8122 12004 8238 14720 17281 9047 14556 6533 12430 5265 15021 13689 6865 9771 8153 8303 2623 13661 8063 9454 7847 6007 10453 14374 8691 16318 18392 1775 13434 1271 7649 17444 12705 17050 11909 13465 4398 18858 15228 5631 6510 7318 3903 18053 6825 1926 17463 13417 15623 8928 9973 9221 7608 9875 8107 14092 8034 9663 6089 15468 16887 8114 1340 9000 3096 3753 3301 8074 10287 10938 18425 6325 10765 1573 13104 3019 361
6426 11146 14950 7928 9402 5169 7126 11745 0 9411 6195 6815 12765 11955 5175 10882 11210 6065 15088 3462 9444 11125 8977 13573 11680 5602 7362 4425 8429 9183 11387 5239 10365 11135 5835 3836 15326 14501 16382 7665 11901 1920 6715 12432 12345 13848 15455 6250 10116 10497 11291 10105 2448 12667 11889 9843 7197 7215 8736 2563 14592 7606 7076 6979 10687 6327 11893 7745 5742 11858 7106 7143 6770 17199 5563 12706 14264 1880 7630 6099 12823 14536 5658 5281 5187 3645 10459 11559 12285 11557 13314 6037 5064 2439 11993 6933 3711 10211 5763 12121 11959
5920 13241 8192 14315 17417 9847 8286 12718 9411 0 11861 11424 18371 14679 12609 17002 6107 8086 8586 10372 7073 13441 16585 19042 17686 14593 14342 13693 6738 3806 20139 9715 18647 8269 15226 6908 19092 20359 20383 14647 14606 10021 13643 18873 7123 17851 8753 15644 16835 19784 20701 12099 8314 13989 6861 19254 16168 7733 17174 11844 17040 11078 5110 11913 6921 12715 15417 16663 11506 14117 16061 3021 5984 21222 13713 6370 19033 9220 4690 4794 18406 20323 9551 7554 11360 9304 12113 18045 10876 9781 11795 12988 13428 11339 21382 6862 12442 11932 15020 10790 13075
11666 5530 13798 2454 6000 11357 4486 6571 6195 11861 0 12999 6928 5985 2202 5269 10130 11971 13719 9600 7528 5412 4970 7700 6020 5486 2645 8265 13793 9476 9244 2148 7340 8610 8453 9357 9134 8836 10214 2910 5942 8028 2058 7088 10877 7658 14155 7817 4975 10246 12113 4797 8453 7147 10469 11038 6405 12964 6234 7249 8531 13798 11990 954 8984 1030 5743 11515 465 6060 10939 10989 12027 11041 3501 11857 8185 4450 7734 10815 6977 8835 2399 11090 11288 3022 5244 6233 8366 8128 9173 1692 3743 4645 12303 5599 4236 5032 6560 8205 6664
5566 17864 19077 14542 15090 1884 13339 18323 6815 11424 12999 0 19338 18746 11720 17400 15837 3377 19362 3424 14895 17866 14999 20151 18193 10776 13841 7055 5907 13297 16007 11958 15700 16639 8658 5136 22113 20943 23139 14117 18690 4986 13270 18766 17046 20635 19636 9823 16479 13901 13501 16771 4898 19332 16629 12125 12056 4179 14101 6470 21394 1232 6488 13794 15799 13043 18708 7793 12550 18611 7460 8405 5599 23944 11681 16915 20958 8654 12367 6635 19399 20997 12321 3891 1931 10380 17091 17922 18352 17461 19416 12646 11111 8691 14521 12686 9743 16841 10246 18199 18569
18584 6627 18166 4838 5754 17877 10181 8038 12765 18371 6928 19338 0 5418 7633 1961 15129 18758 17919 15924 12553 6319 5040 813 1215 9290 5500 13266 20710 15382 8356 8891 6435 12818 12591 16219 4032 1990 4413 5233 5465 14397 6078 1773 15449 3094 18355 11452 3098 11142 13497 7231 15164 7415 15155 13105 8885 19811 6982 13005 5805 20277 18918 6567 13776 6483 4161 15684 7380 6157 15274 17845 18945 5031 7769 16727 2027 11226 13846 17742 66 1953 8920 17906 17484 9947 7515 1982 11104 11565 11308 6733 8339 10649 13103 11587 9636 7537 10298 11007 7801
16456 1489 12994 5841 9262 17002 6548 2682 11955 14679 5985 18746 5418 0 7957 5566 10341 17245 12704 15415 7996 1247 8142 5675 5647 10946 6811 14201 18525 11195 12554 6820 10424 7821 14191 14528 4440 7097 5743 6782 74 13855 6860 6936 10443 3387 13130 13361 6539 14663 16866 2581 13975 2028 10212 16074 11339 18055 10176 13233 2668 19430 16526 5070 8973 6401 1258 17330 6374 757 16785 14943 16797 6566 8930 11795 4939 10094 9990 15350 5408 6986 6525 16324 17133 8372 2615 6585 5778 6388 5898 7099 9356 10629 16765 7913 10150 2764 12074 5700 2407
11329 7666 15575 2823 4811 10246 6239 8762 5175 12609 2202 11720 7633 7957 0 5721 11811 11229 15540 8299 9309 7523 4069 8445 6519 3292 2187 6263 13419 10777 7688 3502 6045 10561 6290 8824 10544 9330 11485 2494 7923 6765 1555 7265 12666 9076 15968 5616 4951 8244 9996 6991 7611 9281 12238 8873 4342 12345 4648 5530 10370 12645 11815 3131 10773 1557 7507 9393 2053 8125 8836 11221 11687 12269 1387 13529 9249 3876 8989 10697 7692 9367 3963 10416 9892 3309 7440 6388 10524 10223 11357 947 1543 3035 10254 7088 2227 7232 4358 10361 8842
16828 6430 17572 2985 4126 15964 9011 7903 10882 17002 5269 17400 1961 5566 5721 0 14293 16909 17374 13992 11655 6131 3235 2767 798 7355 3560 11313 18948 14245 7140 7347 5062 12170 10678 14413 5638 3633 6241 3284 5590 12475 4169 1883 14752 4394 17816 9564 1258 9639 11964 6716 13300 7578 14417 11444 7049 17988 5283 11049 6767 18353 17209 5089 12978 4683 4394 13794 5696 6209 13367 16257 17189 6921 5808 15956 3849 9409 12617 16044 2025 3658 7456 16071 15538 8242 7085 1152 10812 11096 11196 4848 6379 8717 11677 10365 7683 7042 8384 10693 7740
10999 8861 3825 12311 16122 14003 5645 7858 11210 6107 10130 15837 15129 10341 11811 14293 0 12868 3896 13664 2654 9135 15054 15632 14798 14756 12752 15521 12413 2625 19362 8310 17465 2630 16620 10715 14705 17058 16001 12988 10270 12663 12188 16130 1209 13725 4286 16568 14574 19996 21511 7968 11453 9057 811 20212 16090 12955 16329 13724 12221 15858 10468 9686 1370 11157 11383 18935 9984 9638 18293 8213 11198 16784 13178 1727 15202 9980 3620 9663 15144 16980 7868 12082 15128 8960 7779 15440 5265 4248 6005 11732 13144 12069 21925 4763 12724 7693 15564 5231 8212
2191 16172 15915 13933 15359 2214 11231 16393 6065 8086 11971 3377 18758 17245 11229 16909 12868 0 16229 3952 12269 16227 15013 19559 17705 11264 13416 8329 2963 10267 16940 10473 16212 13978 10075 2721 21027 20538 22158 13722 17181 4891 12755 18492 14070 19568 16478 11025 16177 15369 15441 15011 3619 17511 13675 13986 12764 1279 14570 7022 19911 3031 3113 12612 12998 12278 17422 10167 11506 16987 9693 5083 2230 22994 11591 13807 20152 7545 9578 3339 18814 20567 10723 926 3907 9032 15267 17617 15958 14987 17021 12064 11066 8434 16370 10325 9675 15022 11061 15815 16678
14205 11329 513 15733 19639 17578 9303 10028 15088 8586 13719 19362 17919 12704 15540 17374 3896 16229 0 17415 6231 11634 18531 18309 17779 18573 16279 19415 15304 6116 22954 12050 20987 5227 20513 14310 16747 19746 17987 16489 12641 16489 15768 19132 2880 16023 443 20439 17826 23770 25350 10714 15194 11008 3322 24069 19859 16128 19953 17612 14012 19257 13532 13160 4768 14747 13889 22822 13629 11950 22181 11276 14348 18691 16921 2457 17637 13876 7464 12915 17924 19647 11578 15516 18809 12814 10406 18525 6952 6356 7145 15374 16926 15955 25731 8597 16576 10398 19412 7014 10333
5438 14601 17200 11120 11861 2118 10356 15159 3462 10372 9600 3424 15924 15415 8299 13992 13664 3952 17415 0 12306 14584 11683 16737 14787 7605 10432 4380 6876 11309 13126 8688 12580 14047 6123 3470 18699 17553 19717 10713 15362 1572 9851 15395 14856 17220 17739 7103 13096 11426 11512 13546 2222 16111 14415 10050 9013 5228 10951 3248 18048 4376 6361 10417 13389 9620 15328 6488 9157 15319 5947 7503 5675 20520 8317 14965 17533 5336 10057 5878 15985 17604 9088 3617 1730 7094 13890 14542 15483 14673 16533 9223 7753 5276 12426 9916 6367 13640 7249 15323 15385
10701 6508 6279 9665 13501 13014 3074 5738 9444 7073 7528 14895 12553 7996 9309 11655 2654 12269 6231 12306 0 6757 12422 13086 12176 12369 10130 13550 12438 3321 16772 5822 14847 1748 14491 9799 12426 14502 13729 10360 7923 11106 9585 13502 3361 11343 6660 14316 11921 17542 19159 5502 10181 7001 2943 17907 13631 12615 13752 11839 10128 15116 10385 7045 1464 8557 8946 17015 7412 7342 16375 8294 10966 14540 10691 4362 12746 7963 2796 9378 12571 14430 5347 11397 13905 6692 5384 12799 3910 2836 4920 9161 10704 9911 19514 2537 10422 5258 13244 3800 6099
15357 309 11903 5781 9487 16089 5357 1773 11125 13441 5412 17866 6319 1247 7523 6131 9135 16227 11634 14584 6757 0 8335 6676 6354 10666 6706 13676 17408 9948 12856 5909 10725 6651 13811 13507 5687 8113 6989 6735 1173 13040 6624 7690 9286 4596 12066 13069 6941 14737 16867 1348 13042 1774 9037 15983 11230 16997 10287 12580 3746 18503 15394 4461 7765 6002 2271 16909 5746 760 16342 13762 15694 7813 8628 10622 6082 9248 8753 14224 6318 8013 5559 15303 16311 7494 1374 7227 4787 5283 5073 6741 8999 9992 16847 6700 9645 1518 11785 4689 1625
15309 8593 18647 2815 1162 13757 9430 10010 8977 16585 4970 14999 5040 8142 4069 3235 15054 15013 18531 11683 12422 8335 0 5778 3838 4409 2325 8453 17371 14432 4566 7034 2479 13334 7605 12759 8873 6165 9434 2068 8144 10274 2975 3910 15735 7607 18972 6432 1981 6557 8831 8470 11416 10013 15344 8230 3846 16189 2090 8531 9811 16048 15840 5381 13858 3978 7156 10660 5211 8643 10269 15289 15664 10071 3423 16777 7034 7912 12673 14739 5106 6253 7354 14256 13084 7301 8910 3178 12557 12581 13152 3600 3958 6580 8645 10567 5358 8787 5328 12413 9940
19364 6982 18573 5646 6427 18688 10813 8343 13573 19042 7700 20151 813 5675 8445 2767 15632 19559 18309 16737 13086 6676 5778 0 2001 10071 6312 14060 21490 15984 8852 9630 7011 13265 13357 17011 3574 1438 3764 6045 5729 15209 6890 2202 15902 2909 18742 12205 3869 11730 14090 7684 15968 7613 15623 13753 9619 20606 7669 13815 5680 21089 19687 7302 14271 7282 4440 16436 8155 6429 16035 18580 19724 4320 8575 17202 1484 12023 14482 18508 752 1349 9639 18705 18297 10722 7934 2640 11433 11956 11567 7543 9146 11462 13653 12228 10447 7979 11066 11346 8081
17611 6660 17995 3776 4608 16761 9619 8122 11680 17686 6020 18193 1215 5647 6519 798 14798 17705 17779 14787 12176 6354 3838 2001 0 8076 4355 12058 19732 14853 7401 8070 5396 12603 11376 15204 5106 2842 5597 4075 5681 13272 4968 1354 15208 3981 18219 10239 1884 10063 12409 7073 14098 7676 14887 11963 7682 18781 5817 11831 6528 19149 17982 5784 13467 5467 4417 14472 6455 6338 14059 17002 17972 6238 6582 16440 3197 10200 13252 16815 1282 2863 8156 16866 16328 9010 7412 992 11107 11459 11423 5645 7154 9512 12062 10994 8469 7394 9083 10996 7928
11979 10837 18567 5205 4324 9721 9345 12004 5602 14593 5486 10776 9290 10946 3292 7355 14756 11264 18573 7605 12369 10666 4409 10071 8076 0 4234 4045 13902 13399 5787 6575 4977 13729 3360 9392 12833 10567 13571 4366 10922 6376 4086 8316 15693 11436 18991 2416 6204 5302 6793 10243 7842 12439 15252 5602 1603 12509 3346 4360 13163 11885 12670 6392 13819 4689 10301 6522 5340 11211 6049 12650 12314 14273 2039 16445 11195 5379 11628 11699 9356 10651 7080 10621 8846 5826 10697 7551 13812 13482 14649 3936 1751 3289 7170 9994 2163 10495 1129 13649 12063
13472 6920 16379 980 3371 12410 7117 8238 7362 14342 2645 13841 5500 6811 2187 3560 12752 13416 16279 10432 10130 6706 2325 6312 4355 4234 0 7948 15574 12109 6689 4721 4717 11110 7578 10991 8690 7149 9529 319 6795 8917 715 5080 13461 7259 16718 6627 2771 8086 10166 6568 9798 8466 13062 9287 4538 14527 3768 7521 8935 14794 13925 3125 11576 1658 6084 10746 2894 7161 10252 13198 13832 10281 2370 14477 7219 6008 10355 12788 5561 7189 5030 12599 11985 5128 7024 4203 10534 10458 11217 1421 2915 5157 10191 8242 4146 6866 5353 10383 8228
9625 13785 19302 8849 8308 6394 10875 14720 4425 13693 8265 7055 13266 14201 6263 11313 15521 8329 19415 4380 13550 13676 8453 14060 12058 4045 7948 0 11229 13592 8952 8393 8747 15161 1747 7254 16636 14605 17461 8150 14164 3819 7586 12357 16619 15197 19794 2783 10207 7049 7242 12957 5611 15397 16163 5767 5082 9607 7207 1870 16632 8242 10484 9215 14882 7817 13765 3474 7938 14321 2840 11154 9904 18194 5578 17067 15116 5589 11993 9774 13331 14686 8907 7919 5159 7017 13380 11581 15902 15331 16865 7170 5039 3827 8101 11014 4052 13148 3277 15735 14855
2127 17304 14922 15968 17831 5153 12129 17281 8429 6738 13793 5907 20710 18525 13419 18948 12413 2963 15304 6876 12438 17408 17371 21490 19732 13902 15574 11229 0 9809 19652 12015 18776 14022 12975 4612 22580 22574 23777 15890 18456 7623 14881 20636 13555 21161 15485 13874 18343 18239 18386 16111 6062 18481 13217 16926 15450 1774 17139 9805 21151 5084 2066 14295 12852 14266 18881 13122 13336 18162 12654 4214 1768 24625 13978 13009 21928 9568 9643 3192 20761 22586 12155 3330 6827 10772 16296 19756 16316 15267 17350 14172 13490 10866 19302 10972 12137 16064 13809 16192 17599
8375 9720 5891 11860 15408 11488 5235 9047 9183 3806 9476 13297 15382 11195 10777 14245 2625 10267 6116 11309 3321 9948 14432 15984 14853 13399 12109 13592 9809 0 18464 7408 16721 4472 14850 8208 15635 17364 16937 12384 11121 10444 11466 16126 3810 14482 6431 14960 14298 18700 20007 8638 9087 10314 3435 18641 14854 10331 15418 11743 13423 13270 7848 9271 3151 10454 12054 16918 9221 10577 16281 5600 8574 17760 12069 3661 15794 8246 1789 7041 15408 17308 7080 9499 12693 7606 8585 15354 7070 5975 7993 10904 11928 10428 20524 3907 11271 8431 14077 6986 9407
17758 13123 23041 7352 3405 15229 13718 14556 11387 20139 9244 16007 8356 12554 7688 7140 19362 16940 22954 13126 16772 12856 4566 8852 7401 5787 6689 8952 19652 18464 0 11111 2133 17798 7412 15174 12382 8507 12579 6504 12565 12059 7189 6651 20120 11375 23392 6193 6028 3216 5481 13035 13606 14490 19713 5608 4206 18203 3048 9924 13896 17192 18456 9813 18228 8215 11468 9637 9379 13110 9507 18378 18089 13016 6450 21089 10322 10970 16676 17481 8413 8653 11514 16347 14107 10945 13474 6432 17119 17117 17716 7633 6711 9028 4866 14719 7800 13352 5884 16974 14472
9897 5915 12076 4602 8000 10190 2771 6533 5239 9715 2148 11958 8891 6820 3502 7347 8310 10473 12050 8688 5822 5909 7034 9630 8070 6575 4721 8393 12015 7408 11111 0 9317 7157 9004 7774 10595 10843 11770 5007 6760 7160 4062 9195 9172 9158 12475 8648 7120 11720 13368 4866 7156 7428 8741 12155 7810 11354 8064 6983 9485 12614 10124 2329 7282 3063 6951 11831 1828 6654 11213 8954 10252 12616 4875 10029 9937 3360 5641 8937 8934 10829 525 9560 10417 1595 5229 8351 7524 7032 8474 3500 4886 4566 13697 3609 4753 4982 7504 7357 6732
16790 10993 21093 5292 1348 14697 11825 12430 10365 18647 7340 15700 6435 10424 6045 5062 17465 16212 20987 12580 14847 10725 2479 7011 5396 4977 4717 8747 18776 16721 2133 9317 0 15800 7475 14201 10462 6893 10774 4498 10434 11336 5289 4828 18176 9375 21427 6206 3912 4719 7079 10928 12720 12357 17779 6828 3666 17444 1642 9333 11828 16833 17413 7827 16292 6319 9350 10183 7527 10977 9923 17108 17135 11283 4987 19191 8445 9646 14944 16372 6496 7024 9681 15537 13771 9354 11363 4463 15028 15060 15606 5817 5378 7931 6672 12903 6659 11247 5477 14886 12342
12352 6363 5403 10526 14454 14760 4400 5265 11135 8269 8610 16639 12818 7821 10561 12170 2630 13978 5227 14047 1748 6651 13334 13265 12603 13729 11110 15161 14022 4472 17798 7157 15800 0 16025 11536 12129 14700 13418 11307 7752 12829 10634 13953 2639 11206 5670 15776 12600 18799 20518 5587 11928 6441 2392 19312 14903 14282 14827 13487 9602 16846 11986 7986 1384 9629 8920 18634 8571 7097 17996 9834 12605 14191 11947 3975 12733 9591 4427 11020 12827 14612 6649 13115 15651 8211 5335 13322 2676 1623 3530 10292 12021 11457 20814 4202 11870 5287 14657 2624 5613
11354 13956 20435 8540 7249 8115 11653 15021 5835 15226 8453 8658 12591 14191 6290 10678 16620 10075 20513 6123 14491 13811 7605 13357 11376 3360 7578 1747 12975 14850 7412 9004 7475 16025 0 8946 16190 13751 16911 7722 14162 5515 7364 11497 17674 14796 20907 1270 9493 5318 5548 13246 7296 15571 17220 4075 3893 11352 6056 3417 16481 9867 12202 9402 15877 7817 13612 3167 8203 14402 2692 12783 11638 17599 5280 18223 14526 6648 13184 11458 12657 13846 9529 9664 6804 7815 13688 10783 16507 16034 17420 7096 4835 4581 6372 11978 4296 13469 2294 16340 15117
2592 13451 14051 11429 13229 3288 8544 13689 3836 6908 9357 5136 16219 14528 8824 14413 10715 2721 14310 3470 9799 13507 12759 17011 15204 9392 10991 7254 4612 8208 15174 7774 14201 11536 8946 0 18352 18046 19501 11304 14464 3435 10306 16065 11924 16901 14603 9664 13762 14026 14488 12292 1652 14797 11503 13013 10969 3607 12570 5569 17193 5327 3308 9953 10666 9742 14725 9878 8893 14267 9304 4045 2934 20341 9369 11854 17541 5005 7232 2522 16272 18065 8011 1797 4551 6373 12551 15186 13375 12438 14441 9601 8887 6274 15311 7708 7547 12306 9416 13227 13970
20473 5922 17087 7797 9711 20490 10876 6865 15326 19092 9134 22113 4032 4440 10544 5638 14705 21027 16747 18699 12426 5687 8873 3574 5106 12833 8690 16636 22580 15635 12382 10595 10462 12129 16190 18352 0 4453 1303 8502 4514 17130 9081 5744 14706 1479 17156 15131 6894 15159 17510 7008 17569 5755 14514 17063 12671 21945 10906 16074 2835 22931 20637 8420 13345 9101 3732 19340 9592 5088 18881 19196 20825 2130 11060 16085 2091 13571 14403 19450 3973 4292 10425 20125 20358 11996 7054 6000 9822 10605 9644 9598 11598 13540 17133 12275 12734 7204 13910 9782 6522
20452 8418 20011 6617 6580 19553 12169 9771 14501 20359 8836 20943 1990 7097 9330 3633 17058 20538 19746 17553 14502 8113 6165 1438 2842 10567 7149 14605 22574 17364 8507 10843 6893 14700 13751 18046 4453 0 4230 6854 7153 16056 7787 2255 17337 4146 20179 12548 4467 11558 13908 9118 16927 9012 17057 13721 9908 21621 7831 14530 6888 21925 20815 8527 15698 8309 5870 16748 9278 7853 16390 19794 20813 4545 9273 18634 2492 13041 15835 19645 1959 164 10890 19703 19059 11841 9371 3037 12863 13393 12980 8474 9846 12291 13370 13576 11201 9414 11487 12778 9504
21664 7225 18335 8688 10164 21551 12153 8153 16382 20383 10214 23139 4413 5743 11485 6241 16001 22158 17987 19717 13729 6989 9434 3764 5597 13571 9529 17461 23777 16937 12579 11770 10774 13418 16911 19501 1303 4230 0 9314 5817 18154 9981 5953 15986 2617 18392 15806 7465 15493 17853 8307 18666 7021 15801 17507 13275 23101 11394 17002 3995 23987 21850 9549 14642 10097 4993 20035 10676 6390 19602 20445 22017 851 11890 17368 2400 14663 15696 20662 4347 4068 11625 21264 21355 13131 8357 6380 11081 11885 10862 10541 12443 14508 17403 13557 13639 8506 14618 11046 7807
13789 6960 16596 955 3150 12700 7362 8303 7665 14647 2910 14117 5233 6782 2494 3284 12988 13722 16489 10713 10360 6735 2068 6045 4075 4366 319 8150 15890 12384 6504 5007 4498 11307 7722 11304 8502 6854 9314 0 6769 9204 1033 4771 13681 7084 16929 6737 2459 8016 10134 6661 10104 8484 13286 9294 4559 14837 3637 7774 8839 15079 14244 3329 11800 1946 6005 10887 3180 7162 10404 13516 14149 10056 2577 14712 6986 6324 10635 13107 5296 6898 5304 12909 12254 5444 7114 3895 10666 10619 11326 1740 3135 5441 10124 8508 4403 6964 5474 10516 8280
16388 1417 12931 5826 9267 16944 6476 2623 11901 14606 5942 18690 5465 74 7923 5590 10270 17181 12641 15362 7923 1173 8144 5729 5681 10922 6795 14164 18456 11121 12565 6760 10434 7752 14162 14464 4514 7153 5817 6769 0 13802 6836 6973 10375 3457 13068 13337 6553 14660 16860 2507 13916 1996 10143 16062 11325 17989 10175 13188 2730 19372 16457 5024 8902 6368 1304 17300 6328 700 16753 14872 16729 6640 8903 11726 5003 10039 9916 15281 5455 7043 6463 16260 17080 8315 2542 6615 5718 6323 5847 7069 9327 10585 16764 7840 10113 2690 12050 5639 2352
5867 13064 16310 9579 10531 3501 8966 13661 1920 10021 8028 4986 14397 13855 6765 12475 12663 4891 16489 1572 11106 13040 10274 15209 13272 6376 8917 3819 7623 10444 12059 7160 11336 12829 5515 3435 17130 16056 18154 9204 13802 0 8320 13920 13834 15651 16834 6289 11612 10663 11054 12025 1793 14588 13384 9579 7874 6146 9695 2190 16483 5880 6692 8848 12270 8059 13757 6654 7585 13771 6044 7366 6166 18959 6872 14062 15982 3800 9044 5954 14457 16102 7576 4298 3278 5565 12379 13060 14119 13352 15158 7679 6319 3766 11885 8646 4920 12130 6192 13956 13878
12775 6814 15852 1293 3955 11801 6543 8063 6715 13643 2058 13270 6078 6860 1555 4169 12188 12755 15768 9851 9585 6624 2975 6890 4968 4086 715 7586 14881 11466 7189 4062 5289 10634 7364 10306 9081 7787 9981 1033 6836 8320 0 5759 12931 7626 16205 6501 3463 8352 10344 6345 9141 8397 12525 9382 4642 13854 4194 7023 9121 14199 13220 2684 11039 1031 6249 10524 2247 7139 10005 12484 13135 10753 2085 13914 7716 5313 9703 12080 6137 7821 4399 11930 11433 4415 6803 4880 10203 10062 10934 711 2565 4580 10441 7620 3659 6627 5214 10048 8085
18526 7998 19346 4707 4361 17421 10891 9454 12432 18873 7088 18766 1773 6936 7265 1883 16130 18492 19132 15395 13502 7690 3910 2202 1354 8316 5080 12357 20636 16126 6651 9195 4828 13953 11497 16065 5744 2255 5953 4771 6973 13920 5759 0 16554 4867 19572 10299 2317 9545 11905 8427 14874 8961 16230 11613 7664 19607 5615 12328 7563 19770 18944 6961 14805 6416 5689 14506 7499 7643 14141 18067 18887 6457 7085 17780 3672 11070 14499 17790 1820 2350 9323 17679 16870 10012 8765 880 12454 12813 12753 6466 7655 10158 11453 12247 9029 8748 9232 12344 9251
12183 8994 2921 12953 16828 15212 6435 7847 12345 7123 10877 17046 15449 10443 12666 14752 1209 14070 2880 14856 3361 9286 15735 15902 15208 15693 13461 16619 13555 3810 20120 9172 18176 2639 17674 11924 14706 17337 15986 13681 10375 13834 12931 16554 0 13823 3303 17574 15123 20891 22472 8222 12649 8973 456 21197 16981 14138 17106 14840 12109 17063 11632 10354 1897 11906 11556 20050 10771 9711 19408 9369 12376 16743 14046 1397 15365 11054 4802 10850 15459 17250 8704 13287 16331 9944 7973 15903 4982 4101 5543 12519 14046 13105 22851 5726 13703 7924 16537 4986 8185
19049 4865 16332 6349 8517 19014 9588 6007 13848 17851 7658 20635 3094 3387 9076 4394 13725 19568 16023 17220 11343 4596 7607 2909 3981 11436 7259 15197 21161 14482 11375 9158 9375 11206 14796 16901 1479 4146 2617 7084 3457 15651 7626 4867 13823 0 16444 13762 5647 14019 16353 5852 16099 5054 13598 15833 11351 20498 9674 14605 2771 21454 19233 6957 12356 7625 2436 17954 8117 4112 17483 17840 19402 3467 9626 15180 1698 12099 13173 18045 3049 4004 9008 18669 18880 10537 5966 4943 9072 9752 9041 8130 10158 12065 16035 11002 11273 6084 12526 9010 5692
14434 11761 565 16174 20079 17863 9733 10453 15455 8753 14155 19636 18355 13130 15968 17816 4286 16478 443 17739 6660 12066 18972 18742 18219 18991 16718 19794 15485 6431 23392 12475 21427 5670 20907 14603 17156 20179 18392 16929 13068 16834 16205 19572 3303 16444 0 20845 18269 24194 25765 11153 15517 11423 3739 24480 20284 16348 20388 17985 14413 19508 13743 13600 5196 15184 14319 23194 14062 12377 22553 11496 14568 19091 17348 2775 18062 14265 7826 13155 18360 20079 12006 15778 19115 13224 10843 18967 7372 6791 7541 15807 17348 16354 26152 9009 16987 10836 19824 7437 10756
12154 13234 20393 7604 6013 9158 11377 14374 6250 15644 7817 9823 11452 13361 5616 9564 16568 11025 20439 7103 14316 13069 6432 12205 10239 2416 6627 2783 13874 14960 6193 8648 6206 15776 1270 9664 15131 12548 15806 6737 13337 6289 6501 10299 17574 13762 20845 0 8355 4374 5081 12605 8017 14841 17124 3682 2652 12303 4804 4104 15563 11019 12961 8745 15736 7076 12706 4233 7624 13623 3843 13355 12455 16475 4445 18213 13412 6717 13241 12140 11518 12648 9169 10545 7939 7633 13056 9607 16056 15658 16928 6330 4087 4534 5744 11849 3906 12848 1288 15891 14444
16238 7226 17992 2524 2889 15112 9107 8691 10116 16835 4975 16479 3098 6539 4951 1258 14574 16177 17826 13096 11921 6941 1981 3869 1884 6204 2771 10207 18343 14298 6028 7120 3912 12600 9493 13762 6894 4467 7465 2459 6553 11612 3463 2317 15123 5647 18269 8355 0 8410 10725 7335 12558 8506 14765 10188 5810 17296 4027 10064 7954 17470 16677 5027 13299 4196 5440 12588 5349 7124 12175 15874 16598 8120 4807 16269 5066 8775 12608 15532 3165 4528 7315 15367 14593 7795 7741 1449 11470 11649 11944 4173 5380 7847 10463 10392 6736 7663 7200 11340 8566
16528 14970 23788 8966 5522 13433 14479 16318 10497 19784 10246 13901 11142 14663 8244 9639 19996 15369 23770 11426 17542 14737 6557 11730 10063 5302 8086 7049 18239 18700 3216 11720 4719 18799 5318 14026 15159 11558 15493 8016 14660 10663 8352 9545 20891 14019 24194 4374 8410 0 2360 14653 12383 16468 20458 2436 3911 16647 4488 8477 16351 15124 17328 11016 19003 9271 13710 6818 10235 15118 6819 17639 16829 15995 6857 21699 13159 10624 16928 16486 11203 11696 12199 14913 12092 11115 15110 9162 18553 18372 19282 8555 6852 8454 2109 15237 7449 14948 4765 18397 16296
16859 17086 25331 11089 7839 13355 16138 18392 11291 20701 12113 13501 13497 16866 9996 11964 21511 15441 25350 11512 19159 16867 8831 14090 12409 6793 10166 7242 18386 20007 5481 13368 7079 20518 5548 14488 17510 13908 17853 10134 16860 11054 10344 11905 22472 16353 25765 5081 10725 2360 0 16688 12840 18618 22028 1475 5719 16703 6742 8961 18641 14731 17725 12946 20604 11191 15957 5843 12041 17288 6062 18323 17130 18355 8627 23184 15516 11779 18270 17004 13559 14048 13870 15114 11845 12552 17147 11516 20477 20217 21256 10447 8501 9585 1093 16757 8790 16971 5952 20317 18393
14074 1196 10944 5735 9631 14967 4023 1775 10105 12099 4797 16771 7231 2581 6991 6716 7968 15011 10714 13546 5502 1348 8470 7684 7073 10243 6568 12957 16111 8638 13035 4866 10928 5587 13246 12292 7008 9118 8307 6661 2507 12025 6345 8427 8222 5852 11153 12605 7335 14653 16688 0 11910 2565 7939 15710 10984 15745 10292 11735 5069 17363 14087 3860 6600 5563 3444 16280 5050 2071 15693 12426 14408 9137 8217 9518 7250 8226 7409 12922 7240 9033 4459 14085 15275 6460 459 7857 4136 4387 4683 6320 8519 9189 16755 5354 8992 328 11337 4005 1901
4169 13023 14979 10331 11807 3059 8446 13434 2448 8314 8453 4898 15164 13975 7611 13300 11453 3619 15194 2222 10181 13042 11416 15968 14098 7842 9798 5611 6062 9087 13606 7156 12720 11928 7296 1652 17569 16927 18666 10104 13916 1793 9141 14874 12649 16099 15517 8017 12558 12383 12840 11910 0 14464 12210 11365 9400 4773 11081 3918 16639 5461 4945 9157 11216 8694 14038 8357 7990 13794 7764 5589 4490 19494 7997 12744 16605 4003 7856 4164 15220 16957 7483 2841 3725 5620 12217 13999 13499 12641 14559 8453 7484 4848 13659 7861 6107 11968 7805 13343 13687
16483 1617 11338 7530 11154 17522 6357 1271 12667 13989 7147 19332 7415 2028 9281 7578 9057 17511 11008 16111 7001 1774 10013 7613 7676 12439 8466 15397 18481 10314 14490 7428 12357 6441 15571 14797 5755 9012 7021 8484 1996 14588 8397 8961 8973 5054 11423 14841 8506 16468 18618 2565 14464 0 8804 17749 12997 18203 12001 14245 3165 19910 16436 6193 7723 7770 3274 18658 7459 1382 18086 14656 16808 7770 10401 10361 6718 10788 9373 15290 7400 8891 7024 16585 17840 9023 2250 8611 4068 4874 3991 8512 10767 11675 18577 7552 11382 2498 13558 4027 915
11809 8751 3338 12570 16432 14790 6013 7649 11889 6861 10469 16629 15155 10212 12238 14417 811 13675 3322 14415 2943 9037 15344 15623 14887 15252 13062 16163 13217 3435 19713 8741 17779 2392 17220 11503 14514 17057 15801 13286 10143 13384 12525 16230 456 13598 3739 17124 14765 20458 22028 7939 12210 8804 0 20749 16547 13765 16695 14384 11955 16661 11277 9963 1487 11498 11304 19594 10355 9489 18952 9020 12009 16567 13615 1584 15120 10598 4358 10474 15167 16972 8277 12884 15896 9496 7709 15568 4873 3933 5510 12103 13610 12652 22413 5278 13256 7647 16091 4862 7994
15386 16186 24036 10242 7356 11916 14917 17444 9843 19254 11038 12125 13105 16074 8873 11444 20212 13986 24069 10050 17907 15983 8230 13753 11963 5602 9287 5767 16926 18641 5608 12155 6828 19312 4075 13013 17063 13721 17507 9294 16062 9579 9382 11613 21197 15833 24480 3682 10188 2436 1475 15710 11365 17749 20749 0 4753 15251 6161 7490 17991 13357 16251 11908 19342 10162 15236 4614 10926 16448 4746 16855 15659 18062 7537 21870 15132 10398 16918 15529 13169 13851 12666 13647 10431 11256 16168 11128 19395 19083 20210 9408 7345 8213 2403 15472 7494 15981 4664 19233 17467
13552 11434 19878 5500 3361 11129 10570 12705 7197 16168 6405 12056 8885 11339 4342 7049 16090 12764 19859 9013 13631 11230 3846 9619 7682 1603 4538 5082 15450 14854 4206 7810 3666 14903 3893 10969 12671 9908 13275 4559 11325 7874 4642 7664 16981 11351 20284 2652 5810 3911 5719 10984 9400 12997 16547 4753 0 14021 2165 5776 13345 13204 14256 7228 15092 5472 10544 6842 6358 11698 6486 14252 13883 13917 2956 17796 10875 6949 13072 13296 8952 10011 8290 12151 10130 7250 11443 6999 14762 14526 15537 4730 2948 4889 5914 11334 3726 11262 1814 14603 12721
1956 16923 15783 15005 16567 3398 11867 17050 7215 7733 12964 4179 19811 18055 12345 17988 12955 1279 16128 5228 12615 16997 16189 20606 18781 12509 14527 9607 1774 10331 18203 11354 17444 14282 11352 3607 21945 21621 23101 14837 17989 6146 13854 19607 14138 20498 16348 12303 17296 16647 16703 15745 4773 18203 13765 15251 14021 0 15802 8292 20712 3479 2625 13557 13217 13330 18299 11369 12499 17757 10912 4852 1781 23943 12770 13751 21148 8586 9856 3295 19865 21644 11565 1934 5059 9979 15975 18729 16401 15394 17457 13155 12254 9618 17639 10852 10871 15734 12328 16266 17349
15161 10529 20028 4559 1254 13066 10690 11909 8736 17174 6234 14101 6982 10176 4648 5283 16329 14570 19953 10951 13752 10287 2090 7669 5817 3346 3768 7207 17139 15418 3048 8064 1642 14827 6056 12570 10906 7831 11394 3637 10175 9695 4194 5615 17106 9674 20388 4804 4027 4488 6742 10292 11081 12001 16695 6161 2165 15802 0 7706 11900 15223 15795 6861 15211 5206 9226 8939 6345 10643 8617 15543 15504 11989 3462 18055 9004 8086 13632 14765 7047 7942 8472 13895 12171 7927 10744 5028 14299 14223 14963 4596 3798 6307 6589 11673 5037 10598 3933 14148 11866
8051 12655 17487 8315 8640 5365 9289 13465 2563 11844 7249 6470 13005 13233 5530 11049 13724 7022 17612 3248 11839 12580 8531 13815 11831 4360 7521 1870 9805 11743 9924 6983 9333 13487 3417 5569 16074 14530 17002 7774 13188 2190 7023 12328 14840 14605 17985 4104 10064 8477 8961 11735 3918 14245 14384 7490 5776 8292 7706 0 15769 7544 8859 8166 13136 7011 12943 5211 6862 13267 4570 9366 8354 17776 5259 15246 14730 3903 10169 8065 13068 14592 7476 6477 4553 5492 12135 11497 14397 13761 15391 6477 4685 2605 9751 9304 3375 11894 4040 14230 13633
19094 3875 14371 7959 10834 19660 9092 4398 14592 17040 8531 21394 5805 2668 10370 6767 12221 19911 14012 18048 10128 3746 9811 5680 6528 13163 8935 16632 21151 13423 13896 9485 11828 9602 16481 17193 2835 6888 3995 8839 2730 16483 9121 7563 12109 2771 14413 15563 7954 16351 18641 5069 16639 3165 11955 17991 13345 20712 11900 15769 0 22092 19139 7651 10888 8820 2873 19644 8944 2999 19125 17494 19433 4678 11204 13502 4400 12740 12377 17968 5766 6740 9193 18989 19760 11029 4962 7519 7152 8022 6875 9466 11677 13166 18415 10407 12592 5168 14286 7131 4037
5158 18482 18946 15456 16184 2442 13785 18858 7606 11078 13798 1232 20277 19430 12645 18353 15858 3031 19257 4376 15116 18503 16048 21089 19149 11885 14794 8242 5084 13270 17192 12614 16833 16846 9867 5327 22931 21925 23987 15079 19372 5880 14199 19770 17063 21454 19508 11019 17470 15124 14731 17363 5461 19910 16661 13357 13204 3479 15223 7544 22092 0 6006 14554 15926 13911 19459 9010 13341 19255 8687 8095 5114 24801 12692 16831 21846 9385 12491 6367 20337 21974 12944 3776 3085 11063 17661 18917 18695 17764 19761 13556 12127 9638 15753 13023 10743 17412 11400 18546 19120
963 15282 13178 14246 16389 5169 10090 15228 7076 5110 11990 6488 18918 16526 11815 17209 10468 3113 13532 6361 10385 15394 15840 19687 17982 12670 13925 10484 2066 7848 18456 10124 17413 11986 12202 3308 20637 20815 21850 14244 16457 6692 13220 18944 11632 19233 13743 12961 16677 17328 17725 14087 4945 16436 11277 16251 14256 2625 15795 8859 19139 6006 0 12432 10841 12536 16923 12840 11541 16145 12307 2270 895 22700 12506 11177 20060 7940 7590 1188 18967 20820 10228 2859 6835 8975 14261 18066 14255 13210 15291 12508 12055 9489 18574 8913 10758 14032 12723 14130 15549
12171 4576 13268 2630 6479 12113 4106 5631 6979 11913 954 13794 6567 5070 3131 5089 9686 12612 13160 10417 7045 4461 5381 7302 5784 6392 3125 9215 14295 9271 9813 2329 7827 7986 9402 9953 8420 8527 9549 3329 5024 8848 2684 6961 10354 6957 13600 8745 5027 11016 12946 3860 9157 6193 9963 11908 7228 13557 6861 8166 7651 14554 12432 0 8477 1756 4914 12469 1304 5116 11893 11279 12529 10387 4379 11405 7634 5171 7585 11247 6609 8509 2372 11715 12120 3582 4310 6144 7542 7378 8311 2502 4661 5564 13093 5365 5189 4105 7480 7384 5716
11270 7491 4816 11087 14945 13933 4538 6510 10687 6921 8984 15799 13776 8973 10773 12978 1370 12998 4768 13389 1464 7765 13858 14271 13467 13819 11576 14882 12852 3151 18228 7282 16292 1384 15877 10666 13345 15698 14642 11800 8902 12270 11039 14805 1897 12356 5196 15736 13299 19003 20604 6600 11216 7723 1487 19342 15092 13217 15211 13136 10888 15926 10841 8477 0 10013 10012 18334 8874 8273 17693 8642 11504 15429 12153 2978 13832 9296 3437 9929 13790 15619 6810 12163 14934 8104 6409 14128 4058 2992 4902 10622 12161 11298 20970 3899 11851 6324 14680 4002 6866
12146 6159 14827 1711 4983 11484 5512 7318 6327 12715 1030 13043 6483 6401 1557 4683 11157 12278 14747 9620 8557 6002 3978 7282 5467 4689 1658 7817 14266 10454 8215 3063 6319 9629 7817 9742 9101 8309 10097 1946 6368 8059 1031 6416 11906 7625 15184 7076 4196 9271 11191 5563 8694 7770 11498 10162 5472 13330 5206 7011 8820 13911 12536 1756 10013 0 5963 10938 1236 6585 10386 11678 12507 10901 2655 12884 7938 4744 8698 11377 6537 8325 3378 11424 11262 3602 6019 5542 9295 9105 10065 757 2998 4444 11342 6596 3772 5825 5797 9137 7374
16783 2568 14166 5105 8242 17019 7163 3903 11893 15417 5743 18708 4161 1258 7507 4394 11383 17422 13889 15328 8946 2271 7156 4440 4417 10301 6084 13765 18881 12054 11468 6951 9350 8920 13612 14725 3732 5870 4993 6005 1304 13757 6249 5689 11556 2436 14319 12706 5440 13710 15957 3444 14038 3274 11304 15236 10544 18299 9226 12943 2873 19459 16923 4914 10012 5963 0 16773 6176 1999 16252 15464 17132 5841 8333 12888 3820 10075 10737 15737 4152 5765 6741 16510 17025 8422 3604 5371 6993 7547 7150 6597 8804 10347 15800 8573 9732 3697 11426 6908 3648
11904 17041 22693 11707 10178 7972 14347 18053 7745 16663 11515 7793 15684 17330 9393 13794 18935 10167 22822 6488 17015 16909 10660 16436 14472 6522 10746 3474 13122 16918 9637 11831 10183 18634 3167 9878 19340 16748 20035 10887 17300 6654 10524 14506 20050 17954 23194 4233 12588 6818 5843 16280 8357 18658 19594 4614 6842 11369 8939 5211 19644 9010 12840 12469 18334 10938 16773 0 11231 17518 642 13917 12118 20708 8441 20450 17642 9052 15373 12351 15751 16852 12350 10035 6328 10486 16714 13832 19352 18798 20303 10231 7980 7270 6914 14478 7289 16489 5431 19185 18167
11209 5847 13691 2826 6199 10900 4345 6825 5742 11506 465 12550 7380 6374 2053 5696 9984 11506 13629 9157 7412 5746 5211 8155 6455 5340 2894 7938 13336 9221 9379 1828 7527 8571 8203 8893 9592 9278 10676 3180 6328 7585 2247 7499 10771 8117 14062 7624 5349 10235 12041 5050 7990 7459 10355 10926 6358 12499 6345 6862 8944 13341 11541 1304 8874 1236 6176 11231 0 6414 10646 10568 11569 11504 3414 11711 8650 3987 7462 10368 7429 9280 2154 10625 10850 2567 5488 6637 8472 8176 9314 1749 3589 4261 12271 5376 3942 5267 6386 8309 6937
16114 882 12244 6209 9780 16838 6094 1926 11858 14117 6060 18611 6157 757 8125 6209 9638 16987 11950 15319 7342 760 8643 6429 6338 11211 7161 14321 18162 10577 13110 6654 10977 7097 14402 14267 5088 7853 6390 7162 700 13771 7139 7643 9711 4112 12377 13623 7124 15118 17288 2071 13794 1382 9489 16448 11698 17757 10643 13267 2999 19255 16145 5116 8273 6585 1999 17518 6414 0 16959 14497 16450 7198 9178 11070 5688 9983 9436 14977 6149 7742 6312 16063 17044 8235 2005 7258 5021 5644 5152 7310 9574 10671 17226 7419 10279 2191 12336 4944 1652
11379 16469 22052 11206 9843 7515 13715 17463 7106 16061 10939 7460 15274 16785 8836 13367 18293 9693 22181 5947 16375 16342 10269 16035 14059 6049 10252 2840 12654 16281 9507 11213 9923 17996 2692 9304 18881 16390 19602 10404 16753 6044 10005 14141 19408 17483 22553 3843 12175 6819 6062 15693 7764 18086 18952 4746 6486 10912 8617 4570 19125 8687 12307 11893 17693 10386 16252 642 10646 16959 0 13336 11602 20287 7925 19810 17215 8413 14733 11790 15340 16490 11730 9523 5904 9856 16124 13446 18731 18170 19686 9689 7449 6649 7108 13838 6707 15897 4984 18563 17583
2952 13620 10931 13372 15975 6836 8405 13417 7143 3021 10989 8405 17845 14943 11221 16257 8213 5083 11276 7503 8294 13762 15289 18580 17002 12650 13198 11154 4214 5600 18378 8954 17108 9834 12783 4045 19196 19794 20445 13516 14872 7366 12484 18067 9369 17840 11496 13355 15874 17639 18323 12426 5589 14656 9020 16855 14252 4852 15543 9366 17494 8095 2270 11279 8642 11678 15464 13917 10568 14497 13336 0 3072 21296 12122 8910 18807 7462 5510 1774 17888 19782 8954 4534 8378 8082 12551 17202 12197 11130 13214 11784 11744 9365 19084 7109 10578 12334 12902 12080 13752
361 15598 14003 14211 16157 4337 10451 15623 6770 5984 12027 5599 18945 16797 11687 17189 11198 2230 14348 5675 10966 15694 15664 19724 17972 12314 13832 9904 1768 8574 18089 10252 17135 12605 11638 2934 20825 20813 22017 14149 16729 6166 13135 18887 12376 19402 14568 12455 16598 16829 17130 14408 4490 16808 12009 15659 13883 1781 15504 8354 19433 5114 895 12529 11504 12507 17132 12118 11569 16450 11602 3072 0 22865 12289 11972 20161 7824 8185 1588 18995 20824 10400 2084 6020 9005 14606 18007 14800 13772 15847 12426 11814 9207 18005 9345 10480 14371 12294 14669 15934
22511 8042 19048 9461 10747 22367 12999 8928 17199 21222 11041 23944 5031 6566 12269 6921 16784 22994 18691 20520 14540 7813 10071 4320 6238 14273 10281 18194 24625 17760 13016 12616 11283 14191 17599 20341 2130 4545 851 10056 6640 18959 10753 6457 16743 3467 19091 16475 8120 15995 18355 9137 19494 7770 16567 18062 13917 23943 11989 17776 4678 24801 22700 10387 15429 10901 5841 20708 11504 7198 20287 21296 22865 0 12632 18129 3080 15491 16533 21512 4965 4390 12474 22101 22150 13969 9176 6961 11814 12643 11551 11327 13190 15298 17866 14401 14406 9330 15305 11785 8577
11936 8798 16951 3292 3885 10366 7623 9973 5563 13713 3501 11681 7769 8930 1387 5808 13178 11591 16921 8317 10691 8628 3423 8575 6582 2039 2370 5578 13978 12069 6450 4875 4987 11947 5280 9369 11060 9273 11890 2577 8903 6872 2085 7085 14046 9626 17348 4445 4807 6857 8627 8217 7997 10401 13615 7537 2956 12770 3462 5259 11204 12692 12506 4379 12153 2655 8333 8441 3414 9178 7925 12122 12289 12632 0 14892 9561 4662 10280 11435 7833 9334 5344 10837 9788 4500 8672 6244 11863 11590 12672 1900 573 3157 8869 8440 1953 8475 3158 11702 10027
11814 10335 2249 14027 17847 15125 7372 9221 12706 6370 11857 16915 16727 11795 13529 15956 1727 13807 2457 14965 4362 10622 16777 17202 16440 16445 14477 17067 13009 3661 21089 10029 19191 3975 18223 11854 16085 18634 17368 14712 11726 14062 13914 17780 1397 15180 2775 18213 16269 21699 23184 9518 12744 10361 1584 21870 17796 13751 18055 15246 13502 16831 11177 11405 2978 12884 12888 20450 11711 11070 19810 8910 11972 18129 14892 0 16704 11575 5077 10509 16740 18551 9592 13080 16353 10633 9292 17105 6379 5486 6925 13459 14848 13697 23615 6462 14394 9228 17233 6382 9563
19804 6371 17932 6428 7780 19422 10748 7608 14264 19033 8185 20958 2027 4939 9249 3849 15202 20152 17637 17533 12746 6082 7034 1484 3197 11195 7219 15116 21928 15794 10322 9937 8445 12733 14526 17541 2091 2492 2400 6986 5003 15982 7716 3672 15365 1698 18062 13412 5066 13159 15516 7250 16605 6718 15120 15132 10875 21148 9004 14730 4400 21846 20060 7634 13832 7938 3820 17642 8650 5688 17215 18807 20161 3080 9561 16704 0 12613 14394 18873 1963 2341 9867 19275 19141 11179 7424 4008 10695 11326 10709 8315 10121 12284 15104 12173 11357 7512 12232 10625 7309
7464 9267 13789 6424 8530 6944 5401 9875 1880 9220 4450 8654 11226 10094 3876 9409 9980 7545 13876 5336 7963 9248 7912 12023 10200 5379 6008 5589 9568 8246 10970 3360 9646 9591 6648 5005 13571 13041 14663 6324 10039 3800 5313 11070 11054 12099 14265 6717 8775 10624 11779 8226 4003 10788 10598 10398 6949 8586 8086 3903 12740 9385 7940 5171 9296 4744 10075 9052 3987 9983 8413 7462 7824 15491 4662 11575 12613 0 6546 6827 11280 13062 3787 6682 7064 1766 8584 10190 10539 9869 11551 4604 4288 2197 12344 5426 3223 8335 5896 10373 10085
7927 8557 7320 10143 13637 10506 3669 8107 7630 4690 7734 12367 13846 9990 8989 12617 3620 9578 7464 10057 2796 8753 12673 14482 13252 11628 10355 11993 9643 1789 16676 5641 14944 4427 13184 7232 14403 15835 15696 10635 9916 9044 9703 14499 4802 13173 7826 13241 12608 16928 18270 7409 7856 9373 4358 16918 13072 9856 13632 10169 12377 12491 7590 7585 3437 8698 10737 15373 7462 9436 14733 5510 8185 16533 10280 5077 14394 6546 0 6597 13876 15789 5336 8733 11553 5823 7433 13708 6688 5627 7711 9129 10143 8708 18767 2261 9511 7247 12329 6570 8458
1341 14116 12591 13088 15319 5070 8937 14092 6099 4794 10815 6635 17742 15350 10697 16044 9663 3339 12915 5878 9378 14224 14739 18508 16815 11699 12788 9774 3192 7041 17481 8937 16372 11020 11458 2522 19450 19645 20662 13107 15281 5954 12080 17790 10850 18045 13155 12140 15532 16486 17004 12922 4164 15290 10474 15529 13296 3295 14765 8065 17968 6367 1188 11247 9929 11377 15737 12351 10368 14977 11790 1774 1588 21512 11435 10509 18873 6827 6597 0 17790 19648 9040 2760 6639 7805 13104 16913 13215 12185 14260 11369 11000 8473 17815 7792 9732 12873 11819 13085 14408
18635 6627 18172 4895 5819 17936 10210 8034 12823 18406 6977 19399 66 5408 7692 2025 15144 18814 17924 15985 12571 6318 5106 752 1282 9356 5561 13331 20761 15408 8413 8934 6496 12827 12657 16272 3973 1959 4347 5296 5455 14457 6137 1820 15459 3049 18360 11518 3165 11203 13559 7240 15220 7400 15167 13169 8952 19865 7047 13068 5766 20337 18967 6609 13790 6537 4152 15751 7429 6149 15340 17888 18995 4965 7833 16740 1963 11280 13876 17790 0 1917 8960 17961 17546 9997 7520 2045 11102 11569 11300 6791 8403 10709 13163 11617 9699 7545 10364 11007 7794
20463 8317 19914 6639 6690 19598 12121 9663 14536 20323 8835 20997 1953 6986 9367 3658 16980 20567 19647 17604 14430 8013 6253 1349 2863 10651 7189 14686 22586 17308 8653 10829 7024 14612 13846 18065 4292 164 4068 6898 7043 16102 7821 2350 17250 4004 20079 12648 4528 11696 14048 9033 16957 8891 16972 13851 10011 21644 7942 14592 6740 21974 20820 8509 15619 8325 5765 16852 9280 7742 16490 19782 20824 4390 9334 18551 2341 13062 15789 19648 1917 0 10868 19729 19117 11844 9280 3109 12757 13296 12863 8504 9907 12337 13515 13530 11256 9327 11579 12672 9392
10049 5545 11614 4820 8353 10531 2280 6089 5658 9551 2399 12321 8920 6525 3963 7456 7868 10723 11578 9088 5347 5559 7354 9639 8156 7080 5030 8907 12155 7080 11514 525 9681 6649 9529 8011 10425 10890 11625 5304 6463 7576 4399 9323 8704 9008 12006 9169 7315 12199 13870 4459 7483 7024 8277 12666 8290 11565 8472 7476 9193 12944 10228 2372 6810 3378 6741 12350 2154 6312 11730 8954 10400 12474 5344 9592 9867 3787 5336 9040 8960 10868 0 9805 10818 2029 4803 8495 7003 6507 7958 3883 5379 5082 14187 3222 5276 4554 8020 6836 6302
1898 15246 15218 13091 14643 2338 10309 15468 5281 7554 11090 3891 17906 16324 10416 16071 12082 926 15516 3617 11397 15303 14256 18705 16866 10621 12599 7919 3330 9499 16347 9560 15537 13115 9664 1797 20125 19703 21264 12909 16260 4298 11930 17679 13287 18669 15778 10545 15367 14913 15114 14085 2841 16585 12884 13647 12151 1934 13895 6477 18989 3776 2859 11715 12163 11424 16510 10035 10625 16063 9523 4534 2084 22101 10837 13080 19275 6682 8733 2760 17961 19729 9805 0 3980 8133 14341 16802 15060 14096 16124 11233 10325 7688 16011 9416 8945 14096 10489 14916 15753
5872 16330 18568 12715 13161 1696 12054 16887 5187 11360 11288 1931 17484 17133 9892 15538 15128 3907 18809 1730 13905 16311 13084 18297 16328 8846 11985 5159 6827 12693 14107 10417 13771 15651 6804 4551 20358 19059 21355 12254 17080 3278 11433 16870 16331 18880 19115 7939 14593 12092 11845 15275 3725 17840 15896 10431 10130 5059 12171 4553 19760 3085 6835 12120 14934 11262 17025 6328 10850 17044 5904 8378 6020 22150 9788 16353 19141 7064 11553 6639 17546 19117 10818 3980 0 8823 15619 16032 17163 16333 18218 10828 9217 6858 12834 11560 7862 15370 8322 17005 17114
8645 7507 12782 5306 8113 8631 3864 8114 3645 9304 3022 10380 9947 8372 3309 8242 8960 9032 12814 7094 6692 7494 7301 10722 9010 5826 5128 7017 10772 7606 10945 1595 9354 8211 7815 6373 11996 11841 13131 5444 8315 5565 4415 10012 9944 10537 13224 7633 7795 11115 12552 6460 5620 9023 9496 11256 7250 9979 7927 5492 11029 11063 8975 3582 8104 3602 8422 10486 2567 8235 9856 8082 9005 13969 4500 10633 11179 1766 5823 7805 9997 11844 2029 8133 8823 0 6819 9141 8911 8314 9899 3727 4325 3248 12991 4218 3765 6571 6604 8744 8321
14277 1135 10652 6185 10071 15276 4172 1340 10459 12113 5244 17091 7515 2615 7440 7085 7779 15267 10406 13890 5384 1374 8910 7934 7412 10697 7024 13380 16296 8585 13474 5229 11363 5335 13688 12551 7054 9371 8357 7114 2542 12379 6803 8765 7973 5966 10843 13056 7741 15110 17147 459 12217 2250 7709 16168 11443 15975 10744 12135 4962 17661 14261 4310 6409 6019 3604 16714 5488 2005 16124 12551 14606 9176 8672 9292 7424 8584 7433 13104 7520 9280 4803 14341 15619 6819 0 8219 3735 4057 4243 6776 8971 9601 17212 5450 9427 250 11790 3611 1504
17646 7529 18724 3834 3788 16561 10124 9000 11559 18045 6233 17922 1982 6585 6388 1152 15440 17617 18525 14542 12799 7227 3178 2640 992 7551 4203 11581 19756 15354 6432 8351 4463 13322 10783 15186 6000 3037 6380 3895 6615 13060 4880 880 15903 4943 18967 9607 1449 9162 11516 7857 13999 8611 15568 11128 6999 18729 5028 11497 7519 18917 18066 6144 14128 5542 5371 13832 6637 7258 13446 17202 18007 6961 6244 17105 4008 10190 13708 16913 2045 3109 8495 16802 16032 9141 8219 0 11940 12240 12299 5586 6816 9296 11135 11463 8180 8182 8503 11823 8822
14519 4478 7272 9775 13715 16472 5159 3096 12285 10876 8366 18352 11104 5778 10524 10812 5265 15958 6952 15483 3910 4787 12557 11433 11107 13812 10534 15902 16316 7070 17119 7524 15028 2676 16507 13375 9822 12863 11081 10666 5718 14119 10203 12454 4982 9072 7372 16056 11470 18553 20477 4136 13499 4068 4873 19395 14762 16401 14299 14397 7152 18695 14255 7542 4058 9295 6993 19352 8472 5021 18731 12197 14800 11814 11863 6379 10695 10539 6688 13215 11102 12757 7003 15060 17163 8911 3735 11940 0 1095 1066 10032 12061 12082 20634 5674 12220 3809 14843 167 3386
13498 4981 6620 9770 13728 15578 4471 3753 11557 9781 8128 17461 11565 6388 10223 11096 4248 14987 6356 14673 2836 5283 12581 11956 11459 13482 10458 15331 15267 5975 17117 7032 15060 1623 16034 12438 10605 13393 11885 10619 6323 13352 10062 12813 4101 9752 6791 15658 11649 18372 20217 4387 12641 4874 3933 19083 14526 15394 14223 13761 8022 17764 13210 7378 2992 9105 7547 18798 8176 5644 18170 11130 13772 12643 11590 5486 11326 9869 5627 12185 11569 13296 6507 14096 16333 8314 4057 12240 1095 0 2084 9818 11739 11537 20431 4781 11779 4065 14477 1016 4087
15569 4770 7519 10411 14313 17536 6193 3301 13314 11795 9173 19416 11308 5898 11357 11196 6005 17021 7145 16533 4920 5073 13152 11567 11423 14649 11217 16865 17350 7993 17716 8474 15606 3530 17420 14441 9644 12980 10862 11326 5847 15158 10934 12753 5543 9041 7541 16928 11944 19282 21256 4683 14559 3991 5510 20210 15537 17457 14963 15391 6875 19761 15291 8311 4902 10065 7150 20303 9314 5152 19686 13214 15847 11551 12672 6925 10709 11551 7711 14260 11300 12863 7958 16124 18218 9899 4243 12299 1066 2084 0 10813 12899 13040 21375 6739 13126 4369 15700 1217 3510
12065 6905 15439 1901 4509 11147 6094 8074 6037 12988 1692 12646 6733 7099 947 4848 11732 12064 15374 9223 9161 6741 3600 7543 5645 3936 1421 7170 14172 10904 7633 3500 5817 10292 7096 9601 9598 8474 10541 1740 7069 7679 711 6466 12519 8130 15807 6330 4173 8555 10447 6320 8453 8512 12103 9408 4730 13155 4596 6477 9466 13556 12508 2502 10622 757 6597 10231 1749 7310 9689 11784 12426 11327 1900 13459 8315 4604 9129 11369 6791 8504 3883 11233 10828 3727 6776 5586 10032 9818 10813 0 2264 3971 10616 7098 3158 6582 5048 9873 8127
11464 9156 16938 3812 4343 9810 7656 10287 5064 13428 3743 11111 8339 9356 1543 6379 13144 11066 16926 7753 10704 8999 3958 9146 7154 1751 2915 5039 13490 11928 6711 4886 5378 12021 4835 8887 11598 9846 12443 3135 9327 6319 2565 7655 14046 10158 17348 4087 5380 6852 8501 8519 7484 10767 13610 7345 2948 12254 3798 4685 11677 12127 12055 4661 12161 2998 8804 7980 3589 9574 7449 11744 11814 13190 573 14848 10121 4288 10143 11000 8403 9907 5379 10325 9217 4325 8971 6816 12061 11739 12899 2264 0 2636 8811 8386 1400 8766 2819 11898 10357
8861 10076 15891 5858 6966 7265 7108 10938 2439 11339 4645 8691 10649 10629 3035 8717 12069 8434 15955 5276 9911 9992 6580 11462 9512 3289 5157 3827 10866 10428 9028 4566 7931 11457 4581 6274 13540 12291 14508 5441 10585 3766 4580 10158 13105 12065 16354 4534 7847 8454 9585 9189 4848 11675 12652 8213 4889 9618 6307 2605 13166 9638 9489 5564 11298 4444 10347 7270 4261 10671 6649 9365 9207 15298 3157 13697 12284 2197 8708 8473 10709 12337 5082 7688 6858 3248 9601 9296 12082 11537 13040 3971 2636 0 10149 7399 1273 9365 3707 11915 11090
17725 17079 25733 11074 7583 14314 16465 18425 11993 21382 12303 14521 13103 16765 10254 11677 21925 16370 25731 12426 19514 16847 8645 13653 12062 7170 10191 8101 19302 20524 4866 13697 6672 20814 6372 15311 17133 13370 17403 10124 16764 11885 10441 11453 22851 16035 26152 5744 10463 2109 1093 16755 13659 18577 22413 2403 5914 17639 6589 9751 18415 15753 18574 13093 20970 11342 15800 6914 12271 17226 7108 19084 18005 17866 8869 23615 15104 12344 18767 17815 13163 13515 14187 16011 12834 12991 17212 11135 20634 20431 21375 10616 8811 10149 0 17163 9257 17048 6453 20477 18405
9037 6538 8575 7958 11575 10804 1425 6325 6933 6862 5599 12686 11587 7913 7088 10365 4763 10325 8597 9916 2537 6700 10567 12228 10994 9994 8242 11014 10972 3907 14719 3609 12903 4202 11978 7708 12275 13576 13557 8508 7840 8646 7620 12247 5726 11002 9009 11849 10392 15237 16757 5354 7861 7552 5278 15472 11334 10852 11673 9304 10407 13023 8913 5365 3899 6596 8573 14478 5376 7419 13838 7109 9345 14401 8440 6462 12173 5426 2261 7792 11617 13530 3222 9416 11560 4218 5450 11463 5674 4781 6739 7098 8386 7399 17163 0 7979 5239 10815 5523 6653
10133 9766 16547 4951 5700 8413 7471 10765 3711 12442 4236 9743 9636 10150 2227 7683 12724 9675 16576 6367 10422 9645 5358 10447 8469 2163 4146 4052 12137 11271 7800 4753 6659 11870 4296 7547 12734 11201 13639 4403 10113 4920 3659 9029 13703 11273 16987 3906 6736 7449 8790 8992 6107 11382 13256 7494 3726 10871 5037 3375 12592 10743 10758 5189 11851 3772 9732 7289 3942 10279 6707 10578 10480 14406 1953 14394 11357 3223 9511 9732 9699 11256 5276 8945 7862 3765 9427 8180 12220 11779 13126 3158 1400 1273 9257 7979 0 9203 2839 12054 10878
14041 1310 10632 6043 9948 15026 3946 1573 10211 11932 5032 16841 7537 2764 7232 7042 7693 15022 10398 13640 5258 1518 8787 7979 7394 10495 6866 13148 16064 8431 13352 4982 11247 5287 13469 12306 7204 9414 8506 6964 2690 12130 6627 8748 7924 6084 10836 12848 7663 14948 16971 328 11968 2498 7647 15981 11262 15734 10598 11894 5168 17412 14032 4105 6324 5825 3697 16489 5267 2191 15897 12334 14371 9330 8475 9228 7512 8335 7247 12873 7545 9327 4554 14096 15370 6571 250 8182 3809 4065 4369 6582 8766 9365 17048 5239 9203 0 11585 3678 1751
11974 11953 19386 6327 5059 9358 10259 13104 5763 15020 6560 10246 10298 12074 4358 8384 15564 11061 19412 7249 13244 11785 5328 11066 9083 1129 5353 3277 13809 14077 5884 7504 5477 14657 2294 9416 13910 11487 14618 5474 12050 6192 5214 9232 16537 12526 19824 1288 7200 4765 5952 11337 7805 13558 16091 4664 1814 12328 3933 4040 14286 11400 12723 7480 14680 5797 11426 5431 6386 12336 4984 12902 12294 15305 3158 17233 12232 5896 12329 11819 10364 11579 8020 10489 8322 6604 11790 8503 14843 14477 15700 5048 2819 3707 6453 10815 2839 11585 0 14679 13169
14387 4380 7325 9628 13571 16319 4996 3019 12121 10790 8205 18199 11007 5700 10361 10693 5231 15815 7014 15323 3800 4689 12413 11346 10996 13649 10383 15735 16192 6986 16974 7357 14886 2624 16340 13227 9782 12778 11046 10516 5639 13956 10048 12344 4986 9010 7437 15891 11340 18397 20317 4005 13343 4027 4862 19233 14603 16266 14148 14230 7131 18546 14130 7384 4002 9137 6908 19185 8309 4944 18563 12080 14669 11785 11702 6382 10625 10373 6570 13085 11007 12672 6836 14916 17005 8744 3611 11823 167 1016 1217 9873 11898 11915 20477 5523 12054 3678 14679 0 3319
15612 1349 10640 7330 11095 16745 5487 361 11959 13075 6664 18569 7801 2407 8842 7740 8212 16678 10333 15385 6099 1625 9940 8081 7928 12063 8228 14855 17599 9407 14472 6732 12342 5613 15117 13970 6522 9504 7807 8280 2352 13878 8085 9251 8185 5692 10756 14444 8566 16296 18393 1901 13687 915 7994 17467 12721 17349 11866 13633 4037 19120 15549 5716 6866 7374 3648 18167 6937 1652 17583 13752 15934 8577 10027 9563 7309 10085 8458 14408 7794 9392 6302 15753 17114 8321 1504 8822 3386 4087 3510 8127 10357 11090 18405 6653 10878 1751 13169 3319 0
1 7 11 4
2 8 7 5
3 7 5 5
4 5 7 5
5 5 7 8
6 4 4 4
7 8 8 4
8 12 8 3
9 11 4 4
10 9 3 3
11 11 4 7
12 9 5 4
13 9 7 6
14 9 14 3
15 7 10 3
16 6 9 8
17 7 7 9
18 5 4 4
19 8 3 3
20 9 6 5
21 6 7 4
22 7 9 4
23 10 10 4
24 3 10 8
25 6 12 6
26 12 9 3
27 12 9 5
28 6 11 2
29 9 8 4
30 8 4 3
31 7 8 4
32 7 11 3
33 9 6 5
34 7 7 9
35 7 9 5
36 10 9 4
37 7 5 5
38 11 6 4
39 10 9 2
40 9 7 4
41 6 8 5
42 7 9 4
43 7 9 7
44 10 4 7
45 9 5 3
46 7 6 2
47 8 6 3
48 4 7 6
49 9 8 2
50 7 8 3
51 9 8 5
52 8 5 4
53 11 6 3
54 11 11 3
55 7 10 2
56 9 7 3
57 7 6 4
58 6 8 2
59 6 10 2
60 8 5 5
61 5 7 6
62 12 5 8
63 12 9 2
64 7 9 4
65 8 7 5
66 9 5 4
67 5 4 7
68 11 7 4
69 6 4 5
70 9 7 6
71 5 10 5
72 11 7 7
73 7 3 7
74 7 6 3
75 12 10 8
76 4 8 4
77 7 5 4
78 4 9 8
79 9 6 1
80 7 8 4
81 11 8 5
82 10 8 2
83 9 9 3
84 9 7 8
85 10 9 2
86 11 6 6
87 6 8 3
88 10 8 3
89 4 8 2
90 5 8 8
91 8 6 4
92 5 8 3
93 5 6 4
94 4 6 6
95 7 4 9
96 10 7 2
97 10 7 6
98 4 9 4
99 4 10 3
100 7 10 3
