700 100 3
30 60 700 9.00
0 8 5 1
0 11 43 1
0 5 35 2
0 5 98 3
0 3 48 1
0 3 87 2
0 19 29 1
0 1 42 2
0 2 29 3
0 19 59 1
0 12 48 2
0 5 43 3
0 13 44 1
0 18 91 2
0 2 42 3
0 8 23 1
0 4 35 3
0 11 70 3
0 12 79 1
0 19 72 1
0 5 31 3
0 11 97 2
0 3 83 1
0 2 96 1
0 24 11 3
0 2 6 1
0 1 20 2
0 9 63 2
0 11 96 1
0 24 53 2
0 1 18 1
0 14 8 2
0 15 49 3
0 14 93 2
0 20 8 1
0 6 82 2
0 8 51 1
0 4 24 1
0 1 65 2
0 5 80 1
0 2 93 2
0 25 80 3
0 14 68 1
0 1 37 2
0 7 40 2
0 1 18 2
0 16 60 1
0 12 23 1
0 24 47 1
0 3 7 2
0 15 23 3
0 6 67 1
0 2 37 3
0 2 7 3
0 3 38 1
0 18 80 1
0 6 92 3
0 4 11 2
0 7 72 3
0 11 35 2
0 23 82 1
0 9 23 2
0 16 66 3
0 2 60 2
0 10 13 3
0 11 26 3
0 2 88 2
0 19 67 2
0 20 30 2
0 12 53 3
0 21 81 3
0 16 93 1
0 11 85 2
0 18 19 1
0 17 72 2
0 4 20 3
0 1 24 2
0 9 8 1
0 1 44 3
0 3 4 3
0 2 96 3
0 6 94 3
0 3 79 3
0 4 85 1
0 13 2 3
0 3 20 1
0 16 84 2
0 7 3 2
0 3 30 2
0 8 36 3
0 6 61 2
0 13 47 1
0 11 35 2
0 4 90 3
0 5 54 3
0 11 4 3
0 2 88 1
0 6 32 1
0 16 21 1
0 2 43 1
0 1 50 3
0 1 63 1
0 1 41 2
0 16 62 3
0 17 23 1
0 8 94 2
0 11 74 2
0 12 95 2
0 6 82 2
0 6 3 2
0 7 26 2
0 3 60 1
0 12 27 3
0 2 41 3
0 18 54 3
0 10 83 3
0 2 78 1
0 9 51 3
0 6 93 1
0 12 80 2
0 19 17 2
0 1 59 3
0 4 86 1
0 1 79 2
0 9 57 1
0 13 40 3
0 12 94 3
0 3 68 2
0 19 95 3
0 2 17 2
0 1 62 1
0 13 51 1
0 5 34 3
0 16 62 1
0 2 95 1
0 3 62 1
0 19 16 2
0 3 39 2
0 14 4 3
0 20 23 2
0 1 38 1
0 13 71 3
0 9 100 2
0 5 7 3
0 10 38 2
0 23 100 3
0 6 36 3
0 4 55 1
0 8 84 3
0 7 10 1
0 3 62 3
0 3 88 3
0 9 44 2
0 6 60 2
0 21 53 1
0 1 63 2
0 4 55 3
0 5 79 3
0 4 94 1
0 7 79 2
0 2 66 3
0 7 11 3
0 1 72 2
0 21 13 2
0 6 42 2
0 1 67 1
0 6 65 1
0 2 28 1
0 10 96 2
0 1 65 1
0 2 39 2
0 1 40 1
0 23 45 1
0 9 72 2
0 10 12 2
0 2 76 3
0 5 82 3
0 5 98 1
0 4 89 1
0 5 13 1
0 24 55 3
0 1 44 3
0 8 97 2
0 5 36 2
0 17 60 2
0 17 9 3
0 3 81 1
0 18 83 2
0 7 63 2
0 12 94 1
0 17 26 2
0 4 33 1
0 4 97 1
0 1 28 3
0 4 31 1
0 12 8 1
0 22 58 2
0 6 5 3
0 1 20 2
0 8 11 3
0 1 100 2
0 2 69 2
0 7 87 2
0 20 92 1
0 1 94 3
0 6 19 2
0 4 53 2
0 8 45 2
0 1 45 2
0 18 41 3
0 1 7 2
0 11 59 1
0 13 76 2
0 2 38 3
0 6 60 1
0 16 97 2
0 25 90 1
0 1 95 2
0 8 39 3
0 3 66 2
0 3 100 3
0 14 100 1
0 3 22 1
0 2 47 2
0 5 27 2
0 8 75 2
0 5 10 2
0 16 95 2
0 2 80 3
0 5 73 2
0 5 19 2
0 1 5 2
0 15 13 2
0 8 35 1
0 9 71 2
0 7 42 3
0 4 24 2
0 6 17 2
0 12 65 1
0 16 27 3
0 3 66 3
0 5 21 1
0 23 2 3
0 15 21 3
0 23 76 2
0 13 77 1
0 5 51 2
0 10 45 3
0 8 12 1
0 4 23 1
0 1 62 3
0 3 9 2
0 7 97 3
0 1 60 2
0 4 45 1
0 5 29 1
0 8 78 1
0 6 64 2
0 11 28 2
0 3 20 1
0 1 26 3
0 5 48 2
0 4 37 2
0 5 16 1
0 1 5 1
0 5 43 3
0 4 26 3
0 11 7 3
0 14 85 2
0 20 40 3
0 2 85 1
0 24 41 3
0 24 70 2
0 9 32 1
0 21 48 2
0 3 38 2
0 9 31 3
0 5 54 3
0 5 18 1
0 3 8 1
0 4 100 2
0 17 80 1
0 11 98 1
0 3 41 3
0 6 44 2
0 13 58 2
0 2 68 1
0 25 16 2
0 2 33 1
0 7 25 1
0 12 76 1
0 10 63 3
0 4 70 2
0 21 92 1
0 14 22 3
0 5 55 1
0 20 58 1
0 18 21 3
0 22 64 1
0 7 50 3
0 18 47 2
0 14 38 3
0 4 33 1
0 11 16 2
0 7 9 3
0 6 16 2
0 12 54 1
0 7 52 1
0 12 76 2
0 6 17 1
0 18 47 1
0 12 84 3
0 14 27 2
0 7 67 3
0 11 100 3
0 3 44 1
0 12 78 2
0 9 14 1
0 3 52 1
0 3 48 3
0 5 19 3
0 11 27 3
0 6 16 2
0 10 19 1
0 14 50 3
0 1 97 3
0 8 27 1
0 3 39 1
0 5 41 1
0 8 49 1
0 16 63 1
0 19 82 2
0 12 6 3
0 24 25 2
0 22 44 2
0 2 68 2
0 2 10 3
0 5 77 2
0 9 58 2
0 9 12 1
0 12 58 2
0 3 33 1
0 2 54 1
0 3 29 3
0 7 98 3
0 21 57 3
0 21 83 2
0 3 21 2
0 3 75 3
0 2 55 2
0 9 17 1
0 3 79 1
0 15 32 2
0 2 72 3
0 6 60 3
0 16 51 2
0 3 17 2
0 19 96 3
0 8 97 3
0 9 78 2
0 21 31 2
0 2 11 2
0 7 83 3
0 7 95 2
0 13 52 3
0 5 87 1
0 19 23 1
0 1 27 1
0 6 4 1
0 8 1 3
0 16 61 1
0 17 86 1
0 19 4 2
0 1 49 3
0 3 17 1
0 8 38 3
0 5 86 1
0 11 28 1
0 10 2 3
0 6 45 1
0 12 38 1
0 1 44 3
0 7 90 1
0 3 28 1
0 3 62 1
0 15 5 1
0 1 39 3
0 6 5 1
0 25 26 1
0 14 89 3
0 9 92 3
0 5 29 2
0 2 59 3
0 11 51 3
0 1 41 3
0 22 46 3
0 5 85 3
0 5 85 1
0 1 86 2
0 4 66 1
0 9 87 1
0 9 87 2
0 9 83 3
0 4 28 2
0 7 42 2
0 12 79 3
0 21 92 2
0 7 93 1
0 7 90 3
0 2 57 3
0 14 40 3
0 20 74 2
0 9 19 1
0 17 12 2
0 13 58 2
0 3 61 3
0 2 88 1
0 2 59 2
0 4 6 3
0 20 45 2
1 21 32 3
1 7 73 2
1 13 14 2
1 8 23 3
1 9 78 3
1 19 9 1
1 5 73 1
1 13 95 3
1 7 96 3
1 5 37 2
1 4 39 1
1 3 34 3
1 1 99 1
1 10 64 3
1 12 72 3
1 4 62 1
1 1 62 3
1 22 40 2
1 16 71 2
1 8 38 2
1 19 91 3
1 11 79 2
1 9 80 2
1 9 22 3
1 10 54 1
1 1 79 2
1 2 68 1
1 1 48 3
1 9 61 2
1 4 48 1
1 17 37 1
1 3 93 2
1 3 92 2
1 16 3 3
1 3 75 1
1 6 41 1
1 1 74 2
1 6 88 1
1 18 82 2
1 10 30 3
1 1 90 1
1 20 62 1
1 18 97 2
1 10 99 1
1 3 12 3
1 12 51 1
1 5 75 2
1 12 18 1
1 19 27 3
1 11 50 3
1 19 77 1
1 19 93 1
1 20 3 2
1 4 75 3
1 7 48 3
1 22 64 1
1 1 88 3
1 12 75 2
1 11 89 2
1 3 68 1
1 10 91 1
1 9 59 1
1 4 1 1
1 13 42 2
1 4 4 3
1 9 81 1
1 1 80 3
1 9 8 2
1 8 61 1
1 8 92 1
1 2 84 3
1 24 11 3
1 1 13 3
1 13 83 3
1 9 26 2
1 10 15 3
1 20 93 3
1 3 49 1
1 7 12 2
1 6 21 1
1 20 32 2
1 3 13 1
1 10 59 2
1 5 71 3
1 1 69 1
1 3 24 1
1 1 25 2
1 2 85 3
1 13 51 1
1 4 67 3
1 4 53 2
1 3 56 1
1 14 50 2
1 7 1 2
1 6 36 1
1 7 14 1
1 4 38 1
1 2 85 3
1 9 90 1
1 15 25 3
1 9 83 3
1 5 89 3
1 21 42 3
1 5 55 1
1 3 56 3
1 25 23 2
1 9 53 1
1 2 43 2
1 2 81 3
1 6 9 2
1 1 94 3
1 18 77 3
1 6 69 3
1 4 99 3
1 13 74 2
1 1 68 1
1 21 82 2
1 2 38 3
1 10 47 1
1 9 16 1
1 12 6 1
1 18 72 1
1 19 38 1
1 23 92 2
1 10 1 2
1 8 88 1
1 24 9 3
1 8 23 3
1 4 61 1
1 7 73 3
1 1 63 3
1 2 86 3
1 2 50 2
1 2 35 1
1 7 92 2
1 8 3 2
1 20 49 2
1 9 21 3
1 2 91 1
1 17 49 2
1 6 22 2
1 8 50 2
1 4 71 1
1 3 44 1
1 20 74 2
1 6 97 2
1 4 73 3
1 6 20 3
1 10 95 3
1 10 49 2
1 19 83 1
1 14 81 2
1 21 61 3
1 4 87 1
1 4 83 3
1 1 56 1
1 9 26 1
1 6 42 3
1 24 84 3
1 10 97 1
1 11 53 3
1 3 71 3
1 6 30 2
1 18 98 1
1 7 18 2
1 4 26 1
1 5 52 3
1 5 38 3
1 9 2 3
1 21 93 1
1 2 66 2
1 4 46 1
1 14 25 1
1 20 32 1
1 6 77 3
1 10 67 2
1 21 49 1
1 17 31 2
1 14 66 2
1 19 87 3
1 9 46 2
1 15 28 2
1 3 69 2
1 2 65 2
1 11 56 2
1 9 28 1
1 4 81 1
1 17 77 2
1 25 14 3
1 2 66 2
1 2 12 1
1 3 77 3
1 2 91 3
1 5 51 1
1 12 57 1
1 18 13 2
1 8 86 1
1 8 57 3
1 6 56 2
1 9 91 2
1 3 38 3
1 18 44 2
1 6 43 1
1 11 18 2
1 7 24 3
1 3 79 2
1 15 66 2
1 19 92 2
1 17 58 2
1 7 51 2
1 1 24 3
1 2 8 2
1 20 39 2
1 8 89 1
1 14 52 1
1 4 2 2
1 4 63 2
1 1 16 1
1 14 61 3
1 3 67 1
1 2 22 2
1 1 60 2
1 10 74 1
1 10 97 3
1 19 81 1
1 19 13 3
1 4 21 3
1 2 41 2
1 20 20 3
1 7 81 2
1 4 61 3
1 8 74 2
1 4 11 2
1 10 18 2
1 6 23 3
1 4 52 2
1 1 57 2
1 1 30 3
1 2 78 1
1 23 35 1
1 2 28 1
1 1 47 2
1 19 62 1
1 6 58 1
1 10 33 3
1 2 56 2
1 15 19 3
1 5 95 3
1 6 33 2
1 1 36 1
1 4 10 3
1 3 49 2
1 20 35 2
1 5 61 3
1 5 68 3
1 6 82 3
1 10 71 1
1 3 16 3
1 2 55 1
1 3 56 3
1 7 78 1
1 7 93 2
1 1 82 1
1 12 18 2
1 11 6 2
1 11 55 1
1 19 10 1
1 9 47 1
1 23 75 3
1 20 55 3
1 12 86 3
1 5 63 2
1 14 7 3
1 12 90 1
1 14 47 1
1 16 93 1
1 17 88 2
1 12 65 1
1 5 22 3
1 5 48 2
0 19782 13690 5180 21249 11954 14253 10494 9300 7524 12072 3272 2863 19192 16097 6458 6951 6500 10800 11652 1563 19105 1552 8920 17025 12588 3566 10368 4983 17985 9104 12153 7261 18971 16029 4589 19716 17691 13106 17194 13595 5100 3387 13495 12847 13360 11265 15672 10393 20853 12111 10588 19706 8860 14301 17874 3689 8633 10121 7485 16647 6910 6448 12799 3389 6279 10206 6000 11748 8177 9899 9024 13185 19397 11193 17642 19751 5356 17322 10703 1843 8313 11410 13777 16728 13939 7726 15757 3888 15440 11116 10013 13181 11723 9713 7808 16376 21092 19647 20586 12813
19782 0 9754 14804 13998 8712 5868 9363 12222 17950 7979 16517 18876 8076 3751 17585 20346 18825 14828 11226 19959 5401 19058 17721 4852 12266 18696 9654 19278 5041 12379 8689 12545 2040 12335 18316 5979 4657 7261 2679 7758 16558 20090 7001 11969 9068 8895 14569 9765 14369 18131 10494 12397 19367 12375 9353 16099 17668 10499 14802 3416 22380 19054 16607 18484 13613 13728 14371 8169 11885 19267 11898 6736 14293 16079 13059 1917 15802 2820 18711 19211 11643 9797 12576 3792 15217 12183 12710 20133 14782 8837 9987 6710 16188 14709 12129 8291 3807 11441 5330 7485
13690 9754 0 8718 8479 3277 4896 7247 11075 15825 7770 10759 14196 5564 7822 9109 11599 10222 5263 12091 13171 12939 13696 16389 10785 13852 14388 5022 15640 11826 11087 9410 7562 7945 3833 14567 13747 11262 8508 7420 10038 8981 12555 3775 13766 1011 4383 5461 4681 8343 8394 3399 6642 10110 2929 4202 10425 16188 9421 12697 6586 13797 10458 6855 11133 9336 13549 10684 5053 6180 9801 10284 5135 7292 6410 5396 10979 12254 9006 9110 12397 6307 10081 2953 5999 5583 6830 3950 12407 5563 7553 5234 7208 6465 5470 6699 13171 13034 6282 13813 8366
5180 14804 8718 0 16740 6774 9135 5822 6340 8269 7494 2046 5532 14120 11213 4802 7175 5799 7103 8653 5156 14828 4983 9291 12593 10119 5818 5231 7238 13640 6193 8043 2344 13865 11527 6216 15522 13264 8635 12166 9486 2746 5488 8327 10266 8280 6107 11669 5228 16431 9659 5469 15063 7753 9835 12919 1710 9022 6242 6054 11570 8580 5940 9652 3912 2503 8328 3487 6664 3008 8450 5693 8109 15073 7997 13210 14964 4486 12503 8781 4408 3182 7633 9357 11599 10228 2622 11335 5661 11505 6522 4880 8413 8526 5960 2683 12707 16489 14881 16242 8333
21249 13998 8479 16740 0 11642 12106 15591 19502 24276 15793 18706 22267 5932 14211 15414 17053 16139 10656 20291 20384 18896 21571 24867 17255 22002 22550 13484 23903 18059 19526 17430 15953 12010 5234 22844 19626 17505 16258 12953 17723 16176 19281 11463 21870 9327 12773 6016 13154 715 11381 11815 1899 14840 6957 5164 18430 24664 17775 21175 12329 19175 16342 9731 18183 17733 21950 19101 13276 14555 13990 18727 12867 2151 10799 3614 15834 20639 14891 12930 19670 14727 18258 7475 11512 7944 15213 5493 18980 6335 15786 13709 14904 10402 11628 15079 20345 17805 2661 19228 16197
11954 8712 3277 6774 11642 0 2874 3977 7861 12889 4567 8760 11891 7666 5755 8876 11634 10114 6616 8815 11783 10623 11636 13333 8329 10578 11963 1936 13051 9431 7888 6183 4997 7383 7099 11977 11427 8900 5428 6054 6945 7992 11613 1722 10498 2329 1132 8511 1706 11559 10137 1784 9765 10752 5969 6895 8371 13150 6158 9665 5298 13680 10344 8952 10040 6658 10314 7913 1814 3805 10772 7091 2407 10562 7962 8672 9426 9522 7097 10368 11004 3756 6809 5808 5094 8173 4352 7180 11595 8551 4280 2238 4232 8220 6217 4244 10237 11326 9272 11724 5246
14253 5868 4896 9135 12106 2874 0 4480 8282 13875 3933 10987 13756 6978 3005 11724 14493 12967 9331 8431 14272 8075 13719 14040 5890 10047 13705 3905 14571 6940 8375 5472 7012 4730 8474 13529 8885 6380 4176 3194 5618 10712 14280 1250 9876 3943 3068 10336 3954 12193 12798 4656 10218 13618 7823 6961 10576 13907 6391 10571 2481 16514 13194 11467 12682 8378 10474 9408 2518 6145 13608 7670 1158 11507 10652 9779 6565 10981 4298 13155 13507 5956 6445 7831 2477 10415 6532 8697 14302 10452 4298 4256 2837 10852 9038 6458 8426 8502 9499 9042 4150
10494 9363 7247 5822 15591 3977 4480 0 3966 9407 1677 7272 9534 11168 5631 9805 12524 11009 9394 4892 10849 9037 9700 9642 6777 6668 9399 2418 10151 7837 4023 2681 3480 8844 11047 9130 9755 7447 2840 6890 3940 8165 11309 4401 6621 6305 2865 12286 2813 15528 12845 4539 13705 12381 9797 10707 6855 9492 2184 6103 6493 14219 11203 12029 9722 4256 6365 5059 2353 3504 12728 3262 3329 14537 10710 12642 9259 6578 6829 12630 10146 3119 2959 9556 6803 11649 3425 11096 11463 12282 724 2401 2688 11097 8606 3441 7372 10687 13161 10430 2540
9300 12222 11075 6340 19502 7861 8282 3966 0 5758 4487 6685 7373 15116 8557 11118 13493 12139 12211 2405 10195 10129 8050 5765 8336 3781 6982 6060 7207 9127 199 3547 4783 12175 14797 6358 10649 8957 4966 10112 4753 9086 11256 8353 3927 10179 6729 15799 6421 19408 15385 8007 17625 14027 13413 14668 6361 5647 1893 2598 9921 14718 12278 14919 9880 3844 2496 3370 6319 5842 14631 825 7178 18352 13407 16438 11583 4121 9430 14802 9674 5492 2484 13101 10392 14893 5326 14796 11565 15749 3987 5887 5809 13871 11221 5435 7097 12478 17108 11639 4763
7524 17950 15825 8269 24276 12889 13875 9407 5758 0 10220 7025 4666 20476 14312 12469 13971 13057 15355 7042 9002 15286 5978 1411 13806 6951 3963 10956 2842 14442 5619 9261 8350 17929 19236 2935 15662 14373 10715 15869 10304 10424 10696 13750 7294 15071 11801 19742 11232 24076 17840 12461 22464 15370 17649 19776 7022 1137 7599 3304 15659 14356 13098 17921 9971 6585 4587 5204 11656 9746 16259 6234 12733 22848 16264 20932 17196 3803 15142 16790 8911 9552 8154 17233 16095 18434 9089 19132 11162 19613 9610 10677 11549 16794 14219 9223 11755 17870 22082 16774 10520
12072 7979 7770 7494 15793 4567 3933 1677 4487 10220 0 8885 10923 10903 4231 11430 14166 12645 10661 4530 12488 7362 11197 10239 5101 6211 10721 3582 11318 6161 4610 1650 5155 7721 11600 10342 8085 5771 1177 5679 2484 9832 12982 4331 6078 6769 3634 13078 3950 15806 14168 5623 13894 13937 10535 10733 8471 10130 2622 6959 5439 15888 12842 13219 11397 5796 6554 6413 2754 5115 14230 4006 2956 14948 12002 13105 7700 7823 5318 14068 11795 4744 2517 10369 5908 12653 5089 11714 13139 13113 974 3700 1331 12351 9968 5097 5920 9045 13254 8753 885
3272 16517 10759 2046 18706 8760 10987 7272 6685 7025 8885 0 3584 16163 12847 5446 7208 6112 8748 9090 3643 16056 2938 8225 13911 10311 3971 7114 5493 14906 6503 9122 3989 15701 13478 4557 16703 14581 9958 13923 10579 3408 4574 10258 10518 10325 8020 13474 7158 18374 10881 7510 17056 8371 11769 14961 419 7939 7143 5568 13375 8118 6182 11137 3297 3165 8178 3340 8479 4958 9238 6232 9915 16987 9469 15148 16529 3547 14088 9771 3027 5065 8497 11275 13463 11924 4472 13264 4905 13287 7918 6759 9950 10010 7600 4560 13569 17928 16898 17516 9660
2863 18876 14196 5532 22267 11891 13756 9534 7373 4666 10923 3584 0 19475 15126 8542 9577 8877 12294 9561 4375 17476 1338 6067 15564 10236 704 10073 2209 16432 7175 10639 6898 18344 17046 1734 18017 16210 11812 16422 12008 6732 6135 13220 10527 13677 11002 17052 10206 21947 14177 10857 20594 11252 15343 18383 3837 5783 8605 5136 15988 9746 8873 14597 5681 5379 7766 4510 11256 8140 12232 7314 12619 20568 12937 18721 18580 3258 16238 12916 4394 8139 9732 14853 16207 15476 7547 16840 6620 16861 10039 9727 12166 13478 11150 7662 14428 19703 20402 18983 11541
19192 8076 5564 14120 5932 7666 6978 11168 15116 20476 10903 16163 19475 0 8526 14578 16925 15631 10273 15409 18727 13004 19094 20804 11482 17008 19590 9589 20714 12218 15185 12447 12624 6078 5485 19639 13720 11677 11100 7127 12448 14544 18110 6768 16824 5841 8700 7738 9371 6295 12658 8653 4345 15178 6465 1922 15804 20645 13253 17202 6587 19143 15865 10889 16696 14320 17406 15577 8842 11336 14664 14430 7982 6346 11111 5499 9902 17187 9057 13790 17950 11359 13419 6924 5779 9087 11940 5953 17949 8039 11155 9902 9794 10965 10778 11821 14721 11882 3374 13297 11106
16097 3751 7822 11213 14211 5755 3005 5631 8557 14312 4231 12847 15126 8526 0 14400 17187 15648 12316 7840 16349 5121 15330 14177 3092 9128 14944 6227 15543 4047 8705 5081 8909 3730 11198 14572 5928 3476 3601 1687 4419 13165 16600 4249 8874 6909 5608 13190 6414 14409 15797 7489 12387 16476 10725 9084 12428 14102 6783 11113 1950 19124 15869 14470 14992 9887 10256 10620 4738 8390 16526 8184 3426 13933 13644 12342 3795 12053 1357 16115 15616 8108 6202 10774 2748 13385 8612 11470 16683 13331 5087 6531 2961 13854 11971 8573 6195 5584 11550 6038 3794
6458 17585 9109 4802 15414 8876 11724 9805 11118 12469 11430 5446 8542 14578 14400 0 2787 1248 4760 13377 5222 18725 7383 13665 16405 14899 9108 8221 10693 17506 10977 12353 6614 16209 10361 9877 19477 17056 12606 14917 13722 2112 3878 10595 15033 9208 8795 9546 7995 14933 5673 7101 14082 2973 8694 12931 5494 13381 10786 10748 14173 4815 1472 6381 3072 7300 13122 8227 9679 6315 3792 10432 10990 13417 4837 11822 18177 8914 15756 4379 4642 6690 12149 8150 13940 7698 6417 10005 3567 9276 10526 7959 12013 5347 3894 6381 17100 19953 14219 20032 12314
6951 20346 11599 7175 17053 11634 14493 12524 13493 13971 14166 7208 9577 16925 17187 2787 0 1540 6717 15826 5416 21486 8269 15275 19172 17257 10236 11006 11785 20269 13336 15018 9225 18931 12279 11152 22233 19826 15343 17684 16412 4459 3597 13348 17419 11808 11581 11043 10782 16502 6110 9853 15923 2375 10727 15183 7389 14984 13358 12762 16932 2219 1328 7431 4005 9651 15302 10372 12466 9059 3435 12866 13775 14958 6264 13567 20962 10749 18543 4474 5195 9423 14740 10197 16675 9116 9107 11872 3095 10732 13247 10740 14786 6652 6159 9084 19753 22741 16190 22805 15048
6500 18825 10222 5799 16139 10114 12967 11009 12139 13057 12645 6112 8877 15631 15648 1248 1540 0 5576 14440 5088 19955 7632 14311 17638 15917 9494 9466 11074 18737 11990 13529 7754 17433 11202 10341 20704 18291 13821 16160 14912 3053 3452 11831 16065 10373 10043 10181 9243 15624 5744 8336 14898 2378 9583 13937 6232 14022 11911 11584 15412 3605 237 6765 3201 8299 14047 9120 10926 7533 3399 11483 12238 14091 5378 12586 19425 9651 17004 4236 4660 7901 13285 9043 15170 8279 7603 10820 3028 9890 11732 9201 13250 5837 4863 7574 18271 21201 15097 21269 13528
10800 14828 5263 7103 10656 6616 9331 9394 12211 15355 10661 8748 12294 10273 12316 4760 6717 5576 0 14015 9794 17239 11371 16308 14938 15751 12719 7084 14231 16044 12136 12053 7504 13128 5628 13255 18042 15516 11726 12319 13145 5711 8625 8081 15781 5776 7151 4875 6711 10187 3534 5082 9336 4919 4017 8486 8583 16050 11150 12835 11496 8931 5795 2708 7583 9012 14612 10321 8136 6375 4539 11398 9023 8683 1353 7062 15843 11554 13628 3884 9114 6742 12286 3483 11037 3183 6892 5256 8327 4640 10004 7013 10708 1703 1150 6779 16572 17824 9521 18327 11486
11652 11226 12091 8653 20291 8815 8431 4892 2405 7042 4530 9090 9561 15409 7840 13377 15826 14440 14015 0 12589 8258 10348 6569 6805 1778 9098 7291 9057 7400 2590 2968 6858 11570 15913 8346 8677 7349 4403 9510 3473 11390 13659 8847 1766 11121 7733 17175 7684 20279 17332 9393 18393 16240 14689 15258 8763 6554 2870 4476 9519 17104 14588 16706 12272 6186 2536 5771 7059 7688 16784 2960 7485 19358 15275 17481 10263 6369 8413 16878 12077 7303 2033 14445 10135 16475 7278 15977 13965 17165 4541 7221 5631 15708 13104 7367 4893 10830 17773 9756 4338
1563 19959 13171 5156 20384 11783 14272 10849 10195 9002 12488 3643 4375 18727 16349 5222 5416 5088 9794 12589 0 19697 3038 10385 17540 13663 5073 10369 6532 18543 10004 12765 7441 19001 15204 6075 20346 18211 13580 17322 14222 4254 1831 13407 13902 12951 11221 14661 10334 19951 10789 10272 18917 7410 13484 17300 4042 10095 10780 8642 16720 5371 5010 11603 2211 6808 11361 6827 11817 8128 8469 9814 13262 18465 10045 16770 20077 6486 17623 9322 783 8332 12124 12948 16724 12866 7779 14900 2334 14410 11516 10021 13502 10562 8762 7837 17177 21531 18928 21154 13281
19105 5401 12939 14828 18896 10623 8075 9037 10129 15286 7362 16056 17476 13004 5121 18725 21486 19955 17239 8258 19697 0 18028 14679 2332 8601 17110 10571 17258 1220 10324 6953 12503 7065 16284 16469 810 1723 6199 5981 5512 17190 20311 9290 8255 12012 10200 18308 10858 19175 20758 12236 17155 21082 15846 13907 15655 14707 8986 12618 6700 23246 20159 19509 18739 12894 10712 13148 9225 12431 21254 10177 8216 18850 18585 17351 3542 14219 4077 20943 19040 12076 7753 15889 7492 18488 12448 16571 20486 18451 8321 10796 6731 18833 16775 12452 3763 2842 16255 1510 6501
1552 19058 13696 4983 21571 11636 13719 9700 8050 5978 11197 2938 1338 19094 15330 7383 8269 7632 11371 10348 3038 18028 0 7371 16022 11181 2035 9913 3525 16941 7851 11105 6725 18388 16337 3044 18607 16681 12167 16531 12521 5703 4800 13074 11454 13259 10834 16193 9995 21217 13049 10441 19950 10010 14617 17898 3291 7084 9058 6057 16040 8409 7614 13568 4432 5445 8760 4885 11201 7833 11011 7864 12609 19804 11922 17991 18896 3984 16503 11735 3075 7896 10283 14111 16192 14550 7297 16103 5288 15985 10269 9558 12378 12462 10243 7398 15147 20133 19814 19524 11883
8920 17721 16389 9291 24867 13333 14040 9642 5765 1411 10239 8225 6067 20804 14177 13665 15275 14311 16308 6569 10385 14679 7371 0 13371 6146 5366 11423 4231 13916 5665 9096 9077 17861 19916 4334 14995 13901 10585 15788 9981 11590 12055 14039 6497 15582 12218 20556 11730 24703 18932 13082 23026 16595 18377 20225 8179 292 7658 3692 15651 15725 14362 18921 11270 7368 4033 6008 11962 10449 17457 6385 12924 23526 17277 21603 16830 4816 14901 17943 10266 10214 7975 17985 16147 19332 9803 19841 12514 20446 9742 11173 11548 17800 15188 9936 11040 17349 22592 16141 10422
17025 4852 10785 12593 17255 8329 5890 6777 8336 13806 5101 13911 15564 11482 3092 16405 19172 17638 14938 6805 17540 2332 16022 13371 0 7575 15250 8240 15542 1115 8522 4927 10256 5958 14264 14686 3117 672 3965 4362 3585 14901 18082 7069 7257 9830 7873 16209 8526 17474 18464 9916 15450 18750 13710 12154 13503 13359 6972 10908 4926 20955 17844 17249 16498 10765 9339 11140 6895 10125 18924 8257 5926 17023 16287 15432 3514 12327 2478 18622 16864 9775 5868 13720 5744 16289 10166 14522 18240 16334 6071 8468 4402 16547 14454 10164 3480 4147 14595 3655 4267
12588 12266 13852 10119 22002 10578 10047 6668 3781 6951 6211 10311 10236 17008 9128 14899 17257 15917 15751 1778 13663 8601 11181 6146 7575 0 9689 9069 9356 7947 3927 4587 8487 12835 17678 8817 8870 8020 5915 10814 4717 12865 14876 10542 351 12876 9504 18952 9461 22005 19034 11169 20104 17803 16465 16938 10022 6211 4630 5126 10918 18412 16053 18448 13570 7618 2498 6975 8809 9399 18390 4495 9156 21107 16998 19237 11089 7231 9508 18527 13218 9020 3773 16223 11585 18245 8956 17747 15215 18943 6299 8997 7215 17439 14820 9052 4905 11347 19463 10035 5902
3566 18696 14388 5818 22550 11963 13705 9399 6982 3963 10721 3971 704 19590 14944 9108 10236 9494 12719 9098 5073 17110 2035 5366 15250 9689 0 10106 1586 16089 6787 10338 6970 18238 17343 1036 17630 15888 11563 16286 11676 7239 6821 13228 9988 13827 11032 17432 10264 22248 14714 11019 20850 11863 15652 18556 4169 5082 8325 4634 15883 10443 9499 15076 6308 5354 7203 4341 11226 8266 12829 6994 12557 20890 13411 19027 18332 2929 16022 13487 5067 8231 9392 15173 16136 15896 7651 17153 7303 17250 9866 9766 11990 13953 11571 7771 13983 19395 20627 18619 11300
10368 9654 5022 5231 13484 1936 3905 2418 6060 10956 3582 7114 10073 9589 6227 8221 11006 9466 7084 7291 10369 10571 9913 11423 8240 9069 10106 0 11148 9351 6067 4996 3193 8634 8744 10077 11345 8876 4681 6987 6064 6943 10437 3161 9032 4165 929 9886 395 13365 10586 2123 11624 10514 7420 8822 6708 11234 4490 7745 6355 12903 9681 9672 8831 4767 8545 5990 1496 2244 10729 5263 2918 12292 8422 10379 10022 7601 7573 10515 9605 2056 5377 7158 6369 9234 2643 8761 10490 9874 2947 356 3842 8779 6392 2561 9502 11742 11170 11834 4426
4983 19278 15640 7238 23903 13051 14571 10151 7207 2842 11318 5493 2209 20714 15543 10693 11785 11074 14231 9057 6532 17258 3525 4231 15542 9356 1586 11148 0 16304 7024 10714 8114 18974 18722 1076 17719 16156 12045 16972 11959 8809 8320 14203 9681 15023 12061 18899 11344 23624 16291 12247 22173 13445 17048 19769 5651 3971 8787 4645 16634 11893 11075 16625 7882 6393 6868 5185 12150 9467 14414 7396 13414 22292 14958 20413 18765 3591 16538 15072 6597 9385 9687 16581 16951 17400 8828 18550 8811 18727 10535 10822 12627 15499 13082 8955 13933 19679 21909 18766 11804
17985 5041 11826 13640 18059 9431 6940 7837 9127 14442 6161 14906 16432 12218 4047 17506 20269 18737 16044 7400 18543 1220 16941 13916 1115 7947 16089 9351 16304 0 9318 5839 11309 6453 15245 15484 2003 571 5005 5106 4426 15982 19127 8138 7612 10883 8987 17227 9639 18307 19568 11029 16282 19863 14745 13005 14502 13926 7884 11660 5759 22037 18942 18340 17550 11749 9905 12056 8010 11217 20039 9119 7026 17915 17392 16366 3384 13181 3168 19735 17878 10863 6701 14769 6570 17353 11242 15517 19295 17361 7124 9576 5511 17648 15567 11244 3370 3434 15404 2611 5307
9104 12379 11087 6193 19526 7888 8375 4023 199 5619 4610 6503 7175 15185 8705 10977 13336 11990 12136 2590 10004 10324 7851 5665 8522 3927 6787 6067 7024 9318 0 3714 4685 12310 14795 6168 10846 9144 5120 10250 4938 8938 11076 8419 4083 10201 6756 15770 6423 19426 15290 7990 17652 13893 13396 14714 6183 5539 1999 2428 10047 14547 12127 14844 9707 3692 2521 3182 6373 5776 14507 804 7264 18357 13323 16441 11758 3923 9592 14690 9487 5432 2663 13078 10508 14843 5246 14788 11388 15716 4077 5884 5936 13792 11137 5358 7296 12665 17145 11833 4912
12153 8689 9410 8043 17430 6183 5472 2681 3547 9261 1650 9122 10639 12447 5081 12353 15018 13529 12053 2968 12765 6953 11105 9096 4927 4587 10338 4996 10714 5839 3714 0 5806 8774 13242 9816 7582 5579 1497 6701 1458 10591 13474 5967 4440 8412 5197 14683 5384 17450 15520 7102 15532 15008 12149 12352 8727 9021 2048 6142 6625 16600 13711 14665 11936 5957 5214 6220 4371 6123 15387 3348 4571 16598 13377 14753 8052 7411 5888 15307 12126 5728 1120 11965 7203 14191 5937 13349 13686 14709 2051 5041 2663 13754 11284 5980 4748 9064 14879 8434 1381
7261 12545 7562 2344 15953 4997 7012 3480 4783 8350 5155 3989 6898 12624 8909 6614 9225 7754 7504 6858 7441 12503 6725 9077 10256 8487 6970 3193 8114 11309 4685 5806 0 11716 10886 7038 13207 10926 6305 9938 7224 4786 7829 6354 8576 6910 4119 11489 3308 15735 10605 4164 14166 9405 9310 11658 3573 8846 4175 5446 9387 10805 7928 10204 6242 1780 7119 3152 4497 1398 9927 4004 5928 14498 8654 12582 12640 4695 10183 10040 6715 1271 5536 8910 9489 10356 741 10786 7985 11389 4186 2841 6076 9133 6471 874 10530 14146 13844 13907 6002
18971 2040 7945 13865 12010 7383 4730 8844 12175 17929 7721 15701 18344 6078 3730 16209 18931 17433 13128 11570 19001 7065 18388 17861 5958 12835 18238 8634 18974 6453 12310 8774 11716 0 10331 17965 7731 5968 7279 2073 8141 15365 18967 5670 12571 7354 7784 12583 8672 12362 16338 9123 10378 17797 10451 7313 15287 17775 10339 14681 2356 21024 17666 14763 17377 12984 13973 13900 7222 10873 17624 11728 5788 12257 14337 11022 3824 15417 3512 17009 18234 10684 9892 10683 2294 13308 11258 10715 18967 12805 8442 8985 6391 14409 13107 11186 9423 5822 9429 7230 7439
16029 12335 3833 11527 5234 7099 8474 11047 14797 19236 11600 13478 17046 5485 11198 10361 12279 11202 5628 15913 15204 16284 16337 19916 14264 17678 17343 8744 18722 15245 14795 13242 10886 10331 0 17670 17079 14674 12306 10431 13834 10973 14187 7486 17596 4831 8185 2306 8377 4905 7307 6851 3726 10249 1728 3567 13209 19698 13205 16234 9638 14472 11419 5521 13016 12656 17287 14035 8886 9492 9569 13991 8893 3612 6082 1698 13866 15534 12230 8601 14478 9705 13908 2257 8903 3658 10147 473 13918 2580 11379 8911 10986 5811 6496 10014 16880 15949 3911 16985 12177
4589 18316 14567 6216 22844 11977 13529 9130 6358 2935 10342 4557 1734 19639 14572 9877 11152 10341 13255 8346 6075 16469 3044 4334 14686 8817 1036 10077 1076 15484 6168 9816 7038 17965 17670 0 16959 15312 11109 15976 11102 7930 7795 13142 9127 13947 10992 17885 10271 22571 15419 11173 21108 12695 16004 18694 4676 4049 7850 3874 15620 11438 10360 15689 7184 5319 6320 4128 11095 8393 13635 6475 12373 21248 14021 19364 17856 2552 15596 14249 6023 8309 8818 15541 15921 16414 7753 17505 8270 17719 9536 9750 11641 14561 12105 7880 13239 18831 20839 17979 10860
19716 5979 13747 15522 19626 11427 8885 9755 10649 15662 8085 16703 18017 13720 5928 19477 22233 20704 18042 8677 20346 810 18607 14995 3117 8870 17630 11345 17719 2003 10846 7582 13207 7731 17079 16959 0 2527 6915 6745 6128 17917 20999 10100 8520 12821 10991 19111 11637 19916 21563 13032 17899 21859 16653 14663 16306 15038 9597 13093 7479 23973 20906 20318 19434 13538 11077 13739 10012 13175 22040 10744 9020 19614 19389 18132 4075 14759 4859 21739 19700 12815 8325 16698 8264 19298 13174 17369 21183 19256 9035 11564 7503 19639 17570 13182 3968 2961 16991 1214 7215
17691 4657 11262 13264 17505 8900 6380 7447 8957 14373 5771 14581 16210 11677 3476 17056 19826 18291 15516 7349 18211 1723 16681 13901 672 8020 15888 8876 16156 571 9144 5579 10926 5968 14674 15312 2527 0 4637 4556 4213 15564 18752 7584 7693 10323 8484 16659 9155 17749 19036 10515 15724 19380 14179 12443 14174 13898 7626 11517 5196 21617 18498 17794 17168 11434 9875 11797 7512 10783 19540 8899 6493 17349 16862 15796 3126 12969 2620 19223 17535 10436 6499 14207 6009 16795 10831 14947 18910 16794 6742 9110 5045 17112 15054 10828 3648 3523 14850 2989 4938
13106 7261 8508 8635 16258 5428 4176 2840 4966 10715 1177 9958 11812 11100 3601 12606 15343 13821 11726 4403 13580 6199 12167 10585 3965 5915 11563 4681 12045 5005 5120 1497 6305 7279 12306 11109 6915 4637 0 5206 1531 11003 14123 4863 5724 7497 4611 13905 5033 16318 15247 6655 14364 15100 11351 11130 9548 10506 3261 7541 5135 17059 14019 14243 12544 6830 6709 7320 3660 6291 15377 4650 3436 15547 13073 13747 6771 8639 4493 15193 12900 5920 2613 11225 5733 13590 6261 12456 14289 13961 2121 4830 1354 13406 11072 6272 4854 7986 13666 7607 302
17194 2679 7420 12166 12953 6054 3194 6890 10112 15869 5679 13923 16422 7127 1687 14917 17684 16160 12319 9510 17322 5981 16531 15788 4362 10814 16286 6987 16972 5106 10250 6701 9938 2073 10431 15976 6745 4556 5206 0 6104 13880 17420 4357 10560 6631 6217 12557 7090 13209 15701 7838 11186 16759 10206 7926 13505 15704 8289 12632 835 19708 16388 14249 15816 11096 11902 11946 5511 9225 16700 9682 4070 12870 13603 11404 3561 13435 1938 16188 16568 8994 7818 10337 1532 12986 9544 10754 17458 12734 6440 7325 4353 13750 12129 9485 7705 5616 10300 6557 5368
13595 7758 10038 9486 17723 6945 5618 3940 4753 10304 2484 10579 12008 12448 4419 13722 16412 14912 13145 3473 14222 5512 12521 9981 3585 4717 11676 6064 11959 4426 4938 1458 7224 8141 13834 11102 6128 4213 1531 6104 0 12003 14928 6377 4477 9027 6087 15433 6434 17800 16650 8102 15834 16321 12880 12578 10185 9941 3474 7331 6206 18028 15099 15699 13386 7415 5972 7638 5159 7441 16657 4694 4953 17055 14486 15265 6892 8760 4941 16526 13585 7053 2286 12748 6892 15092 7309 13986 15136 15486 3238 6170 2858 14836 12443 7342 3449 7729 15115 7004 1701
5100 16558 8981 2746 16176 7992 10712 8165 9086 10424 9832 3408 6732 14544 13165 2112 4459 3053 5711 11390 4254 17190 5703 11590 14901 12865 7239 6943 8809 15982 8938 10591 4786 15365 10973 7930 17917 15564 11003 13880 12003 0 3645 9695 13012 8845 7663 10576 6797 15765 7489 6323 14676 5085 9249 13069 3412 11308 8900 8636 13193 6056 3199 7873 2152 5247 11030 6121 8440 4806 5878 8432 9838 14301 6221 12564 16959 6817 14503 6366 3509 5134 10283 8716 13072 8873 4743 10684 3603 10349 8887 6634 10569 6761 4613 4738 15312 18628 14675 18553 10704
3387 20090 12555 5488 19281 11613 14280 11309 11256 10696 12982 4574 6135 18110 16600 3878 3597 3452 8625 13659 1831 20311 4800 12055 18082 14876 6821 10437 8320 19127 11076 13474 7829 18967 14187 7795 20999 18752 14123 17420 14928 3645 0 13304 15088 12471 11214 13423 10333 18807 9196 9965 17913 5682 12495 16566 4898 11764 11576 10002 16758 3683 3333 10162 1609 7598 12682 7914 11927 8219 6757 10774 13354 17294 8684 15682 20380 7869 17916 7667 1791 8492 12957 11952 16673 11565 8004 13847 504 13151 12011 10108 13872 9177 7692 8034 18050 21957 18007 21730 13821
13495 7001 3775 8327 11463 1722 1250 4401 8353 13750 4331 10258 13220 6768 4249 10595 13348 11831 8081 8847 13407 9290 13074 14039 7069 10542 13228 3161 14203 8138 8419 5967 6354 5670 7486 13142 10100 7584 4863 4357 6377 9695 13304 0 10406 2785 2240 9236 3102 11488 11549 3496 9565 12407 6699 6415 9856 13883 6505 10459 3585 15401 12062 10230 11720 7875 10684 9019 2094 5320 12376 7663 1426 10685 9402 8888 7796 10623 5548 11911 12633 5193 6817 6669 3378 9221 5789 7669 13297 9334 4423 3515 3520 9605 7804 5698 9408 9748 8926 10284 4767
12847 11969 13766 10266 21870 10498 9876 6621 3927 7294 6078 10518 10527 16824 8874 15033 17419 16065 15781 1766 13902 8255 11454 6497 7257 351 9988 9032 9681 7612 4083 4440 8576 12571 17596 9127 8520 7693 5724 10560 4477 13012 15088 10406 0 12783 9436 18906 9426 21883 19089 11142 19971 17923 16408 16789 10221 6561 4636 5405 10683 18606 16205 18472 13764 7771 2815 7178 8715 9446 18493 4607 9010 21004 17038 19142 10770 7492 9222 18611 13444 9063 3690 16176 11361 18233 9022 17674 15421 18903 6219 8974 7040 17473 14865 9114 4554 11007 19318 9686 5726
13360 9068 1011 8280 9327 2329 3943 6305 10179 15071 6769 10325 13677 5841 6909 9208 11808 10373 5776 11121 12951 12012 13259 15582 9830 12876 13827 4165 15023 10883 10201 8412 6910 7354 4831 13947 12821 10323 7497 6631 9027 8845 12471 2785 12783 0 3455 6459 3852 9233 9078 2823 7460 10487 3915 4749 9970 15389 8486 11897 5797 13975 10610 7625 10990 8662 12639 9984 4068 5565 10273 9400 4128 8240 7011 6361 10188 11574 8130 9660 12170 5640 9103 3890 5279 6477 6195 4960 12362 6550 6580 4409 6197 7129 5794 6070 12165 12222 7015 12929 7356
11265 8895 4383 6107 12773 1132 3068 2865 6729 11801 3634 8020 11002 8700 5608 8795 11581 10043 7151 7733 11221 10200 10834 12218 7873 9504 11032 929 12061 8987 6756 5197 4119 7784 8185 10992 10991 8484 4611 6217 6087 7663 11214 2240 9436 3455 0 9498 888 12687 10684 2071 10896 10925 6978 8007 7617 12039 5038 8559 5544 13541 10265 9634 9615 5689 9185 6893 988 3101 11056 5959 2197 11675 8504 9778 9383 8504 6965 10755 10452 2955 5747 6773 5503 9019 3550 8244 11243 9516 3224 1278 3559 8815 6589 3460 9464 11178 10399 11396 4393
15672 14569 5461 11669 6016 8511 10336 12286 15799 19742 13078 13474 17052 7738 13190 9546 11043 10181 4875 17175 14661 18308 16193 20556 16209 18952 17432 9886 18899 17227 15770 14683 11489 12583 2306 17885 19111 16659 13905 12557 15433 10576 13423 9236 18906 6459 9498 0 9495 5460 5470 7814 5099 8826 2554 5838 13264 20318 14367 16933 11745 13159 10376 3747 12451 13192 18291 14565 10324 10148 7997 14977 10584 3918 4809 2714 16044 15958 14294 6952 13988 10430 15227 2730 11044 1928 10776 1878 13090 340 12717 9981 12635 4391 5965 10645 18623 18127 5629 19085 13741
10393 9765 4681 5228 13154 1706 3954 2813 6421 11232 3950 7158 10206 9371 6414 7995 10782 9243 6711 7684 10334 10858 9995 11730 8526 9461 10264 395 11344 9639 6423 5384 3308 8672 8377 10271 11637 9155 5033 7090 6434 6797 10333 3102 9426 3852 888 9495 0 13024 10220 1729 11301 10225 7036 8546 6758 11537 4875 8045 6427 12711 9461 9287 8733 4952 8910 6212 1684 2220 10415 5618 3042 11935 8052 10019 10203 7820 7767 10177 9564 2099 5772 6768 6391 8839 2698 8386 10368 9481 3338 558 4141 8403 6041 2601 9865 11958 10866 12100 4783
20853 14369 8343 16431 715 11559 12193 15528 19408 24076 15806 18374 21947 6295 14409 14933 16502 15624 10187 20279 19951 19175 21217 24703 17474 22005 22248 13365 23624 18307 19426 17450 15735 12362 4905 22571 19916 17749 16318 13209 17800 15765 18807 11488 21883 9233 12687 5460 13024 0 10764 11626 2025 14265 6605 5326 18110 24494 17712 21011 12557 18606 15823 9141 17745 17512 21872 18886 13236 14336 13396 18623 12903 1544 10264 3227 16181 20406 15143 12330 19246 14525 18247 7106 11741 7386 14994 5115 18495 5770 15754 13576 14964 9850 11188 14860 20503 18175 2935 19556 16244
12111 18131 8394 9659 11381 10137 12798 12845 15385 17840 14168 10881 14177 12658 15797 5673 6110 5744 3534 17332 10789 20758 13049 18932 18464 19034 14714 10586 16291 19568 15290 15520 10605 16338 7307 15419 21563 19036 15247 15701 16650 7489 9196 11549 19089 9078 10684 5470 10220 10764 0 8614 10567 3738 6227 10750 10831 18658 14491 15672 14869 8017 5869 1786 8723 11902 17697 13102 11670 9644 2726 14594 12543 9234 2182 8175 19250 14117 17092 1647 10277 10031 15687 5835 14351 3666 10081 6839 8763 5131 13479 10492 14242 1952 4247 9983 20086 21260 11050 21824 15002
10588 10494 3399 5469 11815 1784 4656 4539 8007 12461 5623 7510 10857 8653 7489 7101 9853 8336 5082 9393 10272 12236 10441 13082 9916 11169 11019 2123 12247 11029 7990 7102 4164 9123 6851 11173 13032 10515 6655 7838 8102 6323 9965 3496 11142 2823 2071 7814 1729 11626 8614 0 10011 8990 5406 7537 7151 12870 6560 9393 7079 11910 8566 7596 8420 5940 10503 7296 3058 2782 9052 7189 4080 10451 6434 8528 11195 8858 8840 8707 9489 2916 7498 5099 6845 7111 3431 6813 9917 7785 5061 2174 5630 6752 4539 3300 11508 13071 9681 13395 6424
19706 12397 6642 15063 1899 9765 10218 13705 17625 22464 13894 17056 20594 4345 12387 14082 15923 14898 9336 18393 18917 17155 19950 23026 15450 20104 20850 11624 22173 16282 17652 15532 14166 10378 3726 21108 17899 15724 14364 11186 15834 14676 17913 9565 19971 7460 10896 5099 11301 2025 10567 10011 0 13808 5434 3307 16764 22828 15887 19336 10532 18093 15111 8826 16735 15946 20066 17307 11383 12772 13043 16854 10969 2132 9670 2397 14190 18860 13119 12019 18184 12927 16360 5973 9716 6954 13428 4080 17642 5439 13891 11857 13010 9333 10222 13295 18493 16199 984 17553 14301
8860 19367 10110 7753 14840 10752 13618 12381 14027 15370 13937 8371 11252 15178 16476 2973 2375 2378 4919 16240 7410 21082 10010 16595 18750 17803 11863 10514 13445 19863 13893 15008 9405 17797 10249 12695 21859 19380 15100 16759 16321 5085 5682 12407 17923 10487 10925 8826 10225 14265 3738 8990 13808 0 8804 13361 8446 16308 13570 13721 15965 4346 2412 5136 5578 10237 16080 11197 11878 8887 1084 13317 13056 12721 4167 11425 20177 11872 17829 2099 7025 9281 14905 8298 15609 6901 9105 9818 5211 8504 13087 10306 14356 4475 4695 9048 19746 22060 14147 22316 14819
14301 12375 2929 9835 6957 5969 7823 9797 13413 17649 10535 11769 15343 6465 10725 8694 10727 9583 4017 14689 13484 15846 14617 18377 13710 16465 15652 7420 17048 14745 13396 12149 9310 10451 1728 16004 16653 14179 11351 10206 12880 9249 12495 6699 16408 3915 6978 2554 7036 6605 6227 5406 5434 8804 0 4589 11507 18151 11910 14711 9379 12936 9805 4492 11301 11064 15908 12445 7782 7928 8222 12596 8034 5244 4671 3379 13740 13916 11874 7327 12754 8169 12722 544 8724 2862 8577 1502 12238 2635 10202 7544 10081 4501 4808 8444 16072 15814 5526 16680 11189
17874 9353 4202 12919 5164 6895 6961 10707 14668 19776 10733 14961 18383 1922 9084 12931 15183 13937 8486 15258 17300 13907 17898 20225 12154 16938 18556 8822 19769 13005 14714 12352 11658 7313 3567 18694 14663 12443 11130 7926 12578 13069 16566 6415 16789 4749 8007 5838 8546 5326 10750 7537 3307 13361 4589 0 14625 20044 12868 16561 7247 17402 14168 8977 15210 13410 17059 14725 8355 10305 12809 13930 7782 4969 9256 3768 11066 16320 9850 11914 16532 10389 13231 5070 6435 7167 10941 4034 16374 6133 10818 9099 9780 9087 9075 10814 15188 13115 2537 14376 11084
3689 16099 10425 1710 18430 8371 10576 6855 6361 7022 8471 419 3837 15804 12428 5494 7389 6232 8583 8763 4042 15655 3291 8179 13503 10022 4169 6708 5651 14502 6183 8727 3573 15287 13209 4676 16306 14174 9548 13505 10185 3412 4898 9856 10221 9970 7617 13264 6758 18110 10831 7151 16764 8446 11507 14625 0 7896 6759 5374 12959 8390 6316 11021 3550 2772 7938 3049 8066 4566 9281 5882 9500 16736 9354 14885 16111 3428 13670 9772 3405 4662 8120 11020 13052 11749 4067 13005 5205 13085 7503 6352 9532 9892 7433 4158 13199 17515 16590 17113 9250
8633 17668 16188 9022 24664 13150 13907 9492 5647 1137 10130 7939 5783 20645 14102 13381 14984 14022 16050 6554 10095 14707 7084 292 13359 6211 5082 11234 3971 13926 5539 9021 8846 17775 19698 4049 15038 13898 10506 15704 9941 11308 11764 13883 6561 15389 12039 20318 11537 24494 18658 12870 22828 16308 18151 20044 7896 0 7536 3493 15552 15434 14072 18657 10979 7127 4024 5762 11802 10223 17172 6242 12785 23309 17012 21387 16805 4542 14849 17663 9975 9994 7901 17756 16037 19082 9575 19618 12223 20205 9610 10980 11445 17536 14928 9708 11091 17359 22402 16177 10336
10121 10499 9421 6242 17775 6158 6391 2184 1893 7599 2622 7143 8605 13253 6783 10786 13358 11911 11150 2870 10780 8986 9058 7658 6972 4630 8325 4490 8787 7884 1999 2048 4175 10339 13205 7850 9597 7626 3261 8289 3474 8900 11576 6505 4636 8486 5038 14367 4875 17712 14491 6560 15887 13570 11910 12868 6759 7536 0 4343 8060 14820 12078 13837 10076 3992 4191 4173 4516 4854 14053 1401 5296 16713 12418 14813 10015 5396 7752 14091 10163 4462 1391 11642 8510 13617 4496 13240 11817 14345 2103 4387 3952 12845 10253 4572 6480 11102 15335 10475 3018
7485 14802 12697 6054 21175 9665 10571 6103 2598 3304 6959 5568 5136 17202 11113 10748 12762 11584 12835 4476 8642 12618 6057 3692 10908 5126 4634 7745 4645 11660 2428 6142 5446 14681 16234 3874 13093 11517 7541 12632 7331 8636 10002 10459 5405 11897 8559 16933 8045 21011 15672 9393 19336 13721 14711 16561 5374 3493 4343 0 12389 13639 11679 15498 8858 3823 2724 2573 8367 6793 14478 2954 9429 19841 13886 17918 14180 2156 12020 14836 8270 6541 5078 14331 12806 15780 6157 16167 10388 16835 6314 7487 8290 14394 11744 6289 9369 15040 18910 14127 7324
16647 3416 6586 11570 12329 5298 2481 6493 9921 15659 5439 13375 15988 6587 1950 14173 16932 15412 11496 9519 16720 6700 16040 15651 4926 10918 15883 6355 16634 5759 10047 6625 9387 2356 9638 15620 7479 5196 5135 835 6206 13193 16758 3585 10683 5797 5544 11745 6427 12557 14869 7079 10532 15965 9379 7247 12959 15552 8060 12389 0 18973 15641 13414 15159 10630 11837 11546 4908 8599 15891 9435 3464 12161 12775 10653 4396 13069 2623 15368 15959 8389 7726 9505 818 12153 8953 9953 16782 11918 6112 6700 4112 12918 11323 8887 8141 6450 9670 7348 5254
6910 22380 13797 8580 19175 13680 16514 14219 14718 14356 15888 8118 9746 19143 19124 4815 2219 3605 8931 17104 5371 23246 8409 15725 20955 18412 10443 12903 11893 22037 14547 16600 10805 21024 14472 11438 23973 21617 17059 19708 18028 6056 3683 15401 18606 13975 13541 13159 12711 18606 8017 11910 18093 4346 12936 17402 8390 15434 14820 13639 18973 0 3369 9482 4843 10938 16291 11439 14386 10841 5292 14167 15738 17062 8424 15725 22914 11524 20474 6374 5473 11182 16211 12409 18753 11231 10799 14058 3257 12841 14941 12615 16608 8782 8372 10794 21286 24638 18383 24606 16759
6448 19054 10458 5940 16342 10344 13194 11203 12278 13098 12842 6182 8873 15865 15869 1472 1328 237 5795 14588 5010 20159 7614 14362 17844 16053 9499 9681 11075 18942 12127 13711 7928 17666 11419 10360 20906 18498 14019 16388 15099 3199 3333 12062 16205 10610 10265 10376 9461 15823 5869 8566 15111 2412 9805 14168 6316 14072 12078 11679 15641 3369 0 6932 3192 8435 14161 9231 11144 7732 3459 11630 12460 14289 5569 12795 19648 9726 17224 4335 4613 8099 13454 9266 15402 8470 7791 11035 2893 10082 11926 9413 13458 6021 5094 7764 18451 21418 15316 21477 13724
12799 16607 6855 9652 9731 8952 11467 12029 14919 17921 13219 11137 14597 10889 14470 6381 7431 6765 2708 16706 11603 19509 13568 18921 17249 18448 15076 9672 16625 18340 14844 14665 10204 14763 5521 15689 20318 17794 14243 14249 15699 7873 10162 10230 18472 7625 9634 3747 9287 9141 1786 7596 8826 5136 4492 8977 11021 18657 13837 15498 13414 9482 6932 0 9438 11678 17317 12963 10601 9082 4259 14106 11331 7599 1668 6430 17809 14134 15732 3206 11010 9446 14947 4138 12852 1889 9599 5054 9774 3414 12614 9632 13151 1130 3755 9486 19097 19847 9281 20508 14018
3389 18484 11133 3912 18183 10040 12682 9722 9880 9971 11397 3297 5681 16696 14992 3072 4005 3201 7583 12272 2211 18739 4432 11270 16498 13570 6308 8831 7882 17550 9707 11936 6242 17377 13016 7184 19434 17168 12544 15816 13386 2152 1609 11720 13764 10990 9615 12451 8733 17745 8723 8420 16735 5578 11301 15210 3550 10979 10076 8858 15159 4843 3192 9438 0 6132 11474 6598 10320 6610 6581 9348 11749 16256 7857 14570 18772 6790 16308 7337 1572 6884 11463 10762 15085 10661 6399 12705 1750 12201 10428 8500 12270 8380 6557 6427 16556 20356 16768 20149 12242
6279 13613 9336 2503 17733 6658 8378 4256 3844 6585 5796 3165 5379 14320 9887 7300 9651 8299 9012 6186 6808 12894 5445 7368 10765 7618 5354 4767 6393 11749 3692 5957 1780 12984 12656 5319 13538 11434 6830 11096 7415 5247 7598 7875 7771 8662 5689 13192 4952 17512 11902 5940 15946 10237 11064 13410 2772 7127 3992 3823 10630 10938 8435 11678 6132 0 5867 1381 5881 3178 10896 3233 7241 16267 10072 14353 13488 2918 11075 11156 6175 3030 5363 10652 10830 11977 2520 12547 7859 13078 4847 4434 6941 10576 7923 2654 10453 14814 15618 14358 6535
10206 13728 13549 8328 21950 10314 10474 6365 2496 4587 6554 8178 7766 17406 10256 13122 15302 14047 14612 2536 11361 10712 8760 4033 9339 2498 7203 8545 6868 9905 2521 5214 7119 13973 17287 6320 11077 9875 6709 11902 5972 11030 12682 10684 2815 12639 9185 18291 8910 21872 17697 10503 20066 16080 15908 17059 7938 4024 4191 2724 11837 16291 14161 17317 11474 5867 0 4932 8707 8275 16761 3315 9425 20834 15773 18923 12798 4876 10909 17016 10971 7940 4114 15595 12396 17356 7723 17290 13053 18237 6261 8380 7800 16252 13590 7839 7172 13339 19525 12194 6584
6000 14371 10684 3487 19101 7913 9408 5059 3370 5204 6413 3340 4510 15577 10620 8227 10372 9120 10321 5771 6827 13148 4885 6008 11140 6975 4341 5990 5185 12056 3182 6220 3152 13900 14035 4128 13739 11797 7320 11946 7638 6121 7914 9019 7178 9984 6893 14565 6212 18886 13102 7296 17307 11197 12445 14725 3049 5762 4173 2573 11546 11439 9231 12963 6598 1381 4932 0 6967 4550 11928 3024 8253 17646 11339 15732 14081 1611 11729 12267 6306 4380 5418 12032 11816 13324 3892 13928 8243 14447 5535 5675 7661 11852 9214 4026 10386 15259 16963 14642 7044
11748 8169 5053 6664 13276 1814 2518 2353 6319 11656 2754 8479 11256 8842 4738 9679 12466 10926 8136 7059 11817 9225 11201 11962 6895 8809 11226 1496 12150 8010 6373 4371 4497 7222 8886 11095 10012 7512 3660 5511 5159 8440 11927 2094 8715 4068 988 10324 1684 13236 11670 3058 11383 11878 7782 8355 8066 11802 4516 8367 4908 14386 11144 10601 10320 5881 8707 6967 0 3717 12029 5602 1446 12300 9489 10429 8531 8562 6088 11739 11060 3486 5036 7616 4993 9934 4045 8982 11985 10360 2520 1820 2572 9795 7575 3980 8505 10275 10819 10438 3459
8177 11885 6180 3008 14555 3805 6145 3504 5842 9746 5115 4958 8140 11336 8390 6315 9059 7533 6375 7688 8128 12431 7833 10449 10125 9399 8266 2244 9467 11217 5776 6123 1398 10873 9492 8393 13175 10783 6291 9225 7441 4806 8219 5320 9446 5565 3101 10148 2220 14336 9644 2782 12772 8887 7928 10305 4566 10223 4854 6793 8599 10841 7732 9082 6610 3178 8275 4550 3717 0 9275 5026 5155 13104 7600 11187 12179 6088 9717 9254 7362 398 6103 7539 8600 9093 658 9398 8293 10061 4220 1901 5767 8049 5421 524 10859 13823 12460 13770 5999
9899 19267 9801 8450 13990 10772 13608 12728 14631 16259 14230 9238 12232 14664 16526 3792 3435 3399 4539 16784 8469 21254 11011 17457 18924 18390 12829 10729 14414 20039 14507 15387 9927 17624 9569 13635 22040 19540 15377 16700 16657 5878 6757 12376 18493 10273 11056 7997 10415 13396 2726 9052 13043 1084 8222 12809 9281 17172 14053 14478 15891 5292 3459 4259 6581 10896 16761 11928 12029 9275 0 13895 13131 11856 3554 10648 20171 12695 17869 1082 8059 9673 15358 7742 15485 6094 9559 9123 6289 7668 13420 10551 14555 3759 4572 9489 20099 22097 13435 22443 15105
9024 11898 10284 5693 18727 7091 7670 3262 825 6234 4006 6232 7314 14430 8184 10432 12866 11483 11398 2960 9814 10177 7864 6385 8257 4495 6994 5263 7396 9119 804 3348 4004 11728 13991 6475 10744 8899 4650 9682 4694 8432 10774 7663 4607 9400 5959 14977 5618 18623 14594 7189 16854 13317 12596 13930 5882 6242 1401 2954 9435 14167 11630 14106 9348 3233 3315 3024 5602 5026 13895 0 6544 17553 12603 15637 11381 4070 9143 14041 9252 4672 2424 12281 9861 14069 4522 13985 11059 14926 3381 5080 5337 13064 10417 4628 7369 12402 16353 11679 4414
13185 6736 5135 8109 12867 2407 1158 3329 7178 12733 2956 9915 12619 7982 3426 10990 13775 12238 9023 7485 13262 8216 12609 12924 5926 9156 12557 2918 13414 7026 7264 4571 5928 5788 8893 12373 9020 6493 3436 4070 4953 9838 13354 1426 9010 4128 2197 10584 3042 12903 12543 4080 10969 13056 8034 7782 9500 12785 5296 9429 3464 15738 12460 11331 11749 7241 9425 8253 1446 5155 13131 6544 0 12111 10369 10312 7188 9824 4783 12760 12505 4931 5467 7963 3590 10451 5490 9062 13402 10665 3193 3254 2096 10622 8598 5426 8039 9009 10308 9327 3343
19397 14293 7292 15073 2151 10562 11507 14537 18352 22848 14948 16987 20568 6346 13933 13417 14958 14091 8683 19358 18465 18850 19804 23526 17023 21107 20890 12292 22292 17915 18357 16598 14498 12257 3612 21248 19614 17349 15547 12870 17055 14301 17294 10685 21004 8240 11675 3918 11935 1544 9234 10451 2132 12721 5244 4969 16736 23309 16713 19841 12161 17062 14289 7599 16256 16267 20834 17646 12300 13104 11856 17553 12111 0 8726 1923 16031 19140 14780 10791 17768 13316 17335 5717 11359 5843 13760 3742 16975 4226 14817 12477 14200 8308 9706 13626 19910 18072 3089 19345 15449
11193 16079 6410 7997 10799 7962 10652 10710 13407 16264 12002 9469 12937 11111 13644 4837 6264 5378 1353 15275 10045 18585 11922 17277 16287 16998 13411 8422 14958 17392 13323 13377 8654 14337 6082 14021 19389 16862 13073 13603 14486 6221 8684 9402 17038 7011 8504 4809 8052 10264 2182 6434 9670 4167 4671 9256 9354 17012 12418 13886 12775 8424 5569 1668 7857 10072 15773 11339 9489 7600 3554 12603 10369 8726 0 7304 17139 12482 14949 2723 9425 7978 13581 4188 12289 2902 8081 5653 8325 4513 11330 8340 12061 541 2186 7974 17916 19134 9983 19663 12831
17642 13059 5396 13210 3614 8672 9779 12642 16438 20932 13105 15148 18721 5499 12342 11822 13567 12586 7062 17481 16770 17351 17991 21603 15432 19237 19027 10379 20413 16366 16441 14753 12582 11022 1698 19364 18132 15796 13747 11404 15265 12564 15682 8888 19142 6361 9778 2714 10019 3227 8175 8528 2397 11425 3379 3768 14885 21387 14813 17918 10653 15725 12795 6430 14570 14353 18923 15732 10429 11187 10648 15637 10312 1923 7304 0 14709 17232 13274 9622 16056 11395 15464 3880 9874 4557 11843 1889 15389 3054 12940 10560 12408 6951 8017 11709 18205 16779 2936 17943 13636
19751 1917 10979 14964 15834 9426 6565 9259 11583 17196 7700 16529 18580 9902 3795 18177 20962 19425 15843 10263 20077 3542 18896 16830 3514 11089 18332 10022 18765 3384 11758 8052 12640 3824 13866 17856 4075 3126 6771 3561 6892 16959 20380 7796 10770 10188 9383 16044 10203 16181 19250 11195 14190 20177 13740 11066 16111 16805 10015 14180 4396 22914 19648 17809 18772 13488 12798 14081 8531 12179 20171 11381 7188 16031 17139 14709 0 15406 2464 19696 19355 11890 9103 13887 5016 16537 12381 14213 20470 16235 8641 10325 6580 17298 15599 12347 6744 2084 13246 3423 7040
5356 15802 12254 4486 20639 9522 10981 6578 4121 3803 7823 3547 3258 17187 12053 8914 10749 9651 11554 6369 6486 14219 3984 4816 12327 7231 2929 7601 3591 13181 3923 7411 4695 15417 15534 2552 14759 12969 8639 13435 8760 6817 7869 10623 7492 11574 8504 15958 7820 20406 14117 8858 18860 11872 13916 16320 3428 4542 5396 2156 13069 11524 9726 14134 6790 2918 4876 1611 8562 6088 12695 4070 9824 19140 12482 17232 15406 0 13107 13145 6124 5948 6480 13485 13369 14631 5432 15408 8268 15823 6996 7284 9110 13009 10421 5564 11200 16471 18536 15726 8379
17322 2820 9006 12503 14891 7097 4298 6829 9430 15142 5318 14088 16238 9057 1357 15756 18543 17004 13628 8413 17623 4077 16503 14901 2478 9508 16022 7573 16538 3168 9592 5888 10183 3512 12230 15596 4859 2620 4493 1938 4941 14503 17916 5548 9222 8130 6965 14294 7767 15143 17092 8840 13119 17829 11874 9850 13670 14849 7752 12020 2623 20474 17224 15732 16308 11075 10909 11729 6088 9717 17869 9143 4783 14780 14949 13274 2464 13107 0 17444 16897 9426 6988 11956 3420 14587 9917 12530 18008 14452 6234 7871 4141 15145 13309 9883 5917 4231 12237 4808 4736
10703 18711 9110 8781 12930 10368 13155 12630 14802 16790 14068 9771 12916 13790 16115 4379 4474 4236 3884 16878 9322 20943 11735 17943 18622 18527 13487 10515 15072 19735 14690 15307 10040 17009 8601 14249 21739 19223 15193 16188 16526 6366 7667 11911 18611 9660 10755 6952 10177 12330 1647 8707 12019 2099 7327 11914 9772 17663 14091 14836 15368 6374 4335 3206 7337 11156 17016 12267 11739 9254 1082 14041 12760 10791 2723 9622 19696 13145 17444 0 8860 9651 15357 6870 14920 5065 9604 8147 7216 6619 13302 10369 14296 2827 4169 9522 19975 21658 12439 22087 14931
1843 19211 12397 4408 19670 11004 13507 10146 9674 8911 11795 3027 4394 17950 15616 4642 5195 4660 9114 12077 783 19040 3075 10266 16864 13218 5067 9605 6597 17878 9487 12126 6715 18234 14478 6023 19700 17535 12900 16568 13585 3509 1791 12633 13444 12170 10452 13988 9564 19246 10277 9489 18184 7025 12754 16532 3405 9975 10163 8270 15959 5473 4613 11010 1572 6175 10971 6306 11060 7362 8059 9252 12505 17768 9425 16056 19355 6124 16897 8860 0 7574 11522 12221 15955 12215 7028 14181 2250 13744 10821 9259 12786 9950 8062 7083 16595 20833 18181 20489 12600
8313 11643 6307 3182 14727 3756 5956 3119 5492 9552 4744 5065 8139 11359 8108 6690 9423 7901 6742 7303 8332 12076 7896 10214 9775 9020 8231 2056 9385 10863 5432 5728 1271 10684 9705 8309 12815 10436 5920 8994 7053 5134 8492 5193 9063 5640 2955 10430 2099 14525 10031 2916 12927 9281 8169 10389 4662 9994 4462 6541 8389 11182 8099 9446 6884 3030 7940 4380 3486 398 9673 4672 4931 13316 7978 11395 11890 5948 9426 9651 7574 0 5706 7795 8424 9417 599 9627 8584 10352 3838 1702 5436 8422 5802 505 10466 13508 12588 13424 5627
11410 9797 10081 7633 18258 6809 6445 2959 2484 8154 2517 8497 9732 13419 6202 12149 14740 13285 12286 2033 12124 7753 10283 7975 5868 3773 9392 5377 9687 6701 2663 1120 5536 9892 13908 8818 8325 6499 2613 7818 2286 10283 12957 6817 3690 9103 5747 15227 5772 18247 15687 7498 16360 14905 12722 13231 8120 7901 1391 5078 7726 16211 13454 14947 11463 5363 4114 5418 5036 6103 15358 2424 5467 17335 13581 15464 9103 6480 6988 15357 11522 5706 0 12498 8284 14608 5804 13984 13203 15231 2530 5349 3699 13988 11440 5869 5094 10014 15743 9255 2472
13777 12576 2953 9357 7475 5808 7831 9556 13101 17233 10369 11275 14853 6924 10774 8150 10197 9043 3483 14445 12948 15889 14111 17985 13720 16223 15173 7158 16581 14769 13078 11965 8910 10683 2257 15541 16698 14207 11225 10337 12748 8716 11952 6669 16176 3890 6773 2730 6768 7106 5835 5099 5973 8298 544 5070 11020 17756 11642 14331 9505 12409 9266 4138 10762 10652 15595 12032 7616 7539 7742 12281 7963 5717 4188 3880 13887 13485 11956 6870 12221 7795 12498 0 8879 2650 8182 1991 11695 2745 9990 7260 9980 4051 4264 8049 15986 15953 6070 16764 11051
16728 3792 5999 11599 11512 5094 2477 6803 10392 16095 5908 13463 16207 5779 2748 13940 16675 15170 11037 10135 16724 7492 16192 16147 5744 11585 16136 6369 16951 6570 10508 7203 9489 2294 8903 15921 8264 6009 5733 1532 6892 13072 16673 3378 11361 5279 5503 11044 6391 11741 14351 6845 9716 15609 8724 6435 13052 16037 8510 12806 818 18753 15402 12852 15085 10830 12396 11816 4993 8600 15485 9861 3590 11359 12289 9874 5016 13369 3420 14920 15955 8424 8284 8879 0 11529 9004 9231 16673 11227 6495 6722 4607 12405 10936 8928 8944 7094 8852 8088 5822
13939 15217 5583 10228 7944 8173 10415 11649 14893 18434 12653 11924 15476 9087 13385 7698 9116 8279 3183 16475 12866 18488 14550 19332 16289 18245 15896 9234 17400 17353 14843 14191 10356 13308 3658 16414 19298 16795 13590 12986 15092 8873 11565 9221 18233 6477 9019 1928 8839 7386 3666 7111 6954 6901 2862 7167 11749 19082 13617 15780 12153 11231 8470 1889 10661 11977 17356 13324 9934 9093 6094 14069 10451 5843 2902 4557 16537 14631 14587 5065 12215 9417 14608 2650 11529 0 9681 3186 11217 1618 12163 9264 12402 2465 4326 9556 18410 18602 7393 19393 13392
7726 12183 6830 2622 15213 4352 6532 3425 5326 9089 5089 4472 7547 11940 8612 6417 9107 7603 6892 7278 7779 12448 7297 9803 10166 8956 7651 2643 8828 11242 5246 5937 741 11258 10147 7753 13174 10831 6261 9544 7309 4743 8004 5789 9022 6195 3550 10776 2698 14994 10081 3431 13428 9105 8577 10941 4067 9575 4496 6157 8953 10799 7791 9599 6399 2520 7723 3892 4045 658 9559 4522 5490 13760 8081 11843 12381 5432 9917 9604 7028 599 5804 8182 9004 9681 0 10050 8117 10683 4149 2287 5876 8546 5895 134 10685 13961 13111 13820 5963
15757 12710 3950 11335 5493 7180 8697 11096 14796 19132 11714 13264 16840 5953 11470 10005 11872 10820 5256 15977 14900 16571 16103 19841 14522 17747 17153 8761 18550 15517 14788 13349 10786 10715 473 17505 17369 14947 12456 10754 13986 10684 13847 7669 17674 4960 8244 1878 8386 5115 6839 6813 4080 9818 1502 4034 13005 19618 13240 16167 9953 14058 11035 5054 12705 12547 17290 13928 8982 9398 9123 13985 9062 3742 5653 1889 14213 15408 12530 8147 14181 9627 13984 1991 9231 3186 10050 0 13568 2136 11455 8911 11148 5368 6163 9917 17076 16297 4330 17301 12316
3888 20133 12407 5661 18980 11595 14302 11463 11565 11162 13139 4905 6620 17949 16683 3567 3095 3028 8327 13965 2334 20486 5288 12514 18240 15215 7303 10490 8811 19295 11388 13686 7985 18967 13918 8270 21183 18910 14289 17458 15136 3603 504 13297 15421 12362 11243 13090 10368 18495 8763 9917 17642 5211 12238 16374 5205 12223 11817 10388 16782 3257 2893 9774 1750 7859 13053 8243 11985 8293 6289 11059 13402 16975 8325 15389 20470 8268 18008 7216 2250 8584 13203 11695 16673 11217 8117 13568 0 12812 12171 10168 13993 8809 7430 8139 18297 22078 17759 21892 13987
15440 14782 5563 11505 6335 8551 10452 12282 15749 19613 13113 13287 16861 8039 13331 9276 10732 9890 4640 17165 14410 18451 15985 20446 16334 18943 17250 9874 18727 17361 15716 14709 11389 12805 2580 17719 19256 16794 13961 12734 15486 10349 13151 9334 18903 6550 9516 340 9481 5770 5131 7785 5439 8504 2635 6133 13085 20205 14345 16835 11918 12841 10082 3414 12201 13078 18237 14447 10360 10061 7668 14926 10665 4226 4513 3054 16235 15823 14452 6619 13744 10352 15231 2745 11227 1618 10683 2136 12812 0 12729 9957 12704 4083 5746 10553 18701 18317 5968 19250 13791
11116 8837 7553 6522 15786 4280 4298 724 3987 9610 974 7918 10039 11155 5087 10526 13247 11732 10004 4541 11516 8321 10269 9742 6071 6299 9866 2947 10535 7124 4077 2051 4186 8442 11379 9536 9035 6742 2121 6440 3238 8887 12011 4423 6219 6580 3224 12717 3338 15754 13479 5061 13891 13087 10202 10818 7503 9610 2103 6314 6112 14941 11926 12614 10428 4847 6261 5535 2520 4220 13420 3381 3193 14817 11330 12940 8641 6996 6234 13302 10821 3838 2530 9990 6495 12163 4149 11455 12171 12729 0 2991 2127 11704 9249 4165 6680 10016 13306 9721 1820
10013 9987 5234 4880 13709 2238 4256 2401 5887 10677 3700 6759 9727 9902 6531 7959 10740 9201 7013 7221 10021 10796 9558 11173 8468 8997 9766 356 10822 9576 5884 5041 2841 8985 8911 9750 11564 9110 4830 7325 6170 6634 10108 3515 8974 4409 1278 9981 558 13576 10492 2174 11857 10306 7544 9099 6352 10980 4387 7487 6700 12615 9413 9632 8500 4434 8380 5675 1820 1901 10551 5080 3254 12477 8340 10560 10325 7284 7871 10369 9259 1702 5349 7260 6722 9264 2287 8911 10168 9957 2991 0 4066 8713 6274 2206 9616 12023 11423 12078 4563
13181 6710 7208 8413 14904 4232 2837 2688 5809 11549 1331 9950 12166 9794 2961 12013 14786 13250 10708 5631 13502 6731 12378 11548 4402 7215 11990 3842 12627 5511 5936 2663 6076 6391 10986 11641 7503 5045 1354 4353 2858 10569 13872 3520 7040 6197 3559 12635 4141 14964 14242 5630 13010 14356 10081 9780 9532 11445 3952 8290 4112 16608 13458 13151 12270 6941 7800 7661 2572 5767 14555 5337 2096 14200 12061 12408 6580 9110 4141 14296 12786 5436 3699 9980 4607 12402 5876 11148 13993 12704 2127 4066 0 12363 10138 5858 6012 8086 12316 8019 1314
11723 16188 6465 8526 10402 8220 10852 11097 13871 16794 12351 10010 13478 10965 13854 5347 6652 5837 1703 15708 10562 18833 12462 17800 16547 17439 13953 8779 15499 17648 13792 13754 9133 14409 5811 14561 19639 17112 13406 13750 14836 6761 9177 9605 17473 7129 8815 4391 8403 9850 1952 6752 9333 4475 4501 9087 9892 17536 12845 14394 12918 8782 6021 1130 8380 10576 16252 11852 9795 8049 3759 13064 10622 8308 541 6951 17298 13009 15145 2827 9950 8422 13988 4051 12405 2465 8546 5368 8809 4083 11704 8713 12363 0 2664 8437 18256 19309 9688 19884 13170
9713 14709 5470 5960 11628 6217 9038 8606 11221 14219 9968 7600 11150 10778 11971 3894 6159 4863 1150 13104 8762 16775 10243 15188 14454 14820 11571 6392 13082 15567 11137 11284 6471 13107 6496 12105 17570 15054 11072 12129 12443 4613 7692 7804 14865 5794 6589 5965 6041 11188 4247 4539 10222 4695 4808 9075 7433 14928 10253 11744 11323 8372 5094 3755 6557 7923 13590 9214 7575 5421 4572 10417 8598 9706 2186 8017 15599 10421 13309 4169 8062 5802 11440 4264 10936 4326 5895 6163 7430 5746 9249 6274 10138 2664 0 5789 15887 17533 10331 17924 10817
7808 12129 6699 2683 15079 4244 6458 3441 5435 9223 5097 4560 7662 11821 8573 6381 9084 7574 6779 7367 7837 12452 7398 9936 10164 9052 7771 2561 8955 11244 5358 5980 874 11186 10014 7880 13182 10828 6272 9485 7342 4738 8034 5698 9114 6070 3460 10645 2601 14860 9983 3300 13295 9048 8444 10814 4158 9708 4572 6289 8887 10794 7764 9486 6427 2654 7839 4026 3980 524 9489 4628 5426 13626 7974 11709 12347 5564 9883 9522 7083 505 5869 8049 8928 9556 134 9917 8139 10553 4165 2206 5858 8437 5789 0 10727 13940 12980 13817 5974
16376 8291 13171 12707 20345 10237 8426 7372 7097 11755 5920 13569 14428 14721 6195 17100 19753 18271 16572 4893 17177 3763 15147 11040 3480 4905 13983 9502 13933 3370 7296 4748 10530 9423 16880 13239 3968 3648 4854 7705 3449 15312 18050 9408 4554 12165 9464 18623 9865 20503 20086 11508 18493 19746 16072 15188 13199 11091 6480 9369 8141 21286 18451 19097 16556 10453 7172 10386 8505 10859 20099 7369 8039 19910 17916 18205 6744 11200 5917 19975 16595 10466 5094 15986 8944 18410 10685 17076 18297 18701 6680 9616 6012 18256 15887 10727 0 6584 17691 5146 5086
21092 3807 13034 16489 17805 11326 8502 10687 12478 17870 9045 17928 19703 11882 5584 19953 22741 21201 17824 10830 21531 2842 20133 17349 4147 11347 19395 11742 19679 3434 12665 9064 14146 5822 15949 18831 2961 3523 7986 5616 7729 18628 21957 9748 11007 12222 11178 18127 11958 18175 21260 13071 16199 22060 15814 13115 17515 17359 11102 15040 6450 24638 21418 19847 20356 14814 13339 15259 10275 13823 22097 12402 9009 18072 19134 16779 2084 16471 4231 21658 20833 13508 10014 15953 7094 18602 13961 16297 22078 18317 10016 12023 8086 19309 17533 13940 6584 0 15245 1874 8279
19647 11441 6282 14881 2661 9272 9499 13161 17108 22082 13254 16898 20402 3374 11550 14219 16190 15097 9521 17773 18928 16255 19814 22592 14595 19463 20627 11170 21909 15404 17145 14879 13844 9429 3911 20839 16991 14850 13666 10300 15115 14675 18007 8926 19318 7015 10399 5629 10866 2935 11050 9681 984 14147 5526 2537 16590 22402 15335 18910 9670 18383 15316 9281 16768 15618 19525 16963 10819 12460 13435 16353 10308 3089 9983 2936 13246 18536 12237 12439 18181 12588 15743 6070 8852 7393 13111 4330 17759 5968 13306 11423 12316 9688 10331 12980 17691 15245 0 16622 13618
20586 5330 13813 16242 19228 11724 9042 10430 11639 16774 8753 17516 18983 13297 6038 20032 22805 21269 18327 9756 21154 1510 19524 16141 3655 10035 18619 11834 18766 2611 11833 8434 13907 7230 16985 17979 1214 2989 7607 6557 7004 18553 21730 10284 9686 12929 11396 19085 12100 19556 21824 13395 17553 22316 16680 14376 17113 16177 10475 14127 7348 24606 21477 20508 20149 14358 12194 14642 10438 13770 22443 11679 9327 19345 19663 17943 3423 15726 4808 22087 20489 13424 9255 16764 8088 19393 13820 17301 21892 19250 9721 12078 8019 19884 17924 13817 5146 1874 16622 0 7910
12813 7485 8366 8333 16197 5246 4150 2540 4763 10520 885 9660 11541 11106 3794 12314 15048 13528 11486 4338 13281 6501 11883 10422 4267 5902 11300 4426 11804 5307 4912 1381 6002 7439 12177 10860 7215 4938 302 5368 1701 10704 13821 4767 5726 7356 4393 13741 4783 16244 15002 6424 14301 14819 11189 11084 9250 10336 3018 7324 5254 16759 13724 14018 12242 6535 6584 7044 3459 5999 15105 4414 3343 15449 12831 13636 7040 8379 4736 14931 12600 5627 2472 11051 5822 13392 5963 12316 13987 13791 1820 4563 1314 13170 10817 5974 5086 8279 13618 7910 0
1 9 6 4
2 11 8 2
3 11 4 2
4 9 4 2
5 5 9 3
6 6 7 3
7 8 4 4
8 8 7 2
9 13 5 4
10 12 6 2
11 6 7 4
12 11 4 3
13 13 8 1
14 7 11 7
15 6 6 3
16 3 9 0
17 6 6 3
18 7 4 5
19 8 7 1
20 7 7 4
21 7 8 4
22 7 9 3
23 11 4 3
24 10 8 4
25 7 7 1
26 5 6 1
27 4 10 3
28 1 6 2
29 6 8 4
30 9 5 2
31 9 4 6
32 7 4 1
33 10 12 3
34 6 5 5
35 8 4 0
36 6 6 2
37 3 7 3
38 10 10 0
39 10 10 4
40 6 7 6
41 6 9 3
42 6 5 0
43 2 3 3
44 6 9 6
45 7 6 7
46 8 6 5
47 1 6 6
48 5 10 4
49 2 4 7
50 8 6 4
51 5 3 4
52 4 10 6
53 9 3 0
54 8 7 4
55 6 6 4
56 3 6 1
57 8 5 2
58 6 7 4
59 9 7 5
60 8 4 8
61 4 8 3
62 7 8 2
63 8 9 1
64 7 9 6
65 7 8 5
66 5 1 3
67 10 5 5
68 4 7 5
69 5 7 3
70 8 9 4
71 11 8 2
72 8 5 3
73 5 4 5
74 8 4 3
75 11 3 3
76 4 6 7
77 9 6 2
78 6 9 4
79 5 3 5
80 9 0 1
81 4 5 0
82 10 9 1
83 9 8 5
84 4 9 3
85 6 10 0
86 8 6 1
87 8 6 0
88 8 6 2
89 8 3 8
90 8 10 0
91 4 5 1
92 6 5 0
93 5 7 4
94 12 5 1
95 9 7 1
96 6 7 0
97 8 3 3
98 7 12 4
99 5 7 3
100 9 11 3
