900 100 3
30 60 700 9.00
0 8 17 1
0 8 38 2
0 8 71 3
0 20 56 2
0 10 21 3
0 16 49 3
0 12 3 3
0 5 16 1
0 2 11 1
0 22 8 2
0 7 70 2
0 7 84 1
0 9 59 1
0 1 72 1
0 16 98 1
0 8 55 2
0 7 83 3
0 4 71 1
0 10 63 3
0 17 54 2
0 2 72 3
0 4 57 1
0 12 62 1
0 2 56 1
0 3 34 3
0 4 84 2
0 19 92 2
0 18 14 1
0 5 76 2
0 6 21 1
0 2 87 1
0 2 14 3
0 5 31 2
0 11 12 1
0 7 95 2
0 15 40 1
0 3 50 2
0 16 54 1
0 2 91 1
0 4 47 2
0 5 36 1
0 24 19 3
0 1 70 3
0 5 76 2
0 7 52 3
0 8 68 1
0 1 1 2
0 25 52 1
0 3 4 2
0 23 20 1
0 7 8 1
0 2 38 2
0 2 85 2
0 25 37 2
0 4 26 1
0 25 75 3
0 1 5 3
0 1 100 3
0 8 75 1
0 3 86 1
0 1 80 1
0 2 43 2
0 3 96 1
0 6 79 2
0 5 30 3
0 3 7 1
0 10 20 1
0 12 53 1
0 13 20 1
0 1 95 1
0 20 75 2
0 9 26 1
0 8 47 2
0 3 57 2
0 4 77 3
0 15 26 1
0 12 83 1
0 6 35 1
0 3 57 3
0 2 73 3
0 2 63 2
0 18 34 1
0 8 68 3
0 15 42 3
0 2 29 1
0 4 96 2
0 5 48 2
0 8 37 1
0 8 17 1
0 1 56 3
0 15 67 2
0 14 48 1
0 1 8 3
0 1 35 1
0 7 21 2
0 1 37 2
0 16 40 2
0 7 25 1
0 4 50 1
0 4 16 3
0 25 12 2
0 9 21 1
0 21 92 3
0 8 14 1
0 4 55 2
0 22 62 1
0 3 100 3
0 4 46 3
0 6 39 1
0 19 74 3
0 8 23 2
0 18 54 2
0 6 90 1
0 10 42 3
0 10 4 1
0 13 59 1
0 5 42 2
0 1 97 2
0 3 70 2
0 3 14 3
0 4 80 3
0 24 43 2
0 4 44 2
0 4 64 2
0 13 42 1
0 11 48 3
0 2 42 3
0 3 84 3
0 8 10 3
0 2 26 2
0 1 93 2
0 1 73 3
0 10 79 2
0 2 29 3
0 10 81 1
0 9 84 2
0 5 79 3
0 1 36 2
0 16 75 2
0 10 2 3
0 7 54 2
0 13 48 2
0 14 71 3
0 20 12 2
0 11 73 2
0 6 90 2
0 9 82 3
0 1 63 2
0 16 9 3
0 4 39 3
0 6 88 3
0 7 52 2
0 20 53 1
0 19 14 1
0 1 46 3
0 12 98 3
0 11 29 2
0 1 81 1
0 5 78 3
0 6 86 2
0 1 78 1
0 5 2 3
0 2 84 1
0 4 55 1
0 8 65 3
0 1 15 1
0 1 50 2
0 3 16 2
0 6 7 2
0 12 80 3
0 1 41 3
0 9 50 1
0 1 41 2
0 8 10 2
0 1 21 1
0 15 24 2
0 7 34 1
0 19 83 1
0 10 79 1
0 6 35 1
0 6 77 3
0 8 75 3
0 7 24 3
0 15 83 2
0 3 47 3
0 4 45 3
0 3 93 1
0 1 13 1
0 4 83 1
0 12 87 2
0 5 75 3
0 23 9 1
0 4 96 3
0 1 100 3
0 2 65 3
0 14 4 2
0 7 54 1
0 2 34 2
0 23 51 2
0 3 21 1
0 12 95 1
0 5 34 3
0 8 76 2
0 3 65 2
0 14 63 3
0 1 63 3
0 3 22 3
0 11 76 2
0 1 49 2
0 2 97 1
0 2 37 1
0 8 39 3
0 6 39 2
0 9 69 2
0 8 1 3
0 1 83 2
0 1 60 1
0 2 15 3
0 2 89 3
0 5 38 3
0 8 29 1
0 4 57 1
0 14 29 3
0 5 94 3
0 2 23 2
0 13 85 2
0 3 40 3
0 2 76 2
0 7 31 3
0 6 86 1
0 3 58 1
0 8 98 2
0 12 29 1
0 3 93 3
0 5 59 3
0 3 29 1
0 10 23 3
0 14 87 3
0 2 35 2
0 5 48 3
0 10 37 1
0 16 75 2
0 10 25 2
0 15 80 2
0 14 40 3
0 2 9 3
0 11 27 3
0 25 23 3
0 5 95 1
0 12 17 3
0 2 48 3
0 1 26 3
0 7 44 2
0 2 31 3
0 5 31 1
0 2 27 3
0 5 71 2
0 11 59 3
0 4 90 3
0 8 20 2
0 12 63 1
0 3 55 3
0 1 7 3
0 3 25 3
0 4 84 1
0 7 81 3
0 1 30 2
0 2 50 3
0 4 6 3
0 1 40 3
0 7 78 1
0 2 45 1
0 2 85 1
0 1 10 1
0 21 10 3
0 4 19 3
0 15 42 3
0 9 85 3
0 1 57 2
0 2 82 1
0 6 35 3
0 3 27 1
0 7 33 2
0 2 5 3
0 1 35 1
0 4 71 3
0 21 2 1
0 25 44 3
0 6 33 2
0 20 94 2
0 14 31 3
0 4 95 3
0 12 89 1
0 12 51 2
0 2 45 2
0 20 32 1
0 9 90 3
0 8 26 2
0 7 9 1
0 6 93 2
0 6 18 3
0 20 23 1
0 7 45 1
0 3 31 2
0 9 74 1
0 6 8 3
0 10 2 2
0 3 97 2
0 20 81 1
0 2 16 3
0 8 57 1
0 4 3 1
0 1 61 3
0 6 67 3
0 22 87 2
0 4 45 3
0 15 78 2
0 5 9 3
0 10 21 2
0 8 81 3
0 7 67 3
0 8 72 3
0 5 51 2
0 13 65 1
0 4 27 1
0 1 3 1
0 6 3 2
0 13 90 2
0 14 40 3
0 11 85 1
0 5 41 3
0 4 22 1
0 2 76 2
0 10 38 3
0 4 87 1
0 18 33 2
0 10 41 2
0 2 14 3
0 4 11 3
0 9 13 2
0 7 32 3
0 8 27 2
0 18 76 3
0 7 50 2
0 9 60 3
0 2 42 3
0 1 12 2
0 8 13 2
0 5 82 1
0 8 61 3
0 10 41 2
0 7 77 2
0 7 22 2
0 2 100 3
0 19 15 1
0 4 29 1
0 2 7 3
0 14 93 2
0 2 56 3
0 4 70 1
0 8 83 1
0 7 65 3
0 10 90 2
0 19 72 1
0 23 66 2
0 1 20 2
0 1 38 3
0 6 71 1
0 1 46 2
0 3 10 1
0 11 67 3
0 17 12 1
0 8 11 1
0 13 44 1
0 1 43 1
0 6 22 2
0 4 30 3
0 19 26 3
0 11 35 1
0 6 22 3
0 12 26 3
0 3 23 3
0 6 5 3
0 11 54 1
0 6 20 3
0 23 16 3
0 6 23 3
0 19 3 3
0 5 84 1
0 4 5 3
0 22 53 2
0 23 76 1
0 4 76 2
0 5 78 3
0 4 9 3
0 18 41 2
0 5 91 1
0 1 87 2
0 6 13 2
0 6 5 3
0 9 25 3
0 17 59 2
0 8 17 3
0 9 80 1
0 2 87 2
0 9 25 2
0 1 68 1
0 7 99 3
0 14 28 2
0 24 61 2
0 11 23 1
0 5 77 2
0 6 65 1
0 17 28 3
0 1 40 2
0 15 20 1
0 3 7 3
0 10 55 1
0 4 91 3
0 2 81 1
0 5 25 2
0 2 26 1
0 7 33 3
0 5 45 3
0 8 70 1
0 6 15 3
0 3 78 1
0 1 31 2
0 6 31 2
0 2 86 3
0 2 96 3
0 16 4 2
0 9 13 1
0 3 51 1
0 16 18 3
0 2 70 2
0 4 60 2
0 1 17 3
0 2 41 1
0 17 24 2
0 1 52 1
0 2 1 1
0 2 85 3
0 9 22 3
0 10 96 1
0 11 17 2
0 1 28 2
0 6 20 1
0 6 68 3
0 8 53 2
0 20 56 1
0 6 41 2
0 10 56 2
0 7 99 3
0 5 21 2
0 1 31 1
0 6 31 3
0 1 45 1
0 19 42 1
0 6 95 2
0 1 27 3
0 16 25 3
0 8 71 3
0 16 51 1
0 15 8 1
0 20 91 2
0 4 47 2
0 7 95 2
0 17 15 3
0 5 95 1
0 12 86 2
0 17 54 1
0 16 29 2
0 1 36 1
0 9 19 2
0 19 25 2
0 1 60 3
0 12 39 1
0 21 37 3
0 11 84 1
0 1 4 2
0 6 99 3
0 10 9 2
0 14 26 3
0 8 32 3
0 9 82 1
0 5 37 1
0 5 99 1
0 19 24 2
0 2 90 2
0 14 44 2
0 19 77 3
0 18 34 3
0 15 7 3
0 5 2 3
0 16 87 3
0 8 5 1
0 4 89 1
0 17 65 1
0 11 4 2
0 9 93 1
0 14 7 1
0 3 95 2
0 3 27 2
0 1 58 1
0 1 81 2
0 19 67 3
0 2 85 2
0 2 58 3
0 9 37 3
0 3 92 3
0 7 86 3
0 18 43 1
0 7 7 2
0 4 52 2
0 7 25 2
0 3 1 2
0 2 45 2
0 3 17 2
0 1 34 2
0 20 34 1
0 2 86 1
0 6 11 3
0 8 59 1
0 18 98 3
0 7 36 2
0 7 85 3
0 9 2 3
0 8 70 3
0 3 47 3
0 7 45 1
0 2 89 1
0 20 37 2
0 7 24 3
0 2 23 3
0 4 73 1
0 18 71 3
0 9 3 1
0 16 95 1
0 7 33 2
0 11 27 2
0 1 86 3
0 1 44 3
0 8 58 1
0 24 29 1
0 5 24 2
0 8 57 3
0 5 74 3
0 9 42 1
0 3 72 3
0 11 86 1
0 14 32 2
0 6 77 2
0 16 59 2
0 14 87 3
0 8 41 1
0 3 47 3
0 7 38 1
0 17 48 2
0 6 86 3
0 5 78 1
0 5 93 2
0 15 29 1
0 5 76 1
0 6 50 2
0 3 48 1
0 7 76 3
0 7 10 2
0 5 52 2
0 2 62 3
0 12 11 3
0 2 90 1
0 8 40 2
0 12 74 2
0 5 36 2
0 16 93 1
0 4 34 3
0 7 44 2
0 21 5 3
0 8 14 3
0 15 67 3
0 17 4 1
0 3 76 3
0 2 48 2
0 5 86 1
0 12 76 1
0 12 89 1
0 1 17 1
0 5 93 3
0 24 31 2
0 7 23 3
0 12 79 3
0 15 18 1
0 13 55 2
0 2 70 2
0 11 16 2
0 24 35 1
0 4 19 3
0 8 21 2
0 2 46 3
0 12 30 2
0 8 24 1
0 6 13 2
0 1 80 1
0 14 65 2
0 18 57 3
0 1 54 2
0 1 38 2
0 8 47 2
0 17 80 2
0 12 86 2
0 1 50 1
0 20 64 1
0 6 49 2
0 1 30 1
0 12 24 3
0 22 73 3
0 7 35 3
0 2 10 3
0 1 84 3
0 5 89 2
0 20 89 2
0 9 87 3
0 5 77 2
0 17 77 2
0 21 91 3
0 6 45 2
0 9 38 2
0 8 99 2
0 5 93 2
0 2 25 2
0 1 84 2
0 9 61 2
0 9 68 1
0 7 26 2
0 12 13 2
0 12 33 2
0 6 37 3
0 6 12 3
0 1 40 1
0 13 89 3
0 2 50 1
0 22 8 2
0 3 19 1
0 14 66 1
0 2 61 1
0 3 11 1
0 25 63 2
0 2 45 3
0 7 75 1
0 1 56 1
0 1 61 3
0 9 89 3
0 1 5 1
0 7 94 1
0 2 84 3
0 4 43 1
0 6 60 1
0 2 12 3
0 10 50 1
0 1 39 2
0 1 7 2
0 12 93 2
0 12 59 2
0 11 29 1
0 6 31 3
0 13 23 2
0 8 19 3
0 7 37 1
0 3 71 2
0 16 65 3
0 18 13 3
0 17 88 2
0 12 24 3
0 16 68 3
0 7 3 1
0 5 52 3
0 7 75 3
0 3 83 2
0 1 93 1
0 1 29 1
0 2 11 1
0 4 98 3
0 2 38 3
0 1 53 1
0 2 38 2
0 11 28 3
0 17 65 2
0 7 64 1
0 22 63 3
0 6 54 3
0 1 10 3
0 13 20 1
0 4 77 1
0 9 56 3
0 4 3 3
0 10 40 1
0 10 1 2
0 4 61 2
0 13 30 1
0 18 89 3
0 13 50 3
0 1 92 2
0 11 55 3
0 9 50 1
0 5 17 3
0 25 84 2
0 11 44 3
0 1 7 3
0 3 57 2
0 7 92 3
0 5 93 1
0 22 87 3
0 2 15 3
0 9 96 1
0 16 75 3
0 12 82 2
0 20 7 1
0 1 37 3
0 13 23 1
1 1 80 3
1 6 56 1
1 4 40 3
1 3 25 3
1 2 33 1
1 12 87 3
1 16 69 1
1 9 28 3
1 19 81 1
1 11 30 2
1 6 37 3
1 19 12 2
1 3 56 2
1 6 86 3
1 1 58 2
1 4 74 1
1 8 40 2
1 5 29 3
1 12 100 2
1 25 49 2
1 14 23 2
1 2 44 1
1 8 19 2
1 6 33 3
1 2 49 1
1 10 54 2
1 14 29 3
1 5 17 1
1 10 58 1
1 6 27 2
1 6 53 3
1 4 38 1
1 10 48 3
1 2 69 1
1 22 12 3
1 1 69 3
1 7 3 2
1 6 36 1
1 2 66 2
1 8 27 2
1 4 43 2
1 2 29 3
1 15 56 2
1 6 39 2
1 12 22 2
1 18 66 1
1 3 75 2
1 4 91 3
1 15 34 3
1 14 79 2
1 7 77 2
1 5 30 1
1 8 88 1
1 9 81 1
1 2 93 2
1 15 97 1
1 3 64 2
1 11 79 1
1 1 88 2
1 7 84 2
1 8 87 3
1 16 44 2
1 1 91 2
1 2 21 3
1 18 49 1
1 7 6 3
1 20 25 2
1 1 15 3
1 6 84 3
1 2 97 2
1 10 24 1
1 1 36 3
1 2 1 1
1 7 42 1
1 21 65 1
1 8 16 3
1 7 97 1
1 6 59 2
1 14 47 3
1 16 49 1
1 15 90 2
1 8 10 3
1 10 93 1
1 4 14 3
1 20 93 3
1 5 27 1
1 17 59 3
1 2 54 2
1 14 79 3
1 8 97 2
1 3 39 2
1 12 100 2
1 9 100 2
1 5 83 2
1 5 14 3
1 14 79 3
1 22 9 1
1 9 9 1
1 7 83 3
1 7 76 1
1 9 21 1
1 2 69 2
1 1 51 1
1 3 12 1
1 10 73 3
1 6 50 1
1 18 86 1
1 10 20 3
1 2 83 1
1 7 77 2
1 22 46 3
1 10 73 3
1 6 16 2
1 8 63 2
1 11 93 3
1 17 3 3
1 12 18 3
1 2 43 2
1 9 18 1
1 7 27 2
1 1 46 3
1 2 48 3
1 18 65 3
1 4 21 2
1 1 55 1
1 7 95 1
1 21 5 3
1 10 71 3
1 19 12 1
1 2 77 2
1 11 55 1
1 17 98 3
1 1 39 3
1 7 58 2
1 1 86 3
1 10 58 2
1 5 63 1
1 13 85 3
1 2 17 2
1 14 91 1
1 4 79 3
1 16 63 2
1 2 74 3
1 11 40 2
1 7 71 3
1 3 29 3
1 2 83 3
1 11 9 2
1 4 56 3
1 17 34 1
1 14 83 2
1 1 11 1
1 13 25 2
1 17 97 1
1 15 98 1
1 1 98 3
1 3 42 3
1 9 79 1
1 2 91 1
1 7 55 1
1 9 84 1
1 1 60 2
1 5 27 2
1 4 53 3
1 15 6 2
1 1 84 2
1 3 86 3
1 9 57 3
1 25 78 2
1 3 38 2
1 8 15 1
1 3 7 2
1 1 99 2
1 2 92 2
1 8 37 2
1 5 34 3
1 10 5 3
1 2 84 2
1 19 19 2
1 7 42 2
0 1744 11936 16389 12010 5367 15184 9819 12642 14287 2320 14524 9931 5923 8600 7211 12131 10643 11618 18958 13579 2708 4506 15111 3304 12637 11780 1645 11956 12254 12834 20320 7608 14527 8849 12154 8498 14171 13713 12438 11237 12407 8601 5618 13092 9967 20009 4613 15845 10761 10103 14725 12943 10107 6886 8050 7530 7190 12755 12239 16063 12924 2885 7982 15184 12505 17622 13893 3794 9771 18195 13525 14875 2283 10295 12959 14516 5264 18491 7087 4944 3930 8100 11376 9110 7048 13285 4584 3222 10153 15293 16970 9457 8026 13829 7231 14080 4672 2453 1681 17494
1744 0 12712 16946 10271 5867 14381 8076 11297 14191 3263 13419 9546 4211 9213 7649 10410 9029 9884 17781 12035 4222 3154 14725 2530 10951 10083 1384 12341 10907 11717 19159 8475 13161 7188 11591 8909 12656 11992 12394 10905 10674 8456 6593 13188 10490 18947 5849 15654 9602 8580 13465 12822 10389 7098 7183 5788 8029 13203 10504 14469 12794 3104 6375 15382 11671 16878 12185 4011 9449 16946 12081 15318 3470 8640 11307 13198 6459 17322 5367 6283 4285 8839 9706 7504 8345 11575 2998 2559 8886 13827 16358 7720 8309 13113 5886 12727 6391 1395 676 16080
11936 12712 0 4766 19421 6886 12456 18325 15098 7022 9637 14330 7788 14502 3589 5293 20986 16302 18917 18051 17563 12916 15813 9457 15109 21946 21048 13501 2912 14883 13441 18987 4335 16501 18788 9313 4300 17672 20234 5950 7586 20952 6695 6347 5190 2731 17897 7582 8560 12716 15092 15719 6623 3934 6198 10273 16161 4747 2619 19456 20021 6678 9632 18335 5588 11268 13623 20056 15607 7432 18106 16537 3927 13487 20120 22578 16064 6944 17632 15314 14613 8468 3874 17493 19368 5905 19628 15400 10719 13183 17989 12214 17366 5122 11075 12577 16088 10093 14046 13186 19124
16389 16946 4766 0 22156 11097 12411 21485 16686 6303 14070 15020 9783 18040 7790 9297 24086 18796 21657 17853 19341 17592 19935 8711 19429 25151 24282 17881 4755 16571 14644 18493 8935 17688 22354 10228 8052 19265 22613 6573 8917 23951 9483 10931 5322 6457 17186 12242 7049 14601 17544 16645 6877 6773 9948 12947 19538 9297 3816 22126 21525 6947 13845 22053 3636 12252 12675 22328 20138 9536 18248 18103 1907 18097 23583 25863 17153 11624 17507 18670 19355 12665 8326 19993 23007 10670 21997 19405 14701 15342 19248 11168 20427 8728 11400 15588 17350 14856 18324 17484 19843
12010 10271 19421 22156 0 13456 12937 2470 6958 16827 12682 10142 12383 6132 16040 14395 2731 3456 505 12706 5047 14343 8762 15698 10382 3928 3467 11083 17584 6788 9095 13961 16261 7692 4823 12612 15149 5767 1973 15756 13403 2243 12849 15087 16984 16695 14550 15061 17459 7964 4682 8869 15696 15717 13370 9256 4489 15836 18529 345 6002 15633 11644 5802 19186 11052 15153 2425 12496 12621 11441 6277 20253 13382 4420 4797 8185 15479 12399 4966 16043 12317 16159 2363 5391 17347 1891 8037 10139 7005 7068 15594 2554 14320 12654 6861 7566 16556 10191 10539 9260
5367 5867 6886 11097 13456 0 11460 11950 11075 9191 3088 11803 5595 7893 3347 1843 14597 10827 12969 16239 12960 7121 8934 10434 8333 15447 14541 6794 6589 10743 10316 17490 2886 12874 12067 8018 3131 13319 14649 7321 6651 14658 3901 1831 7825 4641 16847 2686 10840 8674 9793 12591 7910 4760 1741 5534 9646 2436 7403 13564 15584 7905 2764 11533 9844 9076 13628 14610 9160 5308 15794 12349 9525 7333 13451 16006 12642 2643 15767 8852 9273 1588 3045 11918 12598 4122 14087 8516 3872 8606 14078 12688 11127 2711 9954 6767 12408 5842 7233 6388 15867
15184 14381 12456 12411 12937 11460 0 13567 6012 6117 13684 3090 5905 12281 11031 10521 15544 9662 12536 5610 8475 17729 15926 3777 16541 16761 16098 15763 9569 6151 3851 6544 12433 6059 15570 3523 10015 8073 12486 6530 5215 15150 7662 13031 7524 10436 5574 14140 5668 5522 8671 4784 5916 8983 9861 7198 12771 12305 10152 12748 9949 5853 12522 15875 8780 2713 2542 12013 18382 6237 5847 7055 10737 17466 16226 17618 5455 13993 5210 12087 20022 11935 11741 10590 16357 14857 11933 15020 11996 6587 7538 2658 12447 9589 1529 9130 5895 17280 15524 15052 7559
9819 8076 18325 21485 2470 11950 13567 0 7902 16626 10752 11084 11884 4163 14818 13121 2664 4015 2285 14260 6681 12029 6319 15855 7960 3666 2805 8766 16787 7631 9755 15584 14822 9084 2519 12585 14025 7445 4433 15336 13062 2720 12014 13446 16511 15641 15996 13247 17482 8170 4895 10094 15390 14830 12145 8585 2376 14379 17743 2787 8190 15332 9833 3401 18784 11332 15957 4835 10048 12059 13058 7636 19607 11035 2683 4400 9480 13722 13904 3102 13646 10651 14826 3523 3213 15632 4249 5636 8343 7106 8811 16176 1143 13208 13011 5897 8850 14446 7849 8271 11135
12642 11297 15098 16686 6958 11075 6012 7902 0 10713 12006 3210 7316 7891 12378 11107 9620 3886 6582 6731 2683 15350 11762 9112 12843 10837 10232 12608 12634 390 2257 8117 13241 1892 10174 6490 11308 2599 6507 10118 7823 9191 8562 12905 11365 12482 8262 13529 10987 2463 3248 2327 9836 11164 10107 5543 7714 12928 13490 6752 4931 9767 10721 10699 13316 4561 8198 6065 14959 7667 5729 1444 14809 14748 10582 11703 1914 13667 6310 7259 17542 10713 12816 4647 10951 15159 5938 10816 9573 2557 3019 8668 6856 10563 5950 5422 1438 16131 12057 11882 4907
14287 14191 7022 6303 16827 9191 6117 16626 10713 0 12178 8756 4926 13881 7073 7531 19067 13375 16348 11630 13396 16303 16691 2542 16694 20219 19409 15426 4198 10658 8551 12373 8686 11516 17992 4268 6432 13227 16973 1870 3608 18828 5737 10094 1864 5902 11151 11466 1723 8917 12147 10412 1374 4783 7486 8194 15050 8773 4444 16738 15413 1408 11408 17937 2697 6162 6718 16619 18010 4888 11962 12079 4633 16429 19026 21006 10959 11061 11264 14206 18461 10388 7882 14529 18727 11170 16365 15953 11647 9824 13078 5253 15500 6528 5122 10921 11210 14664 15559 14840 13552
2320 3263 9637 14070 12682 3088 13684 10752 12006 12178 0 13437 8103 6605 6280 4924 13265 10713 12238 17923 13372 4175 6410 13200 5494 13934 13042 3867 9659 11632 11802 19248 5324 13893 10267 10445 6209 13874 14191 10313 9332 13449 6607 3370 10889 7651 18791 2611 13785 9853 9934 13889 10860 7848 4701 6842 8377 4895 10445 12861 15959 10847 1286 9538 12931 11090 16027 14276 6092 7891 17290 13076 12564 4263 11713 14365 13787 3202 17450 7741 6427 1828 5787 11627 10660 5106 13695 6225 2627 9450 14859 15245 10165 5785 12250 6837 13430 4157 4481 3616 16913
14524 13419 14330 15020 10142 11803 3090 11084 3210 8756 13437 0 6828 10569 12236 11322 12822 7076 9780 4487 5448 17197 14401 6688 15284 14039 13442 14789 11577 3455 1703 5816 13411 2970 13292 5035 11155 5000 9509 8686 6745 12381 8469 13557 9846 11970 5535 14449 8611 3827 6291 1711 8214 10531 10459 6596 10686 13186 12306 9921 6873 8144 12178 13745 11451 3076 5022 9011 17299 7207 4009 4032 13238 16751 13767 14906 2366 14443 4014 10126 19465 11869 12832 7852 14075 15641 8979 13461 11314 4692 4465 5656 10015 10548 3635 7655 2820 17378 14378 14057 4857
9931 9546 7788 9783 12383 5595 5905 11884 7316 4926 8103 6828 0 8957 5408 4642 14417 9013 11886 11025 9834 12264 11843 5193 11985 15528 14687 10856 5379 7115 5713 12182 6646 8734 13105 2423 4331 9901 12853 3454 1376 14239 1759 7126 4633 5232 11401 8258 6186 4981 7761 8038 3591 3860 3957 3320 10175 6468 6281 12346 12245 3543 7085 13019 6900 3800 8035 12593 13494 380 10798 8758 7877 12182 14188 16284 8323 8090 10565 9321 14530 6285 6025 10211 13830 8997 12236 11073 6991 5598 10206 7152 10784 3768 4383 6059 8312 11436 10867 10214 11461
5923 4211 14502 18040 6132 7893 12281 4163 7891 13881 6605 10569 8957 0 10932 9221 6750 4966 5717 14610 8085 8401 3872 13668 5046 7556 6650 5224 13286 7513 8925 15999 10779 9628 4320 10311 10244 8766 7791 12338 10284 6878 8624 9313 13403 11895 16031 9084 15027 6861 4789 10198 12546 11274 8311 5733 1791 10328 14232 6341 10390 12499 5671 4075 15706 9663 14818 7975 7223 9031 13615 8376 16219 7539 5618 8119 9791 9562 14178 1169 10320 6524 10853 5524 4971 11475 7366 2926 4187 5887 10032 14651 3584 9457 11315 3184 9240 10425 4457 4584 12371
8600 9213 3589 7790 16040 3347 11031 14818 12378 7073 6280 12236 5408 10932 0 1711 17482 13059 15539 16385 14657 9965 12276 8951 11664 18415 17513 10097 3548 12111 11050 17492 1613 13976 15206 7545 1086 14866 16987 5340 5817 17475 3842 3300 5363 1424 16604 4694 8795 9921 11894 13392 6052 2309 2679 7126 12614 1755 4222 16099 17212 6075 6111 14746 7002 9200 12767 16857 12359 5030 16202 13780 6319 10373 16548 19029 13618 4169 15932 11776 11911 4934 809 14229 15781 4109 16392 11832 7137 10201 15370 11561 13892 1826 9518 9180 13532 7737 10574 9723 16806
7211 7649 5293 9297 14395 1843 10521 13121 11107 7531 4924 11322 4642 9221 1711 0 15785 11491 13895 15633 13260 8880 10658 9012 10142 16709 15807 8624 4747 10813 9992 16813 2137 12794 13497 7001 1288 13522 15402 5675 5425 15788 2893 2632 6059 2846 16041 3955 9220 8646 10355 12328 6315 2943 1047 5681 10906 1866 5570 14464 15849 6319 4551 13046 8019 8390 12503 15297 11003 4291 15328 12471 7692 9150 14837 17320 12484 3622 15169 10071 10971 3374 1787 12644 14076 4358 14815 10177 5468 8805 14123 11437 12209 1026 8992 7546 12338 7181 9030 8195 15706
12131 10410 20986 24086 2731 14597 15544 2664 9620 19067 13265 12822 14417 6750 17482 15785 0 5904 3045 15425 7776 14129 8167 18126 9849 1218 856 10910 19410 9421 11693 16666 17474 10422 3542 14935 16686 8489 4216 17855 15545 622 14634 16062 19050 18298 17278 15803 19826 10369 7024 11590 17868 17465 14809 11150 4965 17030 20364 3014 8501 17809 12410 4605 21305 13517 17816 4792 11766 14612 14152 9004 22200 13079 2425 2084 10912 16300 15123 5745 15525 13270 17487 4974 3748 18219 4413 7680 10936 9345 9772 18194 3661 15867 15159 8510 10290 16799 9964 10508 11909
10643 9029 16302 18796 3456 10827 9662 4015 3886 13375 10713 7076 9013 4966 13059 11491 5904 0 2989 10362 3155 13251 8630 12263 9978 7115 6436 10158 14297 3622 5816 11715 13486 5174 6336 9156 12100 3877 3935 12341 9979 5558 9636 12580 13578 13572 12036 12807 14009 4513 1252 6102 12258 12496 10445 6032 4179 13089 15232 3366 5443 12194 9518 6951 15758 7630 11993 3807 12165 9272 9212 3755 16889 12453 6696 7965 5516 13125 9982 3997 15254 9938 13277 1202 7102 14890 3334 7720 8086 3551 5209 12303 2989 11276 9260 4067 4893 14820 9421 9486 7584
11618 9884 18917 21657 505 12969 12536 2285 6582 16348 12238 9780 11886 5717 15539 13895 3045 2989 0 12476 4804 13986 8488 15247 10087 4260 3717 10732 17081 6395 8688 13751 15768 7407 4743 12142 14645 5543 2191 15265 12914 2615 12344 14608 16491 16191 14297 14599 16998 7502 4202 8554 15210 15213 12870 8753 4123 15345 18026 624 5974 15147 11186 5677 18697 10606 14780 2554 12220 12122 11224 5976 19754 13040 4495 5127 7882 15010 12156 4548 15724 11843 15661 1946 5362 16873 1965 7734 9683 6531 6872 15191 2171 13817 12219 6359 7257 16140 9853 10172 9115
18958 17781 18051 17853 12706 16239 5610 14260 6731 11630 17923 4487 11025 14610 16385 15633 15425 10362 12476 0 7672 21645 18481 9145 19505 16588 16172 19134 15173 7101 6137 1390 17671 5190 16682 8875 15327 6940 11459 12139 10639 14884 12745 17963 13125 15931 1963 18902 10868 8199 9953 4411 11525 14472 14826 11082 14405 17482 15762 12411 7520 11462 16661 17309 14221 7243 5437 10876 21580 11394 1310 6630 16262 21161 16867 17445 4877 18870 474 13985 23901 16353 17040 10756 17435 19984 11092 17536 15762 8911 5666 6857 13328 14792 6987 11926 5482 21860 18661 18401 3918
13579 12035 17563 19341 5047 12960 8475 6681 2683 13396 13372 5448 9834 8085 14657 13260 7776 3155 4804 7672 0 16238 11785 11756 13118 8959 8506 13222 15200 2770 4900 8954 15365 2691 9171 9167 13614 764 4084 12768 10448 7257 10921 14780 14020 14896 9504 15219 13644 4856 3480 3951 12507 13636 12227 7580 7311 15015 16076 4765 2626 12438 12118 9914 15995 7242 10431 3567 15303 10167 6425 1420 17457 15492 9225 9824 3238 15448 7355 7150 18303 12338 15020 3163 9892 17082 3592 10874 10787 4460 2134 11094 5867 12831 8583 6535 2662 17526 12523 12532 4490
2708 4222 12916 17592 14343 7121 17729 12029 15350 16303 4175 17197 12264 8401 9965 8880 14129 13251 13986 21645 16238 0 6017 17375 4380 14471 13668 3264 13488 14962 15514 23003 8660 17235 10668 14577 10127 16844 16132 14434 13506 14478 10781 6688 14933 11386 22661 5351 17933 13454 12770 17430 15003 11820 8818 10672 9863 8318 14184 14597 18689 14993 5219 9684 16873 15080 20123 16355 3289 12061 20897 16221 16264 1104 12062 14668 17224 5975 21177 9537 2293 6002 9314 13917 10767 7301 15741 6455 5884 12860 17985 19389 11816 9824 16332 9937 16788 3557 4186 3825 20198
4506 3154 15813 19935 8762 8934 15926 6319 11762 16691 6410 14401 11843 3872 12276 10658 8167 8630 8488 18481 11785 6017 0 16882 1682 8456 7664 2967 15259 11385 12735 19871 11614 13483 4663 13589 11884 12499 10680 14975 13219 8559 11044 9747 15882 13503 19888 8973 18029 10637 8625 14070 15319 13265 10001 8960 4558 11165 16152 9058 13913 15283 6182 3667 18136 13245 18467 11007 3734 11821 17483 12198 18249 4940 6045 8658 13659 9595 18049 4640 7376 7347 11947 8932 4756 11461 10394 946 5249 9709 13806 18168 6403 11223 14837 6823 13102 9036 2058 2857 16166
15111 14725 9457 8711 15698 10434 3777 15855 9112 2542 13200 6688 5193 13668 8951 9012 18126 12263 15247 9145 11756 17375 16882 0 17137 19318 18565 16046 6566 9137 6861 9844 10526 9597 17513 3359 8120 11476 15577 3678 3878 17816 6599 11644 4272 7981 8611 12945 1924 7759 11103 8394 2950 6661 8695 7971 14581 10529 6933 15563 13526 2914 12247 17610 5077 4652 4189 15163 18686 5341 9558 10370 7136 17348 18399 20144 9009 12634 8797 13785 19614 11373 9745 13343 18280 13040 14987 16062 12176 8785 11134 2758 14713 7988 3173 10530 9353 16178 16029 15397 11330
3304 2530 15109 19429 10382 8333 16541 7960 12843 16694 5494 15284 11985 5046 11664 10142 9849 9978 10087 19505 13118 4380 1682 17137 0 10120 9339 1659 14855 12457 13591 20894 10814 14631 6339 13935 11412 13808 12275 14909 13355 10241 10965 8859 15716 12972 20812 7914 18131 11466 9825 15112 15322 12913 9623 9398 6058 10380 15707 10669 15349 15293 5592 5327 17913 13831 19068 12578 2190 11910 18569 13412 17826 3288 7705 10293 14756 8562 19060 5995 5701 6768 11241 10392 6394 10350 11963 2356 5047 10620 15078 18643 7964 10830 15350 7628 14228 7561 1139 1946 17414
12637 10951 21946 25151 3928 15447 16761 3666 10837 20219 13934 14039 15528 7556 18415 16709 1218 7115 4260 16588 8959 14471 8456 19318 10120 0 907 11316 20452 10639 12910 17814 18333 11618 3811 16110 17651 9662 5261 18974 16680 1705 15680 16847 20159 19278 18454 16507 21005 11565 8221 12796 19006 18490 15753 12241 5811 17883 21408 4195 9548 18947 13153 4793 22424 14718 19034 5848 11908 15712 15308 10206 23272 13396 2417 869 12114 17029 16294 6639 15717 14069 18384 6192 3762 18955 5524 8090 11707 10534 10926 19410 4744 16839 16366 9563 11494 17306 10365 10979 13021
11780 10083 21048 24282 3467 14541 16098 2805 10232 19409 13042 13442 14687 6650 17513 15807 856 6436 3717 16172 8506 13668 7664 18565 9339 907 0 10487 19575 10013 12251 17428 17426 11124 3002 15330 16755 9232 5054 18138 15856 1478 14805 15943 19315 18384 18008 15611 20228 10827 7492 12264 18184 17608 14853 11389 4905 16977 20531 3773 9329 18126 12251 4027 21586 13989 18411 5624 11185 14864 14908 9692 22406 12601 1708 1598 11597 16130 15860 5737 14975 13163 17479 5596 3069 18055 5222 7255 10803 9783 10534 18738 3911 15944 15649 8697 10971 16451 9537 10130 12703
1645 1384 13501 17881 11083 6794 15763 8766 12608 15426 3867 14789 10856 5224 10097 8624 10910 10158 10732 19134 13222 3264 2967 16046 1659 11316 10487 0 13363 12218 13086 20515 9190 14458 7505 12944 9906 13866 12887 13607 12205 11239 9691 7220 14347 11432 20320 6255 16922 10968 9800 14801 14062 11457 8182 8565 6610 8761 14194 11340 15598 14038 4111 6571 16501 13053 18257 13126 2647 10742 18281 13340 16316 2321 8930 11574 14515 6905 18677 6329 5098 5263 9642 10745 7685 8693 12511 3235 3873 10229 15069 17723 8564 9367 14488 7219 14030 6070 951 733 17349
11956 12341 2912 4755 17584 6589 9569 16787 12634 4198 9659 11577 5379 13286 3548 4747 19410 14297 17081 15173 15200 13488 15259 6566 14855 20452 19575 13363 0 12458 10820 16087 5055 13905 17601 6542 3460 15232 18185 3045 4886 19301 4776 6847 2335 2134 14987 8243 5829 10354 13054 13037 3711 2020 5260 8328 14799 5284 955 17577 17561 3766 9267 17299 3473 8551 10719 17947 15747 5070 15272 14077 2991 13845 18840 21149 13434 7710 14760 13932 15458 8101 4284 15499 18252 7365 17570 14695 10011 10963 15428 9323 15749 4039 8218 10899 13513 11246 13731 12911 16412
12254 10907 14883 16571 6788 10743 6151 7631 390 10658 11632 3455 7115 7513 12111 10813 9421 3622 6395 7101 2770 14962 11385 9137 12457 10639 10013 12218 12458 0 2329 8489 12945 2276 9870 6411 11046 2789 6444 9998 7681 9009 8310 12574 11250 12250 8607 13179 10993 2191 2908 2691 9743 10949 9807 5217 7370 12625 13325 6597 5139 9673 10348 10374 13237 4536 8399 6027 14571 7459 6113 1669 14687 14359 10313 11502 2302 13326 6676 6898 17153 10355 12534 4451 10649 14836 5862 10440 9190 2189 3336 8809 6569 10292 5993 5032 1826 15762 11668 11491 5283
12834 11717 13441 14644 9095 10316 3851 9755 2257 8551 11802 1703 5713 8925 11050 9992 11693 5816 8688 6137 4900 15514 12735 6861 13591 12910 12251 13086 10820 2329 0 7489 12114 3087 11849 4419 9964 4678 8757 8121 5936 11302 7218 12103 9348 10942 7237 12927 8744 2127 4872 2344 7767 9547 9074 4969 9150 11856 11624 8915 6884 7697 10534 12237 11195 2398 6204 8321 15598 6088 5511 3539 12794 15056 12428 13767 2624 12959 5667 8543 17778 10278 11589 6742 12636 14250 8181 11798 9630 3038 4628 6503 8649 9295 3694 5963 2714 15790 12678 12354 5758
20320 19159 18987 18493 13961 17490 6544 15584 8117 12373 19248 5816 12182 15999 17492 16813 16666 11715 13751 1390 8954 23003 19871 9844 20894 17814 17428 20515 16087 8489 7489 0 18821 6542 18022 9950 16447 8208 12634 13043 11700 16113 13921 19190 13961 16967 1468 20163 11452 9568 11333 5800 12397 15510 16037 12409 15779 18650 16624 13658 8566 12337 17993 18665 14885 8439 5854 12047 22967 12545 2529 7970 16979 22531 18172 18666 6253 20110 1838 15368 25264 17655 18168 12069 18770 21170 12298 18925 17119 10296 6895 7348 14670 15946 8004 13311 6851 23154 20047 19782 4918
7608 8475 4335 8935 16261 2886 12433 14822 13241 8686 5324 13411 6646 10779 1613 2137 17474 13486 15768 17671 15365 8660 11614 10526 10814 18333 17426 9190 5055 12945 12114 18821 0 14931 14941 8916 2444 15643 17368 6942 7240 17524 4944 2013 6970 2932 17992 3311 10408 10781 12385 14454 7649 3914 3143 7788 12529 457 5617 16353 17964 7670 5465 14381 8527 10436 14268 17291 11273 6278 17410 14600 7641 9175 16332 18892 14618 2714 17210 11729 10497 4363 805 14617 15458 2514 16791 11279 6725 10918 16258 13101 13978 2878 10908 9474 14475 6193 9775 8910 17838
14527 13161 16501 17688 7692 12874 6059 9084 1892 11516 13893 2970 8734 9628 13976 12794 10422 5174 7407 5190 2691 17235 13483 9597 14631 11618 11124 14458 13905 2276 3087 6542 14931 0 11493 7484 12895 2104 6757 11195 9023 9921 10135 14699 12412 13962 6919 15369 11518 4201 4863 1310 10815 12589 11820 7344 9260 14638 14711 7425 3929 10744 12607 12123 14191 5443 7817 6220 16768 9103 4050 1450 15853 16619 11714 12486 605 15486 4821 8900 19418 12574 14463 5604 12248 16929 6281 12542 11465 4443 1562 8596 8139 12183 6462 7300 468 18011 13881 13735 3025
8849 7188 18788 22354 4823 12067 15570 2519 10174 17992 10267 13292 13105 4320 15206 13497 3542 6336 4743 16682 9171 10668 4663 17513 6339 3811 3002 7505 17601 9870 11849 18022 14941 11493 0 14171 14550 9935 6786 16536 14385 3998 12913 13326 17641 16205 18372 12868 19016 10064 7003 12434 16689 15592 12612 9800 2946 14486 18549 5163 10698 16638 9597 1070 19942 13164 18031 7246 8224 13218 15504 10054 20525 9600 1452 4118 11852 13421 16311 3786 11992 10599 15080 6008 788 15346 6688 4283 8223 8990 11304 18117 3354 13770 14855 7072 11228 13510 6554 7181 13641
12154 11591 9313 10228 12612 8018 3523 12585 6490 4268 10445 5035 2423 10311 7545 7001 14935 9156 12142 8875 9167 14577 13589 3359 13935 16110 15330 12944 6542 6411 4419 9950 8916 7484 14171 0 6510 9047 12707 3712 1767 14662 4162 9533 4930 7062 9076 10681 4899 4664 7947 6526 3355 5604 6374 4640 11233 8783 7285 12509 11297 3285 9364 14252 6828 2045 5618 12351 15590 2733 8814 7888 8375 14428 15089 16919 6972 10504 8432 10431 16857 8645 8236 10292 14934 11335 12099 12751 9079 5613 9038 4818 11446 6067 1994 7171 7130 13858 12849 12267 9874
8498 8909 4300 8052 15149 3131 10015 14025 11308 6432 6209 11155 4331 10244 1086 1288 16686 12100 14645 15327 13614 10127 11884 8120 11412 17651 16755 9906 3460 11046 9964 16447 2444 12895 14550 6510 0 13809 16033 4615 4808 16652 2759 3668 4860 1657 15583 5055 8144 8856 10916 12306 5297 1707 1943 6119 11876 2408 4296 15194 16157 5311 5820 14150 6751 8127 11825 15886 12291 3953 15128 12715 6415 10425 15859 18291 12534 4630 14872 11025 12182 4648 1726 13279 15155 4942 15433 11371 6659 9163 14295 10665 13066 829 8495 8293 12452 8233 10295 9466 15721
14171 12656 17672 19265 5767 13319 8073 7445 2599 13227 13874 5000 9901 8766 14866 13522 8489 3877 5543 6940 764 16844 12499 11476 13808 9662 9232 13866 15232 2789 4678 8208 15643 2104 9935 9047 13809 0 4673 12703 10420 7958 11084 15146 13948 15035 8792 15642 13383 4968 4077 3407 12402 13738 12500 7862 8048 15306 16089 5475 2353 12331 12608 10676 15860 7067 9916 4125 15988 10246 5681 1162 17394 16121 9981 10524 2691 15845 6634 7860 18934 12771 15264 3928 10656 17436 4225 11583 11313 4732 1369 10655 6629 13043 8306 7048 2181 18030 13186 13169 3732
13713 11992 20234 22613 1973 14649 12486 4433 6507 16973 14191 9509 12853 7791 16987 15402 4216 3935 2191 11459 4084 16132 10680 15577 12275 5261 5054 12887 18185 6444 8757 12634 17368 6757 6786 12707 16033 4673 0 16093 13725 3610 13560 16358 17343 17505 13370 16461 17418 8073 5148 8033 15944 16414 14360 9962 6281 16962 19111 1645 4291 15878 13080 7774 19461 10949 14510 590 14411 13132 10159 5481 20707 15202 6270 6084 7318 16832 11201 6626 17902 13641 17187 2759 7326 18652 617 9921 11591 7271 5809 15128 4331 15209 12437 7897 6745 18172 12020 12310 7785
12438 12394 5950 6573 15756 7321 6530 15336 10118 1870 10313 8686 3454 12338 5340 5675 17855 12341 15265 12139 12768 14434 14975 3678 14909 18974 18138 13607 3045 9998 8121 13043 6942 11195 16536 3712 4615 12703 16093 0 2369 17662 3947 8259 1254 4304 11949 9621 3545 8045 11093 10227 728 3031 5618 6772 13615 6993 3648 15699 14982 766 9564 16412 3450 5757 7737 15788 16176 3318 12274 11541 4691 14568 17637 19734 10684 9234 11730 12757 16592 8529 6146 13527 17251 9449 15478 14269 9865 8832 12746 6395 14231 4665 5216 9509 10835 12831 13771 13035 13542
11237 10905 7586 8917 13403 6651 5215 13062 7823 3608 9332 6745 1376 10284 5817 5425 15545 9979 12914 10639 10448 13506 13219 3878 13355 16680 15856 12205 4886 7681 5936 11700 7240 9023 14385 1767 4808 10420 13725 2369 0 15335 2759 8023 3618 5296 10788 9249 4810 5685 8732 8158 2328 3838 4934 4586 11444 7139 5693 13340 12727 2271 8370 14334 5784 3684 7079 13423 14837 1467 10574 9259 7020 13471 15429 17454 8547 9009 10197 10599 15754 7505 6532 11162 15119 9698 13110 12446 8347 6464 10553 6046 11945 4443 3705 7315 8637 12468 12234 11571 11548
12407 10674 20952 23951 2243 14658 15150 2720 9191 18828 13449 12381 14239 6878 17475 15788 622 5558 2615 14884 7257 14478 8559 17816 10241 1705 1478 11239 19301 9009 11302 16113 17524 9921 3998 14662 16652 7958 3610 17662 15335 0 14529 16166 18868 18250 16749 15959 19541 10058 6722 11109 17651 17376 14797 11004 5088 17084 20254 2496 7899 17590 12550 5067 21108 13188 17389 4190 12200 14447 13604 8515 22058 13442 2989 2568 10423 16440 14590 5820 15932 13371 17509 4561 4277 18351 3833 8023 11062 9055 9223 17805 3586 15829 14815 8415 9805 17064 10298 10807 11333
8601 8456 6695 9483 12849 3901 7662 12014 8562 5737 6607 8469 1759 8624 3842 2893 14634 9636 12344 12745 10921 10781 11044 6599 10965 15680 14805 9691 4776 8310 7218 13921 4944 10135 12913 4162 2759 11084 13560 3947 2759 14529 0 5372 4853 3988 13158 6533 7248 6120 8413 9562 4371 2869 2214 3607 10063 4738 5730 12857 13436 4346 5717 12684 7137 5502 9746 13367 12287 1430 12466 9978 7625 10797 14111 16383 9777 6341 12281 9195 13015 4781 4375 10834 13590 7250 12950 10361 5919 6501 11541 8787 10974 2083 6138 6124 9693 9735 9828 9103 12971
5618 6593 6347 10931 15087 1831 13031 13446 12905 10094 3370 13557 7126 9313 3300 2632 16062 12580 14608 17963 14780 6688 9747 11644 8859 16847 15943 7220 6847 12574 12103 19190 2013 14699 13326 9533 3668 15146 16358 8259 8023 16166 5372 0 8517 4723 18493 1402 11799 10499 11577 14393 8919 5362 3173 7363 11098 1635 7505 15213 17405 8926 3731 12692 10287 10754 15091 16342 9261 6801 17558 14180 9576 7168 14746 17355 14459 990 17493 10347 8611 2795 2626 13647 13792 2314 15806 9483 5140 10436 15909 14055 12691 3657 11509 8513 14233 4572 7849 6983 17687
13092 13188 5190 5322 16984 7825 7524 16511 11365 1864 10889 9846 4633 13403 5363 6059 19050 13578 16491 13125 14020 14933 15882 4272 15716 20159 19315 14347 2335 11250 9348 13961 6970 12412 17641 4930 4860 13948 17343 1254 3618 18868 4853 8517 0 4108 12803 9911 3530 9298 12328 11418 1637 3156 6207 7929 14736 7101 2674 16932 16219 1706 10255 17477 2303 6969 8454 17040 16868 4454 13335 12786 3448 15150 18772 20910 11893 9458 12732 13873 17027 9162 6166 14766 18344 9417 16727 15212 10699 10078 13968 7027 15415 5114 6304 10654 12060 13059 14577 13811 14701
9967 10490 2731 6457 16695 4641 10436 15641 12482 5902 7651 11970 5232 11895 1424 2846 18298 13572 16191 15931 14896 11386 13503 7981 12972 19278 18384 11432 2134 12250 10942 16967 2932 13962 16205 7062 1657 15035 17505 4304 5296 18250 3988 4723 4108 0 15991 6114 7614 10068 12365 13259 5033 1459 3600 7546 13515 3150 2807 16727 17387 5067 7388 15807 5601 8896 11962 17331 13741 4860 15859 13913 4916 11782 17508 19927 13555 5577 15492 12661 13332 6208 2152 14763 16812 5317 16900 13009 8297 10488 15418 10674 14665 2442 8965 9859 13535 9118 11867 11026 16681
20009 18947 17897 17186 14550 16847 5574 15996 8262 11151 18791 5535 11401 16031 16604 16041 17278 12036 14297 1963 9504 22661 19888 8611 20812 18454 18008 20320 14987 8607 7237 1468 17992 6919 18372 9076 15583 8792 13370 11949 10788 16749 13158 18493 12803 15991 0 19532 10137 9362 11509 5951 11279 14543 15322 11996 15975 17849 15476 14265 9480 11222 17560 18947 13602 7776 4512 12792 22834 11750 3267 8369 15722 22254 18633 19316 6521 19436 2170 15495 24941 17134 17309 12522 19137 20393 12984 18944 16789 10198 7563 6019 15022 15134 7088 13185 7148 22595 19913 19588 5880
4613 5849 7582 12242 15061 2686 14140 13247 13529 11466 2611 14449 8258 9084 4694 3955 15803 12807 14599 18902 15219 5351 8973 12945 7914 16507 15611 6255 8243 13179 12927 20163 3311 15369 12868 10681 5055 15642 16461 9621 9249 15959 6533 1402 9911 6114 19532 0 13165 11189 11894 15167 10269 6755 4322 8041 10872 2987 8883 15216 17841 10274 3424 12149 11687 11760 16279 16496 8084 7957 18425 14736 10938 5912 14311 16957 15175 660 18429 10184 7219 2886 3993 13810 13269 2498 15935 8830 4928 11003 16496 15295 12588 4979 12630 8777 14901 3233 6984 6133 18383
15845 15654 8560 7049 17459 10840 5668 17482 10987 1723 13785 8611 6186 15027 8795 9220 19826 14009 16998 10868 13644 17933 18029 1924 18131 21005 20228 16922 5829 10993 8744 11452 10408 11518 19016 4899 8144 13383 17418 3545 4810 19541 7248 11799 3530 7614 10137 13165 0 9496 12820 10317 2931 6504 9118 9293 16070 10494 5944 17339 15448 2940 12961 19040 3495 6469 5626 17018 19531 6226 11372 12269 5662 18020 19971 21817 10931 12771 10548 15248 20112 11978 9605 15117 19769 12891 16822 17254 13097 10487 13057 4119 16344 8207 5077 11962 11269 16371 17003 16312 13226
10761 9602 12716 14601 7964 8674 5522 8170 2463 8917 9853 3827 4981 6861 9921 8646 10369 4513 7502 8199 4856 13454 10637 7759 11466 11565 10827 10968 10354 2191 2127 9568 10781 4201 10064 4664 8856 4968 8073 8045 5685 10058 6120 10499 9298 10068 9362 11189 9496 0 3345 4036 7873 8785 7651 3150 7249 10471 11241 7850 7320 7806 8572 10354 11389 3164 8025 7748 13472 5312 7458 3860 12702 12964 10787 12396 3986 11291 7734 6577 15704 8433 10354 5630 10849 12732 7460 9704 7579 1075 5477 8055 7032 8104 4841 3841 3735 13917 10552 10235 7198
10103 8580 15092 17544 4682 9793 8671 4895 3248 12147 9934 6291 7761 4789 11894 10355 7024 1252 4202 9953 3480 12770 8625 11103 9825 8221 7492 9800 13054 2908 4872 11333 12385 4863 7003 7947 10916 4077 5148 11093 8732 6722 8413 11577 12328 12365 11509 11894 12820 3345 0 5570 11017 11267 9308 4819 4466 11999 13987 4609 6028 10953 8698 7470 14513 6499 11075 4970 11987 8022 8891 3588 15637 12046 7559 9055 5082 12172 9543 4042 14859 9010 12142 2450 7787 13890 4538 7686 7330 2335 5275 11284 3779 10097 8157 3123 4499 14080 9145 9098 7591
14725 13465 15719 16645 8869 12591 4784 10094 2327 10412 13889 1711 8038 10198 13392 12328 11590 6102 8554 4411 3951 17430 14070 8394 15112 12796 12264 14801 13037 2691 2344 5800 14454 1310 12434 6526 12306 3407 8033 10227 8158 11109 9562 14393 11418 13259 5951 15167 10317 4036 5570 0 9798 11849 11399 7139 10034 14191 13806 8618 5166 9728 12607 12996 13103 4490 6509 7506 17206 8415 3481 2597 14838 16885 12756 13665 717 15229 3985 9586 19657 12452 13932 6687 13203 16566 7540 13124 11578 4582 2756 7292 9091 11639 5307 7582 1306 17947 14292 14070 3423
12943 12822 6623 6877 15696 7910 5916 15390 9836 1374 10860 8214 3591 12546 6052 6315 17868 12258 15210 11525 12507 15003 15319 2950 15322 19006 18184 14062 3711 9743 7767 12397 7649 10815 16689 3355 5297 12402 15944 728 2328 17651 4371 8919 1637 5033 11279 10269 2931 7873 11017 9798 0 3746 6187 6891 13753 7689 4237 15624 14650 71 10060 16610 3516 5376 7028 15617 16653 3530 11707 11242 5042 15101 17750 19781 10287 9899 11125 12903 17182 9058 6856 13430 17417 10159 15331 14585 10275 8720 12374 5673 14272 5295 4668 9628 10473 13488 14187 13471 13067
10107 10389 3934 6773 15717 4760 8983 14830 11164 4783 7848 10531 3860 11274 2309 2943 17465 12496 15213 14472 13636 11820 13265 6661 12913 18490 17608 11457 2020 10949 9547 15510 3914 12589 15592 5604 1707 13738 16414 3031 3838 17376 2869 5362 3156 1459 14543 6755 6504 8785 11267 11849 3746 0 3291 6474 12805 3990 2959 15726 16087 3770 7347 15280 5083 7456 10561 16208 13901 3500 14406 12603 5000 12089 16841 19175 12166 6310 14033 11940 13887 6202 3116 13696 16238 6418 15803 12687 8017 9282 14065 9308 13808 2090 7507 8961 12170 9913 11783 10976 15268
6886 7098 6198 9948 13370 1741 9861 12145 10107 7486 4701 10459 3957 8311 2679 1047 14809 10445 12870 14826 12227 8818 10001 8695 9623 15753 14853 8182 5260 9807 9074 16037 3143 11820 12612 6374 1943 12500 14360 5618 4934 14797 2214 3173 6207 3600 15322 4322 9118 7651 9308 11399 6187 3291 0 4647 9962 2821 6152 13435 14822 6179 4071 12207 8321 7597 11959 14251 10666 3642 14468 11459 8250 8962 13929 16380 11527 4133 14358 9118 10997 2956 2834 11601 13213 5184 13771 9457 4756 7776 13126 10979 11214 1223 8341 6515 11361 7534 8492 7688 14755
8050 7183 10273 12947 9256 5534 7198 8585 5543 8194 6842 6596 3320 5733 7126 5681 11150 6032 8753 11082 7580 10672 8960 7971 9398 12241 11389 8565 8328 5217 4969 12409 7788 7344 9800 4640 6119 7862 9962 6772 4586 11004 3607 7363 7929 7546 11996 8041 9293 3150 4819 7139 6891 6474 4647 0 6862 7445 9276 9256 10176 6839 5584 9758 10212 4490 9698 9786 11187 3475 10475 6845 11054 10320 10868 12983 7134 8142 10609 6014 12958 5318 7447 7228 10533 9618 9355 8112 4833 3131 8553 9250 7499 5310 5953 2740 6877 10826 8350 7855 10348
7530 5788 16161 19538 4489 9646 12771 2376 7714 15050 8377 10686 10175 1791 12614 10906 4965 4179 4123 14405 7311 9863 4558 14581 6058 5811 4905 6610 14799 7370 9150 15779 12529 9260 2946 11233 11876 8048 6281 13615 11444 5088 10063 11098 14736 13515 15975 10872 16070 7249 4466 10034 13753 12805 9962 6862 0 12081 15752 4735 9358 13701 7462 3105 17034 10292 15267 6543 8232 10299 13310 7888 17688 8921 4048 6417 9528 11353 14001 868 11628 8305 12573 4375 3701 13266 5927 3711 5978 6189 9388 15272 1954 11073 11980 4129 8929 12117 5739 6052 11763
7190 8029 4747 9297 15836 2436 12305 14379 12928 8773 4895 13186 6468 10328 1755 1866 17030 13089 15345 17482 15015 8318 11165 10529 10380 17883 16977 8761 5284 12625 11856 18650 457 14638 14486 8783 2408 15306 16962 6993 7139 17084 4738 1635 7101 3150 17849 2987 10494 10471 11999 14191 7689 3990 2821 7445 12081 0 5898 15932 17619 7705 5011 13925 8748 10240 14198 16892 10876 6108 17191 14275 7953 8801 15878 18440 14337 2428 17019 11284 10201 3907 1007 14213 15001 2559 16387 10825 6268 10577 15946 13063 13541 2716 10777 9065 14179 5982 9335 8471 17562
12755 13203 2619 3816 18529 7403 10152 17743 13490 4444 10445 12306 6281 14232 4222 5570 20364 15232 18026 15762 16076 14184 16152 6933 15707 21408 20531 14194 955 13325 11624 16624 5617 14711 18549 7285 4296 16089 19111 3648 5693 20254 5730 7505 2674 2807 15476 8883 5944 11241 13987 13806 4237 2959 6152 9276 15752 5898 0 18519 18409 4300 10115 18238 3091 9317 11120 18866 16537 5983 15921 14931 2122 14588 19791 22105 14226 8319 15361 14885 16099 8942 4891 16434 19197 7780 18496 15603 10908 11875 16245 9681 16704 4930 8863 11854 14329 11788 14590 13761 17156
12239 10504 19456 22126 345 13564 12748 2787 6752 16738 12861 9921 12346 6341 16099 14464 3014 3366 624 12411 4765 14597 9058 15563 10669 4195 3773 11340 17577 6597 8915 13658 16353 7425 5163 12509 15194 5475 1645 15699 13340 2496 12857 15213 16932 16727 14265 15216 17339 7850 4609 8618 15624 15726 13435 9256 4735 15932 18519 0 5661 15560 11804 6137 19121 10913 14938 2083 12791 12591 11141 6022 20221 13645 4762 5061 7929 15623 12109 5172 16319 12452 16234 2222 5735 17482 1546 8320 10302 6914 6764 15406 2786 14365 12500 6920 7313 16764 10456 10786 8939
16063 14469 20021 21525 6002 15584 9949 8190 4931 15413 15959 6873 12245 10390 17212 15849 8501 5443 5974 7520 2626 18689 13913 13526 15349 9548 9329 15598 17561 5139 6884 8566 17964 3929 10698 11297 16157 2353 4291 14982 12727 7899 13436 17405 16219 17387 9480 17841 15448 7320 6028 5166 14650 16087 14822 10176 9358 17619 18409 5661 0 14579 14714 11580 18073 9282 11483 3710 17538 12593 6213 3488 19667 17896 10423 10361 4519 18073 7344 9359 20696 14958 17599 4983 11336 19706 4130 13040 13358 7046 2411 12410 7641 15387 10388 9128 4203 20107 14847 14929 3648
12924 12794 6678 6947 15633 7905 5853 15332 9767 1408 10847 8144 3543 12499 6075 6319 17809 12194 15147 11462 12438 14993 15283 2914 15293 18947 18126 14038 3766 9673 7697 12337 7670 10744 16638 3285 5311 12331 15878 766 2271 17590 4346 8926 1706 5067 11222 10274 2940 7806 10953 9728 71 3770 6179 6839 13701 7705 4300 15560 14579 0 10041 16562 3583 5305 6980 15550 16631 3487 11641 11172 5112 15086 17696 19723 10216 9907 11062 12852 17175 9044 6878 13366 17367 10181 15265 14547 10246 8655 12303 5630 14214 5298 4600 9575 10403 13495 14159 13445 12997
2885 3104 9632 13845 11644 2764 12522 9833 10721 11408 1286 12178 7085 5671 6111 4551 12410 9518 11186 16661 12118 5219 6182 12247 5592 13153 12251 4111 9267 10348 10534 17993 5465 12607 9597 9364 5820 12608 13080 9564 8370 12550 5717 3731 10255 7388 17560 3424 12961 8572 8698 12607 10060 7347 4071 5584 7462 5011 10115 11804 14714 10041 0 8965 12392 9896 14904 13139 6617 6908 16014 11798 12234 5101 11021 13640 12501 3891 16189 6762 7508 1180 5765 10469 10062 5809 12568 5814 1505 8165 13581 14180 9164 5257 11114 5586 12144 5428 4480 3646 15628
7982 6375 18335 22053 5802 11533 15875 3401 10699 17937 9538 13745 13019 4075 14746 13046 4605 6951 5677 17309 9914 9684 3667 17610 5327 4793 4027 6571 17299 10374 12237 18665 14381 12123 1070 14252 14150 10676 7774 16412 14334 5067 12684 12692 17477 15807 18947 12149 19040 10354 7470 12996 16610 15280 12207 9758 3105 13925 18238 6137 11580 16562 8965 0 19779 13386 18371 8212 7167 13102 16162 10703 20252 8605 2379 5004 12446 12723 16923 3835 10949 10019 14569 6770 1130 14641 7639 3399 7662 9293 12044 18371 4047 13392 15071 7086 11830 12617 5625 6302 14402
15184 15382 5588 3636 19186 9844 8780 18784 13316 2697 12931 11451 6900 15706 7002 8019 21305 15758 18697 14221 15995 16873 18136 5077 17913 22424 21586 16501 3473 13237 11195 14885 8527 14191 19942 6828 6751 15860 19461 3450 5784 21108 7137 10287 2303 5601 13602 11687 3495 11389 14513 13103 3516 5083 8321 10212 17034 8748 3091 19121 18073 3583 12392 19779 0 8797 9099 19133 18976 6742 14613 14705 2179 17169 21066 23183 13640 11171 13873 16172 18890 11266 7753 16936 20646 10811 18847 17483 12926 12228 15754 7594 17681 7158 7818 12943 13875 14718 16776 15991 16247
12505 11671 11268 12252 11052 9076 2713 11332 4561 6162 11090 3076 3800 9663 9200 8390 13517 7630 10606 7243 7242 15080 13245 4652 13831 14718 13989 13053 8551 4536 2398 8439 10436 5443 13164 2045 8127 7067 10949 5757 3684 13188 5502 10754 6969 8896 7776 11760 6469 3164 6499 4490 5376 7456 7597 4490 10292 10240 9317 10913 9282 5305 9896 13386 8797 0 5238 10553 15669 4175 7003 5917 10410 14784 13937 15554 4928 11681 6779 9561 17372 9386 9824 8695 13946 12742 10353 12349 9303 4227 7000 4996 10192 7559 1691 6488 5098 14822 12811 12340 7865
17622 16878 13623 12675 15153 13628 2542 15957 8198 6718 16027 5022 8035 14818 12767 12503 17816 11993 14780 5437 10431 20123 18467 4189 19068 19034 18411 18257 10719 8399 6204 5854 14268 7817 18031 5618 11825 9916 14510 7737 7079 17389 9746 15091 8454 11962 4512 16279 5626 8025 11075 6509 7028 10561 11959 9698 15267 14198 11120 14938 11483 6980 14904 18371 9099 5238 0 13998 20885 8323 6204 9029 11234 19905 18631 19898 7226 16072 5198 14601 22412 14244 13527 12842 18819 16755 13991 17562 14458 9078 9121 1507 14852 11518 3794 11671 7771 19470 18041 17551 8507
13893 12185 20056 22328 2425 14610 12013 4835 6065 16619 14276 9011 12593 7975 16857 15297 4792 3807 2554 10876 3567 16355 11007 15163 12578 5848 5624 13126 17947 6027 8321 12047 17291 6220 7246 12351 15886 4125 590 15788 13423 4190 13367 16342 17040 17331 12792 16496 17018 7748 4970 7506 15617 16208 14251 9786 6543 16892 18866 2083 3710 15550 13139 8212 19133 10553 13998 0 14730 12883 9576 4979 20424 15445 6796 6673 6790 16847 10622 6821 18170 13654 17084 2695 7814 18646 616 10222 11663 6997 5233 14646 4614 15065 12011 7844 6227 18298 12276 12530 7195
3794 4011 15607 20138 12496 9160 18382 10048 14959 18010 6092 17299 13494 7223 12359 11003 11766 12165 12220 21580 15303 3289 3734 18686 2190 11908 11185 2647 15747 14571 15598 22967 11273 16768 8224 15590 12291 15988 14411 16176 14837 12200 12287 9261 16868 13741 22834 8084 19531 13472 11987 17206 16653 13901 10666 11187 8232 10876 16537 12791 17538 16631 6617 7167 18976 15669 20885 14730 0 13372 20675 15571 18655 2301 9500 11977 16873 8743 21130 8184 3831 7712 11820 12578 8146 10317 14116 4521 6518 12674 17250 20367 10119 11818 17123 9661 16358 6835 2923 3336 19578
9771 9449 7432 9536 12621 5308 6237 12059 7667 4888 7891 7207 380 9031 5030 4291 14612 9272 12122 11394 10167 12061 11821 5341 11910 15712 14864 10742 5070 7459 6088 12545 6278 9103 13218 2733 3953 10246 13132 3318 1467 14447 1430 6801 4454 4860 11750 7957 6226 5312 8022 8415 3530 3500 3642 3475 10299 6108 5983 12591 12593 3487 6908 13102 6742 4175 8323 12883 13372 0 11175 9107 7632 12009 14326 16458 8696 7771 10936 9439 14317 6067 5651 10472 13934 8643 12516 11070 6890 5894 10569 7398 10968 3401 4711 6202 8679 11149 10785 10113 11838
18195 16946 18106 18248 11441 15794 5847 13058 5729 11962 17290 4009 10798 13615 16202 15328 14152 9212 11224 1310 6425 20897 17483 9558 18569 15308 14908 18281 15272 6113 5511 2529 17410 4050 15504 8814 15128 5681 10159 12274 10574 13604 12466 17558 13335 15859 3267 18425 11372 7458 8891 3481 11707 14406 14468 10475 13310 17191 15921 11141 6213 11641 16014 16162 14613 7003 6204 9576 20675 11175 0 5459 16584 20364 15643 16163 3824 18436 1173 12933 23131 15788 16818 9542 16249 19650 9802 16539 15032 8062 4381 7519 12155 14541 7059 11063 4392 21299 17764 17550 2636
13525 12081 16537 18103 6277 12349 7055 7636 1444 12079 13076 4032 8758 8376 13780 12471 9004 3755 5976 6630 1420 16221 12198 10370 13412 10206 9692 13340 14077 1669 3539 7970 14600 1450 10054 7888 12715 1162 5481 11541 9259 8515 9978 14180 12786 13913 8369 14736 12269 3860 3588 2597 11242 12603 11459 6845 7888 14275 14931 6022 3488 11172 11798 10703 14705 5917 9029 4979 15571 9107 5459 0 16232 15551 10264 11074 1908 14909 6268 7579 18361 11885 14198 4154 10805 16455 4965 11264 10563 3744 1784 9674 6701 11959 7197 6315 1292 17226 12715 12627 4012
14875 15318 3927 1907 20253 9525 10737 19607 14809 4633 12564 13238 7877 16219 6319 7692 22200 16889 19754 16262 17457 16264 18249 7136 17826 23272 22406 16316 2991 14687 12794 16979 7641 15853 20525 8375 6415 17394 20707 4691 7020 22058 7625 9576 3448 4916 15722 10938 5662 12702 15637 14838 5042 5000 8250 11054 17688 7953 2122 20221 19667 5112 12234 20252 2179 10410 11234 20424 18655 7632 16584 16232 0 16691 21735 23991 15328 10355 15897 16820 18138 11062 6951 18086 21189 9652 20090 17684 13001 13436 17410 9734 18542 7027 9643 13710 15505 13754 16707 15880 18081
2283 3470 13487 18097 13382 7333 17466 11035 14748 16429 4263 16751 12182 7539 10373 9150 13079 12453 13040 21161 15492 1104 4940 17348 3288 13396 12601 2321 13845 14359 15056 22531 9175 16619 9600 14428 10425 16121 15202 14568 13471 13442 10797 7168 15150 11782 22254 5912 18020 12964 12046 16885 15101 12089 8962 10320 8921 8801 14588 13645 17896 15086 5101 8605 17169 14784 19905 15445 2301 12009 20364 15551 16691 0 10984 13580 16642 6562 20698 8650 2813 6043 9776 13062 9680 8055 14830 5425 5487 12304 17298 19245 10874 10041 16111 9328 16181 4558 3191 2967 19548
10295 8640 20120 23583 4420 13451 16226 2683 10582 19026 11713 13767 14188 5618 16548 14837 2425 6696 4495 16867 9225 12062 6045 18399 7705 2417 1708 8930 18840 10313 12428 18172 16332 11714 1452 15089 15859 9981 6270 17637 15429 2989 14111 14746 18772 17508 18633 14311 19971 10787 7559 12756 17750 16841 13929 10868 4048 15878 19791 4762 10423 17696 11021 2379 21066 13937 18631 6796 9500 14326 15643 10264 21735 10984 0 2667 12130 14859 16523 4916 13304 12004 16448 6114 1363 16785 6303 5721 9627 9715 11332 18823 3781 15068 15623 8129 11499 14952 7981 8624 13604
12959 11307 22578 25863 4797 16006 17618 4400 11703 21006 14365 14906 16284 8119 19029 17320 2084 7965 5127 17445 9824 14668 8658 20144 10293 869 1598 11574 21149 11502 13767 18666 18892 12486 4118 16919 18291 10524 6084 19734 17454 2568 16383 17355 20910 19927 19316 16957 21817 12396 9055 13665 19781 19175 16380 12983 6417 18440 22105 5061 10361 19723 13640 5004 23183 15554 19898 6673 11977 16458 16163 11074 23991 13580 2667 0 12983 17496 17155 7266 15804 14593 18971 7057 3902 19423 6370 8380 12221 11359 11782 20265 5509 17485 17207 10284 12363 17611 10627 11286 13859
14516 13198 16064 17153 8185 12642 5455 9480 1914 10959 13787 2366 8323 9791 13618 12484 10912 5516 7882 4877 3238 17224 13659 9009 14756 12114 11597 14515 13434 2302 2624 6253 14618 605 11852 6972 12534 2691 7318 10684 8547 10423 9777 14459 11893 13555 6521 15175 10931 3986 5082 717 10287 12166 11527 7134 9528 14337 14226 7929 4519 10216 12501 12446 13640 4928 7226 6790 16873 8696 3824 1908 15328 16642 12130 12983 0 15268 4479 9121 19429 12413 14127 6038 12615 16666 6829 12715 11410 4371 2128 7991 8501 11839 5886 7314 631 17882 13971 13788 3231
5264 6459 6944 11624 15479 2643 13993 13722 13667 11061 3202 14443 8090 9562 4169 3622 16300 13125 15010 18870 15448 5975 9595 12634 8562 17029 16130 6905 7710 13326 12959 20110 2714 15486 13421 10504 4630 15845 16832 9234 9009 16440 6341 990 9458 5577 19436 660 12771 11291 12172 15229 9899 6310 4133 8142 11353 2428 8319 15623 18073 9907 3891 12723 11171 11681 16072 16847 8743 7771 18436 14909 10355 6562 14859 17496 15268 0 18399 10643 7784 3193 3434 14155 13839 1927 16296 9426 5381 11166 16656 15043 13030 4646 12473 9071 15019 3605 7620 6765 18489
18491 17322 17632 17507 12399 15767 5210 13904 6310 11264 17450 4014 10565 14178 15932 15169 15123 9982 12156 474 7355 21177 18049 8797 19060 16294 15860 18677 14760 6676 5667 1838 17210 4821 16311 8432 14872 6634 11201 11730 10197 14590 12281 17493 12732 15492 2170 18429 10548 7734 9543 3985 11125 14033 14358 10609 14001 17019 15361 12109 7344 11062 16189 16923 13873 6779 5198 10622 21130 10936 1173 6268 15897 20698 16523 17155 4479 18399 0 13569 23435 15879 16583 10409 17068 19518 10816 17103 15294 8458 5394 6582 12957 14332 6561 11473 5092 21386 18209 17944 3804
7087 5367 15314 18670 4966 8852 12087 3102 7259 14206 7741 10126 9321 1169 11776 10071 5745 3997 4548 13985 7150 9537 4640 13785 5995 6639 5737 6329 13932 6898 8543 15368 11729 8900 3786 10431 11025 7860 6626 12757 10599 5820 9195 10347 13873 12661 15495 10184 15248 6577 4042 9586 12903 11940 9118 6014 868 11284 14885 5172 9359 12852 6762 3835 16172 9561 14601 6821 8184 9439 12933 7579 16820 8650 4916 7266 9121 10643 13569 0 11411 7552 11753 4430 4525 12545 6210 3724 5263 5537 9166 14552 2427 10219 11243 3291 8541 11592 5519 5713 11529
4944 6283 14613 19355 16043 9273 20022 13646 17542 18461 6427 19465 14530 10320 11911 10971 15525 15254 15724 23901 18303 2293 7376 19614 5701 15717 14975 5098 15458 17153 17778 25264 10497 19418 11992 16857 12182 18934 17902 16592 15754 15932 13015 8611 17027 13332 24941 7219 20112 15704 14859 19657 17182 13887 10997 12958 11628 10201 16099 16319 20696 17175 7508 10949 18890 17372 22412 18170 3831 14317 23131 18361 18138 2813 13304 15804 19429 7784 23435 11411 0 8251 11208 15836 11957 8781 17553 8012 8154 15078 20110 21665 13571 11946 18622 12121 18977 4617 5898 5772 22356
3930 4285 8468 12665 12317 1588 11935 10651 10713 10388 1828 11869 6285 6524 4934 3374 13270 9938 11843 16353 12338 6002 7347 11373 6768 14069 13163 5263 8101 10355 10278 17655 4363 12574 10599 8645 4648 12771 13641 8529 7505 13371 4781 2795 9162 6208 17134 2886 11978 8433 9010 12452 9058 6202 2956 5318 8305 3907 8942 12452 14958 9044 1180 10019 11266 9386 14244 13654 7712 6067 15788 11885 11062 6043 12004 14593 12413 3193 15879 7552 8251 0 4612 10962 11100 5030 13103 6945 2377 8170 13654 13434 9902 4113 10481 5895 12107 5513 5659 4822 15597
8100 8839 3874 8326 16159 3045 11741 14826 12816 7882 5787 12832 6025 10853 809 1787 17487 13277 15661 17040 15020 9314 11947 9745 11241 18384 17479 9642 4284 12534 11589 18168 805 14463 15080 8236 1726 15264 17187 6146 6532 17509 4375 2626 6166 2152 17309 3993 9605 10354 12142 13932 6856 3116 2834 7447 12573 1007 4891 16234 17599 6878 5765 14569 7753 9824 13527 17084 11820 5651 16818 14198 6951 9776 16448 18971 14127 3434 16583 11753 11208 4612 0 14429 15626 3303 16600 11556 6913 10561 15825 12339 13940 2293 10221 9321 14012 6967 10173 9314 17334
11376 9706 17493 19993 2363 11918 10590 3523 4647 14529 11627 7852 10211 5524 14229 12644 4974 1202 1946 10756 3163 13917 8932 13343 10392 6192 5596 10745 15499 4451 6742 12069 14617 5604 6008 10292 13279 3928 2759 13527 11162 4561 10834 13647 14766 14763 12522 13810 15117 5630 2450 6687 13430 13696 11601 7228 4375 14213 16434 2222 4983 13366 10469 6770 16936 8695 12842 2695 12578 10472 9542 4154 18086 13062 6114 7057 6038 14155 10409 4430 15836 10962 14429 0 6730 15951 2174 8067 9005 4711 5296 13245 2731 12454 10291 5154 5408 15687 9949 10107 7639
9110 7504 19368 23007 5391 12598 16357 3213 10951 18727 10660 14075 13830 4971 15781 14076 3748 7102 5362 17435 9892 10767 4756 18280 6394 3762 3069 7685 18252 10649 12636 18770 15458 12248 788 14934 15155 10656 7326 17251 15119 4277 13590 13792 18344 16812 19137 13269 19769 10849 7787 13203 17417 16238 13213 10533 3701 15001 19197 5735 11336 17367 10062 1130 20646 13946 18819 7814 8146 13934 16249 10805 21189 9680 1363 3902 12615 13839 17068 4525 11957 11100 15626 6730 0 15759 7276 4528 8733 9776 12023 18902 4114 14385 15637 7815 11990 13739 6742 7430 14348
7048 8345 5905 10670 17347 4122 14857 15632 15159 11170 5106 15641 8997 11475 4109 4358 18219 14890 16873 19984 17082 7301 11461 13040 10350 18955 18055 8693 7365 14836 14250 21170 2514 16929 15346 11335 4942 17436 18652 9449 9698 18351 7250 2314 9417 5317 20393 2498 12891 12732 13890 16566 10159 6418 5184 9618 13266 2559 7780 17482 19706 10181 5809 14641 10811 12742 16755 18646 10317 8643 19650 16455 9652 8055 16785 19423 16666 1927 19518 12545 8781 5030 3303 15951 15759 0 18105 11328 7289 12716 18172 15606 14920 5269 13328 10824 16465 4202 9456 8613 19897
13285 11575 19628 21997 1891 14087 11933 4249 5938 16365 13695 8979 12236 7366 16392 14815 4413 3334 1965 11092 3592 15741 10394 14987 11963 5524 5222 12511 17570 5862 8181 12298 16791 6281 6688 12099 15433 4225 617 15478 13110 3833 12950 15806 16727 16900 12984 15935 16822 7460 4538 7540 15331 15803 13771 9355 5927 16387 18496 1546 4130 15265 12568 7639 18847 10353 13991 616 14116 12516 9802 4965 20090 14830 6303 6370 6829 16296 10816 6210 17553 13103 16600 2174 7276 18105 0 9607 11086 6655 5426 14580 3999 14610 11854 7326 6242 17704 11660 11916 7500
4584 2998 15400 19405 8037 8516 15020 5636 10816 15953 6225 13461 11073 2926 11832 10177 7680 7720 7734 17536 10874 6455 946 16062 2356 8090 7255 3235 14695 10440 11798 18925 11279 12542 4283 12751 11371 11583 9921 14269 12446 8023 10361 9483 15212 13009 18944 8830 17254 9704 7686 13124 14585 12687 9457 8112 3711 10825 15603 8320 13040 14547 5814 3399 17483 12349 17562 10222 4521 11070 16539 11264 17684 5425 5721 8380 12715 9426 17103 3724 8012 6945 11556 8067 4528 11328 9607 0 4713 8769 12881 17289 5608 10677 13954 5903 12159 9232 2285 2907 15238
3222 2559 10719 14701 10139 3872 11996 8343 9573 11647 2627 11314 6991 4187 7137 5468 10936 8086 9683 15762 10787 5884 5249 12176 5047 11707 10803 3873 10011 9190 9630 17119 6725 11465 8223 9079 6659 11313 11591 9865 8347 11062 5919 5140 10699 8297 16789 4928 13097 7579 7330 11578 10275 8017 4756 4833 5978 6268 10908 10302 13358 10246 1505 7662 12926 9303 14458 11663 6518 6890 15032 10563 13001 5487 9627 12221 11410 5381 15294 5263 8154 2377 6913 9005 8733 7289 11086 4713 0 7040 12346 13873 7660 5978 10672 4265 11009 6751 3912 3224 14467
10153 8886 13183 15342 7005 8606 6587 7106 2557 9824 9450 4692 5598 5887 10201 8805 9345 3551 6531 8911 4460 12860 9709 8785 10620 10534 9783 10229 10963 2189 3038 10296 10918 4443 8990 5613 9163 4732 7271 8832 6464 9055 6501 10436 10078 10488 10198 11003 10487 1075 2335 4582 8720 9282 7776 3131 6189 10577 11875 6914 7046 8655 8165 9293 12228 4227 9078 6997 12674 5894 8062 3744 13436 12304 9715 11359 4371 11166 8458 5537 15078 8170 10561 4711 9776 12716 6655 8769 7040 0 5493 9130 5966 8375 5909 3016 3981 13575 9752 9497 7464
15293 13827 17989 19248 7068 14078 7538 8811 3019 13078 14859 4465 10206 10032 15370 14123 9772 5209 6872 5666 2134 17985 13806 11134 15078 10926 10534 15069 15428 3336 4628 6895 16258 1562 11304 9038 14295 1369 5809 12746 10553 9223 11541 15909 13968 15418 7563 16496 13057 5477 5275 2756 12374 14065 13126 8553 9388 15946 16245 6764 2411 12303 13581 12044 15754 7000 9121 5233 17250 10569 4381 1784 17410 17298 11332 11782 2128 16656 5394 9166 20110 13654 15825 5296 12023 18172 5426 12881 12346 5493 0 10008 7998 13562 8013 8094 1916 19008 14419 14362 2375
16970 16358 12214 11168 15594 12688 2658 16176 8668 5253 15245 5656 7152 14651 11561 11437 18194 12303 15191 6857 11094 19389 18168 2758 18643 19410 18738 17723 9323 8809 6503 7348 13101 8596 18117 4818 10665 10655 15128 6395 6046 17805 8787 14055 7027 10674 6019 15295 4119 8055 11284 7292 5673 9308 10979 9250 15272 13063 9681 15406 12410 5630 14180 18371 7594 4996 1507 14646 20367 7398 7519 9674 9734 19245 18823 20265 7991 15043 6582 14552 21665 13434 12339 13245 18902 15606 14580 17289 13873 9130 10008 0 15049 10429 3339 11470 8476 18513 17581 17034 9669
9457 7720 17366 20427 2554 11127 12447 1143 6856 15500 10165 10015 10784 3584 13892 12209 3661 2989 2171 13328 5867 11816 6403 14713 7964 4744 3911 8564 15749 6569 8649 14670 13978 8139 3354 11446 13066 6629 4331 14231 11945 3586 10974 12691 15415 14665 15022 12588 16344 7032 3779 9091 14272 13808 11214 7499 1954 13541 16704 2786 7641 14214 9164 4047 17681 10192 14852 4614 10119 10968 12155 6701 18542 10874 3781 5509 8501 13030 12957 2427 13571 9902 13940 2731 4114 14920 3999 5608 7660 5966 7998 15049 0 12243 11872 4850 7876 14006 7690 8002 10355
8026 8309 5122 8728 14320 2711 9589 13208 10563 6528 5785 10548 3768 9457 1826 1026 15867 11276 13817 14792 12831 9824 11223 7988 10830 16839 15944 9367 4039 10292 9295 15946 2878 12183 13770 6067 829 13043 15209 4665 4443 15829 2083 3657 5114 2442 15134 4979 8207 8104 10097 11639 5295 2090 1223 5310 11073 2716 4930 14365 15387 5298 5257 13392 7158 7559 11518 15065 11818 3401 14541 11959 7027 10041 15068 17485 11839 4646 14332 10219 11946 4113 2293 12454 14385 5269 14610 10677 5978 8375 13562 10429 12243 0 8061 7465 11735 8207 9702 8890 15043
13829 13113 11075 11400 12654 9954 1529 13011 5950 5122 12250 3635 4383 11315 9518 8992 15159 9260 12219 6987 8583 16332 14837 3173 15350 16366 15649 14488 8218 5993 3694 8004 10908 6462 14855 1994 8495 8306 12437 5216 3705 14815 6138 11509 6304 8965 7088 12630 5077 4841 8157 5307 4668 7507 8341 5953 11980 10777 8863 12500 10388 4600 11114 15071 7818 1691 3794 12011 17123 4711 7059 7197 9643 16111 15623 17207 5886 12473 6561 11243 18622 10481 10221 10291 15637 13328 11854 13954 10672 5909 8013 3339 11872 8061 0 8132 6197 15784 14303 13788 8444
7231 5886 12577 15588 6861 6767 9130 5897 5422 10921 6837 7655 6059 3184 9180 7546 8510 4067 6359 11926 6535 9937 6823 10530 7628 9563 8697 7219 10899 5032 5963 13311 9474 7300 7072 7171 8293 7048 7897 9509 7315 8415 6124 8513 10654 9859 13185 8777 11962 3841 3123 7582 9628 8961 6515 2740 4129 9065 11854 6920 9128 9575 5586 7086 12943 6488 11671 7844 9661 6202 11063 6315 13710 9328 8129 10284 7314 9071 11473 3291 12121 5895 9321 5154 7815 10824 7326 5903 4265 3016 8094 11470 4850 7465 8132 0 6857 10992 6739 6488 10264
14080 12727 16088 17350 7566 12408 5895 8850 1438 11210 13430 2820 8312 9240 13532 12338 10290 4893 7257 5482 2662 16788 13102 9353 14228 11494 10971 14030 13513 1826 2714 6851 14475 468 11228 7130 12452 2181 6745 10835 8637 9805 9693 14233 12060 13535 7148 14901 11269 3735 4499 1306 10473 12170 11361 6877 8929 14179 14329 7313 4203 10403 12144 11830 13875 5098 7771 6227 16358 8679 4392 1292 15505 16181 11499 12363 631 15019 5092 8541 18977 12107 14012 5408 11990 16465 6242 12159 11009 3981 1916 8476 7876 11735 6197 6857 0 17546 13464 13306 3491
4672 6391 10093 14856 16556 5842 17280 14446 16131 14664 4157 17378 11436 10425 7737 7181 16799 14820 16140 21860 17526 3557 9036 16178 7561 17306 16451 6070 11246 15762 15790 23154 6193 18011 13510 13858 8233 18030 18172 12831 12468 17064 9735 4572 13059 9118 22595 3233 16371 13917 14080 17947 13488 9913 7534 10826 12117 5982 11788 16764 20107 13495 5428 12617 14718 14822 19470 18298 6835 11149 21299 17226 13754 4558 14952 17611 17882 3605 21386 11592 4617 5513 6967 15687 13739 4202 17704 9232 6751 13575 19008 18513 14006 8207 15784 10992 17546 0 7002 6329 21036
2453 1395 14046 18324 10191 7233 15524 7849 12057 15559 4481 14378 10867 4457 10574 9030 9964 9421 9853 18661 12523 4186 2058 16029 1139 10365 9537 951 13731 11668 12678 20047 9775 13881 6554 12849 10295 13186 12020 13771 12234 10298 9828 7849 14577 11867 19913 6984 17003 10552 9145 14292 14187 11783 8492 8350 5739 9335 14590 10456 14847 14159 4480 5625 16776 12811 18041 12276 2923 10785 17764 12715 16707 3191 7981 10627 13971 7620 18209 5519 5898 5659 10173 9949 6742 9456 11660 2285 3912 9752 14419 17581 7690 9702 14303 6739 13464 7002 0 866 16726
1681 676 13186 17484 10539 6388 15052 8271 11882 14840 3616 14057 10214 4584 9723 8195 10508 9486 10172 18401 12532 3825 2857 15397 1946 10979 10130 733 12911 11491 12354 19782 8910 13735 7181 12267 9466 13169 12310 13035 11571 10807 9103 6983 13811 11026 19588 6133 16312 10235 9098 14070 13471 10976 7688 7855 6052 8471 13761 10786 14929 13445 3646 6302 15991 12340 17551 12530 3336 10113 17550 12627 15880 2967 8624 11286 13788 6765 17944 5713 5772 4822 9314 10107 7430 8613 11916 2907 3224 9497 14362 17034 8002 8890 13788 6488 13306 6329 866 0 16634
17494 16080 19124 19843 9260 15867 7559 11135 4907 13552 16913 4857 11461 12371 16806 15706 11909 7584 9115 3918 4490 20198 16166 11330 17414 13021 12703 17349 16412 5283 5758 4918 17838 3025 13641 9874 15721 3732 7785 13542 11548 11333 12971 17687 14701 16681 5880 18383 13226 7198 7591 3423 13067 15268 14755 10348 11763 17562 17156 8939 3648 12997 15628 14402 16247 7865 8507 7195 19578 11838 2636 4012 18081 19548 13604 13859 3231 18489 3804 11529 22356 15597 17334 7639 14348 19897 7500 15238 14467 7464 2375 9669 10355 15043 8444 10264 3491 21036 16726 16634 0
1 4 4 5
2 6 7 3
3 7 5 2
4 8 11 3
5 8 8 3
6 9 8 3
7 8 4 8
8 10 7 2
9 4 5 6
10 6 15 5
11 7 8 4
12 1 6 4
13 8 3 2
14 7 9 2
15 8 7 2
16 4 3 1
17 4 8 5
18 10 5 4
19 9 4 9
20 8 8 3
21 6 9 2
22 7 7 2
23 9 9 1
24 10 6 7
25 12 4 3
26 6 5 3
27 9 0 5
28 8 10 4
29 11 4 1
30 8 3 3
31 7 7 4
32 9 10 3
33 10 13 4
34 2 9 3
35 3 6 4
36 5 6 3
37 8 4 4
38 9 5 7
39 8 10 5
40 9 8 3
41 5 3 5
42 9 7 2
43 4 6 4
44 4 5 8
45 10 8 5
46 5 6 3
47 5 8 2
48 5 5 1
49 4 8 4
50 8 14 0
51 4 3 3
52 6 9 3
53 11 8 0
54 7 0 2
55 5 6 3
56 4 4 6
57 8 11 5
58 6 7 4
59 3 7 3
60 9 1 5
61 5 5 5
62 10 8 6
63 9 6 3
64 6 4 3
65 3 6 3
66 7 6 4
67 15 9 2
68 8 4 6
69 5 7 2
70 4 6 7
71 8 4 7
72 6 6 7
73 2 11 1
74 4 2 3
75 9 6 5
76 9 8 8
77 8 7 3
78 6 6 6
79 7 4 1
80 5 4 3
81 10 8 2
82 7 11 1
83 12 1 1
84 6 7 5
85 4 7 2
86 6 5 1
87 8 11 1
88 8 5 6
89 4 8 7
90 8 8 6
91 8 5 5
92 9 6 3
93 8 11 4
94 8 7 8
95 2 15 4
96 10 5 3
97 2 2 4
98 8 8 2
99 10 6 2
100 9 1 3
