500 100 3
30 60 700 9.00
0 2 78 1
0 7 49 1
0 6 31 3
0 14 59 3
0 12 92 1
0 4 50 1
0 3 75 1
0 22 33 1
0 5 19 2
0 2 47 2
0 8 9 1
0 1 38 3
0 11 44 3
0 10 50 2
0 1 41 1
0 6 91 3
0 15 88 3
0 20 77 2
0 4 85 1
0 6 32 2
0 3 26 3
0 9 17 2
0 3 93 3
0 22 45 3
0 1 31 2
0 2 95 3
0 7 65 3
0 24 18 3
0 7 16 2
0 10 47 2
0 4 4 2
0 2 94 1
0 3 15 1
0 8 89 1
0 23 3 2
0 1 47 2
0 4 47 2
0 7 97 1
0 2 100 3
0 16 16 3
0 1 36 2
0 10 6 3
0 1 6 2
0 5 87 3
0 2 80 2
0 1 60 3
0 5 62 2
0 13 13 2
0 12 55 3
0 1 18 1
0 12 78 2
0 6 45 2
0 6 64 3
0 6 58 3
0 2 71 2
0 1 54 2
0 4 7 3
0 11 71 1
0 3 88 2
0 13 61 2
0 12 78 1
0 5 25 3
0 12 57 2
0 10 56 2
0 11 47 1
0 4 100 2
0 10 31 2
0 1 12 2
0 5 34 1
0 16 81 2
0 7 31 1
0 10 51 3
0 5 75 1
0 9 85 1
0 6 88 3
0 3 9 2
0 19 60 2
0 3 26 1
0 25 61 3
0 1 68 2
0 16 1 3
0 1 19 3
0 3 21 2
0 12 42 2
0 13 28 3
0 3 57 1
0 9 16 3
0 7 77 3
0 9 18 1
0 11 71 3
0 8 81 3
0 8 47 2
0 11 74 3
0 12 29 1
0 5 63 1
0 1 83 3
0 6 12 3
0 2 42 3
0 22 41 2
0 24 79 2
0 12 97 3
0 12 48 1
0 16 48 2
0 6 5 1
0 25 9 1
0 8 65 2
0 16 30 3
0 3 21 3
0 7 3 1
0 19 95 3
0 9 22 1
0 4 98 3
0 5 35 3
0 13 7 3
0 3 3 3
0 4 16 3
0 7 6 1
0 8 81 3
0 1 17 3
0 20 3 3
0 9 38 2
0 3 18 2
0 6 8 1
0 18 58 1
0 18 86 2
0 18 41 1
0 11 28 2
0 1 16 2
0 20 12 2
0 6 54 1
0 16 9 1
0 15 76 2
0 2 30 3
0 11 47 3
0 1 94 1
0 15 27 3
0 9 85 1
0 24 63 3
0 3 94 3
0 2 16 2
0 9 65 2
0 19 99 1
0 1 68 3
0 3 88 2
0 13 86 3
0 2 86 1
0 1 32 2
0 5 22 2
0 8 83 3
0 7 19 3
0 2 13 1
0 4 17 2
0 18 63 3
0 21 52 2
0 12 95 1
0 12 24 3
0 1 84 3
0 10 62 1
0 4 63 3
0 3 53 2
0 6 93 2
0 13 33 3
0 13 86 2
0 5 60 3
0 1 67 1
0 1 99 3
0 23 2 3
0 11 20 3
0 13 73 1
0 5 15 1
0 13 53 1
0 1 69 3
0 2 55 2
0 3 32 2
0 4 64 1
0 1 97 3
0 22 9 3
0 5 82 1
0 7 100 1
0 4 56 2
0 6 71 1
0 3 19 2
0 3 31 2
0 2 19 3
0 6 62 3
0 11 26 2
0 3 69 2
0 12 85 3
0 1 86 3
0 1 80 2
0 10 61 3
0 6 93 2
0 17 93 3
0 1 56 3
0 1 85 3
0 9 33 2
0 17 42 3
0 2 98 1
0 13 27 2
0 3 96 1
0 2 50 1
0 7 63 2
0 12 6 2
0 20 94 2
0 15 33 1
0 11 82 3
0 21 3 2
0 5 17 3
0 3 11 2
0 16 36 2
0 7 34 3
0 13 57 3
0 9 85 2
0 7 47 1
0 5 91 2
0 4 35 1
0 9 86 1
0 6 76 2
0 3 59 1
0 9 71 2
0 11 20 2
0 13 96 1
0 3 7 2
0 6 32 3
0 1 42 2
0 6 97 2
0 1 1 3
0 11 30 1
0 16 84 3
0 5 45 3
0 17 94 2
0 8 29 2
0 1 88 1
0 5 83 1
0 3 35 1
0 25 32 1
0 11 100 1
0 9 78 2
0 23 29 1
0 10 8 3
0 6 59 2
0 6 80 2
0 5 88 3
0 3 32 2
0 3 91 3
0 13 36 3
0 3 84 2
0 1 92 3
0 1 86 1
0 16 49 2
0 8 18 1
0 12 75 1
0 10 14 1
0 8 58 1
0 14 55 3
0 7 24 2
0 7 20 3
0 1 53 1
0 1 72 1
0 24 69 1
0 19 93 2
0 7 54 1
0 3 62 3
0 22 79 2
0 8 76 2
0 10 44 1
0 7 18 1
0 15 84 1
0 14 7 3
0 1 100 2
0 12 45 3
0 4 18 3
0 18 51 2
0 15 12 1
0 8 83 2
0 4 69 1
0 21 21 1
0 16 44 1
0 8 24 1
0 11 94 1
0 6 2 1
0 19 51 1
0 7 15 3
0 8 95 3
0 14 17 2
0 8 74 3
0 2 18 2
0 5 31 1
0 4 12 2
0 4 39 3
0 2 31 3
0 14 75 2
0 24 78 1
0 1 88 2
0 1 71 2
0 5 53 3
0 12 55 3
0 7 79 1
0 17 23 2
0 17 6 2
1 2 29 3
1 1 76 2
1 1 54 2
1 3 26 3
1 16 32 2
1 1 37 2
1 5 86 1
1 9 6 3
1 5 84 1
1 2 62 1
1 2 90 3
1 2 80 2
1 14 64 3
1 1 10 3
1 24 86 1
1 8 32 1
1 1 24 1
1 8 61 1
1 17 46 3
1 20 70 2
1 3 7 3
1 13 30 1
1 3 39 1
1 4 84 1
1 4 94 3
1 14 32 2
1 7 70 2
1 9 43 1
1 13 77 2
1 7 11 3
1 6 37 1
1 11 52 3
1 3 27 2
1 19 1 3
1 13 67 2
1 2 66 1
1 1 89 2
1 7 8 2
1 12 55 1
1 9 91 1
1 20 56 3
1 1 69 2
1 4 72 3
1 5 33 1
1 9 76 2
1 1 72 3
1 5 35 3
1 1 71 2
1 5 93 2
1 24 13 2
1 25 1 1
1 13 88 3
1 14 98 2
1 10 7 3
1 13 8 2
1 7 80 2
1 1 84 1
1 2 5 3
1 6 99 3
1 9 77 3
1 2 11 3
1 15 48 3
1 10 31 3
1 2 23 2
1 9 87 2
1 4 73 2
1 1 78 3
1 25 18 1
1 10 30 3
1 1 79 1
1 17 78 3
1 11 2 3
1 22 76 2
1 5 82 1
1 5 58 3
1 6 22 2
1 5 29 2
1 4 21 1
1 13 69 2
1 2 92 1
1 4 61 1
1 10 48 3
1 5 97 3
1 2 83 3
1 25 40 3
1 15 3 2
1 1 26 1
1 11 63 1
1 5 21 1
1 14 62 2
1 2 51 1
1 6 2 3
1 10 88 3
1 3 44 1
1 2 89 1
1 17 11 3
1 2 48 3
1 4 10 1
1 20 92 3
1 21 57 2
1 2 18 2
1 12 6 1
1 7 39 3
1 17 90 2
1 2 5 3
1 12 93 3
1 17 39 2
1 1 51 3
1 13 65 1
1 5 68 3
1 7 2 2
1 8 69 2
1 9 66 1
1 5 12 3
1 3 26 2
1 17 60 3
1 5 3 2
1 20 29 1
1 8 86 1
1 10 48 3
1 6 99 2
1 3 29 3
1 17 81 3
1 8 42 2
1 1 3 3
1 7 47 1
1 24 24 2
1 1 74 2
1 9 43 2
1 20 78 3
1 18 63 3
1 8 65 2
1 9 25 2
1 15 91 2
1 1 81 3
1 2 8 1
1 3 59 1
1 7 46 3
1 2 17 1
1 3 19 2
1 15 83 3
1 25 81 3
1 2 27 1
1 8 78 2
1 3 41 3
1 6 93 3
1 5 81 2
1 3 39 2
1 13 61 2
1 8 89 3
1 1 69 3
1 2 67 3
1 1 49 1
1 5 15 3
1 10 58 2
1 2 79 1
1 8 90 1
1 23 36 1
1 6 89 2
1 1 65 3
1 2 64 2
1 7 79 1
1 4 37 1
1 8 93 2
1 6 33 3
1 6 94 3
1 6 70 3
1 3 4 2
1 9 28 1
1 11 24 1
1 4 10 1
1 6 12 3
1 4 83 2
1 19 7 3
1 15 64 1
1 2 88 1
1 17 68 1
1 5 88 2
1 2 45 1
1 2 74 3
1 20 98 2
1 10 48 1
1 1 26 2
1 1 33 2
1 1 83 2
1 7 76 2
1 15 53 1
1 8 33 1
1 5 88 3
1 8 13 3
1 10 88 1
1 9 6 2
1 2 49 2
1 12 80 1
1 2 83 2
1 3 66 1
1 21 53 3
1 8 52 1
1 11 46 2
1 2 93 3
0 13023 8607 22625 5392 8066 10223 17301 9039 2123 1941 8810 11053 13652 3115 4855 17330 9086 11998 1965 21673 14169 9198 14408 7303 15282 17621 6099 7744 9708 12521 14869 12691 14080 7616 4650 17674 11845 880 6365 15963 4746 18651 15261 15327 12863 10893 9946 8615 11089 2987 8926 11596 16311 9824 10358 5598 19133 10523 17793 8797 17853 3699 13026 18326 14325 10084 12764 6435 6653 8341 4440 18797 12814 2777 9248 12950 10530 6297 5370 21892 7758 17480 9794 7860 14689 10362 9264 16135 8385 5407 8890 17121 5059 5058 3427 10971 8689 13385 11286 4002
13023 0 7172 19265 7692 12074 15144 25092 17349 11137 14959 11837 6109 21708 10212 10291 22181 16913 20022 14973 18937 12187 8771 10741 19718 18986 23724 10847 18763 15794 17969 19796 5370 23483 17718 10027 21600 10342 13104 19345 21163 16404 24268 10225 22886 2325 12284 14040 11773 20655 15973 19051 1488 19786 19523 11740 12249 19076 17970 21187 8049 14108 16722 22300 23291 15740 19569 18896 8968 19675 17722 17464 16707 21065 15706 4106 15087 20745 19263 7731 19223 6731 20107 8950 12474 23299 17595 20618 10463 18322 13496 20841 12325 9186 18079 15454 2811 10055 7387 19380 9843
8607 7172 0 15484 5437 4903 7998 17926 10281 6500 10251 4690 2501 14540 5547 4133 15285 9809 12865 10217 14771 6988 1851 6471 13775 12202 16673 4007 12205 8622 10863 12813 4273 16385 10968 4125 14876 4512 9132 14683 14179 10360 17294 6975 15718 5690 5521 6919 4614 13640 11037 12216 5828 13094 12573 4894 5488 13556 10812 14576 985 10250 11967 15206 16405 9381 12578 11756 2400 14662 10806 12601 12036 13908 10683 3543 8437 13849 14647 4257 15034 1298 13659 2313 5315 16141 10433 14062 7769 11487 6805 14538 9074 3555 13266 9756 4362 2934 4786 12236 4605
22625 19265 15484 0 20906 14645 13703 18343 17296 20880 23578 13849 14225 17518 20183 17901 12907 16719 17105 23496 1215 8609 14011 9104 24071 11042 15210 16533 21146 14837 13558 12731 14062 20230 19624 18220 11432 11106 23402 27152 13232 21493 14679 9144 17124 16954 11757 13330 14040 19485 23893 19899 18840 10653 19392 12268 17171 5469 16178 10588 14744 5318 24847 19562 13370 9097 19094 14408 16693 26605 18676 25197 3889 17641 23511 18090 10400 20509 27186 19669 1199 16779 9401 13395 14948 18887 15919 22351 8803 19493 17869 23590 6957 18189 25792 21802 17510 14064 12067 17113 19129
5392 7692 5437 20906 0 8160 11296 20358 11921 3754 7332 8500 7279 16698 3062 4592 18970 11691 14938 7356 20163 12352 6957 11905 12451 16243 19874 5986 12125 11374 14138 16402 8508 17829 11447 4148 18892 9845 5414 11660 17698 9372 20715 12325 18196 7861 10149 10509 8331 14809 8375 12850 6315 17234 13554 9494 6778 18619 13045 18767 6174 15687 9069 16672 20068 14094 13709 14758 4663 12033 11795 9820 17385 15919 8141 4274 12915 14576 11576 1319 20421 4158 18078 7552 8289 18059 12749 13885 13057 12169 7620 13822 14475 3530 10420 8227 5966 7323 9804 14220 3344
8066 12074 4903 14645 8160 0 3246 13048 5535 6580 8934 850 6706 9637 6146 3795 10871 5006 7969 8854 13652 6494 3573 7291 10469 8083 11996 2260 8196 3724 6157 8314 8449 11544 6742 4226 10733 4666 8889 12719 9647 7312 12728 8498 10837 10515 2899 2351 695 8922 9298 7791 10707 9079 7965 2484 2526 11118 5917 10613 4090 10182 10266 10376 11981 6332 7911 6954 3645 12334 6310 10683 10781 9012 8913 8265 5002 9290 12733 6878 13862 5535 9983 3751 503 11243 5534 9953 9425 7095 3383 10730 9864 4649 11311 7317 9264 2200 7883 7354 5208
10223 15144 7998 13703 11296 3246 0 9964 3833 9180 10577 3309 9427 6768 8968 6764 7674 3209 5273 10478 12578 6910 6404 8335 10377 5117 8752 5310 7524 1229 2912 5107 11019 9019 5976 7213 7670 6181 11098 13597 6419 7895 9486 9719 7770 13423 3596 1145 3387 6871 10633 6500 13825 6146 6272 3814 4838 9270 3370 7663 7094 10166 11526 7920 8775 4634 6080 3758 6883 12964 5115 11755 9854 6274 10272 11455 3304 7578 13646 10045 12737 8749 7259 6354 3020 8441 2979 8943 10590 5966 4830 10051 10449 7767 12301 8426 12338 5089 10004 4805 8154
17301 25092 17926 18343 20358 13048 9964 0 8477 17276 16562 13260 19362 3687 17500 15833 5443 8668 5432 16453 17152 15463 16368 17241 12590 7868 3214 14682 10116 9331 7282 6260 20883 4071 9735 16256 6925 15728 18107 17067 5274 12858 4118 18623 2212 23383 13227 11091 13319 6423 15973 8569 23749 7866 7594 13622 13609 12891 7337 7763 17047 17415 16446 4637 5195 11371 7283 6254 16499 15993 8961 16191 15531 4508 15771 21304 11095 7357 17191 19266 17145 18563 8960 16298 12687 2779 7664 9583 19339 8981 12763 10895 18516 16999 16392 14110 22283 15045 19639 6156 17015
9039 17349 10281 17296 11921 5535 3833 8477 0 8812 8683 6110 12238 4794 9025 7482 8539 626 3048 8574 16133 10717 9107 12051 6897 7280 8591 6539 3872 2604 4213 6315 13983 6139 2428 7883 9175 9699 9890 10683 7173 5227 9649 13406 6378 15965 7215 4705 6072 3387 8379 2671 15918 8219 2510 7247 5273 12473 1583 9506 9566 13993 9109 4954 9448 8216 2396 4011 8424 9873 1396 9129 13516 4000 8084 13347 7005 3846 10761 10884 16267 10629 9619 9269 5055 6152 1591 5127 14300 2197 4302 6300 14263 8670 9559 6221 14572 7736 13306 2322 8580
2123 11137 6500 20880 3754 6580 9180 17276 8812 0 3929 7231 8934 13589 1000 2979 16642 8711 11858 3922 19974 12334 7197 12444 8711 14297 17205 4411 8455 8898 11758 14108 10569 14420 7932 2683 16817 9939 2657 8418 15301 5631 18158 13238 15189 10825 9260 8700 7036 11384 4879 9325 9680 15325 10110 8677 4346 17690 10140 16843 6738 15981 5708 13295 17691 12912 10308 12172 4402 8604 8429 6417 17103 12773 4587 7239 11576 11029 8360 3407 20204 5636 16387 7807 6478 14813 9908 10174 14098 8683 4650 10070 15155 2969 7062 4474 8948 6833 11284 11132 1909
1941 14959 10251 23578 7332 8934 10577 16562 8683 3929 0 9743 12735 13004 4926 6264 17191 8863 11456 110 22572 15298 10622 15720 5600 15460 17225 7258 6609 9859 12541 14838 14426 13078 6845 6159 17693 13096 2147 4491 15819 3705 18314 16669 14715 14749 11830 10507 9556 10189 1071 8012 13527 16476 8973 11359 6409 19746 10247 17903 10325 19006 1780 12102 18126 14958 9279 12616 7959 4716 7735 2506 19707 12163 966 11148 13567 9470 4437 7280 22776 9508 17737 11189 8637 13859 10157 7897 17565 7586 5819 7321 18422 6708 3138 2484 12865 9931 14982 10777 5687
8810 11837 4690 13849 8500 850 3309 13260 6110 7231 9743 0 6234 9957 6720 4345 10733 5545 8344 9665 12872 5646 3135 6456 11296 7805 12006 2829 8964 4036 6180 8209 7920 11997 7485 4751 10482 3848 9618 13565 9565 8159 12672 7682 11058 10159 2092 2239 196 9480 10130 8476 10516 8771 8585 1638 3337 10468 6310 10299 3788 9338 11100 10843 11851 5729 8504 7067 3865 13184 6988 11525 9997 9380 9745 8170 4456 9919 13578 7193 13087 5498 9578 3189 1299 11597 5916 10695 8608 7795 4233 11512 9017 5057 12155 8164 9029 1786 7208 7769 5735
11053 6109 2501 14225 7279 6706 9427 19362 12238 8934 12735 6234 0 16169 7958 6629 16127 11711 14577 12704 13670 6279 3133 5159 16216 12907 17762 6348 14504 10266 12118 13798 1819 18224 13192 6625 15502 4240 11534 17179 15158 12807 18245 5206 17184 4075 6263 8286 6227 15625 13535 14373 5110 13687 14636 5775 7815 13178 12544 15078 2779 8907 14461 17064 17229 9633 14602 13110 4890 17163 12922 15099 11137 15611 13182 3865 8998 15946 17142 6304 13947 3353 14000 3073 7183 17822 12150 16345 5845 13654 9130 16900 7428 6028 15764 12244 3575 4509 2525 14002 7064
13652 21708 14540 17518 16698 9637 6768 3687 4794 13589 13004 9957 16169 0 13819 12201 5665 5015 1760 12894 16303 13039 13092 14706 9540 6477 4590 11112 6767 5930 4577 4796 17786 2724 6160 12617 6907 12852 14471 13945 4642 9318 5782 16111 1719 20113 10272 7913 9990 3177 12484 5129 20327 6957 4140 10566 9976 12120 3759 7585 13707 15568 13032 2150 6140 9318 3790 3487 12961 12931 5316 12850 14194 842 12255 17827 8662 4307 14057 15628 16357 15083 8367 13098 9236 1688 4121 6665 16910 5432 9089 8071 16371 13377 13121 10530 18900 11733 16733 2478 13354
3115 10212 5547 20183 3062 6146 8968 17500 9025 1000 4926 6720 7958 13819 0 2375 16549 8857 12069 4916 19307 11599 6358 11615 9552 14064 17246 3901 9065 8820 11663 13994 9578 14822 8399 1990 16637 9163 3585 9416 15229 6360 18156 12359 15373 9839 8683 8377 6528 11792 5860 9801 8744 15085 10529 8074 4165 17182 10258 16613 5844 15209 6703 13675 17619 12445 10698 12161 3558 9585 8792 7406 16445 13021 5558 6269 11141 11525 9359 2491 19543 4645 16083 6976 6117 15119 9995 10837 13206 9129 4746 10827 14317 2072 8054 5286 7969 6120 10333 11344 1056
4855 10291 4133 17901 4592 3795 6764 15833 7482 2979 6264 4345 6629 12201 2375 0 14420 7188 10442 6217 16998 9364 4368 9553 9719 11805 15283 1536 8474 6783 9564 11853 8403 13543 7457 450 14417 6997 5556 10614 13131 6309 16131 10431 13653 9385 6318 6078 4153 10584 6968 8819 8808 12817 9382 5719 2225 14807 8498 14350 4074 13025 7920 12365 15510 10072 9479 10167 1742 10544 7577 8520 14128 11447 6603 6185 8775 10537 10587 3435 17229 3748 13768 4952 3814 13630 8188 10333 11318 8098 3284 10634 12266 1192 9186 5629 7682 3862 8750 9734 1415
17330 22181 15285 12907 18970 10871 7674 5443 8539 16642 17191 10733 16127 5665 16549 14420 0 8329 6307 17083 11722 11114 13501 12947 14801 3264 2328 12984 11801 7745 4888 2568 17375 8042 10739 14871 1482 12041 18205 19010 1372 13757 2211 14245 4594 20193 9898 8539 10862 8633 16919 10150 20994 2766 9250 10459 12385 7472 6958 2321 14314 12411 17637 7788 1120 6894 8874 4581 14512 18088 9693 17614 10258 6206 16621 18825 7157 9805 19104 17718 11708 16216 3570 13246 10689 6511 7035 12127 14838 10175 12032 13542 13737 15440 17998 14750 19448 12375 15812 6790 15793
9086 16913 9809 16719 11691 5006 3209 8668 626 8711 8863 5545 11711 5015 8857 7188 8329 0 3255 8755 15561 10090 8579 11430 7417 6863 8548 6154 4429 1981 3809 6010 13443 6577 2935 7603 8876 9093 9950 11086 6957 5531 9565 12788 6519 15481 6597 4083 5517 3935 8630 3291 15494 7827 3123 6641 4964 11949 1442 9160 9067 13372 9399 5397 9280 7629 2988 3754 8029 10311 1957 9463 12925 4263 8317 12941 6401 4456 11159 10613 15699 10210 9201 8719 4537 6467 1294 5742 13681 2788 4111 6894 13637 8367 9920 6435 14124 7203 12725 2548 8347
11998 20022 12865 17105 14938 7969 5273 5432 3048 11858 11456 8344 14577 1760 12069 10442 6307 3255 0 11346 15897 11871 11473 13457 8498 6197 5815 9370 5532 4311 3628 4707 16232 3757 4663 10858 7301 11443 12830 12768 5053 7816 6955 14859 3341 18476 8853 6401 8363 2471 11007 3867 18628 6900 2944 9085 8218 11851 2052 7844 12055 14667 11621 2714 7022 8457 2567 2696 11227 11812 3721 11506 13582 1043 10755 16110 7599 3614 12869 13868 15981 13368 8362 11516 7550 3277 2436 5860 15693 3998 7333 7267 15305 11620 11833 8971 17217 10103 15276 726 11594
1965 14973 10217 23496 7356 8854 10478 16453 8574 3922 110 9665 12704 12894 4916 6217 17083 8755 11346 0 22488 15227 10570 15658 5524 15357 17115 7193 6505 9756 12435 14731 14400 12972 6735 6118 17587 13032 2212 4506 15711 3597 18204 16614 14605 14745 11751 10415 9478 10082 1027 7904 13537 16372 8864 11283 6330 19653 10138 17797 10281 18935 1787 11995 18017 14866 9170 12508 7917 4704 7625 2500 19624 12054 888 11149 13475 9365 4456 7285 22691 9486 17635 11135 8553 13751 10048 7801 17511 7476 5726 7236 18359 6678 3140 2374 12864 9868 14942 10667 5661
21673 18937 14771 1215 20163 13652 12578 17152 16133 19974 22572 12872 13670 16303 19307 16998 11722 15561 15897 22488 0 7814 13227 8512 22932 9827 14031 15598 19990 13696 12359 11515 13653 19015 18474 17331 10250 10323 22464 26077 12025 20402 13526 8727 15914 16614 10782 12247 13066 18283 22858 18725 18425 9441 18205 11319 16176 4266 14993 9406 13990 4838 23806 18348 12211 7954 17903 13201 15855 25508 17517 24139 2877 16428 22477 17523 9280 19313 26113 18906 287 16069 8201 12619 13935 17673 14740 21172 8502 18329 16829 22421 6628 17341 24727 20747 17046 13190 11632 15913 18257
14169 12187 6988 8609 12352 6494 6910 15463 10717 12334 15298 5646 6279 13039 11599 9364 11114 10090 11871 15227 7814 0 5414 1833 16780 7893 13146 8083 14192 8130 8466 9267 6873 15590 12646 9657 10150 2509 14909 19210 10487 13765 13325 3168 13506 9931 3705 6038 5817 13746 15748 13357 11351 8398 13181 4011 8944 6910 10194 9555 6179 3709 16721 14584 12126 4224 12989 9563 8088 18822 11916 17164 5048 12760 15362 9987 4403 14488 19222 11091 8070 8283 8301 4805 6900 14707 9823 15759 3888 12769 9873 16761 3548 9586 17797 13809 9842 5502 4987 11544 10544
9198 8771 1851 14011 6957 3573 6404 16368 9107 7197 10622 3135 3133 13092 6358 4368 13501 8579 11473 10570 13227 5414 0 5257 13430 10384 14962 3570 11507 7169 9199 11060 4888 15099 10142 4548 13052 2907 9846 14901 12428 10069 15541 6066 14172 7027 3679 5282 3110 12494 11275 11283 7511 11262 11517 3063 4942 11776 9432 12737 873 8899 12240 13936 14619 7533 11475 10141 2802 14737 9820 12804 10431 12511 10900 5368 6592 12832 14883 5682 13480 3035 11809 624 4053 14731 9040 13326 6950 10570 6219 13963 7961 4291 13466 9692 5984 1378 4598 10886 5315
14408 10741 6471 9104 11905 7291 8335 17241 12051 12444 15720 6456 5159 14706 11615 9553 12947 11430 13457 15658 8512 1833 5257 0 17751 9722 14970 8471 15330 9520 10157 11073 5372 17202 13808 9776 11975 2659 15084 19834 12308 14588 15157 1405 15250 8438 4842 7349 6595 15207 16275 14636 10045 10229 14550 4929 9557 8384 11687 11368 5849 3804 17251 16163 13957 6056 14387 11254 8058 19542 13165 17754 6018 14382 15892 9011 6149 15876 19832 10720 8789 7748 10097 4640 7754 16386 11303 16982 2255 14009 10634 17897 2714 9547 18404 14476 8600 5793 3377 13082 10571
7303 19718 13775 24071 12451 10469 10377 12590 6897 8711 5600 11296 16216 9540 9552 9719 14801 7417 8498 5524 22932 16780 13430 17751 0 14110 14122 9901 3071 9236 11059 12944 18027 8640 4483 9862 15714 15135 7728 4478 13517 3416 15308 18965 11196 19067 13077 10900 11162 6365 4590 4665 18236 15000 5554 12851 8488 19365 8301 16166 13478 20337 4539 7958 15506 14978 5930 10641 11391 3410 5504 4004 20231 8790 4636 15673 13679 5279 4605 12040 23080 13457 16434 13850 9998 9818 8438 3015 19892 4787 7235 1896 20265 10656 3988 4269 17293 12301 18027 8031 9886
15282 18986 12202 11042 16243 8083 5117 7868 7280 14297 15460 7805 12907 6477 14064 11805 3264 6863 6197 15357 9827 7893 10384 9722 14110 0 5268 10302 11041 5608 3067 1714 14121 9193 9697 12251 2683 8787 16161 17948 2645 12364 5458 11045 6242 16964 6730 5740 7956 8654 15372 9533 17833 1031 8824 7322 9953 5677 5809 2550 11221 9547 16194 8532 4339 3670 8479 3568 11660 17152 8637 16304 7801 6625 15035 15744 3913 9761 18021 14954 9885 13204 2339 10086 7994 7893 5696 11855 11677 9323 9875 13211 10701 12729 16777 13147 16280 9340 12548 6351 13213
17621 23724 16673 15210 19874 11996 8752 3214 8591 17205 17225 12006 17762 4590 17246 15283 2328 8548 5815 17115 14031 13146 14962 14970 14122 5268 0 13944 11281 8501 5841 3984 19126 6439 10476 15728 3782 13821 18477 18501 2669 13620 1197 16306 3047 21835 11500 9768 12108 7764 16814 9619 22469 4997 8646 12001 13131 9792 7106 4626 15729 14672 17436 6485 1990 8932 8279 5116 15618 17503 9507 17313 12579 5336 16553 20177 8969 8895 18609 18677 14011 17492 5898 14781 11732 4878 7304 11252 16945 9810 12557 12654 15934 16379 17623 14742 20946 13739 17676 6459 16594
6099 10847 4007 16533 5986 2260 5310 14682 6539 4411 7258 2829 6348 11112 3901 1536 12984 6154 9370 7193 15598 8083 3570 8471 9901 10302 13944 0 8199 5460 8164 10416 8167 12675 6975 1966 12930 5839 6869 11400 11716 6515 14751 9476 12482 9635 4851 4564 2635 9810 7810 8254 9399 11308 8680 4281 1481 13297 7361 12842 3584 11781 8785 11490 14083 8546 8722 8835 1887 11189 6885 9309 12723 10399 7429 6812 7242 9921 11390 4744 15823 4116 12239 4059 2312 12617 7020 10055 10388 7524 2800 10556 11167 2457 9965 6130 8105 2679 8157 8686 2948
7744 18763 12205 21146 12125 8196 7524 10116 3872 8455 6609 8964 14504 6767 9065 8474 11801 4429 5532 6505 19990 14192 11507 15330 3071 11041 11281 8199 0 6333 7995 9881 16319 6475 1555 8740 12668 12795 8431 7236 10495 3001 12449 16616 8474 17782 10531 8185 8861 3695 5903 1667 17278 11929 2636 10402 6717 16340 5233 13105 11725 17638 6331 5543 12553 12052 3002 7573 9944 6287 2478 6095 17340 5964 5741 14656 10796 2865 7339 11412 20128 12157 13364 11834 7697 7357 5382 1864 17535 1718 5400 2571 17726 9586 6355 4325 16141 10244 16029 5011 9066
9708 15794 8622 14837 11374 3724 1229 9331 2604 8898 9859 4036 10266 5930 8820 6783 7745 1981 4311 9756 13696 8130 7169 9520 9236 5608 8501 5460 6333 0 2859 5212 11925 8001 4794 7229 7972 7280 10587 12618 6412 6930 9356 10894 7119 14185 4725 2193 4062 5701 9814 5272 14430 6631 5052 4856 4662 10242 2298 8091 7778 11392 10671 6868 8803 5742 4871 3385 7206 11934 3901 10844 11012 5345 9467 11973 4463 6366 12675 10179 13846 9233 7880 7205 3357 7562 1899 7719 11774 4748 4324 8843 11672 7880 11362 7589 12984 5805 11032 3762 8111
12521 17969 10863 13558 14138 6157 2912 7282 4213 11758 12541 6180 12118 4577 11663 9564 4888 3809 3628 12435 12359 8466 9199 10157 11059 3067 5841 8164 7995 2859 0 2356 13607 7192 6632 10014 5163 8460 13400 14887 3570 9333 6590 11560 5163 16166 5945 3944 6274 5932 12389 6530 16680 4018 5895 6353 7499 8446 2766 5373 9935 11068 13186 6280 5957 4836 5573 1098 9790 14086 5574 13269 9969 4375 12062 14348 4085 6956 14961 12908 12459 11654 5405 9074 5911 6241 2630 8912 12345 6277 7169 10235 11801 10616 13730 10172 15173 7933 12371 3558 10922
14869 19796 12813 12731 16402 8314 5107 6260 6315 14108 14838 8209 13798 4796 13994 11853 2568 6010 4707 14731 11515 9267 11060 11073 12944 1714 3984 10416 9881 5212 2356 0 15143 7500 8654 12303 2866 9838 15748 16967 1369 11528 4482 12434 4540 17872 7536 5995 8330 7177 14639 8295 18570 2205 7500 8057 9829 7325 4749 3224 11852 11188 15405 6887 3670 5118 7138 2321 11959 16109 7587 15443 9513 5011 14323 16343 5000 8319 17051 15151 11565 13704 3661 10846 8124 6181 4740 10510 13119 8185 9525 11898 12256 12873 15871 12437 17035 9887 13700 4980 13228
12691 5370 4273 14062 8508 8449 11019 20883 13983 10569 14426 7920 1819 17786 9578 8403 17375 13443 16232 14400 13653 6873 4888 5372 18027 14121 19126 8167 16319 11925 13607 15143 0 19914 14997 8372 16641 5334 13119 18893 16487 14616 19534 4929 18728 3071 7671 9874 7931 17369 15257 16164 4779 14830 16405 7263 9634 13726 14217 16152 4596 8815 16170 18763 18460 10669 16359 14632 6673 18911 14706 16823 11346 17258 14911 4532 10219 17720 18850 7697 13937 4933 14995 4731 8935 19452 13820 18157 5312 15448 10949 18718 7110 7728 17486 14029 3501 6249 2029 15680 8740
14080 23483 16385 20230 17829 11544 9019 4071 6139 14420 13078 11997 18224 2724 14822 13543 8042 6577 3757 12972 19015 15590 15099 17202 8640 9193 6439 12675 6475 8001 7192 7500 19914 0 6510 13922 9400 15196 14823 13112 7202 9411 7598 18606 3472 22050 12607 10138 11997 3036 12370 5156 22056 9631 4311 12824 11370 14816 5703 10135 15628 18245 12733 1185 8287 11995 4123 6131 14561 12018 6035 12401 16917 2831 12216 19485 11261 3610 13242 16884 19065 16767 11012 15184 11093 1564 6102 5627 19431 5746 10278 6878 18984 14735 12538 10722 20699 13722 19015 4239 14530
7616 17718 10968 19624 11447 6742 5976 9735 2428 7932 6845 7485 13192 6160 8399 7457 10739 2935 4663 6735 18474 12646 10142 13808 4483 9697 10476 6975 1555 4794 6632 8654 14997 6510 0 7773 11491 11296 8395 8314 9396 3163 11606 15106 7873 16609 8995 6632 7392 3486 6347 1402 16244 10622 2212 8886 5510 14883 3916 11869 10421 16083 6963 5421 11570 10527 2470 6333 8794 7466 1067 6884 15806 5320 6104 13621 9257 3130 8400 10607 18618 11033 12034 10434 6240 7079 4001 3211 16023 770 4226 4117 16183 8618 7259 4377 15035 8844 14613 4029 8234
4650 10027 4125 18220 4148 4226 7213 16256 7883 2683 6159 4751 6625 12617 1990 450 14871 7603 10858 6118 17331 9657 4548 9776 9862 12251 15728 1966 8740 7229 10014 12303 8372 13922 7773 0 14865 7257 5308 10563 13581 6467 16579 10610 14080 9209 6693 6521 4561 10949 6915 9148 8541 13261 9736 6084 2648 15200 8925 14795 4173 13298 7852 12746 15960 10479 9843 10613 1803 10541 7934 8477 14466 11858 6559 5923 9193 10872 10529 3011 17565 3602 14205 5148 4258 14034 8619 10592 11486 8431 3646 10843 12489 847 9142 5707 7466 4159 8824 10147 985
17674 21600 14876 11432 18892 10733 7670 6925 9175 16817 17693 10482 15502 6907 16637 14417 1482 8876 7301 17587 10250 10150 13052 11975 15714 2683 3782 12930 12668 7972 5163 2866 16641 9400 11491 14865 0 11326 18554 19804 2282 14393 3426 13224 5995 19539 9385 8384 10630 9717 17504 11050 20473 1816 10202 9989 12493 6012 7602 845 13894 11144 18271 9054 2102 5998 9831 5168 14330 18927 10427 18304 8875 7356 17188 18416 6516 10885 19891 17611 10233 15886 2167 12737 10619 7895 7605 13161 13761 10992 12295 14567 12558 15371 18726 15300 18917 12022 14981 7689 15817
11845 10342 4512 11106 9845 4666 6181 15728 9699 9939 13096 3848 4240 12852 9163 6997 12041 9093 11443 13032 10323 2509 2907 2659 15135 8787 13821 5839 12795 7280 8460 9838 5334 15196 11296 7257 11326 0 12552 17178 11170 11941 14204 3834 13623 8220 2590 5090 3974 12970 13630 12208 9333 9512 12208 2453 6898 9118 9541 10868 3674 6046 14606 14100 13126 5401 12079 9528 5622 16883 10723 15101 7544 12424 13246 7685 4886 13545 17178 8582 10579 5800 9765 2296 5143 14539 9145 14495 4760 11553 7984 15351 5331 7125 15749 11817 7782 3169 3912 10985 8109
880 13104 9132 23402 5414 8889 11098 18107 9890 2657 2147 9618 11534 14471 3585 5556 18205 9950 12830 2212 22464 14909 9846 15084 7728 16161 18477 6869 8431 10587 13400 15748 13119 14823 8395 5308 18554 12552 0 6249 16837 5433 19513 15893 16153 13099 11693 10807 9422 11852 3211 9679 11710 17190 10594 11145 6444 19977 11384 18673 9395 18579 3730 13787 19199 15170 10865 13637 7055 6683 9155 4489 19588 13631 3098 9466 13800 11249 6163 5603 22686 8200 18356 10452 8700 15474 11228 9874 16754 9162 6286 9403 17796 5622 5050 4110 11195 9413 13918 12122 4564
6365 19345 14683 27152 11660 12719 13597 17067 10683 8418 4491 13565 17179 13945 9416 10614 19010 11086 12768 4506 26077 19210 14901 19834 4478 17948 18501 11400 7236 12618 14887 16967 18893 13112 8314 10563 19804 17178 6249 0 17685 5702 19675 20875 15625 19225 15583 13829 13393 10787 3648 8903 17937 18901 9860 15202 10293 22850 12223 20179 14686 22901 2724 12432 19785 18207 10231 14647 12344 1135 9380 2097 23264 13167 4011 15612 16835 9737 152 11735 26256 13988 20287 15436 12335 14292 12275 7492 21788 8836 9355 6269 22499 11165 1435 5402 17335 14063 19364 12226 10162
15963 21163 14179 13232 17698 9647 6419 5274 7173 15301 15819 9565 15158 4642 15229 13131 1372 6957 5053 15711 12025 10487 12428 12308 13517 2645 2669 11716 10495 6412 3570 1369 16487 7202 9396 13581 2282 11170 16837 17685 0 12395 3115 13650 3904 19233 8898 7343 9683 7445 15552 8856 19938 2612 7979 9423 11067 7764 5591 2945 13220 12167 16276 6792 2391 6283 7605 3209 13293 16777 8345 16262 10267 5075 15252 17708 6305 8616 17777 16459 12043 15062 3859 12213 9439 5742 5663 10907 14303 8850 10680 12318 13347 14172 16654 13380 18403 11252 15013 5488 14493
4746 16404 10360 21493 9372 7312 7895 12858 5227 5631 3705 8159 12807 9318 6360 6309 13757 5531 7816 3597 20402 13765 10069 14588 3416 12364 13620 6515 3001 6930 9333 11528 14616 9411 3163 6467 14393 11941 5433 5702 12395 0 14735 15747 11033 15676 10077 8163 8006 6489 3194 4310 14918 13345 5268 9769 5142 17151 6810 14691 10081 17409 3882 8410 14638 12510 5575 9237 7975 5116 4116 3940 17609 8480 2941 12330 11142 5821 5753 8810 20576 10053 14694 10514 6875 10155 6788 4574 16674 3888 3958 4470 17175 7275 4434 1324 13922 8994 14666 7161 6564
18651 24268 17294 14679 20715 12728 9486 4118 9649 18158 18314 12672 18245 5782 18156 16131 2211 9565 6955 18204 13526 13325 15541 15157 15308 5458 1197 14751 12449 9356 6590 4482 19534 7598 11606 16579 3426 14204 19513 19675 3115 14735 0 16456 4239 22317 11992 10444 12787 8955 17929 10783 23050 4966 9817 12528 14014 9352 8129 4237 16334 14555 18569 7677 1334 9104 9447 5996 16370 18684 10619 18461 12293 6518 17661 20821 9318 10089 19782 19495 13483 18170 5591 15319 12498 6043 8298 12447 17046 10953 13510 13850 15923 17200 18781 15836 21513 14366 18000 7579 17467
15261 10225 6975 9144 12325 8498 9719 18623 13406 13238 16669 7682 5206 16111 12359 10431 14245 12788 14859 16614 8727 3168 6066 1405 18965 11045 16306 9476 16616 10894 11560 12434 4929 18606 15106 10610 13224 3834 15893 20875 13650 15747 16456 0 16645 7900 6191 8714 7808 16588 17280 15971 9707 11507 15911 6222 10655 9232 13078 12586 6517 3890 18252 17563 15236 7375 15755 12657 8838 20633 14494 18785 6538 15786 16900 9040 7539 17240 20867 11214 9012 8191 11284 5482 8977 17790 12692 18294 927 15333 11789 19176 2231 10289 19441 15561 8367 6818 2923 14478 11337
15327 22886 15718 17124 18196 10837 7770 2212 6378 15189 14715 11058 17184 1719 15373 13653 4594 6519 3341 14605 15914 13506 14172 15250 11196 6242 3047 12482 8474 7119 5163 4540 18728 3472 7873 14080 5995 13623 16153 15625 3904 11033 4239 16645 0 21193 11093 8903 11114 4839 14202 6844 21539 6474 5855 11465 11433 11661 5155 6767 14843 15699 14750 3439 4822 9527 5507 4102 14292 14598 7008 14563 14039 2554 13972 19092 9107 5926 15740 17088 15939 16352 7763 14116 10476 1921 5470 8271 17393 7150 10628 9659 16679 14813 14826 12238 20076 12843 17533 4064 14856
12863 2325 5690 16954 7861 10515 13423 23383 15965 10825 14749 10159 4075 20113 9839 9385 20193 15481 18476 14745 16614 9931 7027 8438 19067 16964 21835 9635 17782 14185 16166 17872 3071 22050 16609 9209 19539 8220 13099 19225 19233 15676 22317 7900 21193 0 10337 12292 10124 19329 15699 17884 2180 17723 18261 9841 11101 16796 16428 19088 6425 11783 16529 20875 21293 13614 18268 17140 7838 19424 16489 17242 14387 19517 15394 3633 13051 19532 19160 7504 16900 5641 17968 7092 10957 21744 16040 19645 8150 17154 12402 20015 10007 8414 17885 14867 1905 8381 5073 17869 9252
10893 12284 5521 11757 10149 2899 3596 13227 7215 9260 11830 2092 6263 10272 8683 6318 9898 6597 8853 11751 10782 3705 3679 4842 13077 6730 11500 4851 10531 4725 5945 7536 7671 12607 8995 6693 9385 2590 11693 15583 8898 10077 11992 6191 11093 10337 0 2533 2284 10425 12194 9794 11106 7588 9720 659 5421 8532 6963 9059 4536 7334 13160 11515 11010 3957 9569 6991 5504 15156 8326 13564 7907 9835 11809 9046 2916 11051 15602 8830 10999 6618 8146 3357 3250 11958 6569 12151 7087 9172 6228 13102 7204 6871 14184 10183 9555 2840 6463 8401 7662
9946 14040 6919 13330 10509 2351 1145 11091 4705 8700 10507 2239 8286 7913 8377 6078 8539 4083 6401 10415 12247 6038 5282 7349 10900 5740 9768 4564 8185 2193 3944 5995 9874 10138 6632 6521 8384 5090 10807 13829 7343 8163 10444 8714 8903 12292 2533 0 2344 7893 10679 7323 12739 6744 7201 2686 4387 9242 4456 8278 5996 9460 11608 9025 9654 4453 7041 4859 5977 13277 5878 11906 9446 7410 10305 10409 3061 8528 13867 9229 12427 7730 7706 5215 2266 9584 4059 9722 9601 6732 4689 10747 9585 6991 12485 8523 11239 3992 8878 5908 7491
8615 11773 4614 14040 8331 695 3387 13319 6072 7036 9556 196 6227 9990 6528 4153 10862 5517 8363 9478 13066 5817 3110 6595 11162 7956 12108 2635 8861 4062 6274 8330 7931 11997 7392 4561 10630 3974 9422 13393 9683 8006 12787 7808 11114 10124 2284 2344 0 9450 9949 8405 10442 8927 8536 1815 3152 10662 6322 10456 3730 9513 10920 10839 11979 5919 8463 7144 3706 13020 6919 11350 10190 9401 9564 8074 4640 9868 13405 7026 13281 5387 9747 3203 1171 11623 5930 10603 8734 7718 4070 11403 9171 4878 11981 7993 8964 1743 7268 7777 5545
11089 20655 13640 19485 14809 8922 6871 6423 3387 11384 10189 9480 15625 3177 11792 10584 8633 3935 2471 10082 18283 13746 12494 15207 6365 8654 7764 9810 3695 5701 5932 7177 17369 3036 3486 10949 9717 12970 11852 10787 7445 6489 8955 16588 4839 19329 10425 7893 9450 0 9560 2181 19208 9370 1277 10529 8449 14287 3558 10291 12945 16777 10023 1937 9234 10667 1106 5112 11694 9761 3021 9782 15888 2459 9370 16613 9667 1172 10901 13887 18377 13925 10833 12650 8442 3677 3923 3513 17461 2718 7303 4927 17257 11773 10013 7778 17897 11122 16653 2374 11524
2987 15973 11037 23893 8375 9298 10633 15973 8379 4879 1071 10130 13535 12484 5860 6968 16919 8630 11007 1027 22858 15748 11275 16275 4590 15372 16814 7810 5903 9814 12389 14639 15257 12370 6347 6915 17504 13630 3211 3648 15552 3194 17929 17280 14202 15699 12194 10679 9949 9560 0 7405 14531 16373 8386 11764 6804 19878 9961 17762 11042 19454 976 11442 17816 15126 8712 12372 8696 3725 7310 1566 20009 11649 386 12118 13736 8762 3619 8268 23052 10367 17679 11820 8957 13236 9911 7040 18187 7053 6029 6363 18960 7530 2230 2226 13826 10487 15718 10355 6542
8926 19051 12216 19899 12850 7791 6500 8569 2671 9325 8012 8476 14373 5129 9801 8819 10150 3291 3867 7904 18725 13357 11283 14636 4665 9533 9619 8254 1667 5272 6530 8295 16164 5156 1402 9148 11050 12208 9679 8903 8856 4310 10783 15971 6844 17884 9794 7323 8405 2181 7405 0 17582 10387 989 9763 6810 14953 3774 11513 11621 16663 7911 4109 10889 10848 1343 6011 10101 7946 1488 7722 16150 4314 7203 14963 9665 1731 9006 12003 18849 12345 11835 11531 7289 5847 3991 2463 16876 730 5558 3712 16905 9989 8008 5598 16346 9951 15670 3368 9630
11596 1488 5828 18840 6315 10707 13825 23749 15918 9680 13527 10516 5110 20327 8744 8808 20994 15494 18628 13537 18425 11351 7511 10045 18236 17833 22469 9399 17278 14430 16680 18570 4779 22056 16244 8541 20473 9333 11710 17937 19938 14918 23050 9707 21539 2180 11106 12739 10442 19208 14531 17582 0 18665 18066 10535 10786 18261 16580 20095 6745 13590 15295 20872 22109 14695 18118 17583 7515 18241 16264 16033 16060 19670 14258 2624 13960 19280 17859 6273 18709 5289 19060 7750 11092 21903 16208 19133 10068 16854 12025 19354 11886 7699 16654 13974 1559 8747 6793 17978 8358
16311 19786 13094 10653 17234 9079 6146 7866 8219 15325 16476 8771 13687 6957 15085 12817 2766 7827 6900 16372 9441 8398 11262 10229 15000 1031 4997 11308 11929 6631 4018 2205 14830 9631 10622 13261 1816 9512 17190 18901 2612 13345 4966 11507 6474 17723 7588 6744 8927 9370 16373 10387 18665 0 9635 8201 10981 5199 6713 1535 12110 9676 17188 9072 3730 4208 9280 4378 12633 18087 9557 17284 7665 7211 16039 16630 4705 10503 18977 15940 9471 14126 1464 10936 9003 8244 6629 12660 12082 10216 10905 14034 10973 13727 17747 14150 17108 10263 13186 7130 14226
9824 19523 12573 19392 13554 7965 6272 7594 2510 10110 8973 8585 14636 4140 10529 9382 9250 3123 2944 8864 18205 13181 11517 14550 5554 8824 8646 8680 2636 5052 5895 7500 16405 4311 2212 9736 10202 12208 10594 9860 7979 5268 9817 15911 5855 18261 9720 7201 8536 1277 8386 989 18066 9635 0 9756 7283 14340 3218 10700 11919 16372 8900 3209 9957 10412 376 5263 10555 8883 1807 8710 15698 3330 8178 15460 9300 1338 9965 12652 18318 12795 11094 11715 7473 4891 3507 3032 16802 1443 6097 4400 16721 10567 8988 6538 16783 10158 15792 2522 10284
10358 11740 4894 12268 9494 2484 3814 13622 7247 8677 11359 1638 5775 10566 8074 5719 10459 6641 9085 11283 11319 4011 3063 4929 12851 7322 12001 4281 10402 4856 6353 8057 7263 12824 8886 6084 9989 2453 11145 15202 9423 9769 12528 6222 11465 9841 659 2686 1815 10529 11764 9763 10535 8201 9756 0 4963 9171 7138 9682 3910 7700 12735 11709 11575 4616 9628 7369 4854 14813 8281 13163 8443 10088 11378 8429 3554 11093 15215 8175 11542 5971 8790 2791 2895 12246 6740 12072 7137 9116 5862 12968 7420 6235 13792 9801 8990 2181 6192 8593 7046
5598 12249 5488 17171 6778 2526 4838 13609 5273 4346 6409 3337 7815 9976 4165 2225 12385 4964 8218 6330 16176 8944 4942 9557 8488 9953 13131 1481 6717 4662 7499 9829 9634 11370 5510 2648 12493 6898 6444 10293 11067 5142 14014 10655 11433 11101 5421 4387 3152 8449 6804 6810 10786 10981 7283 4963 0 13536 6278 12501 5042 12650 7777 10188 13456 8727 7350 8025 3291 9987 5478 8230 13306 9225 6418 8177 7356 8496 10298 5657 16384 5534 12046 5372 2267 11414 5974 8574 11578 6080 1319 9084 12208 3404 8870 4919 9536 3860 9539 7511 3465
19133 19076 13556 5469 18619 11118 9270 12891 12473 17690 19746 10468 13178 12120 17182 14807 7472 11949 11851 19653 4266 6910 11776 8384 19365 5677 9792 13297 16340 10242 8446 7325 13726 14816 14883 15200 6012 9118 19977 22850 7764 17151 9352 9232 11661 16796 8532 9242 10662 14287 19878 14953 18261 5199 14340 9171 13536 0 11180 5168 12632 6019 20785 14202 8023 4809 14015 9176 14017 22175 13869 21025 3225 12302 19510 16799 6192 15365 22904 17306 4279 14804 3935 11247 11278 13443 10977 17356 9442 14637 13928 18665 7798 15403 21568 17685 16748 11308 11758 11943 16178
10523 17970 10812 16178 13045 5917 3370 7337 1583 10140 10247 6310 12544 3759 10258 8498 6958 1442 2052 10138 14993 10194 9432 11687 8301 5809 7106 7361 5233 2298 2766 4749 14217 5703 3916 8925 7602 9541 11384 12223 5591 6810 8129 13078 5155 16428 6963 4456 6322 3558 9961 3774 16580 6713 3218 7138 6278 11180 0 7955 10005 13237 10692 4573 7879 7202 2938 2435 9203 11382 2849 10704 12481 3096 9663 14070 6133 4410 12305 11934 15109 11326 8137 9492 5498 5329 399 6189 13938 3515 5518 7486 13699 9662 11124 7794 15165 8059 13324 1464 9708
17793 21187 14576 10588 18767 10613 7663 7763 9506 16843 17903 10299 15078 7585 16613 14350 2321 9160 7844 17797 9406 9555 12737 11368 16166 2550 4626 12842 13105 8091 5373 3224 16152 10135 11869 14795 845 10868 18673 20179 2945 14691 4237 12586 6767 19088 9059 8278 10456 10291 17762 11513 20095 1535 10700 9682 12501 5168 7955 0 13591 10379 18555 9735 2904 5483 10334 5541 14162 19329 10802 18620 8056 7982 17436 18105 6152 11452 20260 17473 9389 15627 1371 12390 10537 8650 7918 13691 13092 11409 12391 15089 11835 15262 19063 15545 18536 11768 14444 8178 15759
8797 8049 985 14744 6174 4090 7094 17047 9566 6738 10325 3788 2779 13707 5844 4074 14314 9067 12055 10281 13990 6179 873 5849 13478 11221 15729 3584 11725 7778 9935 11852 4596 15628 10421 4173 13894 3674 9395 14686 13220 10081 16334 6517 14843 6425 4536 5996 3730 12945 11042 11621 6745 12110 11919 3910 5042 12632 10005 13591 0 9571 11994 14455 15434 8405 11902 10848 2371 14588 10182 12591 11218 13097 10675 4523 7451 13216 14660 4926 14247 2172 12675 1397 4535 15327 9619 13567 7364 10898 6354 14125 8519 3777 13256 9593 5244 2006 4680 11444 4831
17853 14108 10250 5318 15687 10182 10166 17415 13993 15981 19006 9338 8907 15568 15209 13025 12411 13372 14667 18935 4838 3709 8899 3804 20337 9547 14672 11781 17638 11392 11068 11188 8815 18245 16083 13298 11144 6046 18579 22901 12167 17409 14555 3890 15699 11783 7334 9460 9513 16777 19454 16663 13590 9676 16372 7700 12650 6019 13237 10379 9571 0 20427 17347 13244 6251 16139 12114 11662 22490 15275 20863 2907 15442 19068 12772 7110 17632 22915 14481 5123 11537 9008 8275 10572 17163 12899 19109 3735 16128 13551 20191 1891 13165 21492 17499 12223 9167 6797 14463 14155
3699 16722 11967 24847 9069 10266 11526 16446 9109 5708 1780 11100 14461 13032 6703 7920 17637 9399 11621 1787 23806 16721 12240 17251 4539 16194 17436 8785 6331 10671 13186 15405 16170 12733 6963 7852 18271 14606 3730 2724 16276 3882 18569 18252 14750 16529 13160 11608 10920 10023 976 7911 15295 17188 8900 12735 7777 20785 10692 18555 11994 20427 0 11862 18508 16048 9243 13118 9641 2965 7969 759 20961 12206 1361 12928 14660 9149 2681 9058 23999 11264 18512 12789 9919 13686 10666 7252 19158 7631 6979 6404 19936 8442 1360 3100 14645 11461 16667 10992 7437
13026 22300 15206 19562 16672 10376 7920 4637 4954 13295 12102 10843 17064 2150 13675 12365 7788 5397 2714 11995 18348 14584 13936 16163 7958 8532 6485 11490 5543 6868 6280 6887 18763 1185 5421 12746 9054 14100 13787 12432 6792 8410 7677 17563 3439 20875 11515 9025 10839 1937 11442 4109 20872 9072 3209 11709 10188 14202 4573 9735 14455 17347 11862 0 8189 11114 2988 5263 13376 11365 4884 11577 16148 1933 11266 18300 10303 2727 12555 15714 18413 15583 10496 14032 9921 1860 4972 4961 18401 4652 9106 6306 18016 13557 11761 9706 19517 12558 17897 3117 13365
18326 23291 16405 13370 20068 11981 8775 5195 9448 17691 18126 11851 17229 6140 17619 15510 1120 9280 7022 18017 12211 12126 14619 13957 15506 4339 1990 14083 12553 8803 5957 3670 18460 8287 11570 15960 2102 13126 19199 19785 2391 14638 1334 15236 4822 21293 11010 9654 11979 9234 17816 10889 22109 3730 9957 11575 13456 8023 7879 2904 15434 13244 18508 8189 0 7921 9582 5563 15625 18835 10542 18455 10960 6777 17528 19945 8248 10398 19884 18820 12173 17336 4263 14360 11794 6726 7987 12747 15802 10971 13066 14162 14639 16539 18816 15669 20562 13495 16872 7567 16877
14325 15740 9381 9097 14094 6332 4634 11371 8216 12912 14958 5729 9633 9318 12445 10072 6894 7629 8457 14866 7954 4224 7533 6056 14978 3670 8932 8546 12052 5742 4836 5118 10669 11995 10527 10479 5998 5401 15170 18207 6283 12510 9104 7375 9527 13614 3957 4453 5919 10667 15126 10848 14695 4208 10412 4616 8727 4809 7202 5483 8405 6251 16048 11114 7921 0 10139 5867 9436 17594 9587 16324 5302 9200 14754 12843 1392 11603 18251 12775 8108 10537 4368 7105 6473 10923 6906 13309 8020 10412 9140 14516 7157 10751 16888 12955 13137 6797 8984 8311 11463
10084 19569 12578 19094 13709 7911 6080 7283 2396 10308 9279 8504 14602 3790 10698 9479 8874 2988 2567 9170 17903 12989 11475 14387 5930 8479 8279 8722 3002 4871 5573 7138 16359 4123 2470 9843 9831 12079 10865 10231 7605 5575 9447 15755 5507 18268 9569 7041 8463 1106 8712 1343 18118 9280 376 9628 7350 14015 2938 10334 11902 16139 9243 2988 9582 10139 0 4914 10604 9258 1917 9064 15416 2972 8497 15519 9051 1500 10336 12781 18013 12838 10740 11655 7424 4608 3247 3380 16640 1705 6197 4760 16523 10668 9350 6830 16817 10110 15702 2158 10420
12764 18896 11756 14408 14758 6954 3758 6254 4011 12172 12616 7067 13110 3487 12161 10167 4581 3754 2696 12508 13201 9563 10141 11254 10641 3568 5116 8835 7573 3385 1098 2321 14632 6131 6333 10613 5168 9528 13637 14647 3209 9237 5996 12657 4102 17140 6991 4859 7144 5112 12372 6011 17583 4378 5263 7369 8025 9176 2435 5541 10848 12114 13118 5263 5563 5867 4914 0 10540 13789 5267 13138 10904 3337 12065 15203 5176 6200 14731 13563 13286 12485 5833 10051 6656 5145 2463 8293 13442 5871 7528 9660 12885 11264 13558 10186 16092 8842 13436 2784 11485
6435 8968 2400 16693 4663 3645 6883 16499 8424 4402 7959 3865 4890 12961 3558 1742 14512 8029 11227 7917 15855 8088 2802 8058 11391 11660 15618 1887 9944 7206 9790 11959 6673 14561 8794 1803 14330 5622 7055 12344 13293 7975 16370 8838 14292 7838 5504 5977 3706 11694 8696 10101 7515 12633 10555 4854 3291 14017 9203 14162 2371 11662 9641 13376 15625 9436 10604 10540 0 12285 8755 10253 13014 12260 8335 4925 8252 11783 12314 3346 16099 2244 13431 3418 3887 14485 8852 11807 9704 9371 4572 12210 10763 1503 10918 7357 6245 2719 7027 10551 2514
6653 19675 14662 26605 12033 12334 12964 15993 9873 8604 4716 13184 17163 12931 9585 10544 18088 10311 11812 4704 25508 18822 14737 19542 3410 17152 17503 11189 6287 11934 14086 16109 18911 12018 7466 10541 18927 16883 6683 1135 16777 5116 18684 20633 14598 19424 15156 13277 13020 9761 3725 7946 18241 18087 8883 14813 9987 22175 11382 19329 14588 22490 2965 11365 18835 17594 9258 13789 12285 0 8533 2214 22722 12167 4034 15842 16237 8688 1282 11986 25679 14055 19491 15248 11923 13224 11460 6410 21553 7935 8952 5156 22176 11202 1638 5072 17551 13817 19265 11297 10240
8341 17722 10806 18676 11795 6310 5115 8961 1396 8429 7735 6988 12922 5316 8792 7577 9693 1957 3721 7625 17517 11916 9820 13165 5504 8637 9507 6885 2478 3901 5574 7587 14706 6035 1067 7934 10427 10723 9155 9380 8345 4116 10619 14494 7008 16489 8326 5878 6919 3021 7310 1488 16264 9557 1807 8281 5478 13869 2849 10802 10182 15275 7969 4884 10542 9587 1917 5267 8755 8533 0 7921 14882 4476 7046 13655 8351 3043 9465 10865 17653 10997 10972 10055 5809 6398 2944 3845 15401 855 4292 4944 15463 8763 8311 5251 14990 8480 14186 3048 8503
4440 17464 12601 25197 9820 10683 11755 16191 9129 6417 2506 11525 15099 12850 7406 8520 17614 9463 11506 2500 24139 17164 12804 17754 4004 16304 17313 9309 6095 10844 13269 15443 16823 12401 6884 8477 18304 15101 4489 2097 16262 3940 18461 18785 14563 17242 13564 11906 11350 9782 1566 7722 16033 17284 8710 13163 8230 21025 10704 18620 12591 20863 759 11577 18455 16324 9064 13138 10253 2214 7921 0 21308 12036 1918 13649 14941 8851 2082 9785 24325 11933 18633 13341 10314 13419 10706 6843 19696 7508 7345 5895 20426 9096 666 3395 15363 11976 17270 10902 8107
18797 16707 12036 3889 17385 10781 9854 15531 13516 17103 19707 9997 11137 14194 16445 14128 10258 12925 13582 19624 2877 5048 10431 6018 20231 7801 12579 12723 17340 11012 9969 9513 11346 16917 15806 14466 8875 7544 19588 23264 10267 17609 12293 6538 14039 14387 7907 9446 10190 15888 20009 16150 16060 7665 15698 8443 13306 3225 12481 8056 11218 2907 20961 16148 10960 5302 15416 10904 13014 22722 14882 21308 0 14215 19627 14945 6553 16864 23297 16113 3101 13331 6709 9833 11072 15679 12198 18611 6559 15711 13982 19816 4776 14493 21903 17913 14617 10334 9321 13516 15398
12814 21065 13908 17641 15919 9012 6274 4508 4000 12773 12163 9380 15611 842 13021 11447 6206 4263 1043 12054 16428 12760 12511 14382 8790 6625 5336 10399 5964 5345 4375 5011 17258 2831 5320 11858 7356 12424 13631 13167 5075 8480 6518 15786 2554 19517 9835 7410 9401 2459 11649 4314 19670 7211 3330 10088 9225 12302 3096 7982 13097 15442 12206 1933 6777 9200 2972 3337 12260 12167 4476 12036 14215 0 11418 17149 8433 3621 13277 14866 16497 14408 8654 12547 8593 2234 3478 5971 16606 4596 8302 7385 16155 12629 12318 9689 18260 11142 16275 1715 12576
2777 15706 10683 23511 8141 8913 10272 15771 8084 4587 966 9745 13182 12255 5558 6603 16621 8317 10755 888 22477 15362 10900 15892 4636 15035 16553 7429 5741 9467 12062 14323 14911 12216 6104 6559 17188 13246 3098 4011 15252 2941 17661 16900 13972 15394 11809 10305 9564 9370 386 7203 14258 16039 8178 11378 6418 19510 9663 17436 10675 19068 1361 11266 17528 14754 8497 12065 8335 4034 7046 1918 19627 11418 0 11824 13363 8605 3986 7987 22672 10032 17337 11443 8573 13046 9603 6961 17808 6823 5649 6357 18576 7187 2584 1890 13527 10104 15353 10094 6211
9248 4106 3543 18090 4274 8265 11455 21304 13347 7239 11148 8170 3865 17827 6269 6185 18825 12941 16110 11149 17523 9987 5368 9011 15673 15744 20177 6812 14656 11973 14348 16343 4532 19485 13621 5923 18416 7685 9466 15612 17708 12330 20821 9040 19092 3633 9046 10409 8074 16613 12118 14963 2624 16630 15460 8429 8177 16799 14070 18105 4523 12772 12928 18300 19945 12843 15519 15203 4925 15842 13655 13649 14945 17149 11824 0 11957 16665 15544 3879 17799 2744 17159 5740 8617 19379 13707 16512 9615 14236 9405 16751 11270 5083 14286 11424 1729 6456 6209 15447 5788
12950 15087 8437 10400 12915 5002 3304 11095 7005 11576 13567 4456 8998 8662 11141 8775 7157 6401 7599 13475 9280 4403 6592 6149 13679 3913 8969 7242 10796 4463 4085 5000 10219 11261 9257 9193 6516 4886 13800 16835 6305 11142 9318 7539 9107 13051 2916 3061 4640 9667 13736 9665 13960 4705 9300 3554 7356 6192 6133 6152 7451 7110 14660 10303 8248 1392 9051 5176 8252 16237 8351 14941 6553 8433 13363 11957 0 10538 16877 11599 9444 9525 5237 6239 5113 10320 5804 12127 8291 9189 7749 13293 7723 9510 15509 11568 12403 5698 8708 7359 10178
10530 20745 13849 20509 14576 9290 7578 7357 3846 11029 9470 9919 15946 4307 11525 10537 9805 4456 3614 9365 19313 14488 12832 15876 5279 9761 8895 9921 2865 6366 6956 8319 17720 3610 3130 10872 10885 13545 11249 9737 8616 5821 10089 17240 5926 19532 11051 8528 9868 1172 8762 1731 19280 10503 1338 11093 8496 15365 4410 11452 13216 17632 9149 2727 10398 11603 1500 6200 11783 8688 3043 8851 16864 3621 8605 16665 10538 0 9856 13733 19414 14026 11967 13041 8795 4578 4735 2358 18129 2440 7266 3768 18023 11712 9036 7140 18024 11479 17127 3421 11361
6297 19263 14647 27186 11576 12733 13646 17191 10761 8360 4437 13578 17142 14057 9359 10587 19104 11159 12869 4456 26113 19222 14883 19832 4605 18021 18609 11390 7339 12675 14961 17051 18850 13242 8400 10529 19891 17178 6163 152 17777 5753 19782 20867 15740 19160 15602 13867 13405 10901 3619 9006 17859 18977 9965 15215 10298 22904 12305 20260 14660 22915 2681 12555 19884 18251 10336 14731 12314 1282 9465 2082 23297 13277 3986 15544 16877 9856 0 11665 26294 13941 20359 15422 12352 14415 12353 7619 21778 8929 9375 6404 22501 11123 1428 5419 17268 14057 19337 12323 10115
5370 7731 4257 19669 1319 6878 10045 19266 10884 3407 7280 7193 6304 15628 2491 3435 17718 10613 13868 7285 18906 11091 5682 10720 12040 14954 18677 4744 11412 10179 12908 15151 7697 16884 10607 3011 17611 8582 5603 11735 16459 8810 19495 11214 17088 7504 8830 9229 7026 13887 8268 12003 6273 15940 12652 8175 5657 17306 11934 17473 4926 14481 9058 15714 18820 12775 12781 13563 3346 11986 10865 9785 16113 14866 7987 3879 11599 13733 11665 0 19161 3027 16769 6287 7028 17035 11623 13220 11980 11302 6612 13280 13330 2299 10417 7772 5606 6005 8812 13157 2373
21892 19223 15034 1199 20421 13862 12737 17145 16267 20204 22776 13087 13947 16357 19543 17229 11708 15699 15981 22691 287 8070 13480 8789 23080 9885 14011 15823 20128 13846 12459 11565 13937 19065 18618 17565 10233 10579 22686 26256 12043 20576 13483 9012 15939 16900 10999 12427 13281 18377 23052 18849 18709 9471 18318 11542 16384 4279 15109 9389 14247 5123 23999 18413 12173 8108 18013 13286 16099 25679 17653 24325 3101 16497 22672 17799 9444 19414 26294 19161 0 16331 8207 12874 14139 17711 14861 21293 8789 18462 17023 22550 6915 17582 24910 20934 17328 13428 11916 16009 18494
7758 6731 1298 16779 4158 5535 8749 18563 10629 5636 9508 5498 3353 15083 4645 3748 16216 10210 13368 9486 16069 8283 3035 7748 13457 13204 17492 4116 12157 9233 11654 13704 4933 16767 11033 3602 15886 5800 8200 13988 15062 10053 18170 8191 16352 5641 6618 7730 5387 13925 10367 12345 5289 14126 12795 5971 5534 14804 11326 15627 2172 11537 11264 15583 17336 10537 12838 12485 2244 14055 10997 11933 13331 14408 10032 2744 9525 14026 13941 3027 16331 0 14761 3562 5876 16639 10962 14021 8953 11614 6809 14374 10323 2861 12593 9305 4002 3865 5821 12708 3827
17480 20107 13659 9401 18078 9983 7259 8960 9619 16387 17737 9578 14000 8367 16083 13768 3570 9201 8362 17635 8201 8301 11809 10097 16434 2339 5898 12239 13364 7880 5405 3661 14995 11012 12034 14205 2167 9765 18356 20287 3859 14694 5591 11284 7763 17968 8146 7706 9747 10833 17679 11835 19060 1464 11094 8790 12046 3935 8137 1371 12675 9008 18512 10496 4263 4368 10740 5833 13431 19491 10972 18633 6709 8654 17337 17159 5237 11967 20359 16769 8207 14761 0 11421 9967 9587 8033 14120 11766 11648 12078 15492 10477 14612 19111 15452 17501 10931 13237 8592 15183
9794 8950 2313 13395 7552 3751 6354 16298 9269 7807 11189 3189 3073 13098 6976 4952 13246 8719 11516 11135 12619 4805 624 4640 13850 10086 14781 4059 11834 7205 9074 10846 4731 15184 10434 5148 12737 2296 10452 15436 12213 10514 15319 5482 14116 7092 3357 5215 3203 12650 11820 11531 7750 10936 11715 2791 5372 11247 9492 12390 1397 8275 12789 14032 14360 7105 11655 10051 3418 15248 10055 13341 9833 12547 11443 5740 6239 13041 15422 6287 12874 3562 11421 0 4248 14753 9096 13634 6376 10827 6618 14318 7348 4911 14001 10189 6202 1590 4201 10953 5931
7860 12474 5315 14948 8289 503 3020 12687 5055 6478 8637 1299 7183 9236 6117 3814 10689 4537 7550 8553 13935 6900 4053 7754 9998 7994 11732 2312 7697 3357 5911 8124 8935 11093 6240 4258 10619 5143 8700 12335 9439 6875 12498 8977 10476 10957 3250 2266 1171 8442 8957 7289 11092 9003 7473 2895 2267 11278 5498 10537 4535 10572 9919 9921 11794 6473 7424 6656 3887 11923 5809 10314 11072 8593 8573 8617 5113 8795 12352 7028 14139 5876 9967 4248 0 10827 5121 9451 9903 6592 2980 10235 10305 4760 10935 6934 9668 2686 8386 6922 5226
14689 23299 16141 18887 18059 11243 8441 2779 6152 14813 13859 11597 17822 1688 15119 13630 6511 6467 3277 13751 17673 14707 14731 16386 9818 7893 4878 12617 7357 7562 6241 6181 19452 1564 7079 14034 7895 14539 15474 14292 5742 10155 6043 17790 1921 21744 11958 9584 11623 3677 13236 5847 21903 8244 4891 12246 11414 13443 5329 8650 15327 17163 13686 1860 6726 10923 4608 5145 14485 13224 6398 13419 15679 2234 13046 19379 10320 4578 14415 17035 17711 16639 9587 14753 10827 0 5709 6817 18584 6313 10440 8149 18014 14817 13614 11430 20494 13365 18417 3934 14723
10362 17595 10433 15919 12749 5534 2979 7664 1591 9908 10157 5916 12150 4121 9995 8188 7035 1294 2436 10048 14740 9823 9040 11303 8438 5696 7304 7020 5382 1899 2630 4740 13820 6102 4001 8619 7605 9145 11228 12275 5663 6788 8298 12692 5470 16040 6569 4059 5930 3923 9911 3991 16208 6629 3507 6740 5974 10977 399 7918 9619 12899 10666 4972 7987 6906 3247 2463 8852 11460 2944 10706 12198 3478 9603 13707 5804 4735 12353 11623 14861 10962 8033 9096 5121 5709 0 6433 13556 3668 5268 7700 13335 9344 11145 7723 14788 7669 12925 1862 9419
9264 20618 14062 22351 13885 9953 8943 9583 5127 10174 7897 10695 16345 6665 10837 10333 12127 5742 5860 7801 21172 15759 13326 16982 3015 11855 11252 10055 1864 7719 8912 10510 18157 5627 3211 10592 13161 14495 9874 7492 10907 4574 12447 18294 8271 19645 12151 9722 10603 3513 7040 2463 19133 12660 3032 12072 8574 17356 6189 13691 13567 19109 7252 4961 12747 13309 3380 8293 11807 6410 3845 6843 18611 5971 6961 16512 12127 2358 7619 13220 21293 14021 14120 13634 9451 6817 6433 0 19207 2991 7258 1416 19306 11436 6932 5854 18003 12043 17819 5532 10889
16135 10463 7769 8803 13057 9425 10590 19339 14300 14098 17565 8608 5845 16910 13206 11318 14838 13681 15693 17511 8502 3888 6950 2255 19892 11677 16945 10388 17535 11774 12345 13119 5312 19431 16023 11486 13761 4760 16754 21788 14303 16674 17046 927 17393 8150 7087 9601 8734 17461 18187 16876 10068 12082 16802 7137 11578 9442 13938 13092 7364 3735 19158 18401 15802 8020 16640 13442 9704 21553 15401 19696 6559 16606 17808 9615 8291 18129 21778 11980 8789 8953 11766 6376 9903 18584 13556 19207 0 16243 12716 20098 1874 11140 20354 16481 8806 7736 3409 15328 12193
8385 18322 11487 19493 12169 7095 5966 8981 2197 8683 7586 7795 13654 5432 9129 8098 10175 2788 3998 7476 18329 12769 10570 14009 4787 9323 9810 7524 1718 4748 6277 8185 15448 5746 770 8431 10992 11553 9162 8836 8850 3888 10953 15333 7150 17154 9172 6732 7718 2718 7053 730 16854 10216 1443 9116 6080 14637 3515 11409 10898 16128 7631 4652 10971 10412 1705 5871 9371 7935 855 7508 15711 4596 6823 14236 9189 2440 8929 11302 18462 11614 11648 10827 6592 6313 3668 2991 16243 0 4832 4106 16316 9271 7847 5129 15616 9244 14977 3404 8930
5407 13496 6805 17869 7620 3383 4830 12763 4302 4650 5819 4233 9130 9089 4746 3284 12032 4111 7333 5726 16829 9873 6219 10634 7235 9875 12557 2800 5400 4324 7169 9525 10949 10278 4226 3646 12295 7984 6286 9355 10680 3958 13510 11789 10628 12402 6228 4689 4070 7303 6029 5558 12025 10905 6097 5862 1319 13928 5518 12391 6354 13551 6979 9106 13066 9140 6197 7528 4572 8952 4292 7345 13982 8302 5649 9405 7749 7266 9375 6612 17023 6809 12078 6618 2980 10440 5268 7258 12716 4832 0 7771 13238 4471 7960 3957 10810 5066 10807 6611 4282
8890 20841 14538 23590 13822 10730 10051 10895 6300 10070 7321 11512 16900 8071 10827 10634 13542 6894 7267 7236 22421 16761 13963 17897 1896 13211 12654 10556 2571 8843 10235 11898 18718 6878 4117 10843 14567 15351 9403 6269 12318 4470 13850 19176 9659 20015 13102 10747 11403 4927 6363 3712 19354 14034 4400 12968 9084 18665 7486 15089 14125 20191 6404 6306 14162 14516 4760 9660 12210 5156 4944 5895 19816 7385 6357 16751 13293 3768 6404 13280 22550 14374 15492 14318 10235 8149 7700 1416 20098 4106 7771 0 20296 11672 5880 5610 18307 12734 18519 6917 11015
17121 12325 9074 6957 14475 9864 10449 18516 14263 15155 18422 9017 7428 16371 14317 12266 13737 13637 15305 18359 6628 3548 7961 2714 20265 10701 15934 11167 17726 11672 11801 12256 7110 18984 16183 12489 12558 5331 17796 22499 13347 17175 15923 2231 16679 10007 7204 9585 9171 17257 18960 16905 11886 10973 16721 7420 12208 7798 13699 11835 8519 1891 19936 18016 14639 7157 16523 12885 10763 22176 15463 20426 4776 16155 18576 11270 7723 18023 22501 13330 6915 10323 10477 7348 10305 18014 13335 19306 1874 16316 13238 20296 0 12247 21072 17122 10577 8491 5134 15018 13277
5059 9186 3555 18189 3530 4649 7767 16999 8670 2969 6708 5057 6028 13377 2072 1192 15440 8367 11620 6678 17341 9586 4291 9547 10656 12729 16379 2457 9586 7880 10616 12873 7728 14735 8618 847 15371 7125 5622 11165 14172 7275 17200 10289 14813 8414 6871 6991 4878 11773 7530 9989 7699 13727 10567 6235 3404 15403 9662 15262 3777 13165 8442 13557 16539 10751 10668 11264 1503 11202 8763 9096 14493 12629 7187 5083 9510 11712 11123 2299 17582 2861 14612 4911 4760 14817 9344 11436 11140 9271 4471 11672 12247 0 9759 6462 6647 4166 8327 10915 1060
5058 18079 13266 25792 10420 11311 12301 16392 9559 7062 3138 12155 15764 13121 8054 9186 17998 9920 11833 3140 24727 17797 13466 18404 3988 16777 17623 9965 6355 11362 13730 15871 17486 12538 7259 9142 18726 15749 5050 1435 16654 4434 18781 19441 14826 17885 14184 12485 11981 10013 2230 8008 16654 17747 8988 13792 8870 21568 11124 19063 13256 21492 1360 11761 18816 16888 9350 13558 10918 1638 8311 666 21903 12318 2584 14286 15509 9036 1428 10417 24910 12593 19111 14001 10935 13614 11145 6932 20354 7847 7960 5880 21072 9759 0 4003 16003 12630 17935 11251 8767
3427 15454 9756 21802 8227 7317 8426 14110 6221 4474 2484 8164 12244 10530 5286 5629 14750 6435 8971 2374 20747 13809 9692 14476 4269 13147 14742 6130 4325 7589 10172 12437 14029 10722 4377 5707 15300 11817 4110 5402 13380 1324 15836 15561 12238 14867 10183 8523 7993 7778 2226 5598 13974 14150 6538 9801 4919 17685 7794 15545 9593 17499 3100 9706 15669 12955 6830 10186 7357 5072 5251 3395 17913 9689 1890 11424 11568 7140 5419 7772 20934 9305 15452 10189 6934 11430 7723 5854 16481 5129 3957 5610 17122 6462 4003 0 13065 8746 14251 8293 5638
10971 2811 4362 17510 5966 9264 12338 22283 14572 8948 12865 9029 3575 18900 7969 7682 19448 14124 17217 12864 17046 9842 5984 8600 17293 16280 20946 8105 16141 12984 15173 17035 3501 20699 15035 7466 18917 7782 11195 17335 18403 13922 21513 8367 20076 1905 9555 11239 8964 17897 13826 16346 1559 17108 16783 8990 9536 16748 15165 18536 5244 12223 14645 19517 20562 13137 16817 16092 6245 17551 14990 15363 14617 18260 13527 1729 12403 18024 17268 5606 17328 4002 17501 6202 9668 20494 14788 18003 8806 15616 10810 18307 10577 6647 16003 13065 0 7250 5445 16580 7430
8689 10055 2934 14064 7323 2200 5089 15045 7736 6833 9931 1786 4509 11733 6120 3862 12375 7203 10103 9868 13190 5502 1378 5793 12301 9340 13739 2679 10244 5805 7933 9887 6249 13722 8844 4159 12022 3169 9413 14063 11252 8994 14366 6818 12843 8381 2840 3992 1743 11122 10487 9951 8747 10263 10158 2181 3860 11308 8059 11768 2006 9167 11461 12558 13495 6797 10110 8842 2719 13817 8480 11976 10334 11142 10104 6456 5698 11479 14057 6005 13428 3865 10931 1590 2686 13365 7669 12043 7736 9244 5066 12734 8491 4166 12630 8746 7250 0 5786 9511 5068
13385 7387 4786 12067 9804 7883 10004 19639 13306 11284 14982 7208 2525 16733 10333 8750 15812 12725 15276 14942 11632 4987 4598 3377 18027 12548 17676 8157 16029 11032 12371 13700 2029 19015 14613 8824 14981 3912 13918 19364 15013 14666 18000 2923 17533 5073 6463 8878 7268 16653 15718 15670 6793 13186 15792 6192 9539 11758 13324 14444 4680 6797 16667 17897 16872 8984 15702 13436 7027 19265 14186 17270 9321 16275 15353 6209 8708 17127 19337 8812 11916 5821 13237 4201 8386 18417 12925 17819 3409 14977 10807 18519 5134 8327 17935 14251 5445 5786 0 14782 9383
11286 19380 12236 17113 14220 7354 4805 6156 2322 11132 10777 7769 14002 2478 11344 9734 6790 2548 726 10667 15913 11544 10886 13082 8031 6351 6459 8686 5011 3762 3558 4980 15680 4239 4029 10147 7689 10985 12122 12226 5488 7161 7579 14478 4064 17869 8401 5908 7777 2374 10355 3368 17978 7130 2522 8593 7511 11943 1464 8178 11444 14463 10992 3117 7567 8311 2158 2784 10551 11297 3048 10902 13516 1715 10094 15447 7359 3421 12323 13157 16009 12708 8592 10953 6922 3934 1862 5532 15328 3404 6611 6917 15018 10915 11251 8293 16580 9511 14782 0 10876
4002 9843 4605 19129 3344 5208 8154 17015 8580 1909 5687 5735 7064 13354 1056 1415 15793 8347 11594 5661 18257 10544 5315 10571 9886 13213 16594 2948 9066 8111 10922 13228 8740 14530 8234 985 15817 8109 4564 10162 14493 6564 17467 11337 14856 9252 7662 7491 5545 11524 6542 9630 8358 14226 10284 7046 3465 16178 9708 15759 4831 14155 7437 13365 16877 11463 10420 11485 2514 10240 8503 8107 15398 12576 6211 5788 10178 11361 10115 2373 18494 3827 15183 5931 5226 14723 9419 10889 12193 8930 4282 11015 13277 1060 8767 5638 7430 5068 9383 10876 0
1 4 10 6
2 10 5 3
3 7 9 2
4 10 3 5
5 8 3 1
6 11 6 0
7 7 4 1
8 4 8 3
9 10 5 4
10 4 9 6
11 12 5 1
12 9 9 5
13 7 4 5
14 10 6 3
15 10 10 5
16 8 10 3
17 7 9 5
18 8 9 9
19 5 4 2
20 10 7 6
21 7 10 4
22 12 6 6
23 7 10 2
24 6 7 3
25 7 9 3
26 6 3 3
27 10 7 5
28 8 7 1
29 8 8 2
30 9 7 4
31 9 5 1
32 10 0 6
33 9 3 5
34 3 11 4
35 8 7 1
36 6 7 3
37 2 3 2
38 3 7 2
39 8 7 2
40 15 10 4
41 10 11 4
42 6 7 3
43 7 4 6
44 4 10 4
45 7 8 6
46 8 7 2
47 8 10 7
48 8 6 1
49 8 8 1
50 11 9 7
51 1 6 3
52 9 6 4
53 3 8 3
54 8 2 8
55 7 4 6
56 5 11 4
57 6 6 2
58 8 8 3
59 8 9 6
60 9 4 3
61 4 10 6
62 7 7 3
63 4 8 4
64 9 10 3
65 8 7 2
66 10 5 6
67 9 6 4
68 6 9 2
69 8 5 5
70 7 0 1
71 8 4 4
72 7 12 3
73 8 9 5
74 6 7 7
75 8 9 6
76 7 1 5
77 7 8 0
78 9 4 0
79 2 7 5
80 10 4 8
81 8 4 0
82 7 6 4
83 5 8 2
84 3 9 3
85 8 6 4
86 3 8 4
87 8 3 5
88 10 4 2
89 4 8 6
90 6 5 3
91 5 5 1
92 7 10 1
93 5 4 0
94 9 7 2
95 9 11 4
96 7 7 3
97 7 8 0
98 7 8 3
99 7 6 3
100 10 5 6
