500 100 3
30 60 700 9.00
0 4 40 3
0 7 15 2
0 8 77 2
0 10 57 1
0 5 2 1
0 2 94 2
0 5 24 3
0 5 94 2
0 10 55 1
0 10 47 3
0 2 32 2
0 20 30 2
0 16 63 1
0 12 54 2
0 20 39 3
0 14 85 1
0 4 19 3
0 1 98 1
0 4 77 2
0 2 9 2
0 3 66 1
0 17 2 2
0 3 86 3
0 2 69 2
0 22 86 3
0 8 75 1
0 1 89 3
0 12 44 3
0 12 99 2
0 3 33 2
0 2 12 2
0 8 64 1
0 18 48 3
0 3 11 1
0 6 93 2
0 4 82 2
0 1 23 1
0 23 34 2
0 4 38 2
0 5 75 2
0 6 90 2
0 18 82 1
0 6 87 1
0 2 57 2
0 13 80 3
0 6 41 1
0 22 87 2
0 3 51 3
0 20 93 1
0 3 37 1
0 12 32 3
0 14 37 2
0 24 26 2
0 20 14 3
0 6 77 3
0 5 46 2
0 3 42 2
0 1 78 1
0 8 8 2
0 13 34 3
0 7 1 3
0 8 83 3
0 1 31 2
0 3 51 1
0 19 49 3
0 16 30 3
0 3 54 3
0 10 39 3
0 7 36 2
0 12 78 1
0 2 21 3
0 6 21 2
0 1 7 3
0 1 98 2
0 1 20 1
0 16 90 3
0 12 97 2
0 7 47 2
0 24 34 1
0 10 77 1
0 22 18 3
0 3 21 1
0 16 64 3
0 13 95 3
0 4 81 2
0 7 28 2
0 2 83 1
0 5 83 1
0 8 22 1
0 13 95 2
0 20 57 1
0 8 39 2
0 13 97 3
0 9 1 3
0 9 96 3
0 1 10 1
0 5 35 3
0 2 10 2
0 19 37 3
0 17 32 2
0 4 49 3
0 5 46 3
0 6 17 2
0 3 90 1
0 1 10 1
0 14 89 1
0 7 58 1
0 4 39 1
0 22 33 2
0 16 21 1
0 17 30 2
0 3 58 2
0 9 30 1
0 19 81 2
0 4 82 2
0 21 48 1
0 1 56 3
0 10 68 3
0 8 92 1
0 14 80 1
0 8 96 2
0 19 6 3
0 10 68 1
0 4 19 2
0 16 24 1
0 2 76 3
0 1 100 1
0 4 29 3
0 4 55 1
0 7 31 2
0 6 73 1
0 4 58 3
0 19 92 3
0 5 75 2
0 8 57 2
0 7 62 2
0 2 12 2
0 7 29 3
0 24 80 1
0 3 90 3
0 1 29 2
0 6 39 1
0 23 82 3
0 14 51 1
0 15 25 2
0 9 25 1
0 19 80 3
0 4 98 3
0 18 14 3
0 24 58 2
0 16 70 3
0 9 32 3
0 1 59 1
0 7 89 3
0 11 89 1
0 18 18 3
0 13 69 1
0 3 45 2
0 13 31 3
0 1 32 1
0 1 37 2
0 11 23 3
0 3 33 3
0 9 14 3
0 2 54 3
0 22 83 3
0 3 1 3
0 7 19 3
0 2 95 1
0 3 45 1
0 6 82 1
0 10 86 1
0 3 49 1
0 22 59 1
0 6 35 1
0 15 70 2
0 10 39 2
0 20 93 3
0 4 6 2
0 11 17 2
0 1 63 1
0 10 50 1
0 13 29 1
0 2 87 3
0 9 56 3
0 12 96 2
0 4 99 1
0 12 40 2
0 1 18 1
0 4 7 3
0 21 25 1
0 2 67 2
0 1 23 2
0 6 62 3
0 1 52 3
0 10 58 1
0 7 70 3
0 23 60 3
0 2 65 2
0 3 67 2
0 17 9 1
0 16 21 2
0 3 57 3
0 6 92 3
0 3 38 1
0 17 83 2
0 10 12 1
0 2 78 2
0 9 34 1
0 13 37 3
0 18 5 3
0 7 53 3
0 7 65 2
0 1 19 3
0 24 71 3
0 2 43 1
0 12 3 3
0 6 61 3
0 6 87 1
0 7 21 1
0 3 41 1
0 10 37 1
0 1 29 1
0 11 67 1
0 23 98 2
0 3 36 2
0 4 33 3
0 25 23 2
0 1 49 2
0 20 82 2
0 2 97 1
0 10 97 2
0 11 64 2
0 18 63 2
0 18 100 3
0 14 85 1
0 11 86 1
0 5 6 1
0 4 39 1
0 4 28 2
0 1 73 3
0 9 11 1
0 5 84 3
0 21 78 3
0 18 52 2
0 21 2 3
0 14 83 2
0 1 2 2
0 4 79 1
0 16 45 2
0 10 73 1
0 9 78 2
0 2 23 2
0 3 50 2
0 2 87 3
0 1 55 1
0 1 43 1
0 1 70 2
0 7 4 2
0 14 62 1
0 22 38 2
0 6 86 1
0 5 82 3
0 24 4 1
0 6 10 2
0 6 100 2
0 12 79 2
0 1 54 2
0 18 47 3
0 1 41 2
0 4 75 2
0 3 92 1
0 4 21 1
0 14 2 1
0 4 27 3
0 19 65 3
0 4 12 1
0 17 11 2
0 2 58 2
0 18 4 2
0 8 2 3
0 8 64 1
0 19 95 1
0 1 5 1
0 9 33 2
0 13 47 2
0 1 14 2
0 8 40 3
0 6 43 1
0 2 60 3
0 3 37 1
0 3 84 3
0 1 10 1
0 13 2 1
0 8 34 1
0 23 1 3
0 6 94 3
0 15 23 3
0 1 23 3
0 8 4 1
0 11 44 1
0 10 21 2
0 13 14 2
0 1 81 2
0 2 44 3
0 4 96 1
0 15 40 2
0 5 42 1
0 3 89 2
0 6 33 3
0 14 26 1
0 3 83 2
0 15 9 3
0 22 49 1
0 17 46 3
0 4 90 3
0 24 9 2
0 4 51 1
0 7 98 3
0 21 8 1
0 13 36 3
0 8 22 1
0 1 25 1
0 21 84 3
0 3 12 1
0 18 84 1
0 4 57 2
0 10 51 2
0 24 88 3
0 3 19 2
0 25 70 3
0 1 80 2
0 18 99 3
0 1 70 3
0 4 19 2
0 2 90 3
0 3 53 2
0 1 42 1
0 6 10 2
0 22 58 1
0 3 1 1
0 4 35 3
0 7 9 2
0 15 82 3
0 3 10 2
0 8 53 2
0 10 82 3
0 6 1 3
0 3 49 3
0 3 93 1
0 7 79 1
0 3 73 2
0 5 74 2
0 7 43 1
0 6 81 1
0 25 60 2
0 19 67 1
0 12 78 1
0 6 34 3
0 6 21 3
0 14 25 2
0 2 24 3
0 4 64 3
0 3 73 1
0 21 100 3
0 17 40 2
0 15 37 2
0 5 11 2
0 12 25 2
0 20 55 2
0 3 68 3
0 19 50 1
0 10 93 1
0 15 13 2
0 2 19 1
0 3 31 3
0 3 49 3
0 5 41 2
0 5 80 3
0 2 60 2
0 7 37 2
0 1 50 1
0 20 30 3
0 5 38 3
0 9 95 3
0 15 64 3
0 1 4 1
0 2 89 3
0 14 46 1
0 5 28 1
0 2 66 3
0 14 56 1
0 6 65 2
0 5 82 2
0 14 8 2
0 24 34 2
0 13 26 2
0 12 45 1
0 10 20 3
0 4 99 2
0 11 53 3
0 2 47 3
0 1 11 3
0 19 56 3
0 15 83 2
0 3 85 3
0 7 75 1
0 8 36 1
0 13 10 2
0 13 14 2
0 2 99 2
0 13 53 2
0 1 11 2
0 4 59 2
0 2 8 1
0 7 99 1
0 6 40 1
0 19 76 3
0 1 73 3
0 2 3 3
0 14 74 2
0 16 61 2
0 7 2 2
0 16 6 3
0 19 32 2
0 4 98 3
0 15 17 1
0 13 74 2
0 15 75 2
0 2 69 3
0 6 71 3
0 9 29 2
0 8 84 2
0 10 54 2
0 5 56 3
0 6 23 2
0 18 31 1
0 1 99 1
0 9 7 1
0 6 8 3
0 21 54 2
0 7 71 3
0 15 70 2
0 2 31 2
0 9 60 2
0 1 78 3
0 18 44 3
0 5 73 2
0 4 51 1
0 12 26 2
0 1 52 3
0 18 20 2
0 5 38 2
0 1 57 3
0 11 33 1
0 13 78 3
0 7 13 1
0 3 61 3
0 8 13 3
0 5 7 2
0 13 86 2
0 8 39 2
0 15 7 3
0 7 90 1
0 8 47 1
0 1 82 2
0 4 7 3
0 8 2 2
0 5 25 3
0 6 7 1
0 1 47 1
0 3 31 2
0 4 12 2
0 15 63 1
0 14 5 1
0 22 9 3
0 1 78 2
0 24 53 1
0 13 63 2
0 5 99 1
0 1 52 1
0 13 74 3
0 6 69 3
0 2 6 2
0 21 67 1
0 2 38 2
0 16 60 3
0 19 27 3
0 2 45 3
0 12 57 3
0 9 83 2
0 2 28 3
0 4 73 2
0 4 21 3
0 23 63 2
0 8 56 1
0 8 99 1
0 3 68 1
0 1 11 2
0 2 79 3
0 10390 3955 11853 5627 14669 9975 18763 10012 13334 12065 17171 2869 12289 19014 9052 8771 12292 19493 2332 13294 3773 14184 14510 9139 8147 6246 12441 23131 13535 1722 16621 10343 15952 9130 19877 11020 1430 10002 647 7331 9908 12135 16355 16132 7690 5056 18957 9317 9420 15413 17043 10501 11176 763 14074 5208 8742 11353 11470 11257 9425 5800 6151 15744 14336 20707 17970 14331 6662 9946 14724 16512 13729 14922 2846 13036 8752 2015 19334 7930 12144 8351 13143 10084 15392 10652 5255 12306 17420 12535 16441 12338 4599 13503 5864 5758 3235 14580 15610 21427
10390 0 12947 14785 5063 4466 9337 14223 637 2963 9646 11221 7633 10286 13679 11562 3359 1905 13090 8754 10733 9289 3953 6528 8255 4304 4320 17150 16987 16077 9003 6674 6459 5697 3582 13432 2281 10277 10022 11013 4925 3464 14980 18805 14527 9150 6910 15378 14058 11952 12971 12944 8209 5009 11125 11204 7231 8283 16811 7897 927 12869 5742 4398 14480 14119 15145 9976 8321 7267 1589 16392 16930 17273 4549 12440 10427 2218 11793 13758 7366 5719 10551 13686 2719 14692 7260 13462 16837 7419 9178 16433 14761 10193 12175 13264 5307 11613 18264 11564 16023
3955 12947 0 15518 8884 16808 13926 22678 12446 15727 15994 20959 5580 16235 22882 12913 10494 14763 23267 4292 17235 7720 16372 17932 13067 11622 8632 15701 26969 17184 4285 19526 14101 18644 12493 23652 12954 3022 13956 3823 10887 13245 15800 19915 20078 11644 6260 22906 12810 13261 19367 20964 14399 14706 3812 18013 9058 12675 14476 15315 13868 13151 9392 8559 19683 18245 24574 21482 18045 10547 12095 18454 20335 17188 17274 1215 16973 10942 4945 23187 11821 15705 12266 17027 13273 19311 14476 8114 15620 19271 16429 20301 16055 8460 17456 8990 7689 6610 17968 19518 25311
11853 14785 15518 0 11264 18694 5674 11208 14962 17000 6763 11925 12518 6241 12249 3374 16010 16103 13804 13290 6838 8417 18209 13233 6590 10503 13565 3004 16091 1683 12714 17290 8912 17702 11239 14105 16846 13237 4926 11769 10041 11581 283 4572 6611 5807 14930 10319 2912 2944 7174 9743 7165 10916 11756 7282 8788 6510 3694 8184 15063 2462 9999 13490 6059 4316 13629 14921 10906 7883 15690 2989 5144 2488 18202 14303 6888 14982 10588 12726 7442 11082 4414 3113 12334 5305 8268 7880 2641 21601 7767 5373 722 7332 5401 6847 14240 8912 3479 9051 13969
5627 5063 8884 11264 0 9517 6877 14572 4845 8012 8322 12376 3320 8784 14518 7890 4863 6945 14628 4638 9622 4304 9008 9049 5714 2791 2305 13116 18450 12801 4609 11002 5643 10397 3609 15010 6354 5911 7311 6201 2217 4366 11509 15706 13161 5507 4389 15187 9829 8322 11976 12955 6578 5861 6305 10328 2582 5483 12521 7103 5839 8983 1285 2234 12925 11988 16181 12604 9359 3448 5141 13511 14658 13665 9585 8099 9314 4106 6794 14759 4352 6873 6857 11141 4467 12851 6226 8450 12848 12436 8408 14343 11447 5327 10478 8345 3156 6553 14649 11458 16982
14669 4466 16808 18694 9517 0 13056 15750 4701 1697 12788 12412 11833 13452 14851 15633 6341 2686 13693 12821 13630 13754 516 7490 12109 8511 8435 21249 17318 19832 13165 4857 9875 3308 7570 13961 3870 14379 13790 15306 9248 7126 18861 22396 17263 13310 10556 17235 18284 15994 15582 14855 11691 7968 15420 13908 11671 12227 21028 11013 3820 16985 10193 8527 17337 17339 16011 9896 10134 11570 4756 19930 20101 21167 1100 16465 13360 5947 16184 14782 11461 8200 14668 17155 6393 17712 10614 17927 20920 2987 12073 19517 18573 14642 15277 17716 9163 16070 22142 13711 16886
9975 9337 13926 5674 6877 13056 0 8900 9601 11369 2248 8008 9301 2330 9362 3125 11098 10508 10273 10449 3353 6264 12579 7825 1183 5225 9078 8433 13537 6787 10062 11731 3239 12055 5756 10640 11513 11050 751 10209 5030 5991 5823 9468 6377 2367 11169 8982 6044 3330 5452 7167 1565 5247 10253 4135 5099 1404 8540 2773 9511 4448 5639 9028 6090 5126 11027 10160 5960 3633 10429 7062 7859 8123 12535 12811 3125 9914 9678 9747 2526 5489 2626 4420 6757 5975 2635 8659 8081 15941 3050 7493 5517 5876 3673 7811 10032 8257 9092 5822 11665
18763 14223 22678 11208 14572 15750 8900 0 14780 14492 6712 3378 17615 6584 1420 11120 17234 14209 3421 18879 5555 15132 15471 8270 9626 11945 16265 14020 4905 10849 18603 11750 8935 13023 11627 3541 16405 19715 9095 19050 12357 11204 11108 11572 4843 11267 18907 1822 13415 11023 4067 1734 8283 9399 19101 4780 13634 10029 14900 7488 13788 11903 13611 16256 5369 6961 2423 6792 5906 12134 15778 9713 8083 12501 14762 21609 5776 15899 18578 1864 10861 8537 11194 8095 11749 6195 8364 17313 13685 17781 6267 7354 10542 14771 6076 16365 17434 17142 13039 3163 2839
10012 637 12446 14962 4845 4701 9601 14780 0 3331 10036 11812 7215 10666 14262 11696 2722 2322 13703 8294 11155 9127 4200 7154 8490 4459 3851 17254 17604 16295 8574 7254 6834 6220 3867 14048 1912 9831 10266 10643 4991 3862 15166 19057 14954 9261 6350 15904 14114 12096 13422 13473 8544 5497 10756 11652 7147 8488 16865 8310 1510 12979 5646 3934 14888 14466 15743 10612 8887 7315 998 16664 17276 17448 4915 11976 10846 1608 11485 14350 7522 6255 10672 13984 3153 15073 7635 13290 16947 7592 9614 16797 14968 10080 12554 13140 4774 11389 18441 12078 16618
13334 2963 15727 17000 8012 1697 11369 14492 3331 0 11163 11213 10546 11827 13685 13937 5475 1068 12687 11616 12048 12188 1210 6239 10414 6837 7176 19553 16435 18149 11905 4541 8202 3187 5880 12982 3149 13158 12101 13961 7593 5429 17169 20732 15728 11620 9544 15901 16596 14298 14065 13490 10020 6325 14074 12363 10064 10530 19338 9381 2199 15290 8603 7262 15779 15718 14947 9055 8737 9903 3665 18270 18495 19475 1589 15293 11770 4787 14757 13659 9769 6629 12974 15499 4697 16126 8951 16360 19223 4664 10481 17924 16885 13039 13669 16112 8038 14552 20452 12281 15830
12065 9646 15994 6763 8322 12788 2248 6712 10036 11163 0 5817 11106 664 7118 5056 11959 10451 8050 12323 1303 8421 12354 6520 2928 6086 10332 9732 11293 7432 11996 10656 3205 11245 6234 8413 11917 13060 2644 12340 6207 6184 6829 9708 4983 4594 12708 6970 7860 5136 3658 4984 1744 4844 12390 2046 6997 3323 10100 1786 9603 6223 7202 10299 4865 4556 8789 8283 4162 5488 10963 7234 7344 8997 12106 14910 1004 10678 11884 7500 4230 4652 4787 4462 6930 5048 2407 10890 9368 15518 1012 6807 6383 8107 2535 10020 11403 10493 9888 3592 9443
17171 11221 20959 11925 12376 12412 8008 3378 11812 11213 5817 0 15605 6037 2484 10844 14388 11008 2327 16914 5179 13798 12151 4974 8347 9610 13777 14913 6075 12040 16735 8382 6859 9645 9069 2711 13319 17942 8460 17549 10190 8517 11905 13447 6701 10245 16542 5045 13548 10880 5199 3047 6879 6718 17617 4646 11964 8768 15532 5745 10693 11924 11608 13783 7084 8196 3944 3653 3059 10549 12803 11235 10149 13728 11408 19980 5225 13066 17329 2539 9318 5746 10599 8961 8945 7826 6525 16662 14554 14403 4964 9414 11369 13696 6540 15819 14978 16077 14444 2933 4812
2869 7633 5580 12518 3320 11833 9301 17615 7215 10546 11106 15605 0 11469 17666 9318 5914 9520 17883 1321 12400 4170 11355 12359 8254 6095 3398 13719 21667 14175 1377 14052 8779 13276 6922 18266 8154 2679 9542 3515 5423 7669 12791 17089 15674 7343 2611 18071 10415 9738 14686 15948 9399 9175 3631 13150 4208 7922 12827 10134 8526 10067 4019 3305 15364 14182 19346 15922 12621 5675 7093 15155 16651 14693 12130 4877 12109 5898 4652 17933 6889 10184 8406 13142 7697 15155 9264 7388 13519 14559 11363 16453 12870 5352 12972 7700 2917 5231 15624 14462 20124
12289 10286 16235 6241 8784 13452 2330 6584 10666 11827 664 6037 11469 0 7119 4817 12544 11111 8201 12660 1029 8592 13017 7120 3221 6647 10845 9231 11285 6831 12307 11273 3832 11888 6846 8553 12553 13333 2539 12535 6714 6822 6290 9058 4421 4690 13159 6673 7527 4843 3220 4851 2248 5507 12580 1807 7311 3582 9663 2448 10256 5896 7628 10808 4266 3893 8761 8714 4667 5808 11586 6587 6685 8419 12767 15130 844 11274 12002 7527 4581 5310 4683 3823 7573 4408 3031 10824 8867 16179 1559 6155 5825 8188 1889 9919 11893 10559 9294 3563 9370
19014 13679 22882 12249 14518 14851 9362 1420 14262 13685 7118 2484 17666 7119 0 11840 16808 13491 2001 18957 6113 15479 14604 7450 9945 11805 16059 15130 4175 12018 18727 10651 8893 11991 11363 2131 15795 19887 9658 19343 12305 10863 12172 12898 6101 11711 18778 3226 14294 11789 5081 2507 8527 9049 19401 5386 13826 10362 15941 7570 13169 12734 13648 16059 6603 8097 1693 5541 5413 12352 15257 10955 9427 13689 13830 21852 6278 15479 18976 487 11085 8114 11800 9145 11337 7424 8422 17942 14786 16738 6494 8692 11609 15222 6953 17028 17250 17610 14273 3557 2465
9052 11562 12913 3374 7890 15633 3125 11120 11696 13937 5056 10844 9318 4817 11840 0 12643 12991 13015 10202 5760 5374 15136 10931 3644 7258 10193 5616 15962 4936 9671 14756 6166 14969 8083 13365 13558 10358 2472 9091 6728 8516 3619 7859 7422 2455 11646 10762 2923 434 7180 9435 4672 8153 9101 6457 5437 3439 5508 5898 11913 1378 6624 10118 6957 5382 13428 13246 9052 4517 12384 5836 7467 5808 15231 11718 5650 11637 8154 12271 4201 8531 1044 4121 9241 6475 5687 6243 5290 18586 6010 7392 3593 4459 5109 5262 10888 6520 6801 8312 13957
8771 3359 10494 16010 4863 6341 11098 17234 2722 5475 11959 14388 5914 12544 16808 12643 0 4687 16350 6686 13172 8957 5932 9846 9922 5922 2781 17971 20260 17484 7129 9806 8797 8617 5773 16702 2472 8240 11672 9418 6089 6055 16242 20350 16941 10203 4234 18243 14692 13069 15511 15838 10319 7840 9534 13750 7445 9813 17383 10348 4180 13800 6055 2881 16810 16170 18331 13330 11399 8127 1895 18056 18945 18448 6921 10230 12856 1335 10535 16924 8720 8709 11600 15512 5486 16894 9571 12914 17698 8804 11700 18536 16131 10076 14398 12980 3019 10835 19439 14395 19200
12292 1905 14763 16103 6945 2686 10508 14209 2322 1068 10451 11008 9520 11111 13491 12991 4687 0 12637 10614 11403 11122 2173 6065 9514 5829 6171 18606 16458 17294 10885 5128 7399 3952 4910 12951 2595 12148 11230 12916 6562 4524 16279 19924 15136 10644 8627 15536 15611 13360 13501 13106 9214 5612 13028 11769 9008 9608 18358 8665 1140 14334 7541 6253 15156 15001 14833 9174 8356 8884 2808 17473 17795 18585 2646 14297 11115 3851 13695 13503 8804 6047 12013 14716 3768 15461 8170 15295 18281 5673 9829 17246 16013 11982 12976 15056 7081 13484 19566 11832 15718
19493 13090 23267 13804 14628 13693 10273 3421 13703 12687 8050 2327 17883 8201 2001 13015 16350 12637 0 19196 7271 16124 13501 6601 10660 11848 15933 16746 3914 13723 19032 9216 9167 10651 11239 385 15076 20248 10684 19875 12461 10640 13753 14782 7952 12542 18729 5223 15633 13019 6739 4194 9194 8876 19943 6639 14287 11082 17468 8072 12473 14030 13900 15945 8424 9802 2374 3940 5270 12876 14678 12749 11340 15408 12631 22297 7365 15049 19655 1595 11645 7874 12835 10743 10997 9230 8851 18932 16395 15336 7247 10601 13199 16008 8414 18070 17139 18392 16044 4787 3219
2332 8754 4292 13290 4638 12821 10449 18879 8294 11616 12323 16914 1321 12660 18957 10202 6686 10614 19196 0 13610 4874 12358 13669 9440 7415 4443 14252 22971 14964 661 15265 10077 14436 8236 19580 9050 1561 10639 2932 6738 8977 13568 17856 16801 8386 2743 19293 11003 10609 15870 17202 10635 10496 3042 14368 5355 9090 13265 11409 9664 10828 5313 4361 16470 15225 20639 17238 13937 6853 8065 16022 17618 15362 13188 3686 13324 6878 4334 19229 8094 11505 9346 14136 8984 16224 10543 7439 14079 15458 12618 17456 13692 5982 14107 7917 3686 5314 16264 15722 21411
13294 10733 17235 6838 9622 13630 3353 5555 11155 12048 1303 5179 12400 1029 6113 5760 13172 11403 7271 13610 0 9610 13217 6911 4186 7340 11614 9843 10272 7213 13273 11096 4378 11835 7414 7614 13013 14319 3556 13548 7496 7293 6851 9188 3798 5717 14010 5689 8378 5749 2369 3823 3045 5804 13595 782 8273 4564 10380 2848 10620 6764 8505 11583 3759 3825 7744 8098 4258 6764 12103 6754 6494 8859 12881 16137 316 11877 13029 6529 5516 5430 5689 4105 8016 4082 3602 11831 9480 16267 1574 5889 6345 9217 1749 10915 12695 11587 9680 2561 8344
3773 9289 7720 8417 4304 13754 6264 15132 9127 12188 8421 13798 4170 8592 15479 5374 8957 11122 16124 4874 9610 0 13240 11816 5535 5772 6185 9561 19635 10090 4312 14622 7164 14268 6866 16506 10652 5004 6243 3951 4890 7614 8694 12985 12360 3937 6717 15237 6247 5768 11670 13402 6965 8431 3991 10392 2256 5120 8719 8053 9990 5955 3599 6088 11972 10581 17166 15049 11134 3317 9442 11163 12835 10533 13729 6573 9367 8375 3533 15827 4487 9293 4602 9413 8037 11628 7307 4174 9354 16701 8987 12725 8820 1199 9738 4050 6432 2529 11457 12004 17851
14184 3953 16372 18209 9008 516 12579 15471 4200 1210 12354 12151 11355 13017 14604 15136 5932 2173 13501 12358 13217 13240 0 7201 11621 8001 7958 20752 17171 19359 12693 4845 9411 3324 7066 13778 3469 13914 13311 14820 8734 6634 18379 21938 16873 12806 10129 16927 17777 15498 15200 14535 11228 7521 14934 13512 11156 11734 20522 10574 3305 16485 9678 8050 16937 16907 15801 9752 9797 11058 4295 19475 19678 20684 1144 16010 12944 5481 15685 14550 10959 7790 14167 16702 5896 17298 10157 17414 20423 3501 11655 19100 18095 14126 14851 17200 8711 15561 21661 13364 16680
14510 6528 17932 13233 9049 7490 7825 8270 7154 6239 6520 4974 12359 7120 7450 10931 9846 6065 6601 13669 6911 11816 7201 0 7423 6365 9833 16150 10474 13948 13655 4185 4948 5049 5439 6931 8475 14952 8540 15013 7186 4691 13319 16094 10154 9291 12677 9750 13853 11155 8442 7392 6263 3389 15103 6950 9623 7756 16356 5088 5876 12272 8715 9866 10330 10731 8768 3610 2807 8575 8111 13645 13309 15515 6532 17126 6715 8582 15205 7443 7670 2563 10253 10923 4787 10848 5261 15511 15789 9717 5563 12648 12892 12146 8660 14895 11030 14329 16407 6354 9653
9139 8255 13067 6590 5714 12109 1183 9626 8490 10414 2928 8347 8254 3221 9945 3644 9922 9514 10660 9440 4186 5535 11621 7423 0 4074 7899 9197 14105 7822 9090 11131 2539 11325 4679 11037 10398 10136 1779 9426 3848 4992 6766 10568 7479 1962 10034 9875 6517 3953 6433 7904 1469 4510 9480 4957 4091 422 9152 2688 8484 5022 4493 7850 7220 6308 11632 10100 5947 2587 9296 8191 9042 9071 11647 11985 3912 8749 9037 10296 1384 4941 2847 5590 5746 7140 2185 8418 8856 15030 3457 8675 6515 5349 4780 7665 8866 7733 10054 6480 12320
8147 4304 11622 10503 2791 8511 5225 11945 4459 6837 6086 9610 6095 6647 11805 7258 5922 5829 11848 7415 7340 5772 8001 6365 4074 0 4340 12849 15686 11844 7338 8850 3054 8543 1095 12229 6352 8618 5852 8660 885 1847 10707 14631 11062 4851 6976 12698 9791 7651 9705 10385 4407 3084 8752 7975 3518 4039 12542 4602 4712 8568 2369 4323 10908 10253 13453 9867 6578 3069 5227 12266 13037 12990 8268 10776 7024 4698 8954 12026 3067 4090 6248 9643 2301 10973 3760 9824 12534 11496 5957 12617 10512 6407 8483 9438 5491 8290 13982 8893 14268
6246 4320 8632 13565 2305 8435 9078 16265 3851 7176 10332 13777 3398 10845 16059 10193 2781 6171 15933 4443 11614 6185 7958 9833 7899 4340 0 15356 19824 15107 4737 10914 7392 10015 4708 16306 4794 5982 9556 6888 4131 5298 13811 18011 15259 7811 2844 17037 12048 10625 13982 14721 8603 7064 7003 12279 4826 7706 14703 8934 5238 11266 3586 101 15056 14204 17679 13442 10718 5746 3700 15807 16907 15956 8754 8127 11300 2506 7878 16251 6574 8058 9160 13402 5050 15030 8079 10138 15097 11177 10283 16568 13752 7320 12608 10199 1209 8074 16938 13231 18514
12441 17150 15701 3004 13116 21249 8433 14020 17254 19553 9732 14913 13719 9231 15130 5616 17971 18606 16746 14252 9843 9561 20752 16150 9197 12849 15356 0 18855 3271 13620 20151 11649 20481 13697 17037 19086 13871 7686 12204 12264 14129 3008 4726 9270 8000 16277 12973 3329 5259 10052 12634 9977 13659 12162 10275 10540 9035 1397 11070 17525 4281 11923 15271 8719 7059 16441 17924 13889 9963 17893 4715 6991 1978 20834 14506 9891 17068 10814 15612 9808 13914 6602 6004 14857 7911 11066 7607 364 24198 10741 7459 3550 8369 8376 6713 15853 9241 2387 12021 16719
23131 16987 26969 16091 18450 17318 13537 4905 17604 16435 11293 6075 21667 11285 4175 15962 20260 16458 3914 22971 10272 19635 17171 10474 14105 15686 19824 18855 0 15638 22774 12633 12897 14144 15121 3558 18937 23961 13824 23476 16259 14539 15982 16023 9594 15885 22606 5955 18316 15888 8972 6531 12673 12760 23538 9529 17929 14523 19777 11663 16349 16793 17659 19833 10142 11808 2534 7422 9120 16473 18574 14406 12538 17256 16233 25960 10447 18961 23141 3809 15213 11767 15961 12983 14909 10959 12493 22101 18527 18680 10649 11852 15415 19396 10969 21177 21029 21784 17717 7725 2140
13535 16077 17184 1683 12801 19832 6787 10849 16295 18149 7432 12040 14175 6831 12018 4936 17484 17294 13723 14964 7213 10090 19359 13948 7822 11844 15107 3271 15638 0 14392 18085 9965 18617 12501 13992 18196 14920 6070 13445 11450 12775 1401 2925 6044 7302 16561 9727 4467 4503 6984 9553 8161 11933 13430 7497 10373 7807 4425 9034 16291 4139 11525 15034 5499 3925 13260 15271 11442 9381 17064 1527 3827 1690 19275 15969 7333 16413 12247 12504 8817 11976 5952 3119 13540 4679 9259 9453 2981 22691 8390 4223 1356 9014 5562 8432 15823 10574 2470 9109 13499
1722 9003 4285 12714 4609 13165 10062 18603 8574 11905 11996 16735 1377 12307 18727 9671 7129 10885 19032 661 13273 4312 12693 13655 9090 7338 4737 13620 22774 14392 0 15426 9880 14652 8216 19416 9442 1311 10216 2347 6611 8975 12993 17274 16386 7938 3336 18962 10385 10072 15503 16912 10333 10421 2460 14039 5001 8727 12621 11161 9899 10253 5133 4648 16042 14759 20414 17198 13790 6509 8414 15475 17110 14756 13486 3512 12993 7220 3699 19012 7769 11422 8841 13646 9038 15772 10304 6779 13452 15854 12337 16967 13131 5390 13702 7259 4110 4653 15652 15441 21173
16621 6674 19526 17290 11002 4857 11731 11750 7254 4541 10656 8382 14052 11273 10651 14756 9806 5128 9216 15265 11096 14622 4845 4185 11131 8850 10914 20151 12633 18085 15426 0 8594 1554 7757 9436 7649 16731 12472 17202 9733 7010 17393 20276 14264 12835 13582 13415 17648 15025 12556 11210 10176 6650 17306 11122 12366 11401 20251 9106 5751 16126 11129 10980 14470 14916 11586 5289 6941 11669 7915 17824 17476 19624 3761 18926 10898 8860 17710 10493 11044 6242 13969 15090 6624 15014 9098 18626 19794 6120 9724 16806 16990 15199 12844 18153 11966 17138 20534 10368 12435
10343 6459 14101 8912 5643 9875 3239 8935 6834 8202 3205 6859 8779 3832 8893 6166 8797 7399 9167 10077 4378 7164 9411 4948 2539 3054 7392 11649 12897 9965 9880 8594 0 8833 3038 9552 8722 11083 3989 10751 3426 2997 9056 12532 8162 4345 9975 9645 9054 6450 6716 7344 1818 2011 10825 4962 5158 2832 11670 1561 6478 7540 4764 7374 8067 7665 10568 7912 3999 3847 7758 10076 10475 11352 9313 13133 4063 7499 10673 9154 2774 2418 5383 7316 3756 8240 801 10619 11300 12727 2921 9974 8731 7319 5721 9964 8534 9604 12313 5849 11355
15952 5697 18644 17702 10397 3308 12055 13023 6220 3187 11245 9645 13276 11888 11991 14969 8617 3952 10651 14436 11835 14268 3324 5049 11325 8543 10015 20481 14144 18617 14652 1554 8833 0 7456 10888 6336 15941 12805 16555 9407 6773 17827 20945 15198 12889 12565 14632 17809 15272 13486 12352 10537 6825 16663 11952 12033 11549 20476 9584 4777 16347 10696 10090 15359 15655 13009 6756 7855 11515 6756 18475 18301 20098 2217 18119 11608 7793 17181 11864 11047 6642 14114 15707 6245 15848 9435 18364 20131 4758 10375 17656 17460 14950 13568 17971 10992 16748 21034 11392 13868
9130 3582 12493 11239 3609 7570 5756 11627 3867 5880 6234 9069 6922 6846 11363 8083 5773 4910 11239 8236 7414 6866 7066 5439 4679 1095 4708 13697 15121 12501 8216 7757 3038 7456 0 11615 5777 9515 6441 9662 1976 780 11427 15223 11201 5740 7490 12521 10717 8456 9741 10146 4685 2364 9758 7978 4612 4729 13458 4578 3833 9424 3412 4714 11099 10608 12974 9003 6010 4098 4750 12813 13416 13726 7261 11695 7100 4465 10013 11546 3894 3371 7103 10120 1232 11244 3829 10916 13373 10543 5927 12948 11192 7496 8726 10517 5910 9381 14714 8677 13812
19877 13432 23652 14105 15010 13961 10640 3541 14048 12982 8413 2711 18266 8553 2131 13365 16702 12951 385 19580 7614 16506 13778 6931 11037 12229 16306 17037 3558 13992 19416 9436 9552 10888 11615 0 15404 20633 11045 20259 12844 11011 14049 14995 8173 12916 19105 5312 15967 13364 7010 4445 9572 9251 20327 6971 14671 11459 17776 8454 12806 14367 14284 16318 8656 10068 2207 4148 5652 13260 15020 12993 11538 15675 12893 22682 7715 15403 20036 1679 12028 8248 13196 11033 11362 9468 9235 19299 16687 15553 7619 10800 13493 16385 8724 18433 17513 18770 16297 5112 3012
11020 2281 12954 16846 6354 3870 11513 16405 1912 3149 11917 13319 8154 12553 15795 13558 2472 2595 15076 9050 13013 10652 3469 8475 10398 6352 4794 19086 18937 18196 9442 7649 8722 6336 5777 15404 0 10611 12175 11665 6832 5733 17053 20966 16808 11112 6696 17610 15908 13963 15251 15173 10449 7282 11781 13485 8813 10388 18652 10175 2626 14823 7320 4893 16758 16369 17209 11726 10499 9126 1219 18575 19179 19328 4493 12652 12707 2317 12670 15846 9404 7956 12527 15896 4997 16961 9523 14762 18786 6413 11459 18693 16864 11677 14442 14698 5365 12770 20322 13813 18092
1430 10277 3022 13237 5911 14379 11050 19715 9831 13158 13060 17942 2679 13333 19887 10358 8240 12148 20248 1561 14319 5004 13914 14952 10136 8618 5982 13871 23961 14920 1311 16731 11083 15941 9515 20633 10611 0 11140 1797 7870 10276 13519 17756 17304 8834 4196 20005 10736 10738 16502 18011 11433 11699 1880 15092 6081 9756 12781 12317 11180 10796 6371 5897 16935 15579 21577 18484 15023 7584 9623 16083 17825 15146 14734 2201 14048 8434 3318 20185 8855 12694 9606 14416 10348 16619 11472 6640 13734 17019 13455 17727 13705 5936 14644 7284 5247 4660 16003 16553 22323
10002 10022 13956 4926 7311 13790 751 9095 10266 12101 2644 8460 9542 2539 9658 2472 11672 11230 10684 10639 3556 6243 13311 8540 1779 5852 9556 7686 13824 6070 10216 12472 3989 12805 6441 11045 12175 11140 0 10190 5585 6707 5079 8791 6172 2312 11526 9027 5367 2633 5437 7367 2297 5997 10226 4318 5339 1864 7817 3463 10221 3752 6046 9500 5831 4695 11298 10774 6581 3946 11074 6414 7351 7381 13278 12816 3380 10516 9553 10063 2986 6231 2154 3853 7471 5622 3381 8287 7333 16682 3557 7036 4785 5718 3505 7394 10463 8063 8353 6101 11898
647 11013 3823 11769 6201 15306 10209 19050 10643 13961 12340 17549 3515 12535 19343 9091 9418 12916 19875 2932 13548 3951 14820 15013 9426 8660 6888 12204 23476 13445 2347 17202 10751 16555 9662 20259 11665 1797 10190 0 7827 10441 12052 16230 16279 7887 5670 19187 9151 9442 15621 17323 10817 11661 116 14330 5595 9020 11072 11825 11875 9370 6298 6793 15876 14424 21034 18445 14748 7008 10587 14677 16524 13561 15550 2640 13299 9394 1521 19673 8264 12617 8449 13204 10643 15493 11024 4858 12085 18064 12851 16481 12282 4637 13679 5549 6404 2963 14389 15906 21740
7331 4925 10887 10041 2217 9248 5030 12357 4991 7593 6207 10190 5423 6714 12305 6728 6089 6562 12461 6738 7496 4890 8734 7186 3848 885 4131 12264 16259 11450 6611 9733 3426 9407 1976 12844 6832 7870 5585 7827 0 2731 10258 14287 11128 4280 6571 13001 9135 7137 9863 10747 4473 3848 7917 8178 2637 3724 11888 4899 5430 7993 1531 4095 10931 10142 13972 10646 7199 2342 5656 11971 12889 12515 9060 10004 7184 4965 8081 12551 2640 4830 5695 9430 3163 10930 4025 8957 11959 12235 6221 12512 10104 5549 8485 8594 5199 7406 13509 9251 14769
9908 3464 13245 11581 4366 7126 5991 11204 3862 5429 6184 8517 7669 6822 10863 8516 6055 4524 10640 8977 7293 7614 6634 4691 4992 1847 5298 14129 14539 12775 8975 7010 2997 6773 780 11011 5733 10276 6707 10441 2731 0 11756 15436 11092 6247 8117 12189 11226 8871 9570 9783 4766 1815 10537 7800 5357 5101 13953 4448 3525 9876 4189 5314 11028 10660 12447 8274 5466 4742 4815 12999 13471 14061 6728 12461 6984 4722 10789 11022 4385 2774 7569 10266 770 11229 3796 11632 13797 10070 5756 12970 11489 8207 8711 11204 6506 10135 15043 8341 13297
12135 14980 15800 283 11509 18861 5823 11108 15166 17169 6829 11905 12791 6290 12172 3619 16242 16279 13753 13568 6851 8694 18379 13319 6766 10707 13811 3008 15982 1401 12993 17393 9056 17827 11427 14049 17053 13519 5079 12052 10258 11756 0 4299 6468 6039 15196 10182 3173 3187 7092 9668 7295 11056 12038 7268 9043 6699 3796 8288 15246 2740 10241 13737 5915 4185 13531 14944 10958 8118 15902 2717 4895 2306 18357 14585 6913 15206 10870 12651 7649 11199 4654 3027 12512 5147 8400 8149 2650 21760 7827 5145 567 7613 5369 7118 14495 9194 3288 9016 13855
16355 18805 19915 4572 15706 22396 9468 11572 19057 20732 9708 13447 17089 9058 12898 7859 20350 19924 14782 17856 9188 12985 21938 16094 10568 14631 18011 4726 16023 2925 17274 20276 12532 20945 15223 14995 20966 17756 8791 16230 14287 15436 4299 0 6834 10200 19486 10104 7105 7426 8251 10619 10714 14436 16208 9264 13295 10597 6121 11430 18960 7031 14426 17941 6388 5405 13861 16926 13425 12274 19858 2475 3500 2834 21774 18702 9379 19251 14970 13381 11647 14355 8868 5256 16206 5622 11782 11996 4632 25193 10576 4219 4268 11886 7440 11012 18743 13313 2428 10567 13917
16132 14527 20078 6611 13161 17263 6377 4843 14954 15728 4983 6701 15674 4421 6101 7422 16941 15136 7952 16801 3798 12360 16873 10154 7479 11062 15259 9270 9594 6044 16386 14264 8162 15198 11201 8173 16808 17304 6172 16279 11128 11092 6468 6834 0 8470 17510 3716 9146 7190 1712 3788 6668 9571 16306 3368 11468 7772 10251 6646 14391 7825 11967 15220 554 2302 7232 10289 7348 10011 15901 4870 3450 7674 16451 18917 4109 15656 15498 6588 8863 9104 7860 3609 11813 1365 7375 13603 8949 19784 5351 2713 5906 11688 2704 12587 16291 13904 8196 3969 7455
7690 9150 11644 5807 5507 13310 2367 11267 9261 11620 4594 10245 7343 4690 11711 2455 10203 10644 12542 8386 5717 3937 12806 9291 1962 4851 7811 8000 15885 7302 7938 12835 4345 12889 5740 12916 11112 8834 2312 7887 4280 6247 6039 10200 8470 0 9481 11306 4981 2873 7734 9533 3405 6188 7926 6497 3206 1569 7718 4648 9546 3721 4226 7741 8109 6844 13383 12058 7909 2080 9934 8023 9334 8260 12972 10508 5492 9183 7312 12087 1863 6759 1416 5811 6936 7838 4121 6461 7689 16282 5297 9113 5947 3513 5816 5704 8581 5899 9253 8182 14029
5056 6910 6260 14930 4389 10556 11169 18907 6350 9544 12708 16542 2611 13159 18778 11646 4234 8627 18729 2743 14010 6717 10129 12677 10034 6976 2844 16277 22606 16561 3336 13582 9975 12565 7490 19105 6696 4196 11526 5670 6571 8117 15196 19486 17510 9481 0 19569 12958 12075 16360 17314 10965 9853 5782 14718 6276 9764 15416 11470 7835 12504 5543 2814 17252 16220 20417 16286 13488 7580 5883 17453 18805 17175 11063 6039 13703 4776 7025 18989 8652 10858 10677 15275 7894 17131 10596 9959 16066 13024 12788 18546 15233 7913 14815 10306 1657 7802 18122 15818 21240
18957 15378 22906 10319 15187 17235 8982 1822 15904 15901 6970 5045 18071 6673 3226 10762 18243 15536 5223 19293 5689 15237 16927 9750 9875 12698 17037 12973 5955 9727 18962 13415 9645 14632 12521 5312 17610 20005 9027 19187 13001 12189 10182 10104 3716 11306 19569 0 12768 10597 3609 2438 8674 10427 19228 4925 13961 10249 13967 8110 15022 11359 14130 17018 4270 6003 3783 8572 7180 12453 16898 8457 6606 11320 16280 21794 5970 16911 18578 3638 11199 9659 11004 7267 12798 5064 8978 17004 12656 19383 6781 5907 9618 14740 5663 16016 18171 17061 11763 3848 3826
9317 14058 12810 2912 9829 18284 6044 13415 14114 16596 7860 13548 10415 7527 14294 2923 14692 15611 15633 11003 8378 6247 17777 13853 6517 9791 12048 3329 18316 4467 10385 17648 9054 17809 10717 15967 15908 10736 5367 9151 9135 11226 3173 7105 9146 4981 12958 12768 0 2741 9355 11813 7595 11020 9124 8997 7248 6264 2753 8816 14502 1637 8664 11961 8613 6864 15800 16117 11936 6799 14703 5887 8051 4412 17953 11597 8323 13831 7865 14749 6842 11439 3696 5538 11917 7938 8604 4987 3108 21259 8845 8245 3586 5063 7353 3965 12526 6214 5273 10858 16241
9420 11952 13261 2944 8322 15994 3330 11023 12096 14298 5136 10880 9738 4843 11789 434 13069 13360 13019 10609 5749 5768 15498 11155 3953 7651 10625 5259 15888 4503 10072 15025 6450 15272 8456 13364 13963 10738 2633 9442 7137 8871 3187 7426 7190 2873 12075 10597 2741 0 7040 9357 4893 8449 9449 6420 5870 3776 5226 6093 12289 1119 7055 10551 6711 5093 13356 13378 9196 4942 12793 5419 7092 5387 15575 12061 5663 12056 8467 12228 4587 8789 1470 3805 9603 6194 5936 6424 4926 18940 6112 7041 3161 4821 4972 5422 11322 6819 6381 8283 13862
15413 12971 19367 7174 11976 15582 5452 4067 13422 14065 3658 5199 14686 3220 5081 7180 15511 13501 6739 15870 2369 11670 15200 8442 6433 9705 13982 10052 8972 6984 15503 12556 6716 13486 9741 7010 15251 16502 5437 15621 9863 9570 7092 8251 1712 7734 16360 3609 9355 7040 0 2583 5401 7980 15659 1770 10516 6780 10867 5163 12791 7868 10839 13951 1948 3064 6476 8702 5636 9018 14385 6057 5032 8669 14757 18239 2684 14206 14978 5561 7800 7455 7396 4065 10270 2636 5956 13419 9707 18081 3819 4318 6528 11140 2071 12442 15060 13454 9319 2334 6885
17043 12944 20964 9743 12955 14855 7167 1734 13473 13490 4984 3047 15948 4851 2507 9435 15838 13106 4194 17202 3823 13402 14535 7392 7904 10385 14721 12634 6531 9553 16912 11210 7344 12352 10146 4445 15173 18011 7367 17323 10747 9783 9668 10619 3788 9533 17314 2438 11813 9357 2583 0 6581 8008 17374 3050 11931 8305 13434 5852 12585 10271 11958 14707 4239 5627 4000 6701 4757 10427 14468 8555 7221 11233 13921 19889 4042 14504 16844 2983 9156 7224 9476 6642 10377 5039 6729 15605 12289 17083 4585 6481 9107 13038 4462 14666 15874 15410 11852 1497 4536
10501 8209 14399 7165 6578 11691 1565 8283 8544 10020 1744 6879 9399 2248 8527 4672 10319 9214 9194 10635 3045 6965 11228 6263 1469 4407 8603 9977 12673 8161 10333 10176 1818 10537 4685 9572 10449 11433 2297 10817 4473 4766 7295 10714 6668 3405 10965 8674 7595 4893 5401 6581 0 3774 10875 3767 5352 1890 10105 1269 8277 6009 5466 8567 6501 5923 10218 8716 4532 3852 9435 8259 8732 9578 11114 13344 2739 9064 10483 8865 2579 3937 4066 5506 5535 6581 1105 9865 9622 14532 2035 8265 6946 6817 4078 9087 9664 9199 10529 5120 10927
11176 5009 14706 10916 5861 7968 5247 9399 5497 6325 4844 6718 9175 5507 9049 8153 7840 5612 8876 10496 5804 8431 7521 3389 4510 3084 7064 13659 12760 11933 10421 6650 2011 6825 2364 9251 7282 11699 5997 11661 3848 1815 11056 14436 9571 6188 9853 10427 11020 8449 7980 8008 3774 0 11748 6221 6233 4759 13661 3059 4820 9530 5377 7073 9563 9399 10639 6798 3661 5222 6484 11966 12187 13347 7348 13847 5511 6505 11817 9213 4430 1015 7329 9189 2370 9850 2674 12197 13311 10768 4232 11634 10719 8803 7365 11633 8268 10949 14302 6588 11486
763 11125 3812 11756 6305 15420 10253 19101 10756 14074 12390 17617 3631 12580 19401 9101 9534 13028 19943 3042 13595 3991 14934 15103 9480 8752 7003 12162 23538 13430 2460 17306 10825 16663 9758 20327 11781 1880 10226 116 7917 10537 12038 16208 16306 7926 5782 19228 9124 9449 15659 17374 10875 11748 0 14377 5668 9072 11023 11890 11986 9362 6389 6908 15900 14441 21092 18530 14823 7073 10702 14670 16527 13532 15662 2620 13347 9509 1443 19733 8325 12702 8470 13217 10743 15512 11092 4791 12047 18179 12909 16489 12273 4651 13711 5497 6520 2925 14355 15960 21796
14074 11204 18013 7282 10328 13908 4135 4780 11652 12363 2046 4646 13150 1807 5386 6457 13750 11769 6639 14368 782 10392 13512 6950 4957 7975 12279 10275 9529 7497 14039 11122 4962 11952 7978 6971 13485 15092 4318 14330 8178 7800 7268 9264 3368 6497 14718 4925 8997 6420 1770 3050 3767 6221 14377 0 9038 5340 10889 3404 11037 7401 9233 12251 3435 3860 6997 7778 4193 7529 12615 6886 6359 9171 13115 16917 1045 12443 13809 5814 6275 5736 6437 4382 8501 3899 4216 12575 9915 16472 2052 5704 6739 9994 1935 11649 13377 12362 9946 1865 7580
5208 7231 9058 8788 2582 11671 5099 13634 7147 10064 6997 11964 4208 7311 13826 5437 7445 9008 14287 5355 8273 2256 11156 9623 4091 3518 4826 10540 17929 10373 5001 12366 5158 12033 4612 14671 8813 6081 5339 5595 2637 5357 9043 13295 11468 3206 6276 13961 7248 5870 10516 11931 5352 6233 5668 9038 0 3736 9942 6266 7869 6448 1501 4743 11156 10002 15518 12938 9156 1509 7594 11194 12538 11146 11579 8032 7993 6635 5590 14137 2776 7133 4433 9011 5793 10958 5444 6342 10276 14644 7374 12301 9027 2975 8767 6048 5453 4781 12123 10472 16253
8742 8283 12675 6510 5483 12227 1404 10029 8488 10530 3323 8768 7922 3582 10362 3439 9813 9608 11082 9090 4564 5120 11734 7756 422 4039 7706 9035 14523 7807 8727 11401 2832 11549 4729 11459 10388 9756 1864 9020 3724 5101 6699 10597 7772 1569 9764 10249 6264 3776 6780 8305 1890 4759 9072 5340 3736 0 8933 3099 8556 4813 4238 7653 7493 6506 12048 10491 6350 2246 9264 8254 9204 8997 11799 11587 4298 8669 8618 10715 1133 5248 2571 5716 5842 7375 2553 8012 8700 15166 3877 8865 6481 4927 5068 7271 8640 7311 9986 6889 12733
11353 16811 14476 3694 12521 21028 8540 14900 16865 19338 10100 15532 12827 9663 15941 5508 17383 18358 17468 13265 10380 8719 20522 16356 9152 12542 14703 1397 19777 4425 12621 20251 11670 20476 13458 17776 18652 12781 7817 11072 11888 13953 3796 6121 10251 7718 15416 13967 2753 5226 10867 13434 10105 13661 11023 10889 9942 8933 0 11273 17252 4131 11384 14613 9697 7979 17322 18373 14254 9551 17444 5930 8231 3342 20681 13293 10388 16555 9641 16416 9574 14014 6390 6807 14653 8913 11160 6363 1527 24000 11109 8647 4363 7521 9054 5531 15111 8124 3775 12696 17652
11470 7897 15315 8184 7103 11013 2773 7488 8310 9381 1786 5745 10134 2448 7570 5898 10348 8665 8072 11409 2848 8053 10574 5088 2688 4602 8934 11070 11663 9034 11161 9106 1561 9584 4578 8454 10175 12317 3463 11825 4899 4448 8288 11430 6646 4648 11470 8110 8816 6093 5163 5852 1269 3059 11890 3404 6266 3099 11273 0 7825 7212 6124 8912 6583 6340 9260 7447 3267 4817 9255 8955 9130 10531 10350 14298 2537 9043 11585 7872 3574 2944 5331 6174 5179 6817 877 11107 10711 13767 1360 8588 7894 7996 4315 10343 10061 10362 11457 4356 10012
11257 927 13868 15063 5839 3820 9511 13788 1510 2199 9603 10693 8526 10256 13169 11913 4180 1140 12473 9664 10620 9990 3305 5876 8484 4712 5238 17525 16349 16291 9899 5751 6478 4777 3833 12806 2626 11180 10221 11875 5430 3525 15246 18960 14391 9546 7835 15022 14502 12289 12791 12585 8277 4820 11986 11037 7869 8556 17252 7825 0 13247 6405 5313 14379 14130 14588 9228 7885 7758 2314 16522 16936 17549 3750 13349 10323 3118 12612 13221 7717 5397 10925 13782 2755 14642 7266 14161 17203 6806 9049 16409 14996 10843 12137 13917 6234 12364 18535 11250 15470
9425 12869 13151 2462 8983 16985 4448 11903 12979 15290 6223 11924 10067 5896 12734 1378 13800 14334 14030 10828 6764 5955 16485 12272 5022 8568 11266 4281 16793 4139 10253 16126 7540 16347 9424 14367 14823 10796 3752 9370 7993 9876 2740 7031 7825 3721 12504 11359 1637 1119 7868 10271 6009 9530 9362 7401 6448 4813 4131 7212 13247 0 7748 11186 7314 5608 14268 14483 10306 5716 13636 5308 7238 4702 16597 11939 6699 12844 8256 13182 5531 9895 2322 4272 10594 6710 7045 5847 3969 19944 7209 7301 2914 4876 5828 4812 11877 6580 5676 9266 14739
5800 5742 9392 9999 1285 10193 5639 13611 5646 8603 7202 11608 4019 7628 13648 6624 6055 7541 13900 5313 8505 3599 9678 8715 4493 2369 3586 11923 17659 11525 5133 11129 4764 10696 3412 14284 7320 6371 6046 6298 1531 4189 10241 14426 11967 4226 5543 14130 8664 7055 10839 11958 5466 5377 6389 9233 1501 4238 11384 6124 6405 7748 0 3518 11713 10733 15328 12174 8658 2163 6102 12226 13386 12413 10135 8487 8203 5172 6602 13917 3115 6353 5587 9865 4507 11613 5251 7761 11646 13159 7378 13081 10170 4451 9272 7523 4420 6051 13400 10467 16106
6151 4398 8559 13490 2234 8527 9028 16256 3934 7262 10299 13783 3305 10808 16059 10118 2881 6253 15945 4361 11583 6088 8050 9866 7850 4323 101 15271 19833 15034 4648 10980 7374 10090 4714 16318 4893 5897 9500 6793 4095 5314 13737 17941 15220 7741 2814 17018 11961 10551 13951 14707 8567 7073 6908 12251 4743 7653 14613 8912 5313 11186 3518 0 15014 14153 17682 13475 10724 5679 3795 15742 16852 15878 8840 8046 11269 2602 7779 16253 6520 8070 9087 13344 5080 14983 8055 10038 15013 11274 10260 16516 13680 7224 12566 10101 1195 7973 16859 13216 18515
15744 14480 19683 6059 12925 17337 6090 5369 14888 15779 4865 7084 15364 4266 6603 6957 16810 15156 8424 16470 3759 11972 16937 10330 7220 10908 15056 8719 10142 5499 16042 14470 8067 15359 11099 8656 16758 16935 5831 15876 10931 11028 5915 6388 554 8109 17252 4270 8613 6711 1948 4239 6501 9563 15900 3435 11156 7493 9697 6583 14379 7314 11713 15014 0 1757 7767 10634 7533 9717 15824 4353 3087 7136 16550 18515 4058 15538 15065 7090 8600 9150 7437 3076 11762 826 7271 13112 8396 19904 5332 2370 5353 11269 2449 12092 16067 13458 7676 4275 8003
14336 14119 18245 4316 11988 17339 5126 6961 14466 15718 4556 8196 14182 3893 8097 5382 16170 15001 9802 15225 3825 10581 16907 10731 6308 10253 14204 7059 11808 3925 14759 14916 7665 15655 10608 10068 16369 15579 4695 14424 10142 10660 4185 5405 2302 6844 16220 6003 6864 5093 3064 5627 5923 9399 14441 3860 10002 6506 7979 6340 14130 5608 10733 14153 1757 0 9382 11570 8028 8640 15357 3054 2811 5606 16635 17061 4047 14947 13534 8583 7639 9167 5985 1338 11421 1105 6869 11439 6725 20039 5303 2369 3620 9791 2088 10411 15144 11901 6261 5268 9677
20707 15145 24574 13629 16181 16011 11027 2423 15743 14947 8789 3944 19346 8761 1693 13428 18331 14833 2374 20639 7744 17166 15801 8768 11632 13453 17679 16441 2534 13260 20414 11586 10568 13009 12974 2207 17209 21577 11298 21034 13972 12447 13531 13861 7232 13383 20417 3783 15800 13356 6476 4000 10218 10639 21092 6997 15518 12048 17322 9260 14588 14268 15328 17682 7767 9382 0 6314 6981 14045 16731 12093 10361 14903 14960 23544 7925 17010 20659 1429 12777 9680 13431 10517 12888 8592 10110 19571 16107 17706 8184 9648 12965 16895 8449 18644 18875 19281 15418 5207 885
17970 9976 21482 14921 12604 9896 10160 6792 10612 9055 8283 3653 15922 8714 5541 13246 13330 9174 3940 17238 8098 15049 9752 3610 10100 9867 13442 17924 7422 15271 17198 5289 7912 6756 9003 4148 11726 18484 10774 18445 10646 8274 14944 16926 10289 12058 16286 8572 16117 13378 8702 6701 8716 6798 18530 7778 12938 10491 18373 7447 9228 14483 12174 13475 10634 11570 6314 0 4200 11740 11527 14623 13718 16938 8813 20642 8033 12104 18521 5311 10678 5828 12765 12153 8396 11335 7950 18480 17560 11405 7281 12992 14443 15227 9710 17761 14637 17512 17724 6370 7152
14331 8321 18045 10906 9359 10134 5960 5906 8887 8737 4162 3059 12621 4667 5413 9052 11399 8356 5270 13937 4258 11134 9797 2807 5947 6578 10718 13889 9120 11442 13790 6941 3999 7855 6010 5652 10499 15023 6581 14748 7199 5466 10958 13425 7348 7909 13488 7180 11936 9196 5636 4757 4532 3661 14823 4193 9156 6350 14254 3267 7885 10306 8658 10724 7533 8028 6981 4200 0 7824 9885 11006 10537 13063 9237 17105 4111 10068 14656 5557 6667 2703 8568 8352 5924 8075 3859 14361 13525 12494 3151 9865 10488 11189 5993 13609 11920 13526 13912 3584 7833
6662 7267 10547 7883 3448 11570 3633 12134 7315 9903 5488 10549 5675 5808 12352 4517 8127 8884 12876 6853 6764 3317 11058 8575 2587 3069 5746 9963 16473 9381 6509 11669 3847 11515 4098 13260 9126 7584 3946 7008 2342 4742 8118 12274 10011 2080 7580 12453 6799 4942 9018 10427 3852 5222 7073 7529 1509 2246 9551 4817 7758 5716 2163 5679 9717 8640 14045 11740 7824 0 7930 10064 11253 10325 11337 9500 6484 7132 6832 12673 1273 6026 3474 7726 5330 9559 4027 6988 9667 14556 5882 10971 8025 3581 7306 6485 6565 5778 11316 8973 14769
9946 1589 12095 15690 5141 4756 10429 15778 998 3665 10963 12803 7093 11586 15257 12384 1895 2808 14678 8065 12103 9442 4295 8111 9296 5227 3700 17893 18574 17064 8414 7915 7758 6756 4750 15020 1219 9623 11074 10587 5656 4815 15902 19858 15901 9934 5883 16898 14703 12793 14385 14468 9435 6484 10702 12615 7594 9264 17444 9255 2314 13636 6102 3795 15824 15357 16731 11527 9885 7930 0 17486 18163 18168 5182 11715 11792 1195 11540 15341 8255 7252 11350 14834 4127 15990 8558 13563 17596 7483 10571 17698 15727 10460 13471 13486 4418 11588 19162 13068 17608
14724 16392 18454 2989 13511 19930 7062 9713 16664 18270 7234 11235 15155 6587 10955 5836 18056 17473 12749 16022 6754 11163 19475 13645 8191 12266 15807 4715 14406 1527 15475 17824 10076 18475 12813 12993 18575 16083 6414 14677 11971 12999 2717 2475 4870 8023 17453 8457 5887 5419 6057 8555 8259 11966 14670 6886 11194 8254 5930 8955 16522 5308 12226 15742 4353 3054 12093 14623 11006 10064 17486 0 2304 2889 19301 17241 6932 16923 13541 11442 9336 11880 6777 2782 13770 3531 9318 10866 4453 22720 8111 2747 2399 10148 5013 9835 16604 11864 3326 8314 12269
16512 16930 20335 5144 14658 20101 7859 8083 17276 18495 7344 10149 16651 6685 9427 7467 18945 17795 11340 17618 6494 12835 19678 13309 9042 13037 16907 6991 12538 3827 17110 17476 10475 18301 13416 11538 19179 17825 7351 16524 12889 13471 4895 3500 3450 9334 18805 6606 8051 7092 5032 7221 8732 12187 16527 6359 12538 9204 8231 9130 16936 7238 13386 16852 3087 2811 10361 13718 10537 11253 18163 2304 0 5093 19371 19130 6750 17735 15481 9907 10334 11909 8272 3530 14231 2463 9678 12982 6743 22761 8032 741 4468 11913 4826 11943 17806 13808 5315 7361 10424
13729 17273 17188 2488 13665 21167 8123 12501 17448 19475 8997 13728 14693 8419 13689 5808 18448 18585 15408 15362 8859 10533 20684 15515 9071 12990 15956 1978 17256 1690 14756 19624 11352 20098 13726 15675 19328 15146 7381 13561 12515 14061 2306 2834 7674 8260 17175 11320 4412 5387 8669 11233 9578 13347 13532 9171 11146 8997 3342 10531 17549 4702 12413 15878 7136 5606 14903 16938 13063 10325 18168 2889 5093 0 20658 15979 8965 17443 12250 14176 9926 13460 6852 4789 14817 6311 10683 9198 1822 24063 9976 5618 2639 9383 7236 8234 16579 10615 994 10797 15116
14922 4549 17274 18202 9585 1100 12535 14762 4915 1589 12106 11408 12130 12767 13830 15231 6921 2646 12631 13188 12881 13729 1144 6532 11647 8268 8754 20834 16233 19275 13486 3761 9313 2217 7261 12893 4493 14734 13278 15550 9060 6728 18357 21774 16451 12972 11063 16280 17953 15575 14757 13921 11114 7348 15662 13115 11579 11799 20681 10350 3750 16597 10135 8840 16550 16635 14960 8813 9237 11337 5182 19301 19371 20658 0 16862 12621 6335 16341 13748 11110 7468 14296 16520 6041 16958 10020 17896 20497 3420 11342 18768 18043 14553 14559 17623 9588 16115 21624 12821 15832
2846 12440 1215 14303 8099 16465 12811 21609 11976 15293 14910 19980 4877 15130 21852 11718 10230 14297 22297 3686 16137 6573 16010 17126 11985 10776 8127 14506 25960 15969 3512 18926 13133 18119 11695 22682 12652 2201 12816 2640 10004 12461 14585 18702 18917 10508 6039 21794 11597 12061 18239 19889 13344 13847 2620 16917 8032 11587 13293 14298 13349 11939 8487 8046 18515 17061 23544 20642 17105 9500 11715 17241 19130 15979 16862 0 15880 10536 3732 22167 10770 14835 11088 15835 12546 18132 13472 6934 14420 19034 15378 19102 14842 7271 16310 7793 7302 5395 16764 18455 24269
13036 10427 16973 6888 9314 13360 3125 5776 10846 11770 1004 5225 12109 844 6278 5650 12856 11115 7365 13324 316 9367 12944 6715 3912 7024 11300 9891 10447 7333 12993 10898 4063 11608 7100 7715 12707 14048 3380 13299 7184 6984 6913 9379 4109 5492 13703 5970 8323 5663 2684 4042 2739 5511 13347 1045 7993 4298 10388 2537 10323 6699 8203 11269 4058 4047 7925 8033 4111 6484 11792 6932 6750 8965 12621 15880 0 11562 12802 6683 5230 5161 5527 4243 7710 4355 3286 11667 9527 16013 1289 6157 6420 9000 1960 10764 12383 11376 9803 2722 8545
8752 2218 10942 14982 4106 5947 9914 15899 1608 4787 10678 13066 5898 11274 15479 11637 1335 3851 15049 6878 11877 8375 5481 8582 8749 4698 2506 17068 18961 16413 7220 8860 7499 7793 4465 15403 2317 8434 10516 9394 4965 4722 15206 19251 15656 9183 4776 16911 13831 12056 14206 14504 9064 6505 9509 12443 6635 8669 16555 9043 3118 12844 5172 2602 15538 14947 17010 12104 10068 7132 1195 16923 17735 17443 6335 10536 11562 0 10363 15600 7605 7376 10595 14334 4152 15644 8281 12461 16781 8672 10391 17308 15065 9430 13139 12425 3253 10456 18437 13063 17877
2015 11793 4945 10588 6794 16184 9678 18578 11485 14757 11884 17329 4652 12002 18976 8154 10535 13695 19655 4334 13029 3533 15685 15205 9037 8954 7878 10814 23141 12247 3699 17710 10673 17181 10013 20036 12670 3318 9553 1521 8081 10789 10870 14970 15498 7312 7025 18578 7865 8467 14978 16844 10483 11817 1443 13809 5590 8618 9641 11585 12612 8256 6602 7779 15065 13534 20659 18521 14656 6832 11540 13541 15481 12250 16341 3732 12802 10363 0 19333 8020 12724 7641 12269 11090 14623 10838 3357 10714 19016 12495 15490 11143 3838 12977 4111 7565 1678 13046 15475 21326
19334 13758 23187 12726 14759 14782 9747 1864 14350 13659 7500 2539 17933 7527 487 12271 16924 13503 1595 19229 6529 15827 14550 7443 10296 12026 16251 15612 3809 12504 19012 10493 9154 11864 11546 1679 15846 20185 10063 19673 12551 11022 12651 13381 6588 12087 18989 3638 14749 12228 5561 2983 8865 9213 19733 5814 14137 10715 16416 7872 13221 13182 13917 16253 7090 8583 1429 5311 5557 12673 15341 11442 9907 14176 13748 22167 6683 15600 19333 0 11410 8259 12210 9624 11471 7911 8713 18350 15268 16599 6840 9172 12089 15595 7416 17443 17447 17984 14761 3968 2278
7930 7366 11821 7442 4352 11461 2526 10861 7522 9769 4230 9318 6889 4581 11085 4201 8720 8804 11645 8094 5516 4487 10959 7670 1384 3067 6574 9808 15213 8817 7769 11044 2774 11047 3894 12028 9404 8855 2986 8264 2640 4385 7649 11647 8863 1863 8652 11199 6842 4587 7800 9156 2579 4430 8325 6275 2776 1133 9574 3574 7717 5531 3115 6520 8600 7639 12777 10678 6667 1273 8255 9336 10334 9926 11110 10770 5230 7605 8020 11410 0 5108 3210 6838 5079 8501 2822 7851 9487 14428 4609 9998 7475 4549 6164 7227 7508 6861 10919 7699 13498
12144 5719 15705 11082 6873 8200 5489 8537 6255 6629 4652 5746 10184 5310 8114 8531 8709 6047 7874 11505 5430 9293 7790 2563 4941 4090 8058 13914 11767 11976 11422 6242 2418 6642 3371 8248 7956 12694 6231 12617 4830 2774 11199 14355 9104 6759 10858 9659 11439 8789 7455 7224 3937 1015 12702 5736 7133 5248 14014 2944 5397 9895 6353 8070 9150 9167 9680 5828 2703 6026 7252 11880 11909 13460 7468 14835 5161 7376 12724 8259 5108 0 7787 9101 3226 9512 2856 12948 13559 10873 3877 11317 10821 9589 7091 12334 9265 11794 14392 5858 10535
8351 10551 12266 4414 6857 14668 2626 11194 10672 12974 4787 10599 8406 4683 11800 1044 11600 12013 12835 9346 5689 4602 14167 10253 2847 6248 9160 6602 15961 5952 8841 13969 5383 14114 7103 13196 12527 9606 2154 8449 5695 7569 4654 8868 7860 1416 10677 11004 3696 1470 7396 9476 4066 7329 8470 6437 4433 2571 6390 5331 10925 2322 5587 9087 7437 5985 13431 12765 8568 3474 11350 6777 8272 6852 14296 11088 5527 10595 7641 12210 3210 7787 0 4814 8280 7046 4993 6141 6286 17631 5662 8131 4601 3831 5357 5240 9876 6071 7844 8245 14012
13143 13686 17027 3113 11141 17155 4420 8095 13984 15499 4462 8961 13142 3823 9145 4121 15512 14716 10743 14136 4105 9413 16702 10923 5590 9643 13402 6004 12983 3119 13646 15090 7316 15707 10120 11033 15896 14416 3853 13204 9430 10266 3027 5256 3609 5811 15275 7267 5538 3805 4065 6642 5506 9189 13217 4382 9011 5716 6807 6174 13782 4272 9865 13344 3076 1338 10517 12153 8352 7726 14834 2782 3530 4789 16520 15835 4243 14334 12269 9624 6838 9101 4814 0 11036 2438 6550 10109 5655 19939 5366 3321 2465 8568 2446 9078 14284 10623 5580 6043 10867
10084 2719 13273 12334 4467 6393 6757 11749 3153 4697 6930 8945 7697 7573 11337 9241 5486 3768 10997 8984 8016 8037 5896 4787 5746 2301 5050 14857 14909 13540 9038 6624 3756 6245 1232 11362 4997 10348 7471 10643 3163 770 12512 16206 11813 6936 7894 12798 11917 9603 10270 10377 5535 2370 10743 8501 5793 5842 14653 5179 2755 10594 4507 5080 11762 11421 12888 8396 5924 5330 4127 13770 14231 14817 6041 12546 7710 4152 11090 11471 5079 3226 8280 11036 0 11977 4553 12119 14528 9351 6467 13724 12251 8707 9461 11739 6251 10536 15799 8957 13749
15392 14692 19311 5305 12851 17712 5975 6195 15073 16126 5048 7826 15155 4408 7424 6475 16894 15461 9230 16224 4082 11628 17298 10848 7140 10973 15030 7911 10959 4679 15772 15014 8240 15848 11244 9468 16961 16619 5622 15493 10930 11229 5147 5622 1365 7838 17131 5064 7938 6194 2636 5039 6581 9850 15512 3899 10958 7375 8913 6817 14642 6710 11613 14983 826 1105 8592 11335 8075 9559 15990 3531 2463 6311 16958 18132 4355 15644 14623 7911 8501 9512 7046 2438 11977 0 7439 12543 7592 20336 5644 1812 4591 10864 2520 11515 16005 12995 6852 4965 8820
10652 7260 14476 8268 6226 10614 2635 8364 7635 8951 2407 6525 9264 3031 8422 5687 9571 8170 8851 10543 3602 7307 10157 5261 2185 3760 8079 11066 12493 9259 10304 9098 801 9435 3829 9235 9523 11472 3381 11024 4025 3796 8400 11782 7375 4121 10596 8978 8604 5936 5956 6729 1105 2674 11092 4216 5444 2553 11160 877 7266 7045 5251 8055 7271 6869 10110 7950 3859 4027 8558 9318 9678 10683 10020 13472 3286 8281 10838 8713 2822 2856 4993 6550 4553 7439 0 10532 10713 13439 2205 9173 8051 7330 4919 9817 9198 9671 11634 5234 10871
5255 13462 8114 7880 8450 17927 8659 17313 13290 16360 10890 16662 7388 10824 17942 6243 12914 15295 18932 7439 11831 4174 17414 15511 8418 9824 10138 7607 22101 9453 6779 18626 10619 18364 10916 19299 14762 6640 8287 4858 8957 11632 8149 11996 13603 6461 9959 17004 4987 6424 13419 15605 9865 12197 4791 12575 6342 8012 6363 11107 14161 5847 7761 10038 13112 11439 19571 18480 14361 6988 13563 10866 12982 9198 17896 6934 11667 12461 3357 18350 7851 12948 6141 10109 12119 12543 10532 0 7549 20872 11698 13111 8521 3427 11350 1040 10140 2158 9918 14386 20141
12306 16837 15620 2641 12848 20920 8081 13685 16947 19223 9368 14554 13519 8867 14786 5290 17698 18281 16395 14079 9480 9354 20423 15789 8856 12534 15097 364 18527 2981 13452 19794 11300 20131 13373 16687 18786 13734 7333 12085 11959 13797 2650 4632 8949 7689 16066 12656 3108 4926 9707 12289 9622 13311 12047 9915 10276 8700 1527 10711 17203 3969 11646 15013 8396 6725 16107 17560 13525 9667 17596 4453 6743 1822 20497 14420 9527 16781 10714 15268 9487 13559 6286 5655 14528 7592 10713 7549 0 23865 10377 7190 3196 8167 8019 6630 15614 9122 2376 11665 16392
17420 7419 19271 21601 12436 2987 15941 17781 7592 4664 15518 14403 14559 16179 16738 18586 8804 5673 15336 15458 16267 16701 3501 9717 15030 11496 11177 24198 18680 22691 15854 6120 12727 4758 10543 15553 6413 17019 16682 18064 12235 10070 21760 25193 19784 16282 13024 19383 21259 18940 18081 17083 14532 10768 18179 16472 14644 15166 24000 13767 6806 19944 13159 11274 19904 20039 17706 11405 12494 14556 7483 22720 22761 24063 3420 19034 16013 8672 19016 16599 14428 10873 17631 19939 9351 20336 13439 20872 23865 0 14739 22147 21454 17610 17958 20683 11772 18981 25032 16067 18554
12535 9178 16429 7767 8408 12073 3050 6267 9614 10481 1012 4964 11363 1559 6494 6010 11700 9829 7247 12618 1574 8987 11655 5563 3457 5957 10283 10741 10649 8390 12337 9724 2921 10375 5927 7619 11459 13455 3557 12851 6221 5756 7827 10576 5351 5297 12788 6781 8845 6112 3819 4585 2035 4232 12909 2052 7374 3877 11109 1360 9049 7209 7378 10260 5332 5303 8184 7281 3151 5882 10571 8111 8032 9976 11342 15378 1289 10391 12495 6840 4609 3877 5662 5366 6467 5644 2205 11698 10377 14739 0 7445 7373 8782 3219 10860 11402 11171 10853 3105 8892
16441 16433 20301 5373 14343 19517 7493 7354 16797 17924 6807 9414 16453 6155 8692 7392 18536 17246 10601 17456 5889 12725 19100 12648 8675 12617 16568 7459 11852 4223 16967 16806 9974 17656 12948 10800 18693 17727 7036 16481 12512 12970 5145 4219 2713 9113 18546 5907 8245 7041 4318 6481 8265 11634 16489 5704 12301 8865 8647 8588 16409 7301 13081 16516 2370 2369 9648 12992 9865 10971 17698 2747 741 5618 18768 19102 6157 17308 15490 9172 9998 11317 8131 3321 13724 1812 9173 13111 7190 22147 7445 0 4668 11851 4273 12071 17498 13827 5923 6642 9731
12338 14761 16055 722 11447 18573 5517 10542 14968 16885 6383 11369 12870 5825 11609 3593 16131 16013 13199 13692 6345 8820 18095 12892 6515 10512 13752 3550 15415 1356 13131 16990 8731 17460 11192 13493 16864 13705 4785 12282 10104 11489 567 4268 5906 5947 15233 9618 3586 3161 6528 9107 6946 10719 12273 6739 9027 6481 4363 7894 14996 2914 10170 13680 5353 3620 12965 14443 10488 8025 15727 2399 4468 2639 18043 14842 6420 15065 11143 12089 7475 10821 4601 2465 12251 4591 8051 8521 3196 21454 7373 4668 0 7776 4829 7484 14475 9465 3583 8471 13289
4599 10193 8460 7332 5327 14642 5876 14771 10080 13039 8107 13696 5352 8188 15222 4459 10076 11982 16008 5982 9217 1199 14126 12146 5349 6407 7320 8369 19396 9014 5390 15199 7319 14950 7496 16385 11677 5936 5718 4637 5549 8207 7613 11886 11688 3513 7913 14740 5063 4821 11140 13038 6817 8803 4651 9994 2975 4927 7521 7996 10843 4876 4451 7224 11269 9791 16895 15227 11189 3581 10460 10148 11913 9383 14553 7271 9000 9430 3838 15595 4549 9589 3831 8568 8707 10864 7330 3427 8167 17610 8782 11851 7776 0 9142 3074 7615 2390 10296 11695 17541
13503 12175 17456 5401 10478 15277 3673 6076 12554 13669 2535 6540 12972 1889 6953 5109 14398 12976 8414 14107 1749 9738 14851 8660 4780 8483 12608 8376 10969 5562 13702 12844 5721 13568 8726 8724 14442 14644 3505 13679 8485 8711 5369 7440 2704 5816 14815 5663 7353 4972 2071 4462 4078 7365 13711 1935 8767 5068 9054 4315 12137 5828 9272 12566 2449 2088 8449 9710 5993 7306 13471 5013 4826 7236 14559 16310 1960 13139 12977 7416 6164 7091 5357 2446 9461 2520 4919 11350 8019 17958 3219 4273 4829 9142 0 10370 13619 11427 8015 3650 8912
5864 13264 8990 6847 8345 17716 7811 16365 13140 16112 10020 15819 7700 9919 17028 5262 12980 15056 18070 7917 10915 4050 17200 14895 7665 9438 10199 6713 21177 8432 7259 18153 9964 17971 10517 18433 14698 7284 7394 5549 8594 11204 7118 11012 12587 5704 10306 16016 3965 5422 12442 14666 9087 11633 5497 11649 6048 7271 5531 10343 13917 4812 7523 10101 12092 10411 18644 17761 13609 6485 13486 9835 11943 8234 17623 7793 10764 12425 4111 17443 7227 12334 5240 9078 11739 11515 9817 1040 6630 20683 10860 12071 7484 3074 10370 0 10323 2633 8984 13475 19198
5758 5307 7689 14240 3156 9163 10032 17434 4774 8038 11403 14978 2917 11893 17250 10888 3019 7081 17139 3686 12695 6432 8711 11030 8866 5491 1209 15853 21029 15823 4110 11966 8534 10992 5910 17513 5365 5247 10463 6404 5199 6506 14495 18743 16291 8581 1657 18171 12526 11322 15060 15874 9664 8268 6520 13377 5453 8640 15111 10061 6234 11877 4420 1195 16067 15144 18875 14637 11920 6565 4418 16604 17806 16579 9588 7302 12383 3253 7565 17447 7508 9265 9876 14284 6251 16005 9198 10140 15614 11772 11402 17498 14475 7615 13619 10323 0 8010 17549 14381 19707
3235 11613 6610 8912 6553 16070 8257 17142 11389 14552 10493 16077 5231 10559 17610 6520 10835 13484 18392 5314 11587 2529 15561 14329 7733 8290 8074 9241 21784 10574 4653 17138 9604 16748 9381 18770 12770 4660 8063 2963 7406 10135 9194 13313 13904 5899 7802 17061 6214 6819 13454 15410 9199 10949 2925 12362 4781 7311 8124 10362 12364 6580 6051 7973 13458 11901 19281 17512 13526 5778 11588 11864 13808 10615 16115 5395 11376 10456 1678 17984 6861 11794 6071 10623 10536 12995 9671 2158 9122 18981 11171 13827 9465 2390 11427 2633 8010 0 11432 14078 19921
14580 18264 17968 3479 14649 22142 9092 13039 18441 20452 9888 14444 15624 9294 14273 6801 19439 19566 16044 16264 9680 11457 21661 16407 10054 13982 16938 2387 17717 2470 15652 20534 12313 21034 14714 16297 20322 16003 8353 14389 13509 15043 3288 2428 8196 9253 18122 11763 5273 6381 9319 11852 10529 14302 14355 9946 12123 9986 3775 11457 18535 5676 13400 16859 7676 6261 15418 17724 13912 11316 19162 3326 5315 994 21624 16764 9803 18437 13046 14761 10919 14392 7844 5580 15799 6852 11634 9918 2376 25032 10853 5923 3583 10296 8015 8984 17549 11432 0 11511 15582
15610 11564 19518 9051 11458 13711 5822 3163 12078 12281 3592 2933 14462 3563 3557 8312 14395 11832 4787 15722 2561 12004 13364 6354 6480 8893 13231 12021 7725 9109 15441 10368 5849 11392 8677 5112 13813 16553 6101 15906 9251 8341 9016 10567 3969 8182 15818 3848 10858 8283 2334 1497 5120 6588 15960 1865 10472 6889 12696 4356 11250 9266 10467 13216 4275 5268 5207 6370 3584 8973 13068 8314 7361 10797 12821 18455 2722 13063 15475 3968 7699 5858 8245 6043 8957 4965 5234 14386 11665 16067 3105 6642 8471 11695 3650 13475 14381 14078 11511 0 5852
21427 16023 25311 13969 16982 16886 11665 2839 16618 15830 9443 4812 20124 9370 2465 13957 19200 15718 3219 21411 8344 17851 16680 9653 12320 14268 18514 16719 2140 13499 21173 12435 11355 13868 13812 3012 18092 22323 11898 21740 14769 13297 13855 13917 7455 14029 21240 3826 16241 13862 6885 4536 10927 11486 21796 7580 16253 12733 17652 10012 15470 14739 16106 18515 8003 9677 885 7152 7833 14769 17608 12269 10424 15116 15832 24269 8545 17877 21326 2278 13498 10535 14012 10867 13749 8820 10871 20141 16392 18554 8892 9731 13289 17541 8912 19198 19707 19921 15582 5852 0
1 10 9 4
2 7 2 4
3 10 7 4
4 6 9 4
5 7 8 5
6 9 9 5
7 6 8 3
8 7 8 4
9 4 3 3
10 10 7 4
11 7 8 4
12 9 7 5
13 8 9 6
14 11 9 3
15 9 7 3
16 13 5 3
17 7 9 10
18 3 6 2
19 7 7 9
20 9 9 3
21 7 7 4
22 9 9 3
23 10 8 4
24 8 8 7
25 4 4 4
26 7 10 7
27 6 7 3
28 14 10 5
29 6 2 3
30 9 11 6
31 12 5 5
32 11 6 2
33 8 5 4
34 6 8 5
35 10 7 3
36 3 8 2
37 5 7 8
38 5 8 5
39 7 8 5
40 5 10 4
41 5 9 5
42 9 5 2
43 6 7 4
44 7 9 2
45 8 5 4
46 11 8 3
47 6 5 4
48 10 5 4
49 10 8 8
50 4 9 6
51 10 8 4
52 7 13 3
53 9 8 4
54 9 8 5
55 7 8 5
56 9 6 5
57 7 11 3
58 12 5 6
59 7 7 4
60 6 7 3
61 10 7 7
62 8 8 3
63 11 7 5
64 8 8 3
65 10 6 5
66 7 5 3
67 7 6 4
68 4 13 9
69 8 6 3
70 7 6 5
71 6 11 4
72 9 5 6
73 7 6 1
74 12 9 5
75 8 11 3
76 4 5 4
77 5 7 3
78 9 12 3
79 5 9 2
80 7 7 6
81 6 10 9
82 10 4 4
83 5 7 7
84 7 10 3
85 7 11 4
86 10 11 4
87 7 9 2
88 7 5 8
89 13 5 7
90 4 10 7
91 5 4 5
92 8 5 6
93 8 8 3
94 9 8 2
95 7 15 4
96 8 7 6
97 10 6 3
98 11 10 5
99 6 5 6
100 11 4 3
