500 100 3
30 60 700 9.00
0 6 60 3
0 17 60 1
0 8 50 1
0 14 69 2
0 4 53 3
0 4 59 2
0 6 97 3
0 2 83 2
0 18 43 2
0 20 97 2
0 17 1 1
0 4 58 1
0 6 17 3
0 6 42 2
0 8 28 2
0 10 14 2
0 3 4 3
0 14 57 3
0 9 4 3
0 7 36 3
0 20 33 3
0 19 66 1
0 9 83 1
0 1 19 3
0 5 97 1
0 17 44 2
0 6 9 3
0 2 100 2
0 10 98 1
0 14 67 1
0 8 34 2
0 9 81 2
0 12 50 2
0 3 18 1
0 24 1 3
0 8 24 3
0 8 66 3
0 7 45 2
0 11 96 1
0 3 18 2
0 17 85 2
0 22 19 1
0 3 97 3
0 21 87 3
0 4 92 3
0 1 45 2
0 1 95 3
0 24 91 3
0 1 90 3
0 2 3 1
0 6 47 1
0 1 92 2
0 2 72 2
0 18 3 3
0 4 41 3
0 9 18 1
0 2 26 1
0 10 38 1
0 5 81 1
0 4 7 1
0 1 15 2
0 10 80 1
0 5 30 3
0 2 83 2
0 18 99 3
0 14 26 2
0 25 31 1
0 15 90 1
0 6 21 1
0 4 17 1
0 5 51 3
0 13 1 1
0 6 12 1
0 7 51 2
0 5 97 1
0 3 9 3
0 6 16 3
0 4 18 3
0 6 66 3
0 2 61 1
0 22 67 2
0 4 62 1
0 8 23 1
0 12 83 1
0 18 56 2
0 7 88 3
0 1 84 1
0 8 87 1
0 2 28 3
0 6 4 2
0 5 85 2
0 10 36 1
0 25 3 3
0 23 68 2
0 3 23 1
0 7 82 2
0 4 78 3
0 3 17 3
0 9 40 2
0 25 13 1
0 1 72 3
0 11 11 2
0 8 35 1
0 20 72 2
0 5 33 3
0 13 28 3
0 3 89 3
0 8 48 3
0 12 13 2
0 7 54 2
0 11 69 2
0 11 96 1
0 17 53 1
0 4 13 1
0 7 30 2
0 3 69 1
0 5 82 1
0 3 24 3
0 23 27 3
0 1 26 3
0 18 83 2
0 10 40 1
0 3 26 3
0 12 32 3
0 1 53 2
0 3 23 2
0 8 48 3
0 20 10 3
0 4 32 3
0 11 31 2
0 13 64 3
0 13 71 1
0 7 50 1
0 1 66 3
0 13 50 2
0 2 91 1
0 11 52 1
0 24 10 2
0 3 75 3
0 2 59 3
0 5 96 2
0 1 1 1
0 20 78 2
0 1 39 2
0 4 39 1
0 10 79 1
0 22 3 3
0 1 63 2
0 8 96 3
0 15 58 1
0 20 74 2
0 19 70 1
0 21 61 2
0 12 5 3
0 12 39 2
0 2 3 2
0 4 52 1
0 18 45 1
0 4 100 3
0 3 65 3
0 1 44 3
0 11 75 3
0 13 35 3
0 15 22 2
0 1 93 3
0 17 80 2
0 3 29 1
0 7 1 1
0 2 8 1
0 6 67 3
0 4 1 3
0 13 62 2
0 5 8 1
0 11 21 2
0 7 2 1
0 8 48 2
0 2 1 3
0 8 100 2
0 1 39 2
0 1 61 3
0 1 83 1
0 21 51 2
0 15 38 2
0 9 54 3
0 3 4 1
0 4 97 3
0 7 57 1
0 1 39 2
0 1 57 2
0 11 88 1
0 4 31 1
0 15 64 2
0 6 81 2
0 8 32 3
0 24 66 3
0 25 33 1
0 16 17 1
0 6 8 3
0 7 58 1
0 17 84 2
0 1 78 2
0 6 83 2
0 11 9 3
0 12 16 3
0 5 11 1
0 2 67 1
0 5 37 3
0 2 66 2
0 6 98 3
0 12 55 3
0 1 73 2
0 9 36 2
0 14 21 1
0 2 42 2
0 25 83 2
0 9 67 3
0 7 5 2
0 10 73 1
0 1 84 3
0 5 67 1
0 3 68 3
0 3 49 2
0 4 46 2
0 13 20 3
0 14 17 1
0 24 44 3
0 1 36 3
0 23 77 2
0 24 28 1
0 11 29 1
0 7 65 3
0 12 40 3
0 2 98 3
0 2 73 1
0 11 14 1
0 10 26 1
0 7 45 3
0 7 24 1
0 10 86 1
0 11 10 2
0 8 98 3
0 14 10 1
0 9 86 1
0 12 76 2
0 11 81 2
0 7 8 1
0 4 44 3
0 10 37 3
0 13 29 1
0 20 17 1
0 18 32 2
0 5 30 2
0 4 85 2
0 7 67 2
0 4 11 3
0 22 38 1
0 4 5 3
0 4 96 2
0 11 27 1
0 5 21 1
0 5 44 3
0 17 9 3
0 17 29 3
0 2 17 2
0 14 54 2
0 8 28 1
0 8 87 3
0 8 43 1
0 2 100 3
0 10 13 2
0 15 24 2
0 1 35 3
0 1 98 2
0 16 30 1
0 15 22 1
0 18 87 2
0 19 52 3
0 3 62 3
0 3 76 1
0 5 99 2
0 9 100 1
0 2 35 2
0 5 65 2
0 12 19 2
0 4 61 3
0 8 93 3
0 5 92 1
0 11 57 1
0 13 2 3
0 1 48 2
0 3 64 1
0 19 27 2
0 7 19 3
0 5 82 3
0 15 99 1
0 8 91 1
0 5 9 2
0 16 45 1
0 1 48 2
0 24 74 3
0 24 96 1
0 2 77 2
0 20 11 2
0 2 22 3
0 3 41 1
0 9 89 3
0 18 29 2
0 2 66 2
0 5 22 3
0 3 100 1
0 15 66 2
0 3 16 3
0 7 5 1
0 19 39 1
0 13 70 1
0 2 11 1
0 1 100 2
0 1 14 3
0 15 37 2
0 2 91 3
0 12 16 3
0 5 45 2
0 4 63 1
0 7 16 2
0 3 4 2
0 2 81 1
0 19 36 2
0 5 39 3
0 3 97 2
0 4 15 1
0 22 69 2
0 5 99 2
0 5 64 1
0 1 59 2
0 1 65 1
0 10 11 3
0 3 19 1
0 9 92 1
0 7 68 2
0 11 21 1
0 9 81 2
0 3 94 2
0 1 94 2
0 19 59 1
0 17 82 3
0 20 85 1
0 6 76 2
0 5 53 1
0 8 47 2
0 11 84 2
0 11 7 3
0 4 76 3
0 2 98 3
0 14 74 2
0 24 30 3
0 9 15 2
0 21 19 2
0 4 64 2
0 3 87 1
0 10 87 3
0 22 13 2
0 4 14 2
0 4 27 3
0 2 53 3
0 13 62 1
0 18 66 3
0 3 6 1
0 7 57 1
0 8 18 3
0 12 14 1
0 4 74 1
0 4 87 3
0 8 50 3
0 25 90 1
0 7 14 1
0 4 3 3
0 6 5 3
0 6 21 2
0 19 75 3
0 2 43 3
0 1 11 3
0 4 65 1
0 8 88 2
0 6 75 3
0 13 73 3
0 24 92 2
0 10 94 1
0 3 10 1
0 6 16 2
0 13 99 2
0 4 95 3
0 3 57 2
0 12 58 3
0 13 71 3
0 7 98 3
0 6 54 3
0 6 99 3
0 24 3 2
0 11 56 1
0 6 70 2
0 3 3 1
0 19 7 2
0 7 10 2
0 12 30 2
0 11 64 1
0 12 18 1
0 17 46 3
0 9 90 2
0 18 64 3
0 18 84 3
0 18 44 3
0 5 14 2
0 21 92 3
0 21 11 1
0 15 56 1
0 6 19 3
0 11 14 3
0 6 56 1
0 1 22 1
0 5 49 2
0 9 36 2
0 3 83 3
0 6 77 2
0 10 31 2
0 8 10 3
0 21 100 1
0 12 3 1
0 6 99 3
0 14 26 1
0 11 53 3
0 13 21 3
0 5 12 3
0 8 57 1
0 2 70 3
0 13 18 3
0 1 14 2
0 9 98 1
0 9 33 1
0 14 20 3
0 2 82 1
0 5 52 3
0 5 15 2
0 17 93 1
0 11 62 1
0 3 58 2
0 3 26 1
0 1 42 3
0 9 83 2
0 6 22 1
0 3 64 1
0 1 55 3
0 11 59 3
0 10 36 3
0 8 64 1
0 15 13 3
0 8 58 1
0 10 15 2
0 6 51 2
0 25 72 1
0 2 65 2
0 21 94 2
0 1 40 3
0 4 2 3
0 7 43 3
0 8 9 2
0 1 87 3
0 4 21 2
0 12 77 2
0 4 14 3
0 6 1 3
0 7 65 2
0 15 42 1
0 14 63 1
0 5 82 3
0 18 35 3
0 7 41 1
0 1 41 3
0 4 93 2
0 18 38 1
0 1 55 3
0 3 44 2
0 11 93 2
0 9 72 3
0 3 24 1
0 2 65 2
0 10 78 2
0 20 70 3
0 2 26 2
0 2 27 1
0 5 2 1
0 24 41 2
0 13 96 3
0 10 47 1
0 25 83 1
0 22 97 3
0 7 9 1
0 2 26 1
0 1 69 1
0 20 38 3
0 5 51 2
0 3371 11431 21547 16689 16086 11307 11456 14984 8285 20597 13288 4344 9356 13450 17168 12517 1388 12020 8074 10744 14558 9730 16932 13341 4483 18455 9192 10055 10449 7196 16372 18044 16417 17063 16375 18387 10954 14034 19514 3864 12323 10192 10489 13135 3450 9957 3492 17556 18853 12560 3223 19386 12013 18061 4295 5742 17292 8116 11039 16503 5096 10041 18469 11557 13625 8617 10897 5563 6691 18922 10657 15071 18440 13665 18524 4323 5495 10425 10599 7309 11518 2249 17514 12720 14825 7770 16107 11102 14313 16605 16992 18938 16931 4195 1663 18652 12343 10053 10989 15677
3371 0 11786 21962 14610 16508 9676 12307 14055 10404 20926 14887 976 10883 13522 16987 11926 4564 12897 6222 12918 16102 9716 16641 15274 5893 18307 6630 8283 8255 4476 14042 16398 15801 18506 15671 17795 10529 14957 19658 2439 14708 8511 13169 14692 5372 11970 6547 14990 17375 12411 303 18820 12432 16223 1217 2405 16420 10484 10064 14102 3288 11908 18125 13900 15132 10758 13553 2707 9063 17502 13416 15366 16587 12339 17943 6267 4806 12941 13204 9794 14113 3264 17885 10937 12146 9881 17748 8548 14651 14204 17859 17595 15945 7010 1715 19669 12312 7028 8979 16796
11431 11786 0 10207 10906 4732 6731 1775 5767 6314 9208 5533 11981 4202 2168 5948 3406 10718 2076 7623 6864 6175 2238 5864 6984 7029 7160 9664 7117 8554 10061 11750 10263 6009 7862 6182 7693 2731 3663 8083 9364 8563 6825 9252 5267 8175 5984 9993 13644 10340 2007 12000 8571 661 10957 11177 12099 7350 7235 4518 12144 15067 5411 7381 7981 5375 6381 9299 10537 7359 10219 9765 3647 11298 6354 7799 7546 7036 8373 8895 7675 9255 9350 6133 7630 12389 6347 7752 10057 2899 12216 6254 9998 7359 9158 11374 8166 1555 11778 7996 5646
21547 21962 10207 0 15428 5479 14681 10148 10164 14726 1137 10047 22092 12771 8490 5803 10750 20704 9621 17053 13513 9086 12254 6397 11324 17075 4762 18654 15757 16979 19667 16928 12889 8058 7410 8463 6974 11717 7784 2742 19527 13877 15414 15916 10002 18176 13406 19615 18671 11874 9717 22185 6503 9583 14031 21279 22046 8824 15504 12898 17376 25249 12949 5676 13902 9520 14576 15695 20475 16313 11533 16336 6596 14141 12421 6865 17427 17171 15094 15486 16266 15220 19532 4078 14636 18949 15041 8797 18266 7316 17394 5094 11071 9524 18691 21577 4553 9723 20613 16130 6851
16689 14610 10906 15428 0 12303 5572 12679 5876 16339 14351 16336 14028 14622 10002 9927 7512 16903 12894 8619 17590 16723 9973 9301 17865 14157 10703 8090 6657 6357 10223 1586 2977 7567 17669 7130 8486 8472 13712 12745 12880 19413 6568 19739 16075 15072 16584 17512 3251 4316 9100 14913 9159 11174 2072 13414 13000 6605 17173 6978 2005 17166 16054 9752 18772 16086 16539 19871 11946 16641 4638 20235 11340 2313 4552 8609 15092 11398 18928 19442 17257 19950 14603 12738 4105 4263 16140 18063 6327 11294 2002 14835 5029 5910 17086 15522 16541 9535 8782 5708 15333
16086 16508 4732 5479 12303 0 9999 4798 6436 9721 4512 5984 16671 7623 3223 3088 5905 15281 4332 11886 9060 5592 6831 3535 7598 11626 3605 13684 10858 12201 14457 13575 10512 4994 5576 5411 5470 6513 2952 3620 14079 10012 10523 11616 5824 12742 8659 14306 15472 9981 4535 16726 5890 4103 11528 15862 16701 6400 10577 7957 14020 19792 8127 4409 9777 5495 9635 11494 15129 11181 9722 12095 1237 11768 8312 5486 12024 11733 10725 11192 11254 11173 14054 1432 10329 15037 9958 6354 13611 1866 14065 2534 9337 6862 13404 16098 4300 4431 15737 11440 3455
11307 9676 6731 14681 5572 9999 0 8405 4922 11118 13546 12206 9295 9664 6888 8937 4095 11405 8796 3455 12709 12906 5064 8402 13532 8588 10164 4148 1418 2310 5775 5744 6771 7023 14468 6748 8879 4001 10236 11994 7631 14649 1165 14617 11939 9502 11633 11941 7448 7701 5603 9974 9876 7231 6757 8564 8600 7177 11892 2220 6038 12622 11157 9616 13930 12090 11359 14801 7229 11217 7827 15094 8786 7138 2792 9033 9527 5888 13868 14364 11877 14976 9146 10992 1468 5715 10853 14472 3620 8381 6130 12276 7932 6581 11518 10304 14194 5879 5957 1454 12153
11456 12307 1775 10148 12679 4798 8405 0 7427 5116 9265 3802 12632 2946 3367 6825 5173 10562 590 8894 5228 4568 3536 6889 5212 6974 7887 11033 8658 10095 11171 13522 11957 7376 6530 7612 8858 4438 2650 8398 9959 6835 8388 7705 3535 8046 4454 9510 15413 11958 3682 12489 9641 1606 12688 11854 12935 8797 6021 6216 13914 15533 3874 8316 6292 3700 5103 7710 11410 6441 11815 8216 4045 13023 8128 8944 7280 7759 6807 7325 6600 7607 9550 6220 9371 14098 5271 6213 11604 3313 13987 5580 11564 8892 8606 11656 7362 3223 13145 9607 4533
14984 14055 5767 10164 5876 6436 4922 7427 0 11941 9034 10799 13842 9917 4316 4377 2689 14712 7497 8060 12624 11028 5836 3769 12406 11250 5452 9069 6251 7190 10589 7149 4543 2164 11811 1839 3957 4261 7969 7423 11757 14256 5928 15016 10550 12369 11749 14625 9038 4585 3764 14337 4959 5825 5366 13059 13339 2365 12849 4007 7596 17192 11178 4766 13717 10485 12053 15066 11868 12715 4490 15527 5469 5671 2299 4111 12045 9565 14139 14662 13166 15014 12735 6980 4532 8836 11887 12274 8292 5473 7638 8964 4323 1948 13951 14330 10702 4222 10809 6276 9490
8285 10404 6314 14726 16339 9721 11118 5116 11941 0 13985 5226 11075 2172 8366 11940 9329 7033 5449 9893 2516 6498 6393 11988 5060 4578 12989 12077 10707 11962 11263 16816 16278 12317 9020 12496 13924 7977 6964 13335 8623 4363 10570 3533 5131 5071 1681 5318 18565 16520 8271 10471 14739 6525 16817 10468 11917 13662 921 9362 17137 13186 1892 13430 3542 5652 356 3773 10695 1716 16431 3989 9127 17183 11953 14018 4152 7325 2900 3340 1543 4106 7150 11081 12448 16619 525 7925 13342 8416 17226 9711 16243 13642 4375 9150 11047 7841 13971 11851 8098
20597 20926 9208 1137 14351 4512 13546 9265 9034 13985 0 9504 21035 11974 7423 4669 9627 19789 8760 15944 12921 8642 11210 5266 10880 16138 3658 17527 14629 15846 18562 15839 11862 6938 7237 7347 5935 10623 7021 1620 18488 13433 14285 15381 9433 17252 12736 18766 17598 10886 8628 21153 5545 8597 13000 20222 20964 7750 14791 11776 16288 24214 12254 4609 13396 8975 13854 15184 19394 15533 10550 15818 5570 13123 11287 5835 16525 16127 14535 14950 15528 14744 18552 3083 13501 17831 14275 8561 17130 6309 16308 4554 10092 8442 17852 20581 4460 8652 19481 14994 6329
13288 14887 5533 10047 16336 5984 12206 3802 10799 5226 9504 0 15386 4010 6486 8917 8840 12128 3468 12450 3490 1278 7262 9216 1661 9060 9588 14645 12409 13840 14530 17257 15327 10224 3804 10553 11253 8237 3122 9266 12738 4040 12152 5878 267 9885 3625 10532 19160 15136 7236 15015 11808 5173 16157 14668 15931 11710 5805 10017 17658 17934 3337 10341 3900 530 4971 5682 14492 6940 14944 6314 6020 16469 11810 11298 8977 10810 5047 5447 6655 5271 11788 7034 13162 17900 5676 2862 15346 5601 17728 4965 14632 11965 9583 13899 5953 6802 16738 13388 3197
4344 976 11981 22092 14028 16671 9295 12632 13842 11075 21035 15386 0 11403 13613 16973 11841 5512 13221 5856 13579 16578 9843 16596 15858 6512 18292 5968 7882 7702 3811 13381 15943 15667 18941 15511 17654 10518 15273 19720 2677 15412 8137 13954 15181 6115 12599 7456 14249 16967 12452 1182 18679 12636 15708 814 1443 16204 11213 9891 13419 3351 12502 18055 14598 15604 11430 14331 2097 9809 17110 14219 15503 16066 12020 17803 6981 4945 13687 13970 10556 14872 4018 18024 10485 11380 10557 18241 7857 14807 13519 18138 17227 15697 7871 2684 19980 12388 6170 8479 17151
9356 10883 4202 12771 14622 7623 9664 2946 9917 2172 11974 4010 11403 0 6207 9770 7375 8269 3308 9055 3046 5249 4674 9817 4544 5053 10829 11285 9484 10841 10850 15233 14337 10179 7723 10373 11759 6157 4989 11243 8776 5014 9294 5146 3827 5920 1976 6898 17046 14502 6193 11007 12567 4368 14942 10702 12013 11547 3085 7712 15582 13926 1501 11259 4271 4293 2190 5253 10624 3564 14396 5653 6974 15300 10139 11851 5033 6989 4310 4828 3659 5342 7781 9009 10892 15320 2340 6871 12299 6254 15666 7865 14188 11559 5957 9897 9377 5750 13306 10584 6388
13450 13522 2168 8490 10002 3223 6888 3367 4316 8366 7423 6486 13613 6207 0 3790 2838 12807 3292 8668 8572 6737 3815 3697 8105 9117 5030 10468 7663 9030 11251 11079 8841 4009 7783 4252 5564 3293 3711 6143 11083 10063 7331 11070 6240 10273 7821 12151 12999 8702 1319 13756 6416 1841 9680 12799 13560 5438 9285 4773 11506 16809 7241 5213 9586 6169 8396 11065 11987 9500 8533 11580 1987 9987 5614 5663 9680 8717 10170 10686 9779 10932 11310 4456 7397 12196 8444 8067 10468 1494 11565 5388 8256 5574 11323 13269 7310 1234 12530 8305 5428
17168 16987 5948 5803 9927 3088 8937 6825 4377 11940 4669 8917 16973 9770 3790 0 5200 16573 6542 11565 11719 8648 7446 628 10566 12889 1320 12991 10089 11246 14188 11346 7759 2363 8589 2798 2383 6461 5799 3074 14563 12885 9747 14282 8729 14047 11150 15939 13171 7063 4625 17240 2905 5526 8844 16160 16738 3526 12845 7319 11797 20253 10583 1495 12565 8459 11924 14209 15186 13196 6778 14780 2948 9038 6618 2405 13468 12207 13378 13872 13413 13958 14992 2918 8834 13203 12078 9436 12491 3563 11826 5404 6367 4112 15105 16885 6814 4826 14892 10375 6542
12517 11926 3406 10750 7512 5905 4095 5173 2689 9329 9627 8840 11841 7375 2838 5200 0 12151 5385 6368 10214 9312 3148 4773 10354 8619 6507 7908 5023 6316 8993 8429 6963 3916 10581 3858 5906 1602 6411 8143 9538 11961 4681 12515 8577 9753 9273 11967 10341 7212 1655 12192 6923 3669 7587 11034 11548 4822 10228 2149 8839 15157 8716 6214 11359 8615 9463 12597 10004 10039 7147 13024 4693 7937 2971 6049 9388 7236 11659 12181 10509 12601 10277 6933 4567 9374 9247 10759 7707 4323 8905 8208 7004 4574 11276 12004 10115 2051 9903 5536 8232
1388 4564 10718 20704 16903 15281 11405 10562 14712 7033 19789 12128 5512 8269 12807 16573 12151 0 11107 8376 9454 13404 9207 16381 12092 3691 17836 9769 10248 10819 7913 16715 18044 15998 15923 15993 17938 10557 13079 18779 4434 10982 10341 9111 11989 2545 8713 2105 18012 18770 12017 4465 18918 11264 18148 5322 6844 16967 6801 10865 16879 6482 8838 17924 10226 12490 7354 9521 6419 5393 18813 9272 14322 18531 13581 18070 3290 5517 9068 9229 5976 10147 2342 16713 12854 15367 6529 14918 11629 13558 16981 16028 18795 16657 2829 2868 17629 11759 10856 11262 14642
12020 12897 2076 9621 12894 4332 8796 590 7497 5449 8760 3468 13221 3308 3292 6542 5385 11107 0 9422 5298 4117 4032 6655 4973 7539 7547 11543 9114 10553 11728 13791 12040 7273 5983 7538 8657 4802 2061 7949 10548 6779 8835 7826 3203 8601 4624 10007 15692 11975 3816 13078 9398 1720 12811 12442 13518 8722 6336 6589 14191 16121 4050 8036 6294 3300 5403 7799 11990 6854 11816 8333 3680 13137 8355 8735 7821 8344 6922 7431 6962 7644 10130 5739 9704 14464 5648 5730 12061 2985 14261 4998 11546 8864 9094 12238 6773 3368 13658 10034 3950
8074 6222 7623 17053 8619 11886 3455 8894 8060 9893 15944 12450 5856 9055 8668 11565 6368 8376 9422 0 11978 13410 5416 11115 13463 6245 12865 2229 2066 2461 2625 8340 10191 9996 15402 9796 11953 5376 11272 14497 4269 13982 2291 13396 12196 6894 10866 9292 9674 11154 7375 6520 12975 8261 10077 5113 5280 10407 10486 4257 8505 9198 10513 12492 13189 12482 10201 13662 3822 9479 11282 13819 10654 10450 6165 12106 7187 3057 12789 13232 10231 13985 6042 13101 4743 7174 9502 15083 3552 10067 8606 13812 11383 9872 9070 6931 15745 7456 4291 2915 13256
10744 12918 6864 13513 17590 9060 12709 5228 12624 2516 12921 3490 13579 3046 8572 11719 10214 9454 5298 11978 0 4633 7696 11898 2750 7071 12585 14199 12516 13857 13573 18250 17127 12569 7048 12824 13923 9120 6113 12544 11093 2005 12333 2566 3512 7585 1112 7604 20076 17178 8861 12987 14615 6831 17800 12959 14387 14010 2677 10731 18606 15689 1553 13203 1228 4007 2164 2503 13121 4061 17040 3060 8777 18147 13070 13993 6667 9639 1666 2152 3542 2391 9666 10273 13923 18364 3040 5793 15299 8177 18688 8419 16792 14119 6696 11660 9426 8402 16171 13623 6669
14558 16102 6175 9086 16723 5592 12906 4568 11028 6498 8642 1278 16578 5249 6737 8648 9312 13404 4117 13410 4633 0 8103 9022 2241 10302 9159 15577 13222 14661 15578 17733 15498 10207 2526 10569 11025 8906 3070 8586 13918 4796 12948 6870 1425 11147 4878 11808 19649 15199 7666 16237 11482 5711 16389 15848 17080 11688 7053 10692 18147 19174 4612 10001 4835 974 6236 6626 15619 8213 14982 7269 5890 16683 12256 11053 10243 11930 6092 6444 7910 6135 13029 6441 13764 18550 6952 1689 16170 5622 18213 4099 14641 12014 10860 15146 4813 7262 17684 14152 2350
9730 9716 2238 12254 9973 6831 5064 3536 5836 6393 11210 7262 9843 4674 3815 7446 3148 9207 4032 5416 7696 8103 0 7202 8500 5577 8744 7513 5147 6579 7824 10559 9949 6822 9995 6856 8738 1620 5859 9958 7278 9606 4894 9766 6998 6731 6649 8860 12381 10315 2830 9946 9712 2894 10437 9033 9892 7908 7257 3038 10911 13004 6144 8741 8907 7215 6576 9906 8325 6936 10269 10262 5661 10806 5561 8867 6290 4917 8963 9474 7452 10016 7546 8182 6228 10774 6242 9748 8086 4966 10994 8490 10142 7710 8143 9465 10404 2636 9628 6146 7842
16932 16641 5864 6397 9301 3535 8402 6889 3769 11988 5266 9216 16596 9817 3697 628 4773 16381 6655 11115 11898 9022 7202 0 10873 12710 1766 12483 9585 10712 13734 10718 7160 1736 9090 2171 2041 6116 6096 3658 14226 13139 9244 14452 9017 13869 11278 15823 12544 6503 4373 16898 2752 5500 8237 15786 16320 2941 12901 6859 11169 19895 10705 1542 12785 8776 11990 14396 14777 13184 6227 14954 3198 8438 6028 2099 13323 11882 13547 14047 13436 14173 14737 3511 8251 12586 12099 9885 11933 3723 11198 5935 5827 3503 15008 16594 7402 4625 14359 9832 6984
13341 15274 6984 11324 17865 7598 13532 5212 12406 5060 10880 1661 15858 4544 8105 10566 10354 12092 4973 13463 2750 2241 8500 10873 0 9382 11202 15685 13618 15032 15375 18733 16943 11881 4399 12207 12908 9625 4777 10772 13270 2555 13382 4696 1881 10055 3384 10311 20624 16779 8785 15372 13450 6693 17753 15183 16532 13366 5397 11382 19126 18184 3367 11978 2652 2108 4738 4423 15163 6723 16591 5067 7678 18071 13322 12951 9130 11532 3981 4279 6269 3903 12073 8579 14564 19246 5571 3071 16527 7260 19199 6330 16283 13612 9387 14135 6988 8339 17747 14645 4565
4483 5893 7029 17075 14157 11626 8588 6974 11250 4578 16138 9060 6512 5053 9117 12889 8619 3691 7539 6245 7071 10302 5577 12710 9382 0 14147 8205 7693 8636 6978 14236 14906 12398 12763 12419 14312 7017 9562 15098 4055 8936 7686 7703 8880 1160 6089 3421 15761 15504 8358 5992 15279 7583 15151 5890 7344 13438 4823 7596 14473 8874 6015 14252 8117 9343 4934 8043 6181 3522 15513 8044 10644 15535 10382 14440 953 3238 7307 7649 4306 8518 2728 13057 10053 13398 4068 11918 9792 9881 14571 12519 15451 13179 2931 4846 14207 8084 9864 8824 11247
18455 18307 7160 4762 10703 3605 10164 7887 5452 12989 3658 9588 18292 10829 5030 1320 6507 17836 7547 12865 12585 9159 8744 1766 11202 14147 0 14249 11351 12473 15487 12182 8296 3311 8733 3706 2426 7781 6523 2043 15881 13612 11010 15150 9424 15303 12094 17147 13952 7423 5932 18558 2441 6694 9422 17480 18051 4114 13882 8613 12632 21573 11539 1067 13355 9099 12950 15048 16501 14311 7105 15638 3869 9571 7739 2364 14702 13524 14251 14731 14487 14752 16289 2868 9971 14192 13158 9737 13681 4575 12653 5510 6661 4794 16298 18194 6598 6115 16120 11590 6913
9192 6630 9664 18654 8090 13684 4148 11033 9069 12077 17527 14645 5968 11285 10468 12991 7908 9769 11543 2229 14199 15577 7513 12483 15685 8205 14249 0 2903 1964 2161 7419 10220 11162 17503 10894 13026 7211 13327 16014 5359 16204 3246 15560 14389 8692 13088 10988 8402 11354 9150 6929 14022 10280 9859 5414 4914 11303 12638 5768 7473 9078 12741 13745 15407 14660 12392 15838 3924 11569 11544 15971 12448 10203 6892 13180 9116 4969 14977 15410 12335 16179 7451 14815 4920 5632 11671 17241 1930 11921 7574 15749 11730 10684 10894 7785 17687 9302 2116 2879 15309
10055 8283 7117 15757 6657 10858 1418 8658 6251 10707 14629 12409 7882 9484 7663 10089 5023 10248 9114 2066 12516 13222 5147 9585 13618 7693 11351 2903 0 1439 4370 6557 8125 8300 14971 8052 10200 4492 10745 13111 6306 14498 343 14238 12145 8512 11415 10951 8078 9095 6345 8583 11209 7689 8030 7159 7185 8547 11415 2903 6781 11205 10984 10867 13743 12353 10978 14457 5813 10598 9230 14695 9625 8406 4197 10354 8645 4756 13542 14020 11302 14694 7947 11949 2685 5913 10388 14843 2948 9139 6880 13009 9345 7970 10610 8977 14945 6542 4885 1156 12709
10449 8255 8554 16979 6357 12201 2310 10095 7190 11962 15846 13840 7702 10841 9030 11246 6316 10819 10553 2461 13857 14661 6579 10712 15032 8636 12473 1964 1439 0 3934 5923 8304 9315 16404 9025 11137 5911 12176 14300 6595 15849 1733 15494 13577 9339 12750 11747 7213 9412 7718 8558 12123 9121 8009 7063 6778 9379 12632 4257 6065 10920 12337 11914 15083 13789 12246 15729 5609 11732 9594 15940 10974 8365 4966 11292 9585 5502 14826 15293 12460 15993 8480 13246 2956 4767 11616 16283 1509 10516 6167 14399 9772 8747 11500 9198 16331 7938 3647 926 14135
7196 4476 10061 19667 10223 14457 5775 11171 10589 11263 18562 14530 3811 10850 11251 14188 8993 7913 11728 2625 13573 15578 7824 13734 15375 6978 15487 2161 4370 3934 0 9579 12231 12578 17700 12360 14516 7967 13661 17120 3492 15554 4675 14619 14288 7226 12483 9351 10524 13310 9971 4773 15533 10713 11938 3259 2855 12908 11695 6875 9630 6986 12217 15097 14738 14623 11601 14935 1769 10483 13477 14988 13231 12290 8564 14670 7806 3941 14133 14523 11265 15350 5674 15697 6815 7703 10805 17265 4073 12621 9731 16302 13629 12339 9396 5709 18224 10028 2980 4766 15635
16372 14042 11750 16928 1586 13575 5744 13522 7149 16816 15839 17257 13381 15233 11079 11346 8429 16715 13791 8340 18250 17733 10559 10718 18733 14236 12182 7419 6557 5923 9579 0 4552 8983 18829 8551 10015 9168 14777 14226 12516 20130 6550 20283 16992 15069 17208 17507 1920 5885 10068 14342 10718 12086 3575 12828 12250 8112 17611 7521 451 16395 16700 11257 19454 17043 17041 20445 11340 16961 6213 20769 12554 3749 5480 10142 15185 11287 19505 20010 17618 20574 14382 14101 4368 2804 16573 19138 5531 12440 490 16094 6611 7404 17161 15097 17851 10480 7767 5470 16479
18044 16398 10263 12889 2977 10512 6771 11957 4543 16278 11862 15327 15943 14337 8841 7759 6963 18044 12040 10191 17127 15498 9949 7160 16943 14906 8296 10220 8125 8304 12231 4552 0 5526 16061 5102 5927 8332 12429 10300 14402 18791 7925 19471 15081 15940 16218 18326 5975 1340 8278 16699 6445 10360 1145 15252 15081 4239 17168 7318 4947 19211 15654 7271 18238 14998 16421 19542 13849 16877 1661 19981 9745 1280 4526 6028 15788 12570 18608 19130 17400 19518 15849 10671 5463 7213 16171 16657 8691 9886 4928 13019 2065 3667 17768 17075 14561 8738 11287 7472 13803
16417 15801 6009 8058 7567 4994 7023 7376 2164 12317 6938 10224 15667 10179 4009 2363 3916 15998 7273 9996 12569 10207 6822 1736 11881 12398 3311 11162 8300 9315 12578 8983 5526 0 10561 439 1995 5463 7168 5319 13434 13992 7967 15077 10001 13550 11830 15661 10809 5018 4150 16072 3019 5824 6569 14868 15265 1486 13239 5782 9434 19003 11249 2606 13556 9831 12369 15067 13757 13336 4783 15587 4331 6791 4463 2142 13103 11148 14177 14691 13681 14916 14182 5199 6696 10893 12355 11235 10451 4626 9463 7493 4434 1869 14906 15919 9064 4530 12949 8410 8348
17063 18506 7862 7410 17669 5576 14468 6530 11811 9020 7237 3804 18941 7723 7783 8589 10581 15923 5983 15402 7048 2526 9995 9090 4399 12763 8733 17503 14971 16404 17700 18829 16061 10561 0 10972 10929 10510 4235 7630 16268 6808 14672 9077 3934 13640 7388 14333 20747 15557 8941 18653 11169 7283 17050 18193 19369 11977 9553 12256 19262 21620 7137 9718 7041 3438 8754 8780 17874 10736 15297 9421 6351 17305 13389 10922 12743 14191 8380 8667 10416 8206 15485 5865 15143 19954 9478 1433 17902 6389 19317 3225 14909 12429 13386 17608 2859 8609 19619 15804 2355
16375 15671 6182 8463 7130 5411 6748 7612 1839 12496 7347 10553 15511 10373 4252 2798 3858 15993 7538 9796 12824 10569 6856 2171 12207 12419 3706 10894 8052 9025 12360 8551 5102 439 10972 0 2157 5437 7519 5727 13322 14283 7723 15317 10326 13566 12060 15713 10373 4635 4268 15946 3179 6039 6137 14717 15074 1186 13417 5620 9002 18854 11480 2942 13829 10170 12559 15317 13578 13470 4412 15828 4710 6364 4127 2310 13146 11059 14419 14936 13837 15181 14134 5638 6354 10487 12517 11625 10128 4967 9030 7918 4081 1461 14975 15835 9500 4671 12648 8113 8744
18387 17795 7693 6974 8486 5470 8879 8858 3957 13924 5935 11253 17654 11759 5564 2383 5906 17938 8657 11953 13923 11025 8738 2041 12908 14312 2426 13026 10200 11137 14516 10015 5927 1995 10929 2157 0 7435 8132 4380 15430 15180 9874 16472 11056 15468 13279 17528 11715 5002 5980 18067 1026 7402 7065 16857 17230 1936 14842 7764 10459 20993 12703 1366 14823 10807 13943 16423 15731 15051 4681 16976 5238 7191 6192 154 14988 13141 15567 16070 15343 16208 16157 5129 8386 12217 14008 11812 12186 5756 10470 7719 4235 2657 16748 17910 8972 6313 14739 10219 8922
10954 10529 2731 11717 8472 6513 4001 4438 4261 7977 10623 8237 10518 6157 3293 6461 1602 10557 4802 5376 9120 8906 1620 6116 9625 7017 7781 7211 4492 5911 7967 9168 8332 5463 10510 5437 7435 0 6276 9235 8110 10969 4179 11292 7970 8152 8113 10370 11033 8701 2004 10784 8440 3239 8840 9704 10351 6424 8853 1787 9543 13792 7582 7618 10309 8101 8143 11410 8785 8556 8660 11794 5279 9207 3988 7574 7790 5768 10466 10983 9068 11478 8722 7730 4940 9665 7846 10473 7399 4715 9621 8542 8545 6169 9691 10504 10481 2094 9298 5295 8226
14034 14957 3663 7784 13712 2952 10236 2650 7969 6964 7021 3122 15273 4989 3711 5799 6411 13079 2061 11272 6113 3070 5859 6096 4777 9562 6523 13327 10745 12176 13661 14777 12429 7168 4235 7519 8132 6276 0 6459 12603 7100 10443 8665 2930 10599 5768 11864 16696 12140 4758 15139 8695 3059 13325 14491 15541 8654 7776 8022 15199 18183 5260 7235 6833 2683 6837 8543 14003 8530 11930 9144 2903 13616 9300 8176 9789 10379 7776 8241 8507 8230 12179 4184 10951 15762 7262 4362 13671 2557 15260 2957 11598 8957 10931 14291 4712 4399 15441 11569 1984
19514 19658 8083 2742 12745 3620 11994 8398 7423 13335 1620 9266 19720 11243 6143 3074 8143 18779 7949 14497 12544 8586 9958 3658 10772 15098 2043 16014 13111 14300 17120 14226 10300 5319 7630 5727 4380 9235 6459 0 17219 13289 12768 15070 9152 16234 12224 17887 15994 9369 7269 19895 4108 7515 11432 18906 19585 6150 14184 10289 14675 22943 11706 3029 13153 8744 13242 14914 18020 14800 9040 15533 4457 11568 9685 4291 15554 14852 14195 14642 14871 14534 17415 2276 11905 16211 13577 8820 15561 5221 14696 4559 8586 6836 16996 19401 5119 7346 17942 13437 6239
3864 2439 9364 19527 12880 14079 7631 9959 11757 8623 18488 12738 2677 8776 11083 14563 9538 4434 10548 4269 11093 13918 7278 14226 13270 4055 15881 5359 6306 6595 3492 12516 14402 13434 16268 13322 15430 8110 12603 17219 0 12985 6481 11717 12528 3960 10074 5896 13695 15297 9977 2679 16452 10014 14336 1930 3295 14116 8869 7750 12640 5726 9935 15720 12165 12944 8977 12070 2209 7525 15398 12031 12932 14711 10169 15576 4700 2367 11356 11685 8300 12564 2189 15451 8991 10984 8118 15587 7251 12220 12742 15480 15458 13672 6034 2674 17313 9873 6459 7173 14475
12323 14708 8563 13877 19413 10012 14649 6835 14256 4363 13433 4040 15412 5014 10063 12885 11961 10982 6779 13982 2005 4796 9606 13139 2555 8936 13612 16204 14498 15849 15554 20130 18791 13992 6808 14283 15180 10969 7100 13289 12985 0 14308 2381 4189 9339 3117 9004 21975 18754 10517 14757 15788 8432 19517 14821 16279 15462 4241 12627 20496 17355 3514 14334 822 4551 4009 2023 15052 5678 18594 2644 9949 19855 14870 15236 8442 11616 1972 2032 5015 1401 11444 11070 15830 20326 4869 5399 17297 9442 20576 8882 18319 15636 8160 13367 9503 10058 18172 15598 7111
10192 8511 6825 15414 6568 10523 1165 8388 5928 10570 14285 12152 8137 9294 7331 9747 4681 10341 8835 2291 12333 12948 4894 9244 13382 7686 11010 3246 343 1733 4675 6550 7925 7967 14672 7723 9874 4179 10443 12768 6481 14308 0 14097 11887 8539 11236 10981 8125 8865 6015 8809 10884 7389 7871 7402 7474 8235 11295 2566 6794 11469 10795 10531 13560 12086 10834 14308 6079 10514 8991 14560 9291 8250 3907 10028 8635 4831 13389 13871 11207 14532 8057 11608 2528 6054 10264 14562 3232 8810 6891 12684 9094 7665 10612 9155 14619 6218 5225 1291 12402
10489 13169 9252 15916 19739 11616 14617 7705 15016 3533 15381 5878 13954 5146 11070 14282 12515 9111 7826 13396 2566 6870 9766 14452 4696 7703 15150 15560 14238 15494 14619 20283 19471 15077 9077 15317 16472 11292 8665 15070 11717 2381 14097 0 5950 7845 3270 7044 22056 19592 11260 13179 17175 9288 20088 13443 14961 16501 2931 12786 20615 15579 3846 15767 2044 6408 3264 422 13878 4192 19470 512 11341 20445 15279 16545 7024 10716 905 431 3418 1108 9936 12806 15919 20148 3895 7699 16866 10735 20702 10842 19240 16580 6297 11697 11671 10806 17406 15380 9070
13135 14692 5267 10002 16075 5824 11939 3535 10550 5131 9433 267 15181 3827 6240 8729 8577 11989 3203 12196 3512 1425 6998 9017 1881 8880 9424 14389 12145 13577 14288 16992 15081 10001 3934 10326 11056 7970 2930 9152 12528 4189 11887 5950 0 9722 3564 10422 18895 14901 6977 14823 11625 4909 15906 14458 15712 11485 5744 9750 17393 17753 3239 10162 4002 523 4889 5770 14267 6842 14711 6397 5819 16220 11547 11103 8819 10582 5103 5519 6585 5385 11607 6908 12894 17633 5568 3060 15083 5382 17464 4911 14402 11732 9473 13723 5980 6541 16484 13122 3157
3450 5372 8175 18176 15072 12742 9502 8046 12369 5071 17252 9885 6115 5920 10273 14047 9753 2545 8601 6894 7585 11147 6731 13869 10055 1160 15303 8692 8512 9339 7226 15069 15940 13550 13640 13566 15468 8152 10599 16234 3960 9339 8539 7845 9722 0 6692 2442 16528 16574 9518 5418 16437 8719 16144 5601 7131 14575 5112 8652 15284 8130 6706 15411 8535 10204 5421 8218 6167 3696 16593 8128 11777 16528 11425 15597 925 3838 7575 7855 4440 8757 2109 14174 10971 14066 4546 12725 10391 11013 15383 13555 16543 14304 2202 4084 15202 9244 10185 9614 12227
9957 11970 5984 13406 16584 8659 11633 4454 11749 1681 12736 3625 12599 1976 7821 11150 9273 8713 4624 10866 1112 4878 6649 11278 3384 6089 12094 13088 11415 12750 12483 17208 16218 11830 7388 12060 13279 8113 5768 12224 10074 3117 11236 3270 3564 6692 0 6983 19022 16324 7991 12053 14020 6025 16857 11958 13364 13244 2181 9687 17558 14821 580 12643 2334 4086 1378 3324 12071 3376 16200 3782 8238 17210 12085 13358 5767 8555 2391 2913 3032 3369 8738 9949 12868 17274 2187 6257 14190 7587 17641 8332 15970 13312 6045 10776 9537 7537 15064 12527 6646
3492 6547 9993 19615 17512 14306 11941 9510 14625 5318 18766 10532 7456 6898 12151 15939 11967 2105 10007 9292 7604 11808 8860 15823 10311 3421 17147 10988 10951 11747 9351 17507 18326 15661 14333 15713 17528 10370 11864 17887 5896 9004 10981 7044 10422 2442 6983 0 18949 18920 11548 6482 18468 10461 18559 7152 8707 16766 4927 11016 17718 8581 7196 17356 8275 10938 5605 7458 8053 3607 18924 7185 13459 18943 13803 17649 2580 6248 7060 7185 4066 8099 3719 15730 13409 16448 4856 13239 12746 12696 17818 14762 18855 16539 951 4901 16244 11228 12330 12047 13261
17556 14990 13644 18671 3251 15472 7448 15413 9038 18565 17598 19160 14249 17046 12999 13171 10341 18012 15692 9674 20076 19649 12381 12544 20624 15761 13952 8402 8078 7213 10524 1920 5975 10809 20747 10373 11715 11033 16696 15994 13695 21975 8125 22056 18895 16528 19022 18949 0 7242 11983 15284 12351 13992 4868 13775 13009 9849 19338 9349 1502 17073 18524 12996 21287 18952 18802 22231 12289 18626 7589 22536 14463 4913 7398 11835 16714 12702 21294 21795 19304 22382 15670 15962 6154 2904 18301 21058 6473 14358 1436 17995 8024 9158 18664 16185 19737 12392 8282 6938 18397
18853 17375 10340 11874 4316 9981 7701 11958 4585 16520 10886 15136 16967 14502 8702 7063 7212 18770 11975 11154 17178 15199 10315 6503 16779 15504 7423 11354 9095 9412 13310 5885 1340 5018 15557 4635 5002 8701 12140 9369 15297 18754 8865 19592 14901 16574 16324 18920 7242 0 8333 17674 5375 10351 2375 16253 16165 3581 17426 7925 6273 20266 15750 6367 18247 14772 16636 19635 14882 17243 353 20104 9344 2361 5193 5081 16356 13358 18712 19234 17720 19563 16631 9974 6497 8553 16454 16253 9904 9584 6250 12434 813 3184 18312 17962 13868 8787 12520 8545 13365
12560 12411 2007 9717 9100 4535 5603 3682 3764 8271 8628 7236 12452 6193 1319 4625 1655 12017 3816 7375 8861 7666 2830 4373 8785 8358 5932 9150 6345 7718 9971 10068 8278 4150 8941 4268 5980 2004 4758 7269 9977 10517 6015 11260 6977 9518 7991 11548 11983 8333 0 12656 6928 2101 9009 11638 12337 5410 9189 3461 10482 15691 7418 5913 9961 6990 8357 11304 10767 9203 8213 11772 3299 9342 4593 6102 9011 7612 10380 10902 9579 11251 10372 5727 6203 11014 8267 9104 9165 2798 10547 6685 7997 5372 10773 12262 8614 460 11211 7007 6598
3223 303 12000 22185 14913 16726 9974 12489 14337 10471 21153 15015 1182 11007 13756 17240 12192 4465 13078 6520 12987 16237 9946 16898 15372 5992 18558 6929 8583 8558 4773 14342 16699 16072 18653 15946 18067 10784 15139 19895 2679 14757 8809 13179 14823 5418 12053 6482 15284 17674 12656 0 19091 12644 16525 1515 2625 16702 10526 10342 14402 3066 12005 18387 13953 15268 10824 13567 3005 9099 17799 13415 15591 16890 12632 18214 6324 5045 12972 13224 9819 14135 3321 18107 11238 12437 9947 17877 8846 14872 14503 18049 17891 16230 6982 1597 19850 12550 7299 9281 16966
19386 18820 8571 6503 9159 5890 9876 9641 4959 14739 5545 11808 18679 12567 6416 2905 6923 18918 9398 12975 14615 11482 9712 2752 13450 15279 2441 14022 11209 12123 15533 10718 6445 3019 11169 3179 1026 8440 8695 4108 16452 15788 10884 17175 11625 16437 14020 18468 12351 5375 6928 19091 0 8239 7590 17883 18252 2805 15652 8790 11154 22019 13448 1482 15469 11342 14742 17108 16756 15916 5032 17674 5852 7672 7164 877 15938 14159 16270 16767 16181 16862 17160 5305 9337 13021 14844 12145 13141 6442 11159 7944 4570 3509 17674 18925 9010 7240 15710 11201 9291
12013 12432 661 9583 11174 4103 7231 1606 5825 6525 8597 5173 12636 4368 1841 5526 3669 11264 1720 8261 6831 5711 2894 5500 6693 7583 6694 10280 7689 9121 10713 12086 10360 5824 7283 6039 7402 3239 3059 7515 10014 8432 7389 9288 4909 8719 6025 10461 13992 10351 2101 12644 8239 0 11108 11833 12760 7221 7445 5011 12490 15710 5445 6989 7898 4964 6557 9305 11197 7684 10210 9800 3061 11439 6639 7499 8058 7692 8395 8915 7944 9212 9955 5517 8054 12842 6608 7244 10619 2301 12559 5596 9963 7294 9605 11994 7511 1649 12392 8532 5033
18061 16223 10957 14031 2072 11528 6757 12688 5366 16817 13000 16157 15708 14942 9680 8844 7587 18148 12811 10077 17800 16389 10437 8237 17753 15151 9422 9859 8030 8009 11938 3575 1145 6569 17050 6137 7065 8840 13325 11432 14336 19517 7871 20088 15906 16144 16857 18559 4868 2375 9009 16525 7590 11108 0 15050 14764 5340 17691 7639 3937 18921 16302 8403 18936 15849 16980 20179 13612 17316 2722 20595 10710 384 4889 7168 16057 12638 19239 19761 17874 20187 15903 11746 5347 6327 16678 17598 8204 10802 3906 14048 3158 4734 18049 17005 15628 9467 10738 7244 14768
4295 1217 11177 21279 13414 15862 8564 11854 13059 10468 20222 14668 814 10702 12799 16160 11034 5322 12442 5113 12959 15848 9033 15786 15183 5890 17480 5414 7159 7063 3259 12828 15252 14868 18193 14717 16857 9704 14491 18906 1930 14821 7402 13443 14458 5601 11958 7152 13775 16253 11638 1515 17883 11833 15050 0 1559 15423 10654 9097 12886 4137 11838 17248 14004 14874 10823 13811 1490 9270 16389 13728 14692 15412 11268 17006 6430 4142 13137 13440 10030 14333 3553 17212 9789 10934 9955 17517 7331 13997 12988 17346 16496 14924 7482 2659 19195 11574 5862 7808 16379
5742 2405 12099 22046 13000 16701 8600 12935 13339 11917 20964 15931 1443 12013 13560 16738 11548 6844 13518 5280 14387 17080 9892 16320 16532 7344 18051 4914 7185 6778 2855 12250 15081 15265 19369 15074 17230 10351 15541 19585 3295 16279 7474 14961 15712 7131 13364 8707 13009 16165 12337 2625 18252 12760 14764 1559 0 15680 12144 9496 12256 4166 13212 17733 15458 16107 12271 15323 1572 10777 16331 15256 15501 15111 11380 17382 7938 5182 14630 14946 11544 15833 5106 18010 9670 10119 11410 18761 6723 14838 12355 18333 16481 15131 9040 4080 20215 12326 4820 7621 17467
17292 16420 7350 8824 6605 6400 7177 8797 2365 13662 7750 11710 16204 11547 5438 3526 4822 16967 8722 10407 14010 11688 7908 2941 13366 13438 4114 11303 8547 9379 12908 8112 4239 1486 11977 1186 1936 6424 8654 6150 14116 15462 8235 16501 11485 14575 13244 16766 9849 3581 5410 16702 2805 7221 5340 15423 15680 0 14582 6366 8558 19555 12664 3148 15013 11318 13730 16502 14222 14607 3325 17013 5805 5519 4414 2076 14191 11906 15604 16121 14988 16366 15045 6443 6549 10281 13673 12691 10352 6112 8574 8859 2958 722 16048 16677 10339 5825 12937 8454 9797
8116 10484 7235 15504 17173 10577 11892 6021 12849 921 14791 5805 11213 3085 9285 12845 10228 6801 6336 10486 2677 7053 7257 12901 5397 4823 13882 12638 11415 12632 11695 17611 17168 13239 9553 13417 14842 8853 7776 14184 8869 4241 11295 2931 5744 5112 2181 4927 19338 17426 9189 10526 15652 7445 17691 10654 12144 14582 0 10195 17924 13120 2563 14337 3452 6267 942 3241 11002 1438 17340 3334 10016 18059 12818 14935 4232 7786 2487 2834 873 3696 7221 11921 13245 17327 1038 8380 13979 9312 18014 10456 17156 14560 4022 9126 11712 8761 14475 12566 8800
11039 10064 4518 12898 6978 7957 2220 6216 4007 9362 11776 10017 9891 7712 4773 7319 2149 10865 6589 4257 10731 10692 3038 6859 11382 7596 8613 5768 2903 4257 6875 7521 7318 5782 12256 5620 7764 1787 8022 10289 7750 12627 2566 12786 9750 8652 9687 11016 9349 7925 3461 10342 8790 5011 7639 9097 9496 6366 10195 0 7874 13234 9180 8241 11939 9887 9567 12935 7977 9708 7954 13278 6726 8019 2792 7914 8471 5577 11993 12503 10299 13054 8794 9051 3205 7883 9163 12253 5709 6258 7957 10144 7931 5931 10450 10329 12075 3696 7787 3564 9949
16503 14102 12144 17376 2005 14020 6038 13914 7596 17137 16288 17658 13419 15582 11506 11797 8839 16879 14191 8505 18606 18147 10911 11169 19126 14473 12632 7473 6781 6065 9630 451 4947 9434 19262 9002 10459 9543 15199 14675 12640 20496 6794 20615 17393 15284 17558 17718 1502 6273 10482 14402 11154 12490 3937 12886 12256 8558 17924 7874 0 16386 17055 11704 19813 17450 17368 20782 11397 17249 6605 21099 12994 4085 5900 10585 15424 11484 19844 20347 17915 20921 14542 14550 4697 2563 16885 19561 5562 12874 102 16538 7010 7852 17391 15198 18297 10890 7696 5671 16911
5096 3288 15067 25249 17166 19792 12622 15533 17192 13186 24214 17934 3351 13926 16809 20253 15157 6482 16121 9198 15689 19174 13004 19895 18184 8874 21573 9078 11205 10920 6986 16395 19211 19003 21620 18854 20993 13792 18183 22943 5726 17355 11469 15579 17753 8130 14821 8581 17073 20266 15691 3066 22019 15710 18921 4137 4166 19555 13120 13234 16386 0 14827 21367 16572 18212 13532 15986 5393 11683 20419 15752 18654 19270 15362 21142 9055 8092 15487 15680 12346 16598 6146 21171 13771 14170 12662 20792 10879 17937 16484 21102 20547 19048 9282 4049 22891 15597 8798 11739 19989
10041 11908 5411 12949 16054 8127 11157 3874 11178 1892 12254 3337 12502 1501 7241 10583 8716 8838 4050 10513 1553 4612 6144 10705 3367 6015 11539 12741 10984 12337 12217 16700 15654 11249 7137 11480 12703 7582 5260 11706 9935 3514 10795 3846 3239 6706 580 7196 18524 15750 7418 12005 13448 5445 16302 11838 13212 12664 2563 9180 17055 14827 0 12076 2773 3760 1662 3889 11881 3604 15625 4359 7679 16653 11544 12783 5782 8310 2962 3484 3370 3899 8708 9434 12371 16819 2341 6080 13790 7020 17137 7894 15393 12734 6248 10778 9171 6963 14742 12085 6241
18469 18125 7381 5676 9752 4409 9616 8316 4766 13430 4609 10341 18055 11259 5213 1495 6214 17924 8036 12492 13203 10001 8741 1542 11978 14252 1067 13745 10867 11914 15097 11257 7271 2606 9718 2942 1366 7618 7235 3029 15720 14334 10531 15767 10162 15411 12643 17356 12996 6367 5913 18387 1482 6989 8403 17248 17733 3148 14337 8241 11704 21367 12076 0 14032 9870 13416 15688 16202 14670 6046 16263 4426 8541 7063 1298 14862 13385 14863 15355 14898 15427 16270 3865 9294 13356 13562 10672 13056 5056 11721 6494 5600 3853 16535 18113 7652 6167 15552 11012 7811
11557 13900 7981 13902 18772 9777 13930 6292 13717 3542 13396 3900 14598 4271 9586 12565 11359 10226 6294 13189 1228 4835 8907 12785 2652 8117 13355 15407 13743 15083 14738 19454 18238 13556 7041 13829 14823 10309 6833 13153 12165 822 13560 2044 4002 8535 2334 8275 21287 18247 9961 13953 15469 7898 18936 14004 15458 15013 3452 11939 19813 16572 2773 14032 0 4428 3188 1793 14230 4889 18098 2435 9618 19279 14241 14885 7633 10798 1380 1627 4249 1397 10637 10906 15135 19590 4050 5676 16523 9067 19895 8847 17836 15156 7413 12573 9629 9501 17367 14851 7071
13625 15132 5375 9520 16086 5495 12090 3700 10485 5652 8975 530 15604 4293 6169 8459 8615 12490 3300 12482 4007 974 7215 8776 2108 9343 9099 14660 12353 13789 14623 17043 14998 9831 3438 10170 10807 8101 2683 8744 12944 4551 12086 6408 523 10204 4086 10938 18952 14772 6990 15268 11342 4964 15849 14874 16107 11318 6267 9887 17450 18212 3760 9870 4428 0 5411 6211 14648 7361 14572 6844 5586 16155 11579 10848 9305 10959 5574 5977 7108 5796 12069 6519 13000 17764 6085 2656 15298 5206 17518 4436 14252 11594 9987 14188 5460 6566 16763 13306 2669
8617 10758 6381 14576 16539 9635 11359 5103 12053 356 13854 4971 11430 2190 8396 11924 9463 7354 5403 10201 2164 6236 6576 11990 4738 4934 12950 12392 10978 12246 11601 17041 16421 12369 8754 12559 13943 8143 6837 13242 8977 4009 10834 3264 4889 5421 1378 5605 18802 16636 8357 10824 14742 6557 16980 10823 12271 13730 942 9567 17368 13532 1662 13416 3188 5411 0 3483 11046 1998 16540 3735 9082 17343 12127 14034 4503 7662 2589 3047 1709 3786 7503 10979 12674 16886 877 7634 13636 8383 17456 9539 16344 13729 4668 9498 10833 7920 14297 12118 7901
10897 13553 9299 15695 19871 11494 14801 7710 15066 3773 15184 5682 14331 5253 11065 14209 12597 9521 7799 13662 2503 6626 9906 14396 4423 8043 15048 15838 14457 15729 14935 20445 19542 15067 8780 15317 16423 11410 8543 14914 12070 2023 14308 422 5770 8218 3324 7458 22231 19635 11304 13567 17108 9305 20179 13811 15323 16502 3241 12935 20782 15986 3889 15688 1793 6211 3483 0 14223 4547 19505 644 11263 20532 15391 16493 7385 11021 944 437 3781 694 10314 12657 16086 20362 4167 7389 17114 10674 20869 10637 19266 16599 6704 12093 11410 10848 17702 15595 8861
5563 2707 10537 20475 11946 15129 7229 11410 11868 10695 19394 14492 2097 10624 11987 15186 10004 6419 11990 3822 13121 15619 8325 14777 15163 6181 16501 3924 5813 5609 1769 11340 13849 13757 17874 13578 15731 8785 14003 18020 2209 15052 6079 13878 14267 6167 12071 8053 12289 14882 10767 3005 16756 11197 13612 1490 1572 14222 11002 7977 11397 5393 11881 16202 14230 14648 11046 14223 0 9688 15030 14206 13929 13971 9979 15882 6884 3690 13483 13830 10467 14697 4335 16437 8394 9457 10203 17305 5841 13267 11498 16777 15155 13693 8235 4006 18666 10754 4490 6383 15939
6691 9063 7359 16313 16641 11181 11217 6441 12715 1716 15533 6940 9809 3564 9500 13196 10039 5393 6854 9479 4061 8213 6936 13184 6723 3522 14311 11569 10598 11732 10483 16961 16877 13336 10736 13470 15051 8556 8530 14800 7525 5678 10514 4192 6842 3696 3376 3607 18626 17243 9203 9099 15916 7684 17316 9270 10777 14607 1438 9708 17249 11683 3604 14670 4889 7361 1998 4547 9688 0 17185 4522 10485 17692 12428 15156 2840 6636 3879 4170 784 5065 5804 12572 12622 16478 1290 9632 13016 9747 17342 11345 17037 14513 2670 7689 12733 8806 13328 11754 9769
18922 17502 10219 11533 4638 9722 7827 11815 4490 16431 10550 14944 17110 14396 8533 6778 7147 18813 11816 11282 17040 14982 10269 6227 16591 15513 7105 11544 9230 9594 13477 6213 1661 4783 15297 4412 4681 8660 11930 9040 15398 18594 8991 19470 14711 16593 16200 18924 7589 353 8213 17799 5032 10210 2722 16389 16331 3325 17340 7954 6605 20419 15625 6046 18098 14572 16540 19505 15030 17185 0 19982 9113 2714 5257 4756 16355 13427 18586 19107 17650 19421 16694 9683 6662 8862 16376 16013 10129 9375 6584 12161 463 2979 18302 18058 13574 8665 12751 8717 13121
10657 13416 9765 16336 20235 12095 15094 8216 15527 3989 15818 6314 14219 5653 11580 14780 13024 9272 8333 13819 3060 7269 10262 14954 5067 8044 15638 15971 14695 15940 14988 20769 19981 15587 9421 15828 16976 11794 9144 15533 12031 2644 14560 512 6397 8128 3782 7185 22536 20104 11772 13415 17674 9800 20595 13728 15256 17013 3334 13278 21099 15752 4359 16263 2435 6844 3735 644 14206 4522 19982 0 11837 20952 15781 17048 7331 11102 1411 908 3740 1261 10203 13273 16404 20608 4326 8026 17302 11235 21186 11273 19752 17092 6483 11913 12055 11318 17797 15840 9499
15071 15366 3647 6596 11340 1237 8786 4045 5469 9127 5570 6020 15503 6974 1987 2948 4693 14322 3680 10654 8777 5890 5661 3198 7678 10644 3869 12448 9625 10974 13231 12554 9745 4331 6351 4710 5238 5279 2903 4457 12932 9949 9291 11341 5819 11777 8238 13459 14463 9344 3299 15591 5852 3061 10710 14692 15501 5805 10016 6726 12994 18654 7679 4426 9618 5586 9082 11263 13929 10485 9113 11837 0 10974 7206 5288 11100 10576 10438 10929 10633 11011 12997 2521 9165 13909 9310 6920 12392 765 13043 3575 8762 6168 12580 15013 5441 3202 14502 10222 4059
18440 16587 11298 14141 2313 11768 7138 13023 5671 17183 13123 16469 16066 15300 9987 9038 7937 18531 13137 10450 18147 16683 10806 8438 18071 15535 9571 10203 8406 8365 12290 3749 1280 6791 17305 6364 7191 9207 13616 11568 14711 19855 8250 20445 16220 16528 17210 18943 4913 2361 9342 16890 7672 11439 384 15412 15111 5519 18059 8019 4085 19270 16653 8541 19279 16155 17343 20532 13971 17692 2714 20952 10974 0 5264 7288 16440 13021 19594 20115 18246 20535 16284 11948 5724 6531 17048 17874 8528 11086 4045 14281 3167 4940 18432 17379 15837 9800 11044 7609 15033
13665 12339 6354 12421 4552 8312 2792 8128 2299 11953 11287 11810 12020 10139 5614 6618 2971 13581 8355 6165 13070 12256 5561 6028 13322 10382 7739 6892 4197 4966 8564 5480 4526 4463 13389 4127 6192 3988 9300 9685 10169 14870 3907 15279 11547 11425 12085 13803 7398 5193 4593 12632 7164 6639 4889 11268 11380 4414 12818 2792 5900 15362 11544 7063 14241 11579 12127 15391 9979 12428 5257 15781 7206 5264 0 6345 11262 8170 14448 14967 12986 15442 11439 9052 2234 6731 11800 13662 6003 7014 5962 10779 5292 3796 13242 12818 12612 5013 8548 4042 11035
18524 17943 7799 6865 8609 5486 9033 8944 4111 14018 5835 11298 17803 11851 5663 2405 6049 18070 8735 12106 13993 11053 8867 2099 12951 14440 2364 13180 10354 11292 14670 10142 6028 2142 10922 2310 154 7574 8176 4291 15576 15236 10028 16545 11103 15597 13358 17649 11835 5081 6102 18214 877 7499 7168 17006 17382 2076 14935 7914 10585 21142 12783 1298 14885 10848 14034 16493 15882 15156 4756 17048 5288 7288 6345 0 15111 13285 15639 16142 15442 16272 16295 5105 8539 12356 14106 11820 12339 5821 10596 7707 4307 2797 16866 18053 8933 6430 14893 10373 8934
4323 6267 7546 17427 15092 12024 9527 7280 12045 4152 16525 8977 6981 5033 9680 13468 9388 3290 7821 7187 6667 10243 6290 13323 9130 953 14702 9116 8645 9585 7806 15185 15788 13103 12743 13146 14988 7790 9789 15554 4700 8442 8635 7024 8819 925 5767 2580 16714 16356 9011 6324 15938 8058 16057 6430 7938 14191 4232 8471 15424 9055 5782 14862 7633 9305 4503 7385 6884 2840 16355 7331 11100 16440 11262 15111 0 4160 6710 7010 3606 7903 3004 13456 10989 14346 3627 11812 10728 10335 15522 12740 16280 13960 1996 5009 14357 8707 10726 9776 11374
5495 4806 7036 17171 11398 11733 5888 7759 9565 7325 16127 10810 4945 6989 8717 12207 7236 5517 8344 3057 9639 11930 4917 11882 11532 3238 13524 4969 4756 5502 3941 11287 12570 11148 14191 11059 13141 5768 10379 14852 2367 11616 4831 10716 10582 3838 8555 6248 12702 13358 7612 5045 14159 7692 12638 4142 5182 11906 7786 5577 11484 8092 8310 13385 10798 10959 7662 11021 3690 6636 13427 11102 10576 13021 8170 13285 4160 0 10204 10604 7411 11420 3279 13097 7337 10230 6874 13616 6576 9871 11584 13212 13446 11502 6015 4777 15072 7506 6697 5818 12293
10425 12941 8373 15094 18928 10725 13868 6807 14139 2900 14535 5047 13687 4310 10170 13378 11659 9068 6922 12789 1666 6092 8963 13547 3981 7307 14251 14977 13542 14826 14133 19505 18608 14177 8380 14419 15567 10466 7776 14195 11356 1972 13389 905 5103 7575 2391 7060 21294 18712 10380 12972 16270 8395 19239 13137 14630 15604 2487 11993 19844 15487 2962 14863 1380 5574 2589 944 13483 3879 18586 1411 10438 19594 14448 15639 6710 10204 0 523 3155 1218 9683 11928 15147 19443 3330 7034 16222 9829 19930 10009 18352 15688 6240 11537 10905 9924 16866 14677 8243
10599 13204 8895 15486 19442 11192 14364 7325 14662 3340 14950 5447 13970 4828 10686 13872 12181 9229 7431 13232 2152 6444 9474 14047 4279 7649 14731 15410 14020 15293 14523 20010 19130 14691 8667 14936 16070 10983 8241 14642 11685 2032 13871 431 5519 7855 2913 7185 21795 19234 10902 13224 16767 8915 19761 13440 14946 16121 2834 12503 20347 15680 3484 15355 1627 5977 3047 437 13830 4170 19107 908 10929 20115 14967 16142 7010 10604 523 0 3415 919 9957 12378 15651 19925 3742 7296 16680 10328 20434 10412 18872 16208 6404 11764 11248 10447 17281 15157 8640
7309 9794 7675 16266 17257 11254 11877 6600 13166 1543 15528 6655 10556 3659 9779 13413 10509 5976 6962 10231 3542 7910 7452 13436 6269 4306 14487 12335 11302 12460 11265 17618 17400 13681 10416 13837 15343 9068 8507 14871 8300 5015 11207 3418 6585 4440 3032 4066 19304 17720 9579 9819 16181 7944 17874 10030 11544 14988 873 10299 17915 12346 3370 14898 4249 7108 1709 3781 10467 784 17650 3740 10633 18246 12986 15442 3606 7411 3155 3415 0 4320 6542 12620 13267 17195 1337 9251 13760 9912 18007 11242 17487 14928 3174 8382 12540 9166 14105 12458 9610
11518 14113 9255 15220 19950 11173 14976 7607 15014 4106 14744 5271 14872 5342 10932 13958 12601 10147 7644 13985 2391 6135 10016 14173 3903 8518 14752 16179 14694 15993 15350 20574 19518 14916 8206 15181 16208 11478 8230 14534 12564 1401 14532 1108 5385 8757 3369 8099 22382 19563 11251 14135 16862 9212 20187 14333 15833 16366 3696 13054 20921 16598 3899 15427 1397 5796 3786 694 14697 5065 19421 1261 11011 20535 15442 16272 7903 11420 1218 919 4320 0 10861 12293 16229 20583 4546 6799 17401 10452 21006 10191 19169 16492 7322 12680 10882 10792 18077 15821 8415
2249 3264 9350 19532 14603 14054 9146 9550 12735 7150 18552 11788 4018 7781 11310 14992 10277 2342 10130 6042 9666 13029 7546 14737 12073 2728 16289 7451 7947 8480 5674 14382 15849 14182 15485 14134 16157 8722 12179 17415 2189 11444 8057 9936 11607 2109 8738 3719 15670 16631 10372 3321 17160 9955 15903 3553 5106 15045 7221 8794 14542 6146 8708 16270 10637 12069 7503 10314 4335 5804 16694 10203 12997 16284 11439 16295 3004 3279 9683 9957 6542 10861 0 15472 10581 13032 6626 14646 9296 12247 14643 15127 16703 14682 3943 2127 16860 10175 8646 8938 13920
17514 17885 6133 4078 12738 1432 10992 6220 6980 11081 3083 7034 18024 9009 4456 2918 6933 16713 5739 13101 10273 6441 8182 3511 8579 13057 2868 14815 11949 13246 15697 14101 10671 5199 5865 5638 5129 7730 4184 2276 15451 11070 11608 12806 6908 14174 9949 15730 15962 9974 5727 18107 5305 5517 11746 17212 18010 6443 11921 9051 14550 21171 9434 3865 10906 6519 10979 12657 16437 12572 9683 13273 2521 11948 9052 5105 13456 13097 11928 12378 12620 12293 15472 0 11171 15767 11336 6890 14611 3239 14587 2642 9264 7013 14825 17507 3896 5688 16833 12445 4126
12720 10937 7630 14636 4105 10329 1468 9371 4532 12448 13501 13162 10485 10892 7397 8834 4567 12854 9704 4743 13923 13764 6228 8251 14564 10053 9971 4920 2685 2956 6815 4368 5463 6696 15143 6354 8386 4940 10951 11905 8991 15830 2528 15919 12894 10971 12868 13409 6154 6497 6203 11238 9337 8054 5347 9789 9670 6549 13245 3205 4697 13771 12371 9294 15135 13000 12674 16086 8394 12622 6662 16404 9165 5724 2234 8539 10989 7337 15147 15651 13267 16229 10581 11171 0 4812 12207 15270 3804 8868 4783 12727 6825 5884 12983 11662 14606 6553 6397 2058 12797
14825 12146 12389 18949 4263 15037 5715 14098 8836 16619 17831 17900 11380 15320 12196 13203 9374 15367 14464 7174 18364 18550 10774 12586 19246 13398 14192 5632 5913 4767 7703 2804 7213 10893 19954 10487 12217 9665 15762 16211 10984 20326 6054 20148 17633 14066 17274 16448 2904 8553 11014 12437 13021 12842 6327 10934 10119 10281 17327 7883 2563 14170 16819 13356 19590 17764 16886 20362 9457 16478 8862 20608 13909 6531 6731 12356 14346 10230 19443 19925 17195 20583 13032 15767 4812 0 16301 20074 3738 13654 2637 17483 9226 9560 16244 13401 19334 11363 5378 4768 17606
7770 9881 6347 15041 16140 9958 10853 5271 11887 525 14275 5676 10557 2340 8444 12078 9247 6529 5648 9502 3040 6952 6242 12099 5571 4068 13158 11671 10388 11616 10805 16573 16171 12355 9478 12517 14008 7846 7262 13577 8118 4869 10264 3895 5568 4546 2187 4856 18301 16454 8267 9947 14844 6608 16678 9955 11410 13673 1038 9163 16885 12662 2341 13562 4050 6085 877 4167 10203 1290 16376 4326 9310 17048 11800 14106 3627 6874 3330 3742 1337 4546 6626 11336 12207 16301 0 8408 12976 8584 16975 10060 16202 13626 3908 8625 11444 7848 13541 11537 8479
16107 17748 7752 8797 18063 6354 14472 6213 12274 7925 8561 2862 18241 6871 8067 9436 10759 14918 5730 15083 5793 1689 9748 9885 3071 11918 9737 17241 14843 16283 17265 19138 16657 11235 1433 11625 11812 10473 4362 8820 15587 5399 14562 7699 3060 12725 6257 13239 21058 16253 9104 17877 12145 7244 17598 17517 18761 12691 8380 12253 19561 20792 6080 10672 5676 2656 7634 7389 17305 9632 16013 8026 6920 17874 13662 11820 11812 13616 7034 7296 9251 6799 14646 6890 15270 20074 8408 0 17791 6802 19622 4284 15647 13085 12299 16754 4265 8725 19351 15748 2902
11102 8548 10057 18266 6327 13611 3620 11604 8292 13342 17130 15346 7857 12299 10468 12491 7707 11629 12061 3552 15299 16170 8086 11933 16527 9792 13681 1930 2948 1509 4073 5531 8691 10451 17902 10128 12186 7399 13671 15561 7251 17297 3232 16866 15083 10391 14190 12746 6473 9904 9165 8846 13141 10619 8204 7331 6723 10352 13979 5709 5562 10879 13790 13056 16523 15298 13636 17114 5841 13016 10129 17302 12392 8528 6003 12339 10728 6576 16222 16680 13760 17401 9296 14611 3804 3738 12976 17791 0 11959 5663 15850 10365 9683 12583 9712 17777 9403 2634 2171 15624
14313 14651 2899 7316 11294 1866 8381 3313 5473 8416 6309 5601 14807 6254 1494 3563 4323 13558 2985 10067 8177 5622 4966 3723 7260 9881 4575 11921 9139 10516 12621 12440 9886 4626 6389 4967 5756 4715 2557 5221 12220 9442 8810 10735 5382 11013 7587 12696 14358 9584 2798 14872 6442 2301 10802 13997 14838 6112 9312 6258 12874 17937 7020 5056 9067 5206 8383 10674 13267 9747 9375 11235 765 11086 7014 5821 10335 9871 9829 10328 9912 10452 12247 3239 8868 13654 8584 6802 11959 0 12928 3895 9048 6400 11819 14272 5818 2621 13995 9797 4042
16605 14204 12216 17394 2002 14065 6130 13987 7638 17226 16308 17728 13519 15666 11565 11826 8905 16981 14261 8606 18688 18213 10994 11198 19199 14571 12653 7574 6880 6167 9731 490 4928 9463 19317 9030 10470 9621 15260 14696 12742 20576 6891 20702 17464 15383 17641 17818 1436 6250 10547 14503 11159 12559 3906 12988 12355 8574 18014 7957 102 16484 17137 11721 19895 17518 17456 20869 11498 17342 6584 21186 13043 4045 5962 10596 15522 11584 19930 20434 18007 21006 14643 14587 4783 2637 16975 19622 5663 12928 0 16584 6993 7869 17490 15300 18340 10957 7790 5770 16967
16992 17859 6254 5094 14835 2534 12276 5580 8964 9711 4554 4965 18138 7865 5388 5404 8208 16028 4998 13812 8419 4099 8490 5935 6330 12519 5510 15749 13009 14399 16302 16094 13019 7493 3225 7918 7719 8542 2957 4559 15480 8882 12684 10842 4911 13555 8332 14762 17995 12434 6685 18049 7944 5596 14048 17346 18333 8859 10456 10144 16538 21102 7894 6494 8847 4436 9539 10637 16777 11345 12161 11273 3575 14281 10779 7707 12740 13212 10009 10412 11242 10191 15127 2642 12727 17483 10060 4284 15850 3895 16584 0 11760 9358 13821 17235 1939 6467 17840 13691 1776
18938 17595 9998 11071 5029 9337 7932 11564 4323 16243 10092 14632 17227 14188 8256 6367 7004 18795 11546 11383 16792 14641 10142 5827 16283 15451 6661 11730 9345 9772 13629 6611 2065 4434 14909 4081 4235 8545 11598 8586 15458 18319 9094 19240 14402 16543 15970 18855 8024 813 7997 17891 4570 9963 3158 16496 16481 2958 17156 7931 7010 20547 15393 5600 17836 14252 16344 19266 15155 17037 463 19752 8762 3167 5292 4307 16280 13446 18352 18872 17487 19169 16703 9264 6825 9226 16202 15647 10365 9048 6993 11760 0 2683 18216 18110 13151 8444 12995 8883 12750
16931 15945 7359 9524 5910 6862 6581 8892 1948 13642 8442 11965 15697 11559 5574 4112 4574 16657 8864 9872 14119 12014 7710 3503 13612 13179 4794 10684 7970 8747 12339 7404 3667 1869 12429 1461 2657 6169 8957 6836 13672 15636 7665 16580 11732 14304 13312 16539 9158 3184 5372 16230 3509 7294 4734 14924 15131 722 14560 5931 7852 19048 12734 3853 15156 11594 13729 16599 13693 14513 2979 17092 6168 4940 3796 2797 13960 11502 15688 16208 14928 16492 14682 7013 5884 9560 13626 13085 9683 6400 7869 9358 2683 0 15848 16260 10898 5810 12279 7822 10205
4195 7010 9158 18691 17086 13404 11518 8606 13951 4375 17852 9583 7871 5957 11323 15105 11276 2829 9094 9070 6696 10860 8143 15008 9387 2931 16298 10894 10610 11500 9396 17161 17768 14906 13386 14975 16748 9691 10931 16996 6034 8160 10612 6297 9473 2202 6045 951 18664 18312 10773 6982 17674 9605 18049 7482 9040 16048 4022 10450 17391 9282 6248 16535 7413 9987 4668 6704 8235 2670 18302 6483 12580 18432 13242 16866 1996 6015 6240 6404 3174 7322 3943 14825 12983 16244 3908 12299 12583 11819 17490 13821 18216 15848 0 5445 15296 10437 12365 11732 12313
1663 1715 11374 21577 15522 16098 10304 11656 14330 9150 20581 13899 2684 9897 13269 16885 12004 2868 12238 6931 11660 15146 9465 16594 14135 4846 18194 7785 8977 9198 5709 15097 17075 15919 17608 15835 17910 10504 14291 19401 2674 13367 9155 11697 13723 4084 10776 4901 16185 17962 12262 1597 18925 11994 17005 2659 4080 16677 9126 10329 15198 4049 10778 18113 12573 14188 9498 12093 4006 7689 18058 11913 15013 17379 12818 18053 5009 4777 11537 11764 8382 12680 2127 17507 11662 13401 8625 16754 9712 14272 15300 17235 18110 16260 5445 0 18980 12101 8484 9819 16045
18652 19669 8166 4553 16541 4300 14194 7362 10702 11047 4460 5953 19980 9377 7310 6814 10115 17629 6773 15745 9426 4813 10404 7402 6988 14207 6598 17687 14945 16331 18224 17851 14561 9064 2859 9500 8972 10481 4712 5119 17313 9503 14619 11671 5980 15202 9537 16244 19737 13868 8614 19850 9010 7511 15628 19195 20215 10339 11712 12075 18297 22891 9171 7652 9629 5460 10833 11410 18666 12733 13574 12055 5441 15837 12612 8933 14357 15072 10905 11248 12540 10882 16860 3896 14606 19334 11444 4265 17777 5818 18340 1939 13151 10898 15296 18980 0 8404 19778 15615 2989
12343 12312 1555 9723 9535 4431 5879 3223 4222 7841 8652 6802 12388 5750 1234 4826 2051 11759 3368 7456 8402 7262 2636 4625 8339 8084 6115 9302 6542 7938 10028 10480 8738 4530 8609 4671 6313 2094 4399 7346 9873 10058 6218 10806 6541 9244 7537 11228 12392 8787 460 12550 7240 1649 9467 11574 12326 5825 8761 3696 10890 15597 6963 6167 9501 6566 7920 10848 10754 8806 8665 11318 3202 9800 5013 6430 8707 7506 9924 10447 9166 10792 10175 5688 6553 11363 7848 8725 9403 2621 10957 6467 8444 5810 10437 12101 8404 0 11381 7259 6279
10053 7028 11778 20613 8782 15737 5957 13145 10809 13971 19481 16738 6170 13306 12530 14892 9903 10856 13658 4291 16171 17684 9628 14359 17747 9864 16120 2116 4885 3647 2980 7767 11287 12949 19619 12648 14739 9298 15441 17942 6459 18172 5225 17406 16484 10185 15064 12330 8282 12520 11211 7299 15710 12392 10738 5862 4820 12937 14475 7787 7696 8798 14742 15552 17367 16763 14297 17702 4490 13328 12751 17797 14502 11044 8548 14893 10726 6697 16866 17281 14105 18077 8646 16833 6397 5378 13541 19351 2634 13995 7790 17840 12995 12279 12365 8484 19778 11381 0 4540 17422
10989 8979 7996 16130 5708 11440 1454 9607 6276 11851 14994 13388 8479 10584 8305 10375 5536 11262 10034 2915 13623 14152 6146 9832 14645 8824 11590 2879 1156 926 4766 5470 7472 8410 15804 8113 10219 5295 11569 13437 7173 15598 1291 15380 13122 9614 12527 12047 6938 8545 7007 9281 11201 8532 7244 7808 7621 8454 12566 3564 5671 11739 12085 11012 14851 13306 12118 15595 6383 11754 8717 15840 10222 7609 4042 10373 9776 5818 14677 15157 12458 15821 8938 12445 2058 4768 11537 15748 2171 9797 5770 13691 8883 7822 11732 9819 15615 7259 4540 0 13508
15677 16796 5646 6851 15333 3455 12153 4533 9490 8098 6329 3197 17151 6388 5428 6542 8232 14642 3950 13256 6669 2350 7842 6984 4565 11247 6913 15309 12709 14135 15635 16479 13803 8348 2355 8744 8922 8226 1984 6239 14475 7111 12402 9070 3157 12227 6646 13261 18397 13365 6598 16966 9291 5033 14768 16379 17467 9797 8800 9949 16911 19989 6241 7811 7071 2669 7901 8861 15939 9769 13121 9499 4059 15033 11035 8934 11374 12293 8243 8640 9610 8415 13920 4126 12797 17606 8479 2902 15624 4042 16967 1776 12750 10205 12313 16045 2989 6279 17422 13508 0
1 7 6 5
2 6 8 3
3 6 3 4
4 5 4 1
5 3 6 4
6 5 8 6
7 6 7 6
8 2 7 0
9 6 6 2
10 7 7 5
11 5 4 4
12 4 6 3
13 7 11 2
14 5 6 5
15 7 3 3
16 3 3 5
17 12 4 4
18 7 5 3
19 8 6 9
20 4 5 3
21 6 6 1
22 4 4 4
23 6 5 1
24 8 2 3
25 7 5 3
26 9 3 2
27 11 4 4
28 5 2 4
29 6 7 2
30 8 5 3
31 9 10 5
32 6 5 4
33 4 6 3
34 8 6 4
35 10 5 3
36 11 5 2
37 7 6 4
38 8 6 6
39 3 7 2
40 10 9 6
41 8 7 2
42 6 4 4
43 8 5 0
44 6 8 3
45 3 6 3
46 7 2 0
47 14 2 3
48 6 5 5
49 5 7 4
50 4 6 4
51 8 7 3
52 5 5 4
53 6 7 5
54 4 8 1
55 6 7 5
56 9 3 2
57 2 10 4
58 9 5 1
59 8 5 6
60 7 9 4
61 7 10 3
62 4 10 4
63 3 4 7
64 7 5 6
65 4 5 3
66 6 8 4
67 6 5 3
68 8 4 5
69 7 6 5
70 8 9 4
71 8 5 6
72 6 3 1
73 4 6 2
74 6 6 6
75 8 7 3
76 8 9 3
77 8 4 5
78 6 6 5
79 5 5 2
80 7 7 1
81 11 8 4
82 7 4 2
83 5 5 2
84 4 6 4
85 2 8 1
86 6 7 3
87 5 7 3
88 7 7 3
89 6 8 2
90 3 9 5
91 6 5 4
92 7 4 5
93 6 4 5
94 5 7 3
95 8 11 1
96 5 7 4
97 6 3 2
98 7 4 2
99 5 6 3
100 8 4 3
