900 100 3
30 60 700 9.00
0 11 96 3
0 21 43 1
0 6 16 1
0 3 75 3
0 8 48 1
0 5 36 1
0 5 27 3
0 12 99 2
0 15 91 3
0 3 75 2
0 4 43 3
0 6 97 1
0 8 50 3
0 5 38 1
0 8 31 3
0 6 60 3
0 2 67 3
0 5 70 3
0 1 25 1
0 8 25 2
0 12 97 1
0 8 17 3
0 2 18 2
0 11 79 3
0 13 31 1
0 7 31 1
0 8 26 1
0 8 39 2
0 5 52 2
0 11 18 3
0 18 54 1
0 21 74 2
0 9 42 2
0 1 6 2
0 9 24 2
0 2 71 3
0 25 80 1
0 4 75 3
0 14 41 1
0 9 92 2
0 6 83 3
0 2 81 2
0 21 35 1
0 1 1 2
0 2 6 2
0 9 99 2
0 2 47 1
0 11 84 2
0 8 33 3
0 1 65 3
0 1 11 1
0 11 79 1
0 10 47 3
0 1 100 2
0 1 50 2
0 11 16 1
0 7 59 3
0 14 58 3
0 10 43 3
0 4 95 2
0 23 70 2
0 16 73 3
0 1 32 1
0 5 33 1
0 25 61 2
0 16 60 1
0 1 29 1
0 4 68 3
0 19 91 3
0 3 23 1
0 6 51 2
0 14 88 2
0 15 27 3
0 7 57 1
0 5 19 3
0 1 42 2
0 1 62 2
0 2 100 3
0 1 65 1
0 2 97 3
0 13 37 2
0 10 54 1
0 5 73 2
0 18 58 1
0 5 75 1
0 7 32 3
0 6 71 1
0 6 45 3
0 14 24 2
0 11 53 2
0 10 11 1
0 19 78 3
0 1 34 3
0 3 21 3
0 17 96 2
0 24 55 1
0 5 63 3
0 5 2 3
0 8 79 2
0 10 20 2
0 9 89 1
0 5 25 1
0 11 43 3
0 1 60 3
0 9 1 1
0 13 2 3
0 24 30 1
0 14 31 3
0 10 35 2
0 22 55 3
0 3 37 2
0 2 14 3
0 4 55 3
0 23 76 3
0 3 20 3
0 25 64 2
0 12 82 1
0 5 40 3
0 20 69 2
0 7 79 1
0 3 33 2
0 9 41 2
0 6 81 3
0 8 2 2
0 9 54 2
0 4 3 3
0 1 14 1
0 7 22 3
0 2 71 3
0 7 11 2
0 5 19 1
0 5 64 2
0 7 11 1
0 3 72 3
0 5 66 1
0 7 30 2
0 1 5 2
0 25 55 2
0 15 12 3
0 4 95 3
0 3 1 1
0 9 36 1
0 1 94 2
0 15 43 1
0 1 45 3
0 5 39 3
0 22 91 2
0 11 64 3
0 7 37 3
0 7 15 1
0 8 3 1
0 8 73 3
0 25 34 2
0 17 58 3
0 21 56 3
0 6 36 1
0 24 99 2
0 14 50 1
0 8 35 3
0 14 2 2
0 11 37 1
0 4 53 2
0 20 35 1
0 3 76 3
0 15 39 3
0 18 32 1
0 22 70 3
0 2 18 2
0 3 31 3
0 3 28 3
0 10 51 2
0 10 96 1
0 3 96 1
0 9 54 3
0 1 52 1
0 5 57 2
0 9 64 1
0 5 55 1
0 8 50 1
0 14 55 3
0 17 82 3
0 13 50 1
0 13 84 1
0 17 36 1
0 2 57 3
0 8 6 2
0 10 28 2
0 21 68 2
0 1 5 2
0 20 50 3
0 10 17 2
0 9 34 3
0 16 97 2
0 4 28 3
0 12 89 3
0 19 80 2
0 21 69 3
0 15 12 3
0 2 2 3
0 10 24 1
0 24 46 2
0 16 77 2
0 13 31 3
0 9 72 1
0 18 59 3
0 2 30 1
0 9 16 2
0 1 48 1
0 3 62 3
0 1 2 1
0 12 9 1
0 13 72 3
0 7 69 1
0 12 95 3
0 3 46 1
0 10 94 1
0 6 15 2
0 8 53 3
0 11 57 3
0 6 59 3
0 4 63 1
0 4 83 1
0 13 8 1
0 1 1 1
0 16 33 1
0 10 88 1
0 2 79 3
0 9 69 3
0 2 82 3
0 12 5 2
0 14 62 2
0 9 74 2
0 12 87 1
0 8 15 2
0 1 43 1
0 3 17 3
0 3 34 1
0 6 48 3
0 6 29 2
0 4 66 3
0 14 58 2
0 3 66 1
0 6 5 3
0 18 13 1
0 1 33 1
0 9 31 2
0 1 79 1
0 1 15 3
0 17 26 1
0 7 4 3
0 1 45 3
0 8 25 1
0 2 84 1
0 2 47 3
0 5 43 3
0 2 13 2
0 15 58 3
0 6 46 3
0 2 84 1
0 9 34 2
0 8 84 2
0 12 58 3
0 17 1 1
0 10 46 3
0 8 13 3
0 3 22 3
0 3 4 3
0 4 98 2
0 3 9 2
0 5 14 2
0 14 48 3
0 2 13 1
0 4 44 2
0 2 97 1
0 25 62 2
0 4 60 1
0 4 43 1
0 6 88 2
0 7 63 1
0 13 91 1
0 1 45 3
0 2 81 1
0 23 86 1
0 2 2 1
0 2 69 1
0 23 26 2
0 6 39 3
0 2 11 3
0 1 97 3
0 7 66 1
0 9 98 1
0 13 89 2
0 5 54 1
0 2 22 2
0 9 42 2
0 11 26 3
0 6 59 1
0 6 65 2
0 11 58 3
0 15 49 1
0 11 58 3
0 18 92 2
0 7 98 3
0 7 94 3
0 9 51 3
0 2 81 3
0 4 73 2
0 9 69 1
0 11 31 3
0 1 47 2
0 7 20 1
0 12 37 2
0 17 53 3
0 1 35 3
0 2 14 1
0 3 11 2
0 22 88 1
0 12 35 3
0 24 6 3
0 4 39 3
0 22 55 3
0 18 22 2
0 5 7 1
0 3 7 2
0 4 87 2
0 13 36 1
0 7 75 1
0 6 23 1
0 5 53 3
0 5 35 3
0 13 61 1
0 5 2 1
0 6 89 3
0 10 60 2
0 1 75 1
0 11 28 1
0 3 98 2
0 18 79 3
0 14 16 2
0 17 88 1
0 7 1 2
0 19 92 3
0 1 7 3
0 8 76 2
0 9 39 1
0 16 30 1
0 12 2 3
0 6 82 3
0 3 60 2
0 6 96 1
0 14 7 1
0 19 65 1
0 21 63 1
0 4 73 2
0 13 69 1
0 3 84 1
0 8 20 2
0 10 28 1
0 4 34 2
0 4 82 2
0 24 73 2
0 6 13 3
0 11 96 3
0 19 74 3
0 8 28 3
0 12 37 2
0 1 19 3
0 4 34 1
0 9 46 3
0 4 42 1
0 1 35 1
0 2 75 2
0 9 53 3
0 13 60 2
0 18 96 3
0 10 95 1
0 16 98 1
0 1 86 3
0 1 18 3
0 19 76 1
0 17 23 2
0 15 50 3
0 1 37 3
0 23 22 1
0 4 1 3
0 11 73 1
0 3 90 1
0 4 6 2
0 6 21 3
0 1 56 1
0 3 26 2
0 7 46 2
0 2 36 1
0 15 33 1
0 1 1 3
0 23 12 2
0 5 50 3
0 6 77 3
0 6 25 3
0 14 99 1
0 12 88 2
0 6 11 1
0 9 67 3
0 6 54 2
0 20 47 2
0 14 51 2
0 8 78 2
0 15 24 1
0 14 3 2
0 1 32 3
0 13 85 1
0 13 47 1
0 20 59 2
0 2 87 1
0 14 86 3
0 9 12 3
0 5 51 2
0 12 79 1
0 11 10 3
0 2 81 3
0 12 41 3
0 13 36 2
0 6 97 2
0 21 61 2
0 7 40 1
0 15 18 1
0 21 86 3
0 8 63 2
0 4 30 1
0 5 79 2
0 19 60 1
0 6 10 1
0 8 89 1
0 9 15 2
0 5 54 2
0 19 33 3
0 5 21 3
0 7 31 3
0 2 23 2
0 6 34 1
0 23 92 1
0 5 73 1
0 14 79 3
0 17 88 3
0 12 53 1
0 6 19 1
0 18 68 2
0 7 32 1
0 5 66 2
0 19 43 1
0 13 75 1
0 24 50 1
0 16 6 2
0 9 52 1
0 6 16 2
0 1 18 3
0 22 75 3
0 10 24 2
0 7 71 3
0 1 50 2
0 14 66 1
0 4 34 2
0 4 12 2
0 18 75 2
0 3 79 2
0 9 57 3
0 15 72 3
0 23 55 3
0 17 7 3
0 1 92 2
0 3 15 3
0 6 24 1
0 2 44 3
0 5 9 3
0 16 28 3
0 9 3 3
0 3 45 1
0 1 27 3
0 24 55 3
0 3 28 1
0 3 38 3
0 19 92 3
0 4 60 1
0 6 13 1
0 2 10 1
0 8 63 3
0 10 83 1
0 4 15 2
0 12 43 1
0 1 24 1
0 18 27 1
0 13 44 3
0 10 15 3
0 16 25 1
0 12 59 1
0 5 16 2
0 4 12 2
0 4 87 1
0 14 77 3
0 3 71 2
0 4 63 2
0 3 30 1
0 5 14 1
0 2 8 3
0 10 4 3
0 5 91 1
0 11 81 2
0 4 86 1
0 1 75 1
0 1 73 2
0 13 85 1
0 1 23 1
0 20 88 3
0 2 91 3
0 11 94 3
0 19 43 2
0 10 32 3
0 18 58 1
0 1 46 1
0 10 13 2
0 22 92 3
0 1 53 1
0 8 75 2
0 7 20 2
0 1 67 2
0 8 65 2
0 20 61 2
0 21 35 3
0 10 87 1
0 7 89 3
0 11 21 3
0 13 12 3
0 4 30 3
0 1 54 1
0 8 62 1
0 8 27 3
0 1 56 2
0 4 83 2
0 1 25 2
0 8 43 1
1 6 59 3
1 5 3 2
1 4 44 2
1 12 17 2
1 5 21 3
1 3 9 2
1 7 95 2
1 19 72 1
1 19 11 2
1 14 36 2
1 10 38 1
1 10 41 3
1 6 68 2
1 4 53 2
1 1 19 2
1 7 47 3
1 1 43 1
1 11 22 1
1 19 69 1
1 1 83 1
1 4 46 2
1 24 91 3
1 25 44 1
1 9 59 2
1 1 55 2
1 9 8 1
1 14 81 3
1 19 7 3
1 6 11 1
1 2 82 2
1 18 64 1
1 17 51 1
1 17 16 3
1 13 14 2
1 6 65 2
1 3 10 1
1 3 21 2
1 10 83 3
1 3 51 1
1 11 76 3
1 11 62 3
1 5 85 1
1 10 94 3
1 10 23 2
1 12 76 1
1 12 15 2
1 11 22 2
1 5 54 1
1 1 85 3
1 4 60 1
1 1 56 1
1 11 45 2
1 21 79 2
1 1 25 2
1 7 12 3
1 4 18 3
1 10 39 1
1 2 83 2
1 13 3 3
1 2 79 3
1 4 87 3
1 12 76 2
1 8 95 2
1 2 7 1
1 2 21 1
1 6 53 3
1 6 46 2
1 1 6 1
1 9 58 1
1 5 21 1
1 6 63 2
1 13 85 3
1 4 28 1
1 3 49 1
1 19 96 3
1 4 5 1
1 1 51 3
1 16 64 1
1 13 50 1
1 1 79 3
1 3 93 1
1 21 55 1
1 1 11 2
1 20 52 3
1 3 26 3
1 2 75 1
1 5 24 3
1 6 20 3
1 1 12 1
1 4 35 3
1 13 91 1
1 11 84 2
1 16 22 1
1 9 29 2
1 20 76 3
1 13 11 1
1 6 32 3
1 12 91 3
1 17 32 1
1 8 69 3
1 18 3 3
1 3 30 1
1 2 49 1
1 18 53 2
1 12 69 3
1 12 63 3
1 11 28 3
1 13 36 3
1 10 81 3
1 4 20 1
1 1 44 2
1 5 28 3
1 7 18 1
1 12 88 1
1 16 77 2
1 3 74 3
1 18 26 3
1 11 84 1
1 5 24 3
1 5 95 3
1 2 100 1
1 3 87 2
1 4 67 2
1 14 24 2
1 2 33 1
1 21 39 3
1 1 13 3
1 3 74 1
1 1 68 3
1 13 81 2
1 17 10 1
1 3 40 1
1 21 12 1
1 6 28 1
1 2 35 2
1 7 24 2
1 20 90 1
1 10 1 1
1 11 5 2
1 3 16 1
1 14 27 2
1 7 85 3
1 20 24 1
1 1 59 3
1 10 54 1
1 2 91 3
1 7 93 2
1 3 77 1
1 17 67 1
1 10 43 1
1 6 4 1
1 8 42 1
1 2 37 3
1 7 18 3
1 24 62 2
1 12 60 2
1 17 11 3
1 6 40 1
1 8 25 3
1 12 73 2
1 8 82 2
1 24 61 2
1 17 66 2
1 5 77 2
1 20 91 2
1 14 97 2
1 5 56 3
1 6 20 2
1 10 51 2
1 3 49 3
1 13 49 3
1 5 41 3
1 1 36 2
1 2 72 3
1 14 96 3
1 3 61 1
1 9 31 3
1 12 31 2
1 1 31 3
1 1 31 3
1 5 3 2
1 6 66 1
1 25 55 2
1 6 20 2
1 3 44 2
1 6 96 2
1 1 46 1
1 7 85 2
1 2 41 1
1 9 85 1
1 6 34 3
1 4 48 3
1 9 71 2
1 22 74 3
1 10 33 1
1 1 28 3
1 9 81 3
1 21 72 3
1 10 73 2
1 7 78 3
1 1 85 1
1 2 20 1
1 4 41 3
1 3 41 3
1 3 93 2
1 22 53 2
1 3 38 2
1 3 91 3
1 5 86 3
1 11 83 3
1 15 76 3
1 6 56 3
1 9 90 3
1 15 75 3
1 2 22 1
1 5 50 3
1 3 71 3
1 1 16 2
1 18 12 3
1 8 18 1
1 17 1 1
1 3 30 2
1 3 98 3
1 15 90 2
1 3 84 1
1 2 97 1
1 20 91 2
1 16 91 2
1 4 28 2
1 8 53 3
1 22 63 1
1 13 43 1
1 4 47 3
1 8 73 1
1 6 15 2
1 12 25 2
1 9 79 1
1 12 82 3
1 1 53 3
1 9 94 3
1 6 63 1
1 5 14 3
1 12 42 1
1 8 63 1
1 1 73 3
1 11 20 3
1 18 93 1
1 4 33 1
1 4 78 3
1 8 38 1
1 7 20 2
1 22 19 2
1 24 21 3
1 14 5 2
1 2 44 2
1 6 64 1
1 1 41 3
1 16 36 1
1 17 87 1
1 10 52 1
1 4 42 1
1 5 96 1
1 1 31 1
1 10 55 2
1 21 72 1
1 11 28 1
1 14 44 3
1 15 26 1
1 6 23 1
1 1 19 3
1 10 21 2
1 15 57 3
1 5 7 3
1 16 88 3
1 1 16 1
1 8 2 1
1 5 60 2
1 6 52 1
1 1 23 1
1 19 53 1
1 3 15 3
1 13 24 3
1 1 89 1
1 22 35 2
1 9 3 1
1 22 29 3
1 10 57 3
1 4 35 2
1 24 43 3
1 19 65 3
1 3 11 2
1 7 41 3
1 3 49 1
1 19 88 2
1 1 64 1
1 7 89 3
1 14 21 1
1 18 36 2
1 11 80 1
1 1 99 1
1 2 37 2
1 1 30 1
1 9 94 2
1 3 72 3
1 7 17 1
1 6 86 1
1 1 68 3
1 16 95 1
1 3 25 1
1 23 1 2
1 6 1 1
1 17 4 1
1 22 92 3
1 12 11 1
1 9 3 3
1 2 14 3
1 6 79 1
1 2 73 1
1 5 66 1
1 2 27 2
1 5 83 1
1 4 58 1
1 3 76 2
1 2 18 1
1 10 31 2
1 2 17 1
1 12 19 3
1 23 67 1
1 21 22 2
1 18 60 3
1 5 51 2
1 12 43 1
1 1 73 3
1 17 18 3
1 2 56 3
1 17 40 2
1 14 32 3
1 6 93 3
1 6 30 1
1 5 19 3
1 14 95 3
1 16 23 3
1 13 76 3
1 7 34 2
1 17 79 2
1 2 28 3
1 16 97 1
1 4 14 2
1 6 92 3
1 13 32 3
1 7 87 2
1 15 5 1
1 1 48 1
1 16 25 3
1 5 35 2
1 4 62 1
1 8 44 2
1 1 15 1
1 3 7 2
1 7 61 3
0 15062 19711 19540 11436 2722 7594 842 8020 9644 19438 13166 15936 7563 9477 6581 20205 14611 6140 5130 8695 8881 13826 15465 14706 22220 15495 3166 2087 8537 8769 3000 5561 11376 18568 2916 9274 3873 8894 16099 17578 15012 9142 10909 17684 5078 2239 9293 13021 14101 10171 5566 10478 7352 6053 9052 12037 4170 12770 13364 18184 9556 5762 7882 7907 8153 15560 13438 13556 1854 20090 18508 4005 4782 16335 11396 15482 13735 18705 17224 5283 19135 7371 6992 19161 13871 7928 10036 5227 14948 9862 17473 14995 19288 20718 19056 11952 6385 15375 4910 11187
15062 0 10641 13376 10123 14106 14831 14352 8936 11775 4382 14218 7950 10387 7704 9182 5371 10817 14365 10159 6784 12199 8127 485 1101 14558 3429 15005 13112 14631 17966 14740 9522 3729 4846 12221 7699 11703 9828 5974 5210 6646 8868 7117 6309 9987 14573 14822 16189 5740 8722 11397 9905 7961 9734 6448 17040 12300 2697 4207 4749 16449 14613 10900 13686 7633 1586 5278 15097 14694 10154 13438 16102 12060 8058 13120 14547 6509 8174 3719 10766 8262 14134 9838 12313 5512 16557 18316 11085 13032 9366 14132 3322 9361 5818 5899 16735 12879 6014 12904 9558
19711 10641 0 3716 8676 20212 14882 18869 17340 20964 10613 10134 3867 12242 16729 16561 12787 5967 15466 16579 14748 21096 5885 10316 11719 3931 7260 17873 18488 14044 17391 17753 15050 12220 6991 17013 10583 17974 10916 4860 5642 5113 10569 8944 4397 15741 18079 13678 12330 16300 9549 14220 9484 13145 16929 14580 14020 19026 12473 14612 14469 15128 22068 12111 13703 15636 9068 15723 10725 18393 1068 4658 18417 15052 3494 10581 8563 17001 2573 13743 17804 2706 22293 12719 2672 16040 16362 16939 18199 7453 9925 6395 13962 1387 12761 15462 13734 20752 5206 15308 8719
19540 13376 3716 0 8108 20528 13556 18716 18701 22460 14065 7933 5508 12004 18371 17612 16239 4930 14448 17295 16179 22453 6496 13134 14387 2838 9960 17228 18668 12593 15593 17169 15630 14144 10425 17121 11123 18512 10696 7411 8869 6920 10678 9656 7596 16315 17638 12069 9870 18764 9637 13984 9078 13892 17883 16086 11677 19648 14743 17002 17612 13279 22785 11661 12524 16990 11887 18098 8292 17993 4769 1361 17532 14759 5337 8959 5816 19378 6015 16786 18630 6283 23284 12757 1126 18477 14786 14902 19021 5226 9781 3235 16651 4986 16264 18666 11429 21700 7405 14774 8410
11436 10123 8676 8108 0 12493 6340 10609 11659 15416 13234 4179 5395 3900 11786 10233 15020 3178 6796 9579 9451 15228 3227 10187 10691 10795 7886 9269 10602 5638 9164 9176 7866 8670 10510 9047 3792 10621 2619 6701 8870 5218 2854 3182 8268 8516 9585 5473 6066 13829 2006 5876 989 6426 10378 9492 7047 11788 9936 12103 14854 7106 14936 3570 5110 10065 9331 13023 5051 9929 9294 7131 9749 6656 5771 3033 5282 14168 8461 13795 10964 8952 15642 4729 7747 13507 7957 9043 11339 4099 1820 6401 12586 8629 15320 16002 6734 14055 5964 6741 619
2722 14106 20212 20528 12493 0 9790 2933 6016 7020 18467 14879 16355 8629 7552 5001 18965 15634 8319 3997 7373 6223 14405 14549 13573 23076 15130 5653 1936 10638 11347 5421 5214 10382 18102 3479 9634 2433 9873 16152 17343 15258 9859 11269 17644 4546 4629 11381 15053 12219 10907 6790 11504 7163 4433 7727 14269 1946 11588 11756 16650 11888 3117 9126 9853 6633 14857 11641 15380 4304 20455 19618 6649 6194 16740 13042 17057 11742 18887 15766 3440 19278 4660 7777 20015 12026 10388 12571 3216 16324 10752 18799 13483 19613 19502 17423 14147 3693 15485 6690 12129
7594 14831 14882 13556 6340 9790 0 6991 12187 15320 18660 6052 11733 4464 13063 10386 20143 8983 1473 8981 11070 14799 9542 15052 15034 16388 13529 4499 7979 1037 3136 4609 7699 12063 16449 6735 7134 9079 5111 12874 14939 11431 6029 8053 14494 7972 5355 1760 5464 16699 6498 4246 5791 7789 10182 11306 4480 10133 13613 15278 19213 2212 12850 3936 1254 11184 14531 15882 6229 5740 15577 12314 4268 4199 12111 4612 8497 16723 14799 18131 10168 15290 14153 5232 13510 16391 1742 3652 10408 8415 5853 10877 16365 14946 20536 20307 4370 12763 12108 3321 6512
842 14352 18869 18716 10609 2933 6991 0 7641 9577 18719 12432 15094 6730 9049 6098 19536 13786 5522 4580 8103 8857 12984 14746 14029 21389 14700 2721 1688 7900 8414 2497 4831 10689 17779 2143 8439 3494 8059 15270 16768 14175 8300 10071 16859 4396 1704 8654 12372 13622 9329 4735 9648 6571 5597 8456 11462 4018 12112 12807 17588 9025 6048 7062 7216 7620 14807 12935 12849 1372 19249 17693 3745 3962 15493 10644 14725 13297 17868 16611 4927 18300 7563 6150 18328 13382 7473 9642 4932 14159 9024 16681 14404 18447 20043 18485 11361 6435 14543 4153 10353
8020 8936 17340 18701 11659 6016 12187 7641 0 3786 13098 15299 13595 8759 1542 1807 13276 14291 10963 3341 2594 3768 12206 9416 8170 20818 10910 9659 5972 12643 14766 9352 4511 5518 13509 6109 7902 4157 9435 12655 13202 12243 8848 9113 13850 4229 8769 13236 16321 6203 9667 7978 10786 5269 2131 2791 16201 4075 6245 5865 10743 14377 5718 9481 11610 1717 10052 5640 16038 8658 17288 18134 10900 8015 13919 13523 16912 5749 15444 9926 2737 15735 5237 7649 17918 6013 13468 15706 2839 15748 9893 17890 7637 16414 13829 11455 15980 3947 12165 8967 11098
9644 11775 20964 22460 15416 7020 15320 9577 3786 0 15527 18952 17281 12334 4263 5251 15233 18077 13974 6385 6286 877 15969 12257 10828 24521 14246 12071 7952 15906 17588 11782 7931 8847 16569 8718 11678 6368 13120 16197 16504 15903 12585 12896 17274 7468 11069 16554 19832 7348 13434 11273 14524 8998 5262 6407 19550 5566 9139 7911 12290 17532 4893 13038 14914 5477 13109 7183 19661 10849 20845 21914 13243 11133 17590 17145 20647 6569 18952 11726 5153 19207 3382 11224 21656 7320 16398 18658 4939 19511 13633 21673 9601 19974 15796 12704 19353 3384 15763 12006 14864
19438 4382 10613 14065 13234 18467 18660 18719 13098 15527 0 17011 9414 14321 11740 13511 2177 12987 18363 14536 11112 16066 10525 3973 4941 14398 5354 19261 17493 18324 21783 19005 13889 8106 3641 16583 11596 16074 13555 7254 5266 8551 12633 10643 6505 14365 18881 18404 19166 8532 12252 15548 13269 12264 14070 10766 20280 16636 6916 7616 4505 20063 18815 14743 17456 11926 4146 8434 17867 19018 9775 14540 20318 16258 9329 16256 16777 9392 8085 4306 15098 7907 18188 13920 12939 8437 20402 21983 15404 15264 12914 15708 5985 9228 2238 5213 19967 17036 7737 17051 12758
13166 14218 10134 7933 4179 14879 6052 12432 15299 18952 17011 0 8105 6651 15635 13701 18916 4419 7258 12744 13317 18650 6498 14246 14838 10749 11684 10323 12946 5019 7681 10356 11075 12826 13946 11440 7739 13462 5869 9983 12204 8541 6568 7359 11324 11632 10997 4365 2271 17980 6026 8150 4739 10048 13733 13406 3887 14633 14113 16267 18965 5373 17688 5983 5322 13822 13303 17168 880 11385 11042 6600 10296 8685 8375 1854 2447 18289 10911 17917 14124 11392 18670 7746 8160 17657 6994 6974 14462 2750 5581 4948 16762 10635 19171 20115 3603 17126 9359 8284 4790
15936 7950 3867 5508 5395 16355 11733 15094 13595 17281 9414 8105 0 8580 13093 12734 11506 3743 12102 12715 11014 17362 2228 7753 8925 7245 4603 14275 14649 11020 14521 14130 11184 8715 6009 13192 6737 14108 7288 2177 4245 1424 6825 5091 3234 11875 14398 10795 10371 13256 5846 10517 6027 9279 13088 10874 11813 15161 9239 11494 12397 12381 18209 8547 10498 11881 6536 12591 8887 14696 4155 5489 14922 11357 401 7930 7430 13872 3066 11496 13949 3558 18469 8953 4523 12969 13345 14291 14344 5952 6304 6350 11180 3371 11649 13499 11503 16918 1937 11702 5266
7563 10387 12242 12004 3900 8629 4464 6730 8759 12334 14321 6651 8580 0 9298 7091 15723 7075 4049 6095 7084 12005 6388 10625 10570 14660 9363 5703 6720 4428 7589 5551 4426 7641 12396 5163 2725 6908 1335 9178 11039 7878 1852 3952 10824 4984 5837 4820 7567 12452 2737 2000 2925 3682 7091 7256 7615 8086 9177 10940 14752 6295 11205 728 3400 7418 10175 11626 7332 6153 12709 11026 6444 2817 8981 4820 8577 12565 11522 13670 7478 11986 12070 1112 11599 12136 6175 8047 7823 7719 2320 10174 11939 11950 16131 15850 7363 10508 8408 3138 3624
9477 7704 16729 18371 11786 7552 13063 9049 1542 4263 11740 15635 13093 9298 0 2987 11811 14187 11929 4573 2335 4544 11917 8189 6856 20337 9994 10907 7406 13422 15788 10599 5391 4585 12411 7372 7996 5604 9783 11941 12262 11698 9079 8984 13013 5274 10067 13965 16839 4671 9780 8817 10983 5640 3454 2326 16876 5608 5013 4361 9219 15214 7145 10026 12372 1893 8940 4098 16415 9989 16590 17908 12153 8978 13389 13922 17068 4258 14690 8424 4217 14945 6455 8213 17523 4474 14448 16654 4357 15816 10100 17825 6141 15719 12368 9916 16637 5329 11524 9954 11195
6581 9182 16561 17612 10233 5001 10386 6098 1807 5251 13511 13701 12734 7091 2987 0 13964 13027 9155 1589 2400 4997 11141 9639 8592 19869 10612 7931 4494 10859 12962 7624 2740 5498 13433 4389 6576 2753 7877 12055 12894 11451 7383 7956 13391 2421 7080 11465 14622 7528 8281 6191 9316 3815 568 2745 14441 3127 6606 6828 11701 12579 5660 7802 9834 1635 10066 6857 14412 7003 16613 16950 9176 6209 13083 11896 15424 7207 14857 10790 1587 15190 5735 5980 16898 7293 11661 13899 1907 14331 8429 16566 8519 15743 14501 12524 14227 4194 11487 7160 9702
20205 5371 12787 16239 15020 18965 20143 19536 13276 15233 2177 18916 11506 15723 11811 13964 0 15008 19724 15156 11612 15863 12474 5100 5509 16556 7239 20343 18189 19887 23278 20072 14738 8855 5818 17433 13013 16643 15082 9332 7417 10563 14134 12246 8668 15141 19870 20025 21027 7939 13868 16767 14963 13288 14532 11254 22055 17069 7438 7472 3175 21672 18956 16207 18972 12334 5706 8055 19782 19971 11938 16697 21456 17424 11442 18052 18808 8777 10262 3510 15535 10081 18143 15206 15113 7926 21877 23568 15804 17287 14527 17829 5697 11402 563 3489 21743 17135 9762 18273 14509
14611 10817 5967 4930 3178 15634 8983 13786 14291 18077 12987 4419 3743 7075 14187 13027 15008 0 9703 12548 11891 17976 2694 10737 11628 7640 7824 12363 13758 8107 11424 12289 10853 10423 9713 12207 6452 13687 5775 5771 7949 4445 5832 5206 6977 11526 12731 7715 6689 15457 4818 9053 4151 9228 13240 11861 8235 14840 11392 13673 15505 9165 17988 6735 7849 12618 9638 14701 5165 13082 6774 3995 12748 9830 3980 4616 3803 15933 6495 14519 13913 6977 18594 7857 4621 15145 10411 10996 14298 2280 4885 3646 13770 6282 15202 16643 7933 17004 5252 9873 3507
6140 14365 15466 14448 6796 8319 1473 5522 10963 13974 18363 7258 12102 4049 11929 9155 19724 9703 0 7693 10050 13426 9876 14625 14465 17258 13394 3097 6520 2401 3885 3176 6538 11353 16402 5320 6769 7680 5025 13018 14984 11631 5831 7935 14661 6734 3902 3158 6886 15771 6508 3215 6075 6911 8910 10312 5952 8708 12919 14436 18581 3614 11385 3731 1963 10075 14218 14966 7532 4290 16087 13258 3096 2955 12493 5647 9674 15736 15145 17507 8823 15628 12708 4544 14305 15471 2519 4743 9044 9426 5917 11936 15633 15404 20144 19648 5842 11338 12245 1997 6838
5130 10159 16579 17295 9579 3997 8981 4580 3341 6385 14536 12744 12715 6095 4573 1589 15156 12548 7693 0 3574 5960 10928 10592 9693 19689 11154 6343 3059 9528 11452 6036 1714 6431 14108 2800 6175 1565 7067 12305 13388 11524 6744 7720 13747 1113 5494 10170 13480 9058 7731 4889 8616 3446 1225 3933 13165 2457 7724 8238 13056 11189 5513 6766 8530 3040 10864 8359 13405 5424 16733 16528 7588 4783 13086 10905 14622 8772 15077 12105 1392 15447 6063 5017 16664 8811 10178 12429 1760 13637 7759 15977 9867 15875 15681 13927 12968 4477 11672 5699 9102
8695 6784 14748 16179 9451 7373 11070 8103 2594 6286 11112 13317 11014 7084 2335 2400 11612 11891 10050 3574 0 6351 9694 7243 6201 18246 8398 9492 6632 11337 13935 9190 3662 3126 11118 6129 5660 5031 7483 10068 10692 9655 6754 6685 11291 3808 8784 11835 14577 5784 7445 6854 8651 3402 2958 360 14696 5525 4215 4725 9490 13165 7929 7809 10280 924 7712 5012 14106 8788 14697 15662 10720 7155 11333 11623 14732 5688 12861 8531 3986 13159 7723 6031 15370 5501 12555 14706 4301 13486 7769 15521 6303 13823 12143 10383 14447 6300 9572 8137 8860
8881 12199 21096 22453 15228 6223 14799 8857 3768 877 16066 18650 17362 12005 4544 4997 15863 17976 13426 5960 6351 0 15958 12684 11291 24585 14520 11403 7263 15424 16975 11121 7580 9101 16948 8129 11539 5763 12860 16377 16797 16006 12380 12834 17516 7066 10390 16090 19441 8038 13268 10832 14313 8805 4917 6518 19088 4875 9529 8467 12972 17008 4015 12696 14452 5485 13477 7811 19335 10154 21020 21858 12556 10636 17684 16825 20417 7287 19154 12365 4652 19428 2528 10904 21681 7987 15816 18073 4391 19327 13427 21542 10195 20147 16426 13429 18900 2550 15909 11478 14693
13826 8127 5885 6496 3227 14405 9542 12984 12206 15969 10525 6498 2228 6388 11917 11141 12474 2694 9876 10928 9694 15958 0 8059 8934 8762 5239 12068 12639 8865 12390 11930 9319 7889 7487 11146 4788 12241 5080 3560 5777 2077 4685 3211 5068 10011 12221 8687 8697 12835 3671 8349 3803 7488 11436 9614 9975 13338 8758 11048 12830 10306 16442 6326 8299 10496 6988 12095 7346 12528 6322 5998 12698 9185 2623 5982 6436 13345 5273 11835 12226 5759 16843 6835 5759 12526 11179 12235 12620 4914 4091 6188 11084 5576 12705 13972 9661 15267 2881 9495 3047
15465 485 10316 13134 10187 14549 15052 14746 9416 12257 3973 14246 7753 10625 8189 9639 5100 10737 14625 10592 7243 12684 8059 0 1525 14241 3174 15343 13528 14822 18188 15082 9916 4168 4380 12611 7919 12141 10015 5722 4822 6487 9059 7244 5956 10394 14932 14990 16251 6144 8861 11697 10016 8315 10189 6910 17149 12753 3180 4653 4772 16626 15087 11117 13891 8099 1255 5711 15124 15061 9797 13240 16426 12376 7839 13201 14492 6928 7823 3787 11221 7891 14617 10115 12059 5926 16784 18507 11544 12972 9511 13991 3664 9018 5522 5915 16841 13358 5818 13204 9636
14706 1101 11719 14387 10691 13573 15034 14029 8170 10828 4941 14838 8925 10570 6856 8592 5509 11628 14465 9693 6201 11291 8934 1525 0 15630 4479 14876 12705 14908 18156 14600 9230 3347 5896 11924 7955 11207 10142 7007 6311 7583 9177 7589 7404 9636 14376 15150 16737 4639 9152 11402 10384 7828 9155 5850 17493 11718 1986 3130 4224 16750 13882 11133 13930 6994 2684 4187 15717 14468 11248 14401 16012 12014 9055 13642 15307 5410 9266 3143 10178 9360 13310 9921 13336 4412 16739 18582 10476 13805 9775 15021 2266 10450 6014 5357 17193 12115 6994 12899 10106
22220 14558 3931 2838 10795 23076 16388 21389 20818 24521 14398 10749 7245 14660 20337 19869 16556 7640 17258 19689 18246 24585 8762 14241 15630 0 11157 19996 21251 15429 18420 19926 18065 15921 10826 19718 13529 20978 13335 8689 9563 8644 13223 11973 8327 18756 20370 14907 12621 20185 12174 16654 11742 16250 20184 18114 14441 22088 16296 18476 18373 16107 25201 14364 15344 19101 12991 19586 11066 20719 4630 4149 20334 17447 6954 11795 8551 20868 6485 17665 20987 6546 25590 15345 3066 19918 17624 17706 21382 8059 12387 5917 17880 5279 16484 19348 14202 24019 8916 17513 11038
15495 3429 7260 9960 7886 15130 13529 14700 10910 14246 5354 11684 4603 9363 9994 10612 7239 7824 13394 11154 8398 14520 5239 3174 4479 11157 0 14723 13772 13108 16615 14501 10037 5420 3097 12579 6708 12707 8431 2550 2294 3421 7567 5483 3073 10646 14519 13136 13819 9041 7039 10864 7969 8151 11097 8141 14929 13543 5312 7368 7801 14798 16268 9685 12296 9322 1937 8477 12547 14723 6859 10080 15663 11649 4671 10903 11624 9750 4881 6892 12098 5049 16116 9173 8889 8783 15266 16731 12468 10098 7696 10907 6740 6031 7488 8913 14615 14694 2687 12321 7424
3166 15005 17873 17228 9269 5653 4499 2721 9659 12071 19261 10323 14275 5703 10907 7931 20343 12363 3097 6343 9492 11403 12068 15343 14876 19996 14723 0 4147 5487 5697 307 5851 11561 17815 3550 8064 5741 6988 14833 16588 13570 7522 9554 16472 5714 1032 6239 9961 15246 8439 3885 8398 7055 7529 9817 8894 6529 13092 14183 18746 6394 8769 5762 5001 9233 15181 14495 10625 1353 18387 16099 1246 3076 14675 8645 12714 15043 17225 17713 7110 17687 10263 5578 16981 14975 4771 6921 7216 12358 7977 14887 15626 17641 20814 19729 8821 9067 14070 2573 9158
2087 13112 18488 18668 10602 1936 7979 1688 5972 7952 17493 12946 14649 6720 7406 4494 18189 13758 6520 3059 6632 7263 12639 13528 12705 21251 13772 4147 0 8785 9790 3871 3736 9399 16810 1558 7912 1815 7986 14592 15925 13614 8029 9560 16131 3158 3128 9519 13163 12017 9079 4857 9616 5646 3969 6991 12444 2389 10751 11283 16114 10124 4877 7200 7964 6069 13697 11351 13455 2897 18780 17733 5294 4261 15041 11108 15122 11662 17280 15163 3246 17688 6209 5912 18185 11786 8725 10954 3243 14398 8887 16881 12925 17951 18709 16977 12309 4931 13897 4796 10259
8537 14631 14044 12593 5638 10638 1037 7900 12643 15906 18324 5019 11020 4428 13422 10859 19887 8107 2401 9528 11337 15424 8865 14822 14908 15429 13108 5487 8785 0 3544 5577 8132 12064 15957 7461 6954 9765 4807 12282 14396 10817 5764 7681 13881 8476 6301 757 4485 16853 6078 4668 5212 7978 10702 11548 3684 10856 13591 15365 19116 1867 13662 3793 1057 11531 14223 16029 5194 6690 14774 11335 5304 4790 11388 3635 7465 16929 14083 18032 10774 14576 14907 5350 12584 16539 2331 3685 11038 7423 5417 9866 16357 14171 20259 20227 3528 13478 11526 4018 5887
8769 17966 17391 15593 9164 11347 3136 8414 14766 17588 21783 7681 14521 7589 15788 12962 23278 11424 3885 11452 13935 16975 12390 18188 18156 18420 16615 5697 9790 3544 0 5943 10401 15141 19492 8872 10270 11222 8228 15826 17939 14358 9157 11156 17420 10551 6726 3736 6170 19651 9576 7094 8755 10767 12676 14196 4473 12134 16699 18291 22324 2314 14462 7071 4328 13947 17658 18843 7500 7043 18172 14273 4780 6814 14881 6813 10024 19621 17576 21243 12480 18070 15956 8294 15725 19348 1420 1338 12656 10369 8921 12617 19438 17607 23669 23410 4584 14721 15070 5834 9430
3000 14740 17753 17169 9176 5421 4609 2497 9352 11782 19005 10356 14130 5551 10599 7624 20072 12289 3176 6036 9190 11121 11930 15082 14600 19926 14501 307 3871 5577 5943 0 5553 11281 17594 3243 7859 5445 6851 14650 16385 13402 7354 9368 16287 5409 793 6332 10060 14942 8288 3690 8290 6785 7223 9516 9038 6248 12808 13885 18457 6559 8537 5645 5038 8927 14933 14192 10681 1153 18252 16054 1553 2867 14531 8653 12732 14737 17065 17426 6809 17525 10013 5376 16903 14671 4976 7151 6919 12340 7841 14871 15334 17499 20545 19437 8955 8798 13890 2445 9046
5561 9522 15050 15630 7866 5214 7699 4831 4511 7931 13889 11075 11184 4426 5391 2740 14738 10853 6538 1714 3662 7580 9319 9916 9230 18065 10037 5851 3736 8132 10401 5553 0 5883 13076 2700 4536 2927 5357 10940 12200 10053 5037 6128 12446 693 5207 8728 11904 9443 6034 3470 6902 1950 2672 3975 11702 4024 7351 8332 12942 9876 7155 5117 7100 3549 10003 8674 11755 5262 15258 14839 7069 3588 11564 9246 12918 9308 13672 11929 3104 14063 7776 3331 15026 9162 9057 11266 3474 11924 6047 14265 9796 14411 15237 13901 11487 6190 10270 4567 7395
11376 3729 12220 14144 8670 10382 12063 10689 5518 8847 8106 12826 8715 7641 4585 5498 8855 10423 11353 6431 3126 9101 7889 4168 3347 15921 5420 11561 9399 12064 15141 11281 5883 0 8011 8578 5281 7975 7482 7391 7703 7295 6551 5509 8427 6300 11036 12401 14477 5159 6826 8208 8120 4547 6039 2818 14980 8597 1566 3448 7250 13930 11048 8278 11041 4023 4587 4357 13683 11124 12031 13841 12716 8765 8976 11376 13764 5538 10115 6189 7071 10362 10750 6847 13222 4837 13721 15682 7404 12357 7359 14041 4302 11164 9356 8298 14696 9385 7026 9682 8052
18568 4846 6991 10425 10510 18102 16449 17779 13509 16569 3641 13946 6009 12396 12411 13433 5818 9713 16402 14108 11118 16948 7487 4380 5896 10826 3097 17815 16810 15957 19492 17594 13076 8011 0 15652 9779 15670 11397 3965 1765 5415 10573 8467 2909 13666 17616 15917 16173 10432 9955 13948 10753 11216 13945 10825 17453 16449 7430 9025 7618 17574 19046 12675 15203 12028 3471 10064 14770 17820 6197 10932 18741 14739 5862 13438 13439 11247 4447 7035 14965 4293 18745 12255 9299 10240 18174 19515 15322 11955 10596 12177 7848 5604 5843 8542 17138 17397 4606 15395 10129
2916 12221 17013 17121 9047 3479 6735 2143 6109 8718 16583 11440 13192 5163 7372 4389 17433 12207 5320 2800 6129 8129 11146 12611 11924 19718 12579 3550 1558 7461 8872 3243 2700 8578 15652 0 6469 2367 6433 13239 14673 12202 6505 8117 14807 2333 2700 8175 11755 11798 7554 3315 8062 4437 3979 6472 11143 3400 10028 10854 15567 8927 6277 5647 6577 5760 12664 11073 11974 2664 17336 16178 4793 2777 13587 9595 13587 11549 15885 14571 3621 16305 7447 4373 16652 11539 7687 9946 3784 12845 7342 15325 12397 16517 17934 16495 10988 6029 12526 3443 8711
9274 7699 10583 11123 3792 9634 7134 8439 7902 11678 11596 7739 6737 2725 7996 6576 13013 6452 6769 6175 5660 11539 4788 7919 7955 13529 6708 8064 7912 6954 10270 7859 4536 5281 9779 6469 0 7454 2215 6855 8526 5740 1271 1649 8471 5228 7965 7206 9234 10350 1785 4181 3013 2783 6794 5710 9702 8559 6736 8708 12169 8796 11679 3201 5990 6282 7451 9527 8562 8213 10871 10393 8962 4992 7128 6159 9073 10596 9431 11085 7508 9861 12173 2486 10493 10027 8865 10633 7899 7854 2158 10004 9497 10048 13414 13286 9416 10586 6115 5616 3208
3873 11703 17974 18512 10621 2433 9079 3494 4157 6368 16074 13462 14108 6908 5604 2753 16643 13687 7680 1565 5031 5763 12241 12141 11207 20978 12707 5741 1815 9765 11222 5445 2927 7975 15670 2367 7454 0 8031 13795 14930 12959 7855 9055 15262 2235 4771 10461 13962 10238 8883 5346 9638 4840 2202 5390 13447 1178 9229 9580 14447 11280 4316 7510 8839 4372 12428 9591 14058 4602 18168 17681 6947 4993 14486 11608 15482 9862 16551 13524 1434 16931 5221 5917 17932 10015 10053 12310 1478 14602 8823 17011 11261 17317 17173 15276 13279 3725 13145 5765 10194
8894 9828 10916 10696 2619 9873 5111 8059 9435 13120 13555 5869 7288 1335 9783 7877 15082 5775 5025 7067 7483 12860 5080 10015 10142 13335 8431 6988 7986 4807 8228 6851 5357 7482 11397 6433 2215 8031 0 8011 9959 6659 965 2949 9657 5979 7164 5009 7133 12503 1494 3334 1631 4179 7956 7597 7500 9204 8950 10892 14363 6621 12346 1302 3902 7956 9434 11676 6634 7484 11401 9748 7658 4152 7688 4141 7567 12705 10264 13279 8459 10734 13113 2118 10271 12181 6853 8492 8823 6582 992 8981 11712 10653 15460 15485 7218 11535 7238 4415 2297
16099 5974 4860 7411 6701 16152 12874 15270 12655 16197 7254 9983 2177 9178 11941 12055 9332 5771 13018 12305 10068 16377 3560 5722 7007 8689 2550 14833 14592 12282 15826 14650 10940 7391 3965 13239 6855 13795 8011 0 2224 1490 7328 5284 1647 11607 14806 12168 12216 11504 6517 10963 7087 8991 12478 9868 13533 14757 7619 9788 10274 13807 17677 9313 11620 10978 4477 10898 10806 15063 4649 7572 15622 11795 2165 9542 9537 12180 2802 9404 13419 3144 17737 9294 6340 11234 14562 15744 13807 8034 7102 8524 9272 3778 9485 11362 13219 16238 773 12300 6395
17578 5210 5642 8869 8870 17343 14939 16768 13202 16504 5266 12204 4245 11039 12262 12894 7417 7949 14984 13388 10692 16797 5777 4822 6311 9563 2294 16588 15925 14396 17939 16385 12200 7703 1765 14673 8526 14930 9959 2224 0 3700 9192 7087 1276 12829 16468 14317 14440 10951 8485 12704 9184 10280 13371 10435 15752 15796 7469 9375 8833 15966 18552 11255 13687 11616 3634 10467 13022 16697 5013 9280 17454 13518 4108 11752 11675 11713 3078 8103 14366 3084 18410 11011 7747 10720 16648 17906 14739 10190 9105 10456 8480 4285 7500 9845 15438 16987 2913 14108 8526
15012 6646 5113 6920 5218 15258 11431 14175 12243 15903 8551 8541 1424 7878 11698 11451 10563 4445 11631 11524 9655 16006 2077 6487 7583 8644 3421 13570 13614 10817 14358 13402 10053 7295 5415 12202 5740 12959 6659 1490 3700 0 6049 4105 3065 10737 13604 10688 10759 11853 5168 9732 5640 8119 11827 9501 12052 13979 7823 10085 11202 12324 16986 7957 10179 10534 5309 11179 9376 13880 5210 6824 14309 10571 1691 8054 8246 12459 3694 10263 12718 4136 17181 8098 5947 11562 13108 14260 13112 6725 5720 7507 9825 4358 10759 12323 11737 15644 820 11015 4932
9142 8868 10569 10678 2854 9859 6029 8300 8848 12585 12633 6568 6825 1852 9079 7383 14134 5832 5831 6744 6754 12380 4685 9059 9177 13223 7567 7522 8029 5764 9157 7354 5037 6551 10573 6505 1271 7855 965 7328 9192 6049 0 2110 8974 5701 7580 5974 7983 11609 1050 3698 1939 3588 7524 6838 8432 9008 8003 9976 13398 7585 12157 2122 4839 7297 8502 10785 7371 7872 10976 9826 8295 4539 7226 4928 8065 11839 9714 12314 8124 10172 12806 2153 10159 11287 7770 9450 8502 6949 1048 9236 10761 10194 14517 14521 8146 11218 6561 4974 2358
10909 7117 8944 9656 3182 11269 8053 10071 9113 12896 10643 7359 5091 3952 8984 7956 12246 5206 7935 7720 6685 12834 3211 7244 7589 11973 5483 9554 9560 7681 11156 9368 6128 5509 8467 8117 1649 9055 2949 5284 7087 4105 2110 0 6919 6821 9527 7782 9160 10666 1623 5679 2797 4277 8234 6658 9926 10138 6754 8929 11792 9434 13233 4210 6829 7426 6555 9866 8228 9793 9222 9025 10376 6512 5481 6056 8281 11033 7799 10720 9015 8236 13640 4014 8964 10344 9793 11345 9409 6920 2282 8842 9418 8399 12599 12935 9622 12062 4527 7037 2569
17684 6309 4397 7596 8268 17644 14494 16859 13850 17274 6505 11324 3234 10824 13013 13391 8668 6977 14661 13747 11291 17516 5068 5956 7404 8327 3073 16472 16131 13881 17420 16287 12446 8427 2909 14807 8471 15262 9657 1647 1276 3065 8974 6919 0 13101 16431 13741 13583 12030 8163 12598 8703 10501 13840 11062 14978 16187 8384 10400 10099 15368 19042 10959 13241 12213 4725 11504 12116 16684 3844 8036 17268 13429 3024 11028 10624 12767 1867 9350 14807 1979 19008 10924 6472 11785 16172 17300 15189 9168 8744 9272 9618 3067 8730 11118 14666 17542 2419 13944 7996
5078 9987 15741 16315 8516 4546 7972 4396 4229 7468 14365 11632 11875 4984 5274 2421 15141 11526 6734 1113 3808 7066 10011 10394 9636 18756 10646 5714 3158 8476 10551 5409 693 6300 13666 2333 5228 2235 5979 11607 12829 10737 5701 6821 13101 0 4976 9103 12377 9533 6708 3816 7546 2622 2226 4147 12093 3335 7717 8531 13234 10172 6471 5653 7465 3525 10540 8789 12292 4982 15944 15515 6953 3788 12254 9793 13523 9336 14347 12241 2495 14735 7135 3912 15716 9265 9242 11478 2848 12558 6701 14917 10064 15095 15649 14163 11890 5556 10943 4739 8056
2239 14573 18079 17638 9585 4629 5355 1704 8769 11069 18881 10997 14398 5837 10067 7080 19870 12731 3902 5494 8784 10390 12221 14932 14376 20370 14519 1032 3128 6301 6726 793 5207 11036 17616 2700 7965 4771 7164 14806 16468 13604 7580 9527 16431 4976 0 7058 10786 14490 8555 3882 8668 6618 6649 9120 9804 5516 12539 13503 18149 7340 7746 6021 5702 8455 14849 13758 11356 391 18539 16552 2179 3042 14799 9260 13348 14249 17287 17133 6165 17738 9232 5514 17331 14228 5769 7942 6249 12894 8154 15426 15001 17769 20355 19106 9715 8039 14054 2866 9410
9293 14822 13678 12069 5473 11381 1760 8654 13236 16554 18404 4365 10795 4820 13965 11465 20025 7715 3158 10170 11835 16090 8687 14990 15150 14907 13136 6239 9519 757 3736 6332 8728 12401 15917 8175 7206 10461 5009 12168 14317 10688 5974 7782 13741 9103 7058 0 3729 17272 6161 5287 5174 8450 11329 12032 2998 11563 13908 15746 19370 1663 14395 4138 1640 12072 14337 16446 4481 7446 14444 10788 6022 5472 11152 3139 6811 17379 13845 18286 11438 14339 15622 5811 12112 16956 2723 3600 11711 6864 5500 9264 16676 13872 20381 20491 2819 14180 11423 4738 5793
13021 16189 12330 9870 6066 15053 5464 12372 16321 19832 19166 2271 10371 7567 16839 14622 21027 6689 6886 13480 14577 19441 8697 16251 16737 12621 13819 9961 13163 4485 6170 10060 11904 14477 16173 11755 9234 13962 7133 12216 14440 10759 7983 9160 13583 12377 10786 3729 0 19583 7671 8639 6389 11200 14570 14711 1828 15100 15852 17922 20915 4022 18021 6842 5201 14972 15367 18761 1610 11175 13263 8511 9662 8990 10644 3111 4070 19822 13180 19853 14814 13660 19171 8674 10226 19260 5850 5209 15118 4880 7119 6707 18561 12882 21302 22063 1623 17684 11573 8368 6636
14101 5740 16300 18764 13829 12219 16699 13622 6203 7348 8532 17980 13256 12452 4671 7528 7939 15457 15771 9058 5784 8038 12835 6144 4639 20185 9041 15246 12017 16853 19651 14942 9443 5159 10432 11798 10350 10238 12503 11504 10951 11853 11609 10666 12030 9533 14490 17272 19583 0 11966 12557 13261 8911 8048 5487 19982 10277 4078 1787 4942 18713 11494 13141 15803 6038 7321 827 18833 14458 15869 18636 16482 12918 13440 16496 18897 860 13886 4437 8878 13994 10441 11507 17755 324 18253 20351 9028 17468 12475 19023 2617 15059 8498 5419 19708 9660 11377 13897 13211
10171 8722 9549 9637 2006 10907 6498 9329 9667 13434 12252 6026 5846 2737 9780 8281 13868 4818 6508 7731 7445 13268 3671 8861 9152 12174 7039 8439 9079 6078 9576 8288 6034 6826 9955 7554 1785 8883 1494 6517 8485 5168 1050 1623 8163 6708 8555 6161 7671 11966 0 4679 1295 4466 8458 7490 8341 10029 8182 10273 13369 7816 13175 2796 5259 8062 8176 11150 6871 8858 9984 8806 9143 5516 6248 4561 7288 12263 8789 12292 9101 9256 13783 3193 9110 11643 8231 9731 9483 6081 662 8288 10898 9217 14221 14508 8040 12194 5744 5870 1431
5566 11397 14220 13984 5876 6790 4246 4735 7978 11273 15548 8150 10517 2000 8817 6191 16767 9053 3215 4889 6854 10832 8349 11697 11402 16654 10864 3885 4857 4668 7094 3690 3470 8208 13948 3315 4181 5346 3334 10963 12704 9732 3698 5679 12598 3816 3882 5287 8639 12557 4679 0 4913 3709 6042 7107 8279 6506 9774 11228 15456 6409 9538 2360 3650 6938 11426 11751 8719 4179 14662 12979 4805 841 10919 6298 10272 12533 13409 14390 6187 13863 10567 1696 13595 12256 5703 7859 6482 9550 4313 12045 12460 13888 17212 16504 8079 9057 10204 1507 5623
10478 9905 9484 9078 989 11504 5791 9648 10786 14524 13269 4739 6027 2925 10983 9316 14963 4151 6075 8616 8651 14313 3803 10016 10384 11742 7969 8398 9616 5212 8755 8290 6902 8120 10753 8062 3013 9638 1631 7087 9184 5640 1939 2797 8703 7546 8668 5174 6389 13261 1295 4913 0 5527 9442 8715 7135 10807 9466 11568 14589 6836 13954 2649 4539 9223 9257 12445 5579 9004 10045 8117 8943 5706 6418 3278 6126 13553 9075 13517 10004 9559 14677 3740 8686 12938 7475 8774 10376 5029 892 7376 12172 9341 15293 15732 6830 13093 6325 5846 769
7352 7961 13145 13892 6426 7163 7789 6571 5269 8998 12264 10048 9279 3682 5640 3815 13288 9228 6911 3446 3402 8805 7488 8315 7828 16250 8151 7055 5646 7978 10767 6785 1950 4547 11216 4437 2783 4840 4179 8991 10280 8119 3588 4277 10501 2622 6618 8450 11200 8911 4466 3709 5527 0 4012 3583 11294 5882 6104 7526 11790 9825 8958 4407 6922 3785 8265 8094 10806 6756 13328 13176 8184 4221 9654 8301 11651 8953 11726 10734 4743 12115 9394 2639 13234 8603 9360 11440 5136 10524 4636 12751 8758 12477 13761 12820 11044 7809 8322 5152 5888
6053 9734 16929 17883 10378 4433 10182 5597 2131 5262 14070 13733 13088 7091 3454 568 14532 13240 8910 1225 2958 4917 11436 10189 9155 20184 11097 7529 3969 10702 12676 7223 2672 6039 13945 3979 6794 2202 7956 12478 13371 11827 7524 8234 13840 2226 6649 11329 14570 8048 8458 6042 9442 4012 0 3306 14318 2567 7169 7386 12264 12386 5204 7788 9691 2203 10596 7392 14423 6551 17008 17186 8771 5986 13444 11911 15522 7701 15275 11356 1033 15618 5408 5988 17194 7820 11399 13648 1377 14469 8564 16745 9083 16140 15069 13080 14113 3837 11893 6914 9866
9052 6448 14580 16086 9492 7727 11306 8456 2791 6407 10766 13406 10874 7256 2326 2745 11254 11861 10312 3933 360 6518 9614 6910 5850 18114 8141 9817 6991 11548 14196 9516 3975 2818 10825 6472 5710 5390 7597 9868 10435 9501 6838 6658 11062 4147 9120 12032 14711 5487 7490 7107 8715 3583 3306 0 14871 5871 3863 4384 9134 13385 8230 7977 10491 1205 7404 4705 14205 9129 14507 15597 11041 7434 11185 11734 14770 5426 12655 8173 4332 12944 7975 6221 15260 5199 12810 14948 4640 13502 7841 15499 5948 13633 11786 10032 14617 6577 9392 8415 8894
12037 17040 14020 11677 7047 14269 4480 11462 16201 19550 20280 3887 11813 7615 16876 14441 22055 8235 5952 13165 14696 19088 9975 17149 17493 14441 14929 8894 12444 3684 4473 9038 11702 14980 17453 11143 9702 13447 7500 13533 15752 12052 8432 9926 14978 12093 9804 2998 1828 19982 8341 8279 7135 11294 14318 14871 0 14539 16431 18390 21709 2564 17319 6895 4637 14986 16355 19155 3387 10184 14924 10321 8413 8466 12114 4030 5892 20145 14717 20633 14436 15203 18587 8671 11997 19662 4400 3415 14708 6608 7722 8531 19183 14498 22363 22848 315 17161 12850 7700 7546
4170 12300 19026 19648 11788 1946 10133 4018 4075 5566 16636 14633 15161 8086 5608 3127 17069 14840 8708 2457 5525 4875 13338 12753 11718 22088 13543 6529 2389 10856 12134 6248 4024 8597 16449 3400 8559 1178 9204 14757 15796 13979 9008 10138 16187 3335 5516 11563 15100 10277 10029 6506 10807 5882 2567 5871 14539 0 9732 9818 14714 12321 3150 8687 9953 4738 13134 9696 15222 5284 19189 18833 7683 6114 15534 12779 16660 9813 17533 13839 1540 17900 4071 7091 19050 10082 11019 13266 1275 15778 9985 18181 11553 18331 17610 15479 14380 2630 14128 6841 11353
12770 2697 12473 14743 9936 11588 13613 12112 6245 9139 6916 14113 9239 9177 5013 6606 7438 11392 12919 7724 4215 9529 8758 3180 1986 16296 5312 13092 10751 13591 16699 12808 7351 1566 7430 10028 6736 9229 8950 7619 7469 7823 8003 6754 8384 7717 12539 13908 15852 4078 8182 9774 9466 6104 7169 3863 16431 9732 0 2291 5686 15455 11938 9800 12576 5011 3972 3363 14981 12611 12152 14573 14257 10325 9447 12742 14887 4638 10183 4631 8192 10361 11436 8406 13758 3773 15279 17224 8492 13436 8750 14946 2767 11308 7958 6731 16142 10191 7403 11246 9323
13364 4207 14612 17002 12103 11756 15278 12807 5865 7911 7616 16267 11494 10940 4361 6828 7472 13673 14436 8238 4725 8467 11048 4653 3130 18476 7368 14183 11283 15365 18291 13885 8332 3448 9025 10854 8708 9580 10892 9788 9375 10085 9976 8929 10400 8531 13503 15746 17922 1787 10273 11228 11568 7526 7386 4384 18390 9818 2291 0 4896 17231 11496 11609 14324 5216 5748 1111 17126 13513 14223 16856 15399 11664 11687 14823 17133 2392 12241 4064 8324 12376 10681 10051 16002 1483 16881 18924 8543 15695 10804 17236 1781 13399 8033 5697 18110 9669 9629 12628 11486
18184 4749 14469 17612 14854 16650 19213 17588 10743 12290 4505 18965 12397 14752 9219 11701 3175 15505 18581 13056 9490 12972 12830 4772 4224 18373 7801 18746 16114 19116 22324 18457 12942 7250 7618 15567 12169 14447 14363 10274 8833 11202 13398 11792 10099 13234 18149 19370 20915 4942 13369 15456 14589 11790 12264 9134 21709 14714 5686 4896 0 20964 16297 15333 18129 10075 5894 5213 19844 18196 13766 17846 19925 16011 12435 17832 19264 5741 11897 1084 13216 11833 15341 14048 16505 4987 20904 22784 13439 17744 13996 18705 3190 13098 3702 1150 21408 14460 10488 16931 14280
9556 16449 15128 13279 7106 11888 2212 9025 14377 17532 20063 5373 12381 6295 15214 12579 21672 9165 3614 11189 13165 17008 10306 16626 16750 16107 14798 6394 10124 1867 2314 6559 9876 13930 17574 8927 8796 11280 6621 13807 15966 12324 7585 9434 15368 10172 7340 1663 4022 18713 7816 6409 6836 9825 12386 13385 2564 12321 15455 17231 20964 0 14975 5655 2910 13327 15989 17890 5234 7712 15932 11960 5855 6408 12729 4550 7739 18778 15416 19880 12380 15910 16320 7206 13418 18399 1850 1941 12618 8055 7154 10315 18221 15392 22033 22078 2564 14950 13067 5530 7447
5762 14613 22068 22785 14936 3117 12850 6048 5718 4893 18815 17688 18209 11205 7145 5660 18956 17988 11385 5513 7929 4015 16442 15087 13882 25201 16268 8769 4877 13662 14462 8537 7155 11048 19046 6277 11679 4316 12346 17677 18552 16986 12157 13233 19042 6471 7746 14395 18021 11494 13175 9538 13954 8958 5204 8230 17319 3150 11938 11496 16297 14975 0 11785 12828 7025 15634 11091 18243 7419 22184 21980 9745 9055 18575 15836 19765 10849 20472 15550 4269 20819 1746 10231 22172 11375 13501 15688 3877 18913 13134 21326 13277 21319 19514 16901 17186 1838 17082 9664 14503
7882 10900 12111 11661 3570 9126 3936 7062 9481 13038 14743 5983 8547 728 10026 7802 16207 6735 3731 6766 7809 12696 6326 11117 11133 14364 9685 5762 7200 3793 7071 5645 5117 8278 12675 5647 3201 7510 1302 9313 11255 7957 2122 4210 10959 5653 6021 4138 6842 13141 2796 2360 2649 4407 7788 7977 6895 8687 9800 11609 15333 5655 11785 0 2797 8147 10606 12315 6641 6361 12634 10632 6378 3100 8946 4139 7980 13268 11544 14249 8142 12017 12700 1832 11316 12824 5671 7451 8479 7199 2249 9687 12566 11902 16601 16440 6641 11148 8540 3200 3401
7907 13686 13703 12524 5110 9853 1254 7216 11610 14914 17456 5322 10498 3400 12372 9834 18972 7849 1963 8530 10280 14452 8299 13891 13930 15344 12296 5001 7964 1057 4328 5038 7100 11041 15203 6577 5990 8839 3902 11620 13687 10179 4839 6829 13241 7465 5702 1640 5201 15803 5259 3650 4539 6922 9691 10491 4637 9953 12576 14324 18129 2910 12828 2797 0 10480 13336 14980 5654 6092 14376 11317 5054 3846 10879 3684 7722 15874 13563 17045 9800 14052 14018 4297 12421 15490 2972 4656 10075 7468 4610 9974 15339 13732 19356 19234 4450 12562 10854 3167 5264
8153 7633 15636 16990 10065 6633 11184 7620 1717 5477 11926 13822 11881 7418 1893 1635 12334 12618 10075 3040 924 5485 10496 8099 6994 19101 9322 9233 6069 11531 13947 8927 3549 4023 12028 5760 6282 4372 7956 10978 11616 10534 7297 7426 12213 3525 8455 12072 14972 6038 8062 6938 9223 3785 2203 1205 14986 4738 5011 5216 10075 13327 7025 8147 10480 0 8609 5324 14588 8420 15600 16437 10474 7133 12206 12085 15338 5811 13774 9156 3201 14076 6800 6328 16202 5782 12593 14787 3484 14135 8333 16232 6889 14726 12874 10913 14748 5379 10472 8114 9489
15560 1586 9068 11887 9331 14857 14531 14807 10052 13109 4146 13303 6536 10175 8940 10066 5706 9638 14218 10864 7712 13477 6988 1255 2684 12991 1937 15181 13697 14223 17658 14933 10003 4587 3471 12664 7451 12428 9434 4477 3634 5309 8502 6555 4725 10540 14849 14337 15367 7321 8176 11426 9257 8265 10596 7404 16355 13134 3972 5748 5894 15989 15634 10606 13336 8609 0 6835 14177 15009 8569 12016 16212 12153 6607 12363 13419 8080 6590 4962 11625 6677 15287 9785 10809 7087 16272 17896 11969 11894 8836 12815 4897 7780 6045 7019 16044 13958 4609 12925 8810
13438 5278 15723 18098 13023 11641 15882 12935 5640 7183 8434 17168 12591 11626 4098 6857 8055 14701 14966 8359 5012 7811 12095 5711 4187 19586 8477 14495 11351 16029 18843 14192 8674 4357 10064 11073 9527 9591 11676 10898 10467 11179 10785 9866 11504 8789 13758 16446 18761 827 11150 11751 12445 8094 7392 4705 19155 9696 3363 1111 5213 17890 11091 12315 14980 5324 6835 0 18019 13736 15330 17936 15727 12124 12789 15675 18111 1283 13348 4554 8259 13478 10137 10685 17104 510 17443 19534 8433 16690 11654 18282 2450 14507 8618 5832 18881 9253 10733 13102 12404
13556 15097 10725 8292 5051 15380 6229 12849 16038 19661 17867 880 8887 7332 16415 14412 19782 5165 7532 13405 14106 19335 7346 15124 15717 11066 12547 10625 13455 5194 7500 10681 11755 13683 14770 11974 8562 14058 6634 10806 13022 9376 7371 8228 12116 12292 11356 4481 1610 18833 6871 8719 5579 10806 14423 14205 3387 15222 14981 17126 19844 5234 18243 6641 5654 14588 14177 18019 0 11746 11665 6937 10497 9201 9142 2517 2541 19132 11633 18797 14775 12108 19276 8438 8622 18510 6966 6664 15105 3273 6404 5171 17636 11300 20033 20994 3138 17746 10195 8725 5659
1854 14694 18393 17993 9929 4304 5740 1372 8658 10849 19018 11385 14696 6153 9989 7003 19971 13082 4290 5424 8788 10154 12528 15061 14468 20719 14723 1353 2897 6690 7043 1153 5262 11124 17820 2664 8213 4602 7484 15063 16697 13880 7872 9793 16684 4982 391 7446 11175 14458 8858 4179 9004 6756 6551 9129 10184 5284 12611 13513 18196 7712 7419 6361 6092 8420 15009 13736 11746 0 18841 16915 2404 3342 15097 9644 13732 14195 17567 17189 6015 18015 8930 5782 17676 14201 6120 8274 6077 13269 8472 15801 15037 18066 20461 19139 10097 7771 14316 3229 9742
20090 10154 1068 4769 9294 20455 15577 19249 17288 20845 9775 11042 4155 12709 16590 16613 11938 6774 16087 16733 14697 21020 6322 9797 11248 4630 6859 18387 18780 14774 18172 18252 15258 12031 6197 17336 10871 18168 11401 4649 5013 5210 10976 9222 3844 15944 18539 14444 13263 15869 9984 14662 10045 13328 17008 14507 14924 19189 12152 14223 13766 15932 22184 12634 14376 15600 8569 15330 11665 18841 0 5725 18986 15500 3756 11382 9563 16598 1983 13091 17915 1938 22326 13108 3739 15621 17101 17770 18308 8401 10411 7449 13460 874 11884 14727 14632 20806 5133 15814 9276
18508 13438 4658 1361 7131 19618 12314 17693 18134 21914 14540 6600 5489 11026 17908 16950 16697 3995 13258 16528 15662 21858 5998 13240 14401 4149 10080 16099 17733 11335 14273 16054 14839 13841 10932 16178 10393 17681 9748 7572 9280 6824 9826 9025 8036 15515 16552 10788 8511 18636 8806 12979 8117 13176 17186 15597 10321 18833 14573 16856 17846 11960 21980 10632 11317 16437 12016 17936 6937 16915 5725 0 16351 13731 5413 7703 4455 19205 6657 16968 17885 6996 22561 11843 2019 18339 13498 13561 18272 3925 8876 1892 16648 5772 16766 18931 10074 20973 7426 13687 7498
4005 16102 18417 17532 9749 6649 4268 3745 10900 13243 20318 10296 14922 6444 12153 9176 21456 12748 3096 7588 10720 12556 12698 16426 16012 20334 15663 1246 5294 5304 4780 1553 7069 12716 18741 4793 8962 6947 7658 15622 17454 14309 8295 10376 17268 6953 2179 6022 9662 16482 9143 4805 8943 8184 8771 11041 8413 7683 14257 15399 19925 5855 9745 6378 5054 10474 16212 15727 10497 2404 18986 16351 0 4060 15320 8735 12729 16286 17920 18885 8332 18392 11301 6490 17362 16209 4083 6071 8425 12521 8627 15028 16820 18269 21918 20919 8382 10172 14853 3348 9712
4782 12060 15052 14759 6656 6194 4199 3962 8015 11133 16258 8685 11357 2817 8978 6209 17424 9830 2955 4783 7155 10636 9185 12376 12014 17447 11649 3076 4261 4790 6814 2867 3588 8765 14739 2777 4992 4993 4152 11795 13518 10571 4539 6512 13429 3788 3042 5472 8990 12918 5516 841 5706 4221 5986 7434 8466 6114 10325 11664 16011 6408 9055 3100 3846 7133 12153 12124 9201 3342 15500 13731 4060 0 11758 6849 10883 12841 14249 14954 5989 14703 10184 2510 14392 12624 5472 7695 6248 10232 5136 12744 12968 14728 17879 17040 8291 8717 11038 984 6429
16335 8058 3494 5337 5771 16740 12111 15493 13919 17590 9329 8375 401 8981 13389 13083 11442 3980 12493 13086 11333 17684 2623 7839 9055 6954 4671 14675 15041 11388 14881 14531 11564 8976 5862 13587 7128 14486 7688 2165 4108 1691 7226 5481 3024 12254 14799 11152 10644 13440 6248 10919 6418 9654 13444 11185 12114 15534 9447 11687 12435 12729 18575 8946 10879 12206 6607 12789 9142 15097 3756 5413 15320 11758 0 8260 7600 14071 2695 11555 14313 3189 18818 9353 4316 13156 13715 14634 14707 6145 6704 6387 11317 2970 11567 13526 11806 17271 2068 12103 5656
11396 13120 10581 8959 3033 13042 4612 10644 13523 17145 16256 1854 7930 4820 13922 11896 18052 4616 5647 10905 11623 16825 5982 13201 13642 11795 10903 8645 11108 3635 6813 8653 9246 11376 13438 9595 6159 11608 4141 9542 11752 8054 4928 6056 11028 9793 9260 3139 3111 16496 4561 6298 3278 8301 11911 11734 4030 12779 12742 14823 17832 4550 15836 4139 3684 12085 12363 15675 2517 9644 11382 7703 8735 6849 8260 0 4089 16755 10925 16765 12281 11418 16817 5924 8973 16173 5861 6404 12617 3805 4022 6294 15451 10852 18351 18978 3715 15275 8842 6492 3565
15482 14547 8563 5816 5282 17057 8497 14725 16912 20647 16777 2447 7430 8577 17068 15424 18808 3803 9674 14622 14732 20417 6436 14492 15307 8551 11624 12714 15122 7465 10024 12732 12918 13764 13439 13587 9073 15482 7567 9537 11675 8246 8065 8281 10624 13523 13348 6811 4070 18897 7288 10272 6126 11651 15522 14770 5892 16660 14887 17133 19264 7739 19765 7980 7722 15338 13419 18111 2541 13732 9563 4455 12729 10883 7600 4089 0 19301 9833 18262 16014 10280 20641 9614 6257 18578 9416 9204 16371 1526 7018 2639 17388 9317 18996 20406 5660 19072 9048 10575 5876
13735 6509 17001 19378 14168 11742 16723 13297 5749 6569 9392 18289 13872 12565 4258 7207 8777 15933 15736 8772 5688 7287 13345 6928 5410 20868 9750 15043 11662 16929 19621 14737 9308 5538 11247 11549 10596 9862 12705 12180 11713 12459 11839 11033 12767 9336 14249 17379 19822 860 12263 12533 13553 8953 7701 5426 20145 9813 4638 2392 5741 18778 10849 13268 15874 5811 8080 1283 19132 14195 16598 19205 16286 12841 14071 16755 19301 0 14616 5282 8469 14738 9727 11581 18386 1006 18236 20370 8587 17895 12742 19527 3464 15779 9334 6142 19878 9024 12016 13824 13549
18705 8174 2573 6015 8461 18887 14799 17868 15444 18952 8085 10911 3066 11522 14690 14857 10262 6495 15145 15077 12861 19154 5273 7823 9266 6485 4881 17225 17280 14083 17576 17065 13672 10115 4447 15885 9431 16551 10264 2802 3078 3694 9714 7799 1867 14347 17287 13845 13180 13886 8789 13409 9075 11726 15275 12655 14717 17533 10183 12241 11897 15416 20472 11544 13563 13774 6590 13348 11633 17567 1983 6657 17920 14249 2695 10925 9833 14616 0 11181 16210 494 20538 11787 4893 13638 16410 17314 16599 8484 9295 8119 11485 1207 10263 12889 14412 19040 3407 14659 8320
17224 3719 13743 16786 13795 15766 18131 16611 9926 11726 4306 17917 11496 13670 8424 10790 3510 14519 17507 12105 8531 12365 11835 3787 3143 17665 6892 17713 15163 18032 21243 17426 11929 6189 7035 14571 11085 13524 13279 9404 8103 10263 12314 10720 9350 12241 17133 18286 19853 4437 12292 14390 13517 10734 11356 8173 20633 13839 4631 4064 1084 19880 15550 14249 17045 9156 4962 4554 18797 17189 13091 16968 18885 14954 11555 16765 18262 5282 11181 0 12326 11152 14673 12972 15690 4417 19824 21700 12565 16745 12917 17771 2292 12387 4071 2216 20332 13718 9572 15870 13217
5283 10766 17804 18630 10964 3440 10168 4927 2737 5153 15098 14124 13949 7478 4217 1587 15535 13913 8823 1392 3986 4652 12226 11221 10178 20987 12098 7110 3246 10774 12480 6809 3104 7071 14965 3621 7508 1434 8459 13419 14366 12718 8124 9015 14807 2495 6165 11438 14814 8878 9101 6187 10004 4743 1033 4332 14436 1540 8192 8324 13216 12380 4269 8142 9800 3201 11625 8259 14775 6015 17915 17885 8332 5989 14313 12281 16014 8469 16210 12326 0 16562 4683 6406 17976 8667 11261 13520 395 15028 9144 17359 10044 17051 16075 14005 14249 3094 12816 6853 10481
19135 8262 2706 6283 8952 19278 15290 18300 15735 19207 7907 11392 3558 11986 14945 15190 10081 6977 15628 15447 13159 19428 5759 7891 9360 6546 5049 17687 17688 14576 18070 17525 14063 10362 4293 16305 9861 16931 10734 3144 3084 4136 10172 8236 1979 14735 17738 14339 13660 13994 9256 13863 9559 12115 15618 12944 15203 17900 10361 12376 11833 15910 20819 12017 14052 14076 6677 13478 12108 18015 1938 6996 18392 14703 3189 11418 10280 14738 494 11152 16562 0 20854 12234 5171 13753 16902 17808 16950 8945 9768 8510 11554 1325 10057 12801 14899 19366 3794 15124 8806
7371 14134 22293 23284 15642 4660 14153 7563 5237 3382 18188 18670 18469 12070 6455 5735 18143 18594 12708 6063 7723 2528 16843 14617 13310 25590 16116 10263 6209 14907 15956 10013 7776 10750 18745 7447 12173 5221 13113 17737 18410 17181 12806 13640 19008 7135 9232 15622 19171 10441 13783 10567 14677 9394 5408 7975 18587 4071 11436 10681 15341 16320 1746 12700 14018 6800 15287 10137 19276 8930 22326 22561 11301 10184 18818 16817 20641 9727 20538 14673 4683 20854 0 11030 22602 10361 14929 17148 4304 19693 13822 22040 12447 21454 18705 15856 18434 1589 17194 10888 15164
6992 9838 12719 12757 4729 7777 5232 6150 7649 11224 13920 7746 8953 1112 8213 5980 15206 7857 4544 5017 6031 10904 6835 10115 9921 15345 9173 5578 5912 5350 8294 5376 3331 6847 12255 4373 2486 5917 2118 9294 11011 8098 2153 4014 10924 3912 5514 5811 8674 11507 3193 1696 3740 2639 5988 6221 8671 7091 8406 10051 14048 7206 10231 1832 4297 6328 9785 10685 8438 5782 13108 11843 6490 2510 9353 5924 9614 11581 11787 12972 6406 12234 11030 0 12279 11195 6874 8874 6759 8687 2976 11098 11145 12315 15637 15124 8427 9459 8541 3155 4352
19161 12313 2672 1126 7747 20015 13510 18328 17918 21656 12939 8160 4523 11599 17523 16898 15113 4621 14305 16664 15370 21681 5759 12059 13336 3066 8889 16981 18185 12584 15725 16903 15026 13222 9299 16652 10493 17932 10271 6340 7747 5947 10159 8964 6472 15716 17331 12112 10226 17755 9110 13595 8686 13234 17194 15260 11997 19050 13758 16002 16505 13418 22172 11316 12421 16202 10809 17104 8622 17676 3739 2019 17362 14392 4316 8973 6257 18386 4893 15690 17976 5171 22602 12279 0 17472 14834 15119 18369 5410 9321 3853 15601 3886 15138 17554 11732 21025 6380 14480 7975
13871 5512 16040 18477 13507 12026 16391 13382 6013 7320 8437 17657 12969 12136 4474 7293 7926 15145 15471 8811 5501 7987 12526 5926 4412 19918 8783 14975 11786 16539 19348 14671 9162 4837 10240 11539 10027 10015 12181 11234 10720 11562 11287 10344 11785 9265 14228 16956 19260 324 11643 12256 12938 8603 7820 5199 19662 10082 3773 1483 4987 18399 11375 12824 15490 5782 7087 510 18510 14201 15621 18339 16209 12624 13156 16173 18578 1006 13638 4417 8667 13753 10361 11195 17472 0 17950 20043 8827 17150 12151 18714 2475 14807 8487 5526 19387 9538 11095 13602 12888
7928 16557 16362 14786 7957 10388 1742 7473 13468 16398 20402 6994 13345 6175 14448 11661 21877 10411 2519 10178 12555 15816 11179 16784 16739 17624 15266 4771 8725 2331 1420 4976 9057 13721 18174 7687 8865 10053 6853 14562 16648 13108 7770 9793 16172 9242 5769 2723 5850 18253 8231 5703 7475 9360 11399 12810 4400 11019 15279 16881 20904 1850 13501 5671 2972 12593 16272 17443 6966 6120 17101 13498 4083 5472 13715 5861 9416 18236 16410 19824 11261 16902 14929 6874 14834 17950 0 2260 11459 9572 7582 11934 18019 16501 22273 21990 4413 13632 13800 4504 8177
10036 18316 16939 14902 9043 12571 3652 9642 15706 18658 21983 6974 14291 8047 16654 13899 23568 10996 4743 12429 14706 18073 12235 18507 18582 17706 16731 6921 10954 3685 1338 7151 11266 15682 19515 9946 10633 12310 8492 15744 17906 14260 9450 11345 17300 11478 7942 3600 5209 20351 9731 7859 8774 11440 13648 14948 3415 13266 17224 18924 22784 1941 15688 7451 4656 14787 17896 19534 6664 8274 17770 13561 6071 7695 14634 6404 9204 20370 17314 21700 13520 17808 17148 8874 15119 20043 2260 0 13719 9715 9069 11833 19983 17255 23936 23889 3587 15874 15006 6740 9388
5227 11085 18199 19021 11339 3216 10408 4932 2839 4939 15404 14462 14344 7823 4357 1907 15804 14298 9044 1760 4301 4391 12620 11544 10476 21382 12468 7216 3243 11038 12656 6919 3474 7404 15322 3784 7899 1478 8823 13807 14739 13112 8502 9409 15189 2848 6249 11711 15118 9028 9483 6482 10376 5136 1377 4640 14708 1275 8492 8543 13439 12618 3877 8479 10075 3484 11969 8433 15105 6077 18308 18272 8425 6248 14707 12617 16371 8587 16599 12565 395 16950 4304 6759 18369 8827 11459 13719 0 15397 9519 17736 10278 17443 16347 14207 14526 2717 13207 7088 10860
14948 13032 7453 5226 4099 16324 8415 14159 15748 19511 15264 2750 5952 7719 15816 14331 17287 2280 9426 13637 13486 19327 4914 12972 13805 8059 10098 12358 14398 7423 10369 12340 11924 12357 11955 12845 7854 14602 6582 8034 10190 6725 6949 6920 9168 12558 12894 6864 4880 17468 6081 9550 5029 10524 14469 13502 6608 15778 13436 15695 17744 8055 18913 7199 7468 14135 11894 16690 3273 13269 8401 3925 12521 10232 6145 3805 1526 17895 8484 16745 15028 8945 19693 8687 5410 17150 9572 9715 15397 0 5906 2532 15904 8068 17480 18885 6335 18111 7530 10052 4650
9862 9366 9925 9781 1820 10752 5853 9024 9893 13633 12914 5581 6304 2320 10100 8429 14527 4885 5917 7759 7769 13427 4091 9511 9775 12387 7696 7977 8887 5417 8921 7841 6047 7359 10596 7342 2158 8823 992 7102 9105 5720 1048 2282 8744 6701 8154 5500 7119 12475 662 4313 892 4636 8564 7841 7722 9985 8750 10804 13996 7154 13134 2249 4610 8333 8836 11654 6404 8472 10411 8876 8627 5136 6704 4022 7018 12742 9295 12917 9144 9768 13822 2976 9321 12151 7582 9069 9519 5906 0 8218 11483 9666 14881 15132 7424 12236 6330 5404 1378
17473 14132 6395 3235 6401 18799 10877 16681 17890 21673 15708 4948 6350 10174 17825 16566 17829 3646 11936 15977 15521 21542 6188 13991 15021 5917 10907 14887 16881 9866 12617 14871 14265 14041 12177 15325 10004 17011 8981 8524 10456 7507 9236 8842 9272 14917 15426 9264 6707 19023 8288 12045 7376 12751 16745 15499 8531 18181 14946 17236 18705 10315 21326 9687 9974 16232 12815 18282 5171 15801 7449 1892 15028 12744 6387 6294 2639 19527 8119 17771 17359 8510 22040 11098 3853 18714 11934 11833 17736 2532 8218 0 17219 7376 17946 19820 8298 20452 8222 12583 6882
14995 3322 13962 16651 12586 13483 16365 14404 7637 9601 5985 16762 11180 11939 6141 8519 5697 13770 15633 9867 6303 10195 11084 3664 2266 17880 6740 15626 12925 16357 19438 15334 9796 4302 7848 12397 9497 11261 11712 9272 8480 9825 10761 9418 9618 10064 15001 16676 18561 2617 10898 12460 12172 8758 9083 5948 19183 11553 2767 1781 3190 18221 13277 12566 15339 6889 4897 2450 17636 15037 13460 16648 16820 12968 11317 15451 17388 3464 11485 2292 10044 11554 12447 11145 15601 2475 18019 19983 10278 15904 11483 17219 0 12677 6259 4105 18891 11450 9253 13909 11981
19288 9361 1387 4986 8629 19613 14946 18447 16414 19974 9228 10635 3371 11950 15719 15743 11402 6282 15404 15875 13823 20147 5576 9018 10450 5279 6031 17641 17951 14171 17607 17499 14411 11164 5604 16517 10048 17317 10653 3778 4285 4358 10194 8399 3067 15095 17769 13872 12882 15059 9217 13888 9341 12477 16140 13633 14498 18331 11308 13399 13098 15392 21319 11902 13732 14726 7780 14507 11300 18066 874 5772 18269 14728 2970 10852 9317 15779 1207 12387 17051 1325 21454 12315 3886 14807 16501 17255 17443 8068 9666 7376 12677 0 11382 14083 14201 19936 4261 15068 8573
20718 5818 12761 16264 15320 19502 20536 20043 13829 15796 2238 19171 11649 16131 12368 14501 563 15202 20144 15681 12143 16426 12705 5522 6014 16484 7488 20814 18709 20259 23669 20545 15237 9356 5843 17934 13414 17173 15460 9485 7500 10759 14517 12599 8730 15649 20355 20381 21302 8498 14221 17212 15293 13761 15069 11786 22363 17610 7958 8033 3702 22033 19514 16601 19356 12874 6045 8618 20033 20461 11884 16766 21918 17879 11567 18351 18996 9334 10263 4071 16075 10057 18705 15637 15138 8487 22273 23936 16347 17480 14881 17946 6259 11382 0 3929 22051 17693 9950 18719 14821
19056 5899 15462 18666 16002 17423 20307 18485 11455 12704 5213 20115 13499 15850 9916 12524 3489 16643 19648 13927 10383 13429 13972 5915 5357 19348 8913 19729 16977 20227 23410 19437 13901 8298 8542 16495 13286 15276 15485 11362 9845 12323 14521 12935 11118 14163 19106 20491 22063 5419 14508 16504 15732 12820 13080 10032 22848 15479 6731 5697 1150 22078 16901 16440 19234 10913 7019 5832 20994 19139 14727 18931 20919 17040 13526 18978 20406 6142 12889 2216 14005 12801 15856 15124 17554 5526 21990 23889 14207 18885 15132 19820 4105 14083 3929 0 22547 15064 11599 17970 15428
11952 16735 13734 11429 6734 14147 4370 11361 15980 19353 19967 3603 11503 7363 16637 14227 21743 7933 5842 12968 14447 18900 9661 16841 17193 14202 14615 8821 12309 3528 4584 8955 11487 14696 17138 10988 9416 13279 7218 13219 15438 11737 8146 9622 14666 11890 9715 2819 1623 19708 8040 8079 6830 11044 14113 14617 315 14380 16142 18110 21408 2564 17186 6641 4450 14748 16044 18881 3138 10097 14632 10074 8382 8291 11806 3715 5660 19878 14412 20332 14249 14899 18434 8427 11732 19387 4413 3587 14526 6335 7424 8298 18891 14201 22051 22547 0 16998 12535 7546 7234
6385 12879 20752 21700 14055 3693 12763 6435 3947 3384 17036 17126 16918 10508 5329 4194 17135 17004 11338 4477 6300 2550 15267 13358 12115 24019 14694 9067 4931 13478 14721 8798 6190 9385 17397 6029 10586 3725 11535 16238 16987 15644 11218 12062 17542 5556 8039 14180 17684 9660 12194 9057 13093 7809 3837 6577 17161 2630 10191 9669 14460 14950 1838 11148 12562 5379 13958 9253 17746 7771 20806 20973 10172 8717 17271 15275 19072 9024 19040 13718 3094 19366 1589 9459 21025 9538 13632 15874 2717 18111 12236 20452 11450 19936 17693 15064 16998 0 15678 9466 13575
15375 6014 5206 7405 5964 15485 12108 14543 12165 15763 7737 9359 1937 8408 11524 11487 9762 5252 12245 11672 9572 15909 2881 5818 6994 8916 2687 14070 13897 11526 15070 13890 10270 7026 4606 12526 6115 13145 7238 773 2913 820 6561 4527 2419 10943 14054 11423 11573 11377 5744 10204 6325 8322 11893 9392 12850 14128 7403 9629 10488 13067 17082 8540 10854 10472 4609 10733 10195 14316 5133 7426 14853 11038 2068 8842 9048 12016 3407 9572 12816 3794 17194 8541 6380 11095 13800 15006 13207 7530 6330 8222 9253 4261 9950 11599 12535 15678 0 11533 5641
4910 12904 15308 14774 6741 6690 3321 4153 8967 12006 17051 8284 11702 3138 9954 7160 18273 9873 1997 5699 8137 11478 9495 13204 12899 17513 12321 2573 4796 4018 5834 2445 4567 9682 15395 3443 5616 5765 4415 12300 14108 11015 4974 7037 13944 4739 2866 4738 8368 13897 5870 1507 5846 5152 6914 8415 7700 6841 11246 12628 16931 5530 9664 3200 3167 8114 12925 13102 8725 3229 15814 13687 3348 984 12103 6492 10575 13824 14659 15870 6853 15124 10888 3155 14480 13602 4504 6740 7088 10052 5404 12583 13909 15068 18719 17970 7546 9466 11533 0 6601
11187 9558 8719 8410 619 12129 6512 10353 11098 14864 12758 4790 5266 3624 11195 9702 14509 3507 6838 9102 8860 14693 3047 9636 10106 11038 7424 9158 10259 5887 9430 9046 7395 8052 10129 8711 3208 10194 2297 6395 8526 4932 2358 2569 7996 8056 9410 5793 6636 13211 1431 5623 769 5888 9866 8894 7546 11353 9323 11486 14280 7447 14503 3401 5264 9489 8810 12404 5659 9742 9276 7498 9712 6429 5656 3565 5876 13549 8320 13217 10481 8806 15164 4352 7975 12888 8177 9388 10860 4650 1378 6882 11981 8573 14821 15428 7234 13575 5641 6601 0
1 3 9 6
2 4 4 7
3 1 3 0
4 6 8 2
5 4 3 4
6 7 10 5
7 7 7 4
8 6 6 1
9 11 8 1
10 9 5 9
11 5 4 5
12 8 7 3
13 5 11 4
14 6 5 1
15 11 5 2
16 2 3 4
17 6 5 6
18 6 10 1
19 7 3 3
20 9 2 1
21 2 7 3
22 4 8 4
23 4 2 1
24 6 4 2
25 4 6 2
26 3 8 3
27 4 8 4
28 7 5 0
29 15 10 1
30 5 4 5
31 7 1 1
32 9 6 0
33 6 6 4
34 10 5 7
35 9 2 3
36 5 2 2
37 8 6 4
38 11 7 1
39 3 9 2
40 10 5 4
41 5 5 1
42 5 6 0
43 2 10 6
44 7 1 4
45 12 1 4
46 3 6 4
47 9 6 4
48 11 5 2
49 4 9 5
50 8 8 4
51 7 7 1
52 4 8 6
53 6 7 1
54 8 9 4
55 5 5 4
56 7 7 0
57 10 7 4
58 6 4 4
59 8 9 4
60 5 6 3
61 6 8 3
62 7 9 5
63 4 7 4
64 4 4 2
65 8 8 4
66 6 11 4
67 6 9 4
68 6 5 1
69 4 7 1
70 5 6 7
71 4 4 3
72 7 5 1
73 9 3 3
74 5 3 3
75 9 8 5
76 7 5 1
77 5 6 7
78 7 5 0
79 7 5 3
80 7 10 6
81 2 7 2
82 7 1 3
83 6 6 0
84 8 6 5
85 6 6 0
86 10 6 0
87 6 7 1
88 10 8 3
89 12 6 3
90 12 5 1
91 5 6 0
92 7 5 2
93 3 6 4
94 6 4 1
95 7 9 1
96 6 7 5
97 7 6 3
98 8 6 3
99 6 9 6
100 5 10 6
