105 15 3
30 60 700 9.00
0 18 10 1
0 3 7 3
0 1 13 1
0 10 12 1
0 18 15 1
0 13 10 1
0 10 7 2
0 9 7 2
0 11 11 2
0 16 11 3
0 13 3 2
0 10 13 3
0 17 3 1
0 20 14 1
0 16 14 1
0 20 2 1
0 5 15 3
0 15 8 2
0 4 8 3
0 2 4 1
0 6 1 2
0 8 1 2
0 15 4 3
0 6 4 3
0 5 1 1
0 19 15 1
0 10 14 2
0 6 14 1
0 18 9 3
0 6 8 3
0 4 13 1
0 8 2 3
0 25 1 2
0 19 7 1
0 4 11 3
0 10 12 1
0 4 4 2
0 1 5 3
0 4 2 1
0 24 6 3
0 7 2 3
0 6 13 3
0 4 7 1
0 6 10 2
0 7 13 2
0 11 13 2
0 10 12 3
0 13 13 3
0 10 7 3
0 5 7 3
0 18 4 1
0 3 10 3
0 11 15 1
0 12 13 1
0 12 14 1
0 7 7 3
0 3 6 1
0 4 11 2
0 18 11 3
0 3 1 2
0 20 2 1
0 3 8 2
0 13 9 3
1 3 1 1
1 17 10 1
1 5 4 2
1 9 4 2
1 3 15 1
1 14 5 1
1 12 3 1
1 24 3 1
1 10 14 2
1 6 9 1
1 6 12 2
1 6 15 1
1 10 2 3
1 16 1 2
1 3 8 2
1 13 15 3
1 4 12 2
1 9 14 1
1 9 4 3
1 9 2 1
1 24 12 2
1 18 9 2
1 17 2 1
1 23 10 1
1 6 9 3
1 18 10 3
1 23 3 2
1 1 2 2
1 1 11 2
1 10 6 1
1 4 13 2
1 2 15 2
1 1 11 2
1 1 10 2
1 2 10 3
1 17 1 3
1 9 4 1
1 1 15 2
1 3 13 3
1 1 2 1
1 4 9 3
1 19 2 3
0 8612 3602 9060 11964 4898 2191 8696 14117 11681 11874 21283 16428 15736 12602 1328
8612 0 10485 5860 6006 4672 7843 6960 8377 6871 18181 18605 15925 17572 15724 8353
3602 10485 0 8711 12074 7917 2728 7826 13842 11352 8399 19228 13872 12540 9237 2668
9060 5860 8711 0 3444 8181 7111 1409 5167 2674 14388 13302 10078 11884 10505 8020
11964 6006 12074 3444 0 9880 10222 4692 2418 1525 17705 12814 11191 13996 13272 11082
4898 4672 7917 8181 9880 0 5284 8612 12287 10236 16287 21472 17671 18179 15576 5284
2191 7843 2728 7111 10222 5284 0 6604 12251 9775 11013 19094 14267 13777 10790 933
8696 6960 7826 1409 4692 8612 6604 0 6070 3628 13034 12958 9185 10633 9117 7536
14117 8377 13842 5167 2418 12287 12251 6070 0 2495 18616 10841 10203 13625 13522 13146
11681 6871 11352 2674 1525 10236 9775 3628 2495 0 16460 11738 9723 12471 11814 10677
11874 18181 8399 14388 17705 16287 11013 13034 18616 16460 0 19283 13266 9513 6492 11067
21283 18605 19228 13302 12814 21472 19094 12958 10841 11738 19283 0 6024 10146 12794 19997
16428 15925 13872 10078 11191 17671 14267 9185 10203 9723 13266 6024 0 4500 6774 15102
15736 17572 12540 11884 13996 18179 13777 10633 13625 12471 9513 10146 4500 0 3518 14444
12602 15724 9237 10505 13272 15576 10790 9117 13522 11814 6492 12794 6774 3518 0 11358
1328 8353 2668 8020 11082 5284 933 7536 13146 10677 11067 19997 15102 14444 11358 0
1 9 1 2
2 2 7 3
3 3 4 5
4 9 0 0
5 8 8 4
6 5 9 4
7 4 9 3
8 5 7 4
9 5 3 4
10 2 8 0
11 5 5 6
12 10 2 2
13 4 2 0
14 8 12 3
15 6 4 3
