105 15 3
30 60 700 9.00
0 18 12 1
0 16 11 3
0 2 8 1
0 11 14 2
0 18 1 3
0 6 2 2
0 2 13 3
0 11 1 1
0 5 7 2
0 2 8 2
0 19 3 3
0 11 12 2
0 21 5 1
0 23 14 1
0 2 7 2
0 6 7 1
0 6 13 2
0 5 9 3
0 8 3 2
0 1 11 2
0 13 2 2
0 12 12 2
0 12 1 2
0 4 3 2
0 3 5 1
0 24 12 2
0 2 8 2
0 12 1 3
0 12 8 1
0 9 6 2
0 19 11 3
0 4 13 2
0 5 14 3
0 24 11 3
0 5 12 2
0 10 14 1
0 10 10 1
0 7 13 1
0 1 6 2
0 5 5 1
0 4 7 1
0 6 14 2
0 23 9 2
0 3 10 3
0 12 12 1
0 15 4 2
0 4 1 2
0 3 15 2
0 4 7 1
0 2 3 1
0 13 4 2
0 12 9 3
0 21 14 2
0 23 10 2
0 13 7 1
0 8 3 3
0 16 11 1
0 7 12 2
0 6 6 2
0 5 9 2
0 18 2 1
0 3 5 3
0 1 9 2
0 11 10 1
0 25 5 3
0 11 13 3
0 1 8 1
0 5 2 2
0 7 15 2
0 1 10 2
0 13 9 2
0 8 2 2
0 3 9 3
0 23 6 2
0 11 14 1
0 1 11 1
0 1 2 3
0 2 7 1
0 21 15 2
0 8 2 1
0 22 2 1
0 2 14 1
0 22 9 2
0 7 8 1
0 19 2 1
0 6 15 1
0 7 2 1
0 2 12 2
0 4 4 3
0 15 5 3
0 2 4 3
0 15 15 1
0 9 14 3
0 14 5 3
0 8 5 3
0 1 3 2
0 3 13 2
0 4 12 3
0 13 1 3
0 6 6 3
0 3 9 2
0 1 9 1
0 5 3 2
0 1 2 2
0 2 1 1
0 13102 5689 14389 13102 4834 11160 1157 10311 2558 9850 5042 14500 14875 6060 4128
13102 0 14946 7222 5917 17494 4518 12863 17136 10573 4905 11263 1399 11097 16701 17155
5689 14946 0 13292 16925 8703 11428 4635 4655 6223 10380 3683 16250 12154 1965 5776
14389 7222 13292 0 12977 19223 3985 13605 13423 12059 5118 10210 7478 4153 15257 17654
13102 5917 16925 12977 0 16368 9556 13385 20266 11072 9232 13538 6379 16566 18285 17142
4834 17494 8703 19223 16368 0 15949 5689 13136 7281 14633 9559 18881 19541 7909 3229
11160 4518 11428 3985 9556 15949 0 10560 12925 8670 1319 7865 5439 7029 13329 14825
1157 12863 4635 13605 13385 5689 10560 0 9216 2375 9271 3955 14257 13878 5239 4323
10311 17136 4655 13423 20266 13136 12925 9216 0 10427 12240 6857 18274 10902 5296 10006
2558 10573 6223 12059 11072 7281 8670 2375 10427 0 7353 3925 11972 12967 7289 6586
9850 4905 10380 5118 9232 14633 1319 9271 12240 7353 0 6751 6046 7655 12244 13553
5042 11263 3683 10210 13538 9559 7865 3955 6857 3925 6751 0 12569 9990 5496 7511
14500 1399 16250 7478 6379 18881 5439 14257 18274 11972 6046 12569 0 11532 18030 18552
14875 11097 12154 4153 16566 19541 7029 13878 10902 12967 7655 9990 11532 0 14031 17380
6060 16701 1965 15257 18285 7909 13329 5239 5296 7289 12244 5496 18030 14031 0 4728
4128 17155 5776 17654 17142 3229 14825 4323 10006 6586 13553 7511 18552 17380 4728 0
1 12 6 4
2 9 8 4
3 11 5 5
4 12 4 7
5 5 9 6
6 9 8 3
7 11 11 8
8 10 7 3
9 6 5 2
10 5 7 4
11 8 4 0
12 7 4 6
13 10 6 4
14 10 7 6
15 8 4 3
