75 15 3
30 60 700 9.00
0 6 15 3
0 21 15 1
0 1 2 1
0 11 3 2
0 5 8 2
0 24 15 1
0 7 15 2
0 5 15 1
0 2 8 3
0 18 3 3
0 3 9 3
0 16 7 2
0 1 9 3
0 6 10 1
0 4 13 1
0 12 15 3
0 1 6 3
0 5 4 2
0 3 5 1
0 1 11 2
0 3 3 2
0 5 4 1
0 4 12 1
0 5 11 1
0 3 2 3
0 22 10 2
0 6 8 2
0 11 7 1
0 3 14 3
0 2 2 1
0 3 15 3
0 1 2 2
0 7 10 1
0 7 2 3
0 1 4 1
0 3 6 2
0 7 11 1
0 3 13 1
0 13 1 2
0 5 14 3
0 2 6 2
0 2 3 2
0 6 6 3
0 1 14 1
0 8 14 2
0 6 6 2
0 5 3 1
0 18 6 1
0 11 6 2
0 7 14 2
0 18 10 1
0 4 13 2
0 1 6 2
0 22 13 1
0 3 4 3
0 6 3 1
0 13 10 3
0 10 9 2
0 1 15 1
0 14 10 3
0 23 12 3
0 14 10 1
0 18 11 1
0 13 12 2
0 11 11 1
0 14 11 3
0 19 13 2
0 14 4 1
0 2 9 1
0 13 12 2
0 11 5 3
0 2 8 1
0 18 15 1
0 10 11 1
0 5 1 2
0 21806 5330 16971 20330 18805 13706 13811 13287 18556 22950 10601 10053 11218 4866 13817
21806 0 16490 16713 1497 5944 8376 8081 8993 7897 2222 13093 11753 12551 18480 15391
5330 16490 0 14387 15020 13842 8391 8481 8007 13870 17696 6504 4750 6542 3978 10392
16971 16713 14387 0 15610 10778 14737 14026 15208 8888 16027 8378 12825 17581 12158 22562
20330 1497 15020 15610 0 4962 6999 6654 7647 6950 3060 11628 10277 11301 16983 14440
18805 5944 13842 10778 4962 0 7893 7182 8637 1989 5428 8654 9393 12396 14660 16662
13706 8376 8391 14737 6999 7893 0 776 749 9042 9956 7483 3952 4575 11143 8839
13811 8081 8481 14026 6654 7182 776 0 1476 8282 9535 6967 3854 5228 10993 9600
13287 8993 8007 15208 7647 8637 749 1476 0 9758 10633 7709 3812 3831 10960 8127
18556 7897 13870 8888 6950 1989 9042 8282 9758 0 7156 8054 9772 13355 14138 17881
22950 2222 17696 16027 3060 5428 9956 9535 10633 7156 0 13579 12954 14338 19296 17466
10601 13093 6504 8378 11628 8654 7483 6967 7709 8054 13579 0 4577 9345 6084 14297
10053 11753 4750 12825 10277 9393 3952 3854 3812 9772 12954 4577 0 4776 7191 9747
11218 12551 6542 17581 11301 12396 4575 5228 3831 13355 14338 9345 4776 0 10329 4981
4866 18480 3978 12158 16983 14660 11143 10993 10960 14138 19296 6084 7191 10329 0 14370
13817 15391 10392 22562 14440 16662 8839 9600 8127 17881 17466 14297 9747 4981 14370 0
1 6 8 7
2 7 7 1
3 4 10 4
4 7 6 3
5 4 6 5
6 3 4 1
7 6 7 4
8 8 5 3
9 10 6 3
10 5 6 3
11 9 7 4
12 10 4 1
13 4 7 4
14 7 4 5
15 8 7 3
