75 15 3
30 60 700 9.00
0 8 8 2
0 3 8 3
0 3 2 1
0 6 7 1
0 4 12 1
0 14 9 3
0 9 11 1
0 15 7 2
0 3 13 2
0 5 4 1
0 9 8 3
0 5 7 3
0 1 7 3
0 1 5 2
0 21 15 2
0 4 8 3
0 1 3 3
0 4 1 2
0 7 5 3
0 11 7 3
0 6 4 3
0 6 1 2
0 1 3 2
0 21 7 2
0 20 15 3
0 10 15 3
0 2 1 3
0 4 12 1
0 13 5 1
0 5 5 2
0 9 1 3
0 16 6 1
0 2 6 3
0 9 4 1
0 10 1 2
0 4 10 2
0 5 2 1
0 12 15 2
0 1 12 2
0 15 15 2
0 11 12 3
0 15 1 3
0 3 14 1
0 17 7 1
0 17 3 3
1 22 14 1
1 13 11 1
1 4 11 3
1 22 5 1
1 1 2 1
1 7 11 1
1 12 14 2
1 6 2 2
1 4 11 2
1 16 2 2
1 16 9 1
1 6 14 1
1 1 1 3
1 10 9 1
1 15 8 3
1 1 7 2
1 2 14 3
1 6 10 1
1 5 11 1
1 25 2 3
1 6 5 1
1 18 8 1
1 8 14 3
1 3 1 3
1 19 9 1
1 1 11 2
1 9 4 1
1 6 3 3
1 1 15 2
1 9 15 3
0 14325 11719 8160 6420 5403 16632 5357 12127 21558 4383 21991 5156 14698 3953 8546
14325 0 6133 8068 11131 11316 10352 9483 2270 9434 11114 9296 16949 2988 12842 6453
11719 6133 0 3598 6367 11225 15375 8790 4625 15564 10352 15381 12580 8737 12047 3607
8160 8068 3598 0 3095 8494 15261 6077 5905 17163 7408 17203 9202 9887 8959 1923
6420 11131 6367 3095 0 8732 17447 6686 8925 20065 7436 20166 6213 12758 8548 4750
5403 11316 11225 8494 8732 0 11316 2451 9507 16910 1330 17496 10376 10720 1827 7627
16632 10352 15375 15261 17447 11316 0 11651 10839 7783 12252 8825 21262 7406 13060 13373
5357 9483 8790 6077 6686 2451 11651 0 7478 16201 1682 16645 9616 9434 3457 5185
12127 2270 4625 5905 8925 9507 10839 7478 0 11317 9146 11308 14683 4181 10907 4206
21558 9434 15564 17163 20065 16910 7783 16201 11317 0 17405 1153 25295 7308 18732 15331
4383 11114 10352 7408 7436 1330 12252 1682 9146 17405 0 17919 9185 10876 1775 6749
21991 9296 15381 17203 20166 17496 8825 16645 11308 1153 17919 0 25558 7481 19310 15417
5156 16949 12580 9202 6213 10376 21262 9616 14683 25295 9185 25558 0 18080 9089 10516
14698 2988 8737 9887 12758 10720 7406 9434 4181 7308 10876 7481 18080 0 12447 8031
3953 12842 12047 8959 8548 1827 13060 3457 10907 18732 1775 19310 9089 12447 0 8458
8546 6453 3607 1923 4750 7627 13373 5185 4206 15331 6749 15417 10516 8031 8458 0
1 3 6 4
2 5 6 3
3 5 3 3
4 4 8 3
5 3 6 5
6 8 6 2
7 4 3 2
8 4 6 1
9 7 3 4
10 7 3 7
11 4 3 1
12 5 7 2
13 8 9 4
14 1 7 1
15 5 7 2
