900 100 3
30 60 700 9.00
0 1 83 1
0 2 35 1
0 4 16 3
0 6 42 2
0 19 67 1
0 11 19 1
0 13 43 3
0 10 19 3
0 1 71 1
0 5 86 2
0 7 73 3
0 8 98 3
0 11 74 3
0 3 64 1
0 17 19 3
0 1 23 3
0 4 32 2
0 3 92 3
0 4 24 3
0 14 26 2
0 1 54 2
0 2 73 1
0 7 79 1
0 3 55 3
0 3 94 1
0 3 3 2
0 21 17 3
0 6 100 1
0 11 75 1
0 10 78 1
0 2 12 1
0 13 32 3
0 7 42 3
0 18 51 2
0 14 65 2
0 3 92 3
0 14 60 3
0 7 67 3
0 5 13 1
0 10 26 2
0 9 64 3
0 22 86 2
0 15 7 1
0 3 85 1
0 6 69 2
0 11 45 2
0 4 19 2
0 3 31 1
0 18 6 3
0 17 60 3
0 19 46 3
0 9 92 3
0 9 72 1
0 8 41 3
0 12 95 2
0 11 73 2
0 7 87 3
0 6 15 1
0 5 60 1
0 2 84 3
0 1 83 3
0 12 18 1
0 1 9 2
0 1 21 1
0 7 93 3
0 3 11 1
0 7 67 1
0 9 30 1
0 1 31 2
0 4 75 2
0 7 41 3
0 4 59 1
0 1 22 1
0 21 28 3
0 4 92 1
0 4 2 2
0 2 73 2
0 1 26 1
0 17 46 2
0 1 71 1
0 4 95 2
0 8 52 1
0 12 79 2
0 17 16 1
0 5 76 1
0 7 50 3
0 23 12 1
0 3 98 1
0 6 43 3
0 15 19 2
0 3 81 2
0 12 38 1
0 1 92 1
0 1 11 1
0 11 27 3
0 15 24 3
0 12 10 2
0 11 35 3
0 3 59 2
0 6 12 2
0 4 71 3
0 8 38 3
0 18 36 2
0 1 12 1
0 1 10 3
0 8 41 2
0 15 86 3
0 7 56 2
0 1 42 3
0 6 67 3
0 7 52 1
0 6 2 2
0 17 83 1
0 8 20 2
0 7 95 1
0 25 66 2
0 15 62 2
0 11 71 1
0 3 89 1
0 7 80 1
0 16 7 3
0 5 36 2
0 6 2 3
0 2 65 3
0 18 90 1
0 7 10 2
0 2 11 3
0 1 10 3
0 16 83 1
0 20 50 2
0 15 37 2
0 13 57 3
0 1 30 3
0 2 47 1
0 11 69 2
0 2 67 3
0 7 13 1
0 18 28 1
0 16 91 1
0 5 14 3
0 3 84 2
0 3 50 3
0 5 2 1
0 10 27 1
0 10 61 1
0 19 24 2
0 1 82 2
0 5 93 2
0 6 18 2
0 9 75 1
0 12 6 2
0 1 59 2
0 5 27 2
0 1 66 3
0 2 20 2
0 3 27 3
0 5 59 1
0 10 49 1
0 3 78 1
0 14 7 3
0 1 85 3
0 2 94 1
0 6 37 1
0 15 44 2
0 17 39 3
0 5 46 3
0 1 55 3
0 22 71 2
0 3 84 2
0 24 16 1
0 9 6 2
0 8 84 1
0 11 79 3
0 6 48 2
0 6 15 3
0 2 14 1
0 3 69 3
0 2 32 2
0 2 84 2
0 1 81 3
0 23 67 1
0 10 40 1
0 7 26 3
0 2 31 1
0 6 91 1
0 10 89 3
0 6 91 1
0 5 38 3
0 2 48 3
0 13 28 2
0 18 54 2
0 22 28 1
0 21 86 1
0 8 66 1
0 10 85 3
0 6 79 3
0 2 34 1
0 11 50 1
0 2 20 2
0 4 71 1
0 1 71 2
0 4 63 1
0 8 80 2
0 25 11 3
0 15 41 2
0 13 17 2
0 3 9 1
0 3 63 3
0 11 17 1
0 5 93 2
0 5 36 3
0 8 76 3
0 7 2 1
0 9 82 2
0 7 91 3
0 15 82 2
0 24 68 1
0 13 22 1
0 4 42 3
0 4 98 2
0 22 54 2
0 2 85 1
0 5 60 3
0 2 1 1
0 2 14 2
0 20 54 1
0 2 89 3
0 10 100 3
0 12 81 2
0 16 75 1
0 2 61 1
0 8 93 1
0 5 97 3
0 6 63 1
0 10 2 3
0 6 42 2
0 2 25 2
0 2 86 3
0 7 49 2
0 17 33 2
0 9 12 1
0 1 32 1
0 13 58 3
0 12 22 1
0 5 63 1
0 5 46 1
0 13 40 3
0 13 54 3
0 3 58 2
0 10 51 2
0 3 50 2
0 15 58 2
0 16 75 3
0 2 37 3
0 1 74 2
0 3 75 1
0 9 44 1
0 4 68 3
0 16 28 1
0 6 45 3
0 6 78 1
0 18 60 2
0 3 89 1
0 21 66 1
0 8 67 1
0 23 29 1
0 4 76 1
0 1 10 1
0 15 77 2
0 1 60 2
0 25 26 2
0 3 70 1
0 3 11 3
0 7 15 3
0 4 20 3
0 2 44 1
0 6 70 3
0 11 73 2
0 2 79 2
0 12 29 3
0 3 13 2
0 15 55 2
0 2 32 3
0 2 99 2
0 5 75 1
0 11 94 2
0 14 38 1
0 6 61 3
0 12 95 1
0 15 40 2
0 3 53 1
0 6 85 3
0 2 3 3
0 10 40 3
0 8 62 3
0 13 85 1
0 1 93 3
0 10 39 3
0 7 46 1
0 4 96 2
0 1 56 2
0 1 8 1
0 11 70 1
0 16 50 2
0 2 47 3
0 13 78 1
0 7 88 1
0 12 30 1
0 15 68 2
0 5 51 2
0 4 7 2
0 18 30 3
0 11 64 1
0 8 23 2
0 18 23 2
0 7 17 1
0 7 77 2
0 5 70 1
0 6 88 2
0 1 1 1
0 3 39 3
0 1 83 2
0 9 69 3
0 16 21 2
0 10 65 3
0 20 55 2
0 7 13 2
0 3 1 2
0 13 92 2
0 5 86 2
0 2 48 3
0 2 54 2
0 6 10 3
0 9 72 2
0 14 67 1
0 1 27 3
0 1 14 3
0 5 31 2
0 6 56 3
0 6 64 1
0 3 2 3
0 2 30 3
0 1 57 3
0 10 36 1
0 7 77 3
0 4 21 3
0 1 66 1
0 5 74 2
0 16 96 1
0 6 26 1
0 2 42 1
0 25 97 2
0 14 44 1
0 12 54 1
0 4 84 2
0 20 28 1
0 2 71 3
0 2 49 3
0 1 88 3
0 2 36 1
0 1 72 2
0 7 78 1
0 1 91 1
0 24 53 3
0 6 55 1
0 2 86 1
0 12 52 1
0 7 65 2
0 9 29 3
0 20 13 3
0 16 50 3
0 3 32 1
0 5 88 1
0 1 65 3
0 3 34 1
0 11 87 1
0 20 45 1
0 11 47 1
0 11 44 2
0 2 65 1
0 6 39 1
0 7 16 2
0 7 55 1
0 9 30 2
0 8 27 3
0 18 7 3
0 8 78 2
0 7 15 3
0 5 50 1
0 5 62 2
0 3 55 1
0 2 56 2
0 2 56 2
0 9 60 2
0 16 88 3
0 14 58 2
0 1 92 1
0 21 73 1
0 14 67 1
0 14 60 2
0 4 94 2
0 5 47 3
0 16 69 2
0 11 75 2
0 1 16 3
0 8 36 2
0 9 60 2
0 1 34 2
0 1 100 3
0 12 59 3
0 24 15 1
0 2 1 3
0 2 8 2
0 6 75 2
0 3 97 1
0 1 46 1
0 8 93 1
0 6 9 3
0 19 91 3
0 13 44 3
0 15 33 3
0 3 21 3
0 9 16 3
0 1 60 1
0 2 64 2
0 7 82 1
0 18 7 2
0 9 95 2
0 21 78 1
0 5 38 3
0 21 38 2
0 4 60 2
0 24 62 2
0 1 84 1
0 4 96 2
0 6 89 2
0 18 11 2
0 18 63 3
0 3 30 2
0 13 43 2
0 8 85 1
0 1 28 2
0 1 88 1
0 23 55 2
0 5 34 3
0 4 95 2
0 5 25 1
0 8 67 2
0 2 23 3
0 9 79 3
0 12 39 1
0 2 62 2
0 23 97 2
0 16 14 2
0 2 24 2
0 9 80 1
0 12 30 3
0 7 100 3
0 2 1 1
0 20 79 2
0 6 8 1
0 6 51 3
0 6 61 3
0 22 70 1
0 10 39 2
0 8 81 2
0 1 99 1
0 23 10 2
0 24 48 3
0 7 13 3
0 1 5 1
0 17 6 2
0 4 8 2
0 12 35 1
0 9 28 1
0 18 41 2
0 4 25 2
0 8 3 3
0 10 48 2
0 22 64 2
0 5 23 3
0 17 66 3
0 19 23 2
0 7 91 3
0 3 48 2
0 10 8 1
0 18 74 2
0 9 71 1
0 4 55 2
0 24 89 1
0 8 73 1
0 5 96 2
0 2 39 2
0 2 96 2
0 14 83 3
0 23 100 1
0 3 36 1
0 24 93 2
0 4 97 2
0 21 19 1
0 13 41 2
0 8 80 2
0 3 20 3
0 19 80 2
0 23 6 2
0 13 36 2
0 17 11 1
0 13 29 1
0 19 49 3
0 6 86 3
0 3 15 3
0 25 64 2
0 5 35 2
0 6 42 1
0 10 50 3
0 14 47 2
0 8 27 3
0 17 28 3
0 2 68 1
0 3 5 3
0 2 33 2
0 3 4 2
0 11 30 3
0 1 9 3
0 10 7 3
0 3 34 1
0 2 98 1
0 24 10 1
0 23 73 3
0 9 51 2
0 6 86 3
0 1 29 1
0 9 66 1
0 13 91 1
0 2 82 1
0 7 4 3
0 2 88 1
0 2 56 3
0 14 45 2
0 6 64 1
0 4 96 2
0 13 45 1
0 3 54 3
0 2 19 3
0 1 36 3
0 7 26 3
0 16 80 2
0 4 43 3
0 16 23 2
0 1 93 2
0 8 77 2
0 3 70 2
0 16 74 1
0 7 89 1
0 5 93 2
0 6 62 3
0 7 16 2
0 6 38 3
0 5 57 3
0 1 79 2
0 13 26 3
0 1 16 1
0 2 54 1
0 2 29 2
0 12 24 2
0 5 37 3
0 2 8 3
0 12 68 2
0 22 86 2
0 5 86 3
0 15 96 1
0 15 3 3
0 12 5 1
0 4 5 2
0 4 51 2
0 19 48 1
0 7 38 3
0 4 40 3
0 25 86 1
0 1 8 3
0 1 70 1
0 16 43 2
0 3 14 3
0 1 34 1
0 1 65 3
0 9 95 3
0 3 62 1
0 5 77 1
0 18 49 2
0 8 53 2
0 10 69 1
0 2 24 3
0 20 36 1
0 13 99 3
0 2 74 2
0 2 48 2
0 2 54 3
0 2 96 3
0 1 70 2
0 3 68 1
0 7 94 3
0 18 97 2
0 8 79 3
0 11 32 1
0 7 44 3
0 12 21 3
0 2 3 3
0 3 51 3
0 4 20 1
0 13 56 3
0 10 44 1
0 5 83 3
0 3 27 1
0 2 47 1
0 2 90 1
0 2 20 3
0 1 97 3
0 6 47 3
0 3 15 1
0 6 49 2
0 11 46 1
0 2 30 1
0 1 89 3
0 15 7 1
0 12 2 2
0 19 47 1
0 23 42 2
0 6 54 1
0 4 96 1
0 12 70 2
0 17 100 1
0 2 44 1
0 6 92 3
0 4 80 2
0 24 38 1
0 9 80 3
0 12 82 3
0 7 59 1
0 23 19 3
0 3 46 1
0 22 94 2
0 17 60 2
0 11 37 2
0 4 73 2
0 13 5 1
0 19 69 3
0 20 37 1
0 13 56 1
0 3 45 3
0 21 13 1
0 5 77 2
0 19 90 1
0 5 77 2
0 2 39 3
0 8 79 3
0 3 80 1
0 1 27 2
0 1 30 1
0 7 93 1
0 1 51 1
0 2 31 1
0 1 56 2
0 15 42 1
0 4 15 3
0 9 44 3
0 3 17 1
0 10 5 3
0 2 64 2
0 7 77 3
0 23 85 1
0 17 92 1
0 4 84 2
0 11 26 3
0 5 40 2
0 3 97 2
0 1 27 3
0 13 27 1
0 12 54 3
0 5 53 3
0 7 55 1
0 15 8 2
0 2 51 2
0 23 7 1
0 10 87 3
0 1 58 3
0 2 100 3
0 1 90 3
0 8 14 2
0 1 10 1
0 2 11 1
0 9 7 1
0 8 64 3
0 5 82 1
0 14 12 2
0 13 44 1
0 1 15 1
0 5 57 2
0 1 89 2
0 2 81 3
0 5 46 3
0 4 77 1
0 10 28 2
0 5 33 3
0 11 8 1
0 3 81 2
0 12 76 3
0 3 49 1
0 22 42 1
0 14 81 1
0 8 8 1
0 5 61 3
0 13 73 3
0 8 6 1
0 5 85 1
0 2 65 1
0 3 64 3
0 1 93 3
0 8 16 3
0 17 18 3
0 12 95 3
1 18 81 1
1 8 61 3
1 15 77 3
1 17 46 1
1 20 41 1
1 12 83 1
1 8 7 2
1 5 21 2
1 4 91 2
1 6 86 1
1 6 87 2
1 8 30 2
1 24 31 2
1 21 30 1
1 7 41 1
1 8 23 3
1 7 58 2
1 4 90 1
1 6 41 2
1 6 85 3
1 5 41 2
1 21 58 2
1 19 67 2
1 3 63 3
1 5 45 1
1 13 47 2
1 23 45 1
1 6 33 2
1 14 30 3
1 1 64 2
1 13 7 1
1 7 16 1
1 17 79 3
1 3 86 2
1 1 24 1
1 6 91 2
1 3 5 1
1 2 68 2
1 4 60 1
1 1 68 2
1 3 91 1
1 19 30 1
1 17 73 1
1 11 66 2
1 5 1 3
1 6 25 3
1 14 81 2
1 5 89 2
1 14 17 3
1 4 34 2
1 1 32 3
1 4 81 2
1 11 20 2
1 3 61 2
1 7 63 2
1 1 21 1
1 3 99 2
1 1 3 3
1 5 99 1
1 1 98 2
1 1 18 3
1 17 72 3
1 4 43 3
1 4 31 1
1 15 1 1
1 15 34 1
1 11 43 1
1 5 1 3
1 1 66 1
1 1 69 1
1 2 80 2
1 19 56 3
1 1 48 3
1 13 27 2
1 1 84 1
1 11 70 3
1 13 98 1
1 6 75 1
1 6 14 1
1 1 53 1
1 1 12 2
1 16 63 2
1 4 68 3
1 25 33 1
1 4 47 3
1 6 42 3
1 5 79 1
1 13 19 3
1 1 25 1
1 19 62 2
1 18 34 3
1 1 4 1
1 2 51 2
1 7 27 2
1 10 30 1
1 4 31 2
1 12 46 1
1 22 100 1
1 5 69 2
1 2 72 3
1 7 62 2
1 1 17 3
1 12 82 3
1 13 41 1
1 13 66 2
1 4 57 3
1 7 3 1
1 7 50 1
1 5 31 3
1 1 93 3
1 8 62 1
1 15 24 1
1 11 5 1
1 3 24 3
1 2 27 3
1 3 99 3
1 3 35 2
1 22 7 2
1 10 34 2
1 21 63 2
1 15 58 3
1 1 10 2
1 3 97 3
1 15 36 1
1 17 54 1
1 1 15 1
1 6 88 1
1 24 89 2
1 2 50 1
1 9 99 3
1 7 80 2
1 15 32 1
1 10 21 3
1 5 97 3
1 16 39 2
1 14 72 3
1 6 54 2
1 6 91 2
1 4 54 1
1 11 81 1
1 12 91 3
1 7 74 1
1 6 16 3
1 12 88 2
1 4 66 1
1 10 65 1
1 4 88 1
1 5 37 2
1 7 44 1
1 15 47 2
1 7 56 3
1 9 68 2
1 23 95 3
1 3 100 2
1 1 23 1
1 9 36 3
1 8 63 1
1 4 54 1
1 3 97 1
1 4 84 3
1 2 74 3
1 4 53 1
1 2 21 2
1 6 40 3
1 10 66 3
1 17 30 1
1 1 86 2
1 2 40 1
1 8 29 3
1 14 26 1
1 11 46 3
1 11 17 2
1 21 79 1
1 5 15 2
1 1 42 2
1 8 15 3
1 10 26 3
1 20 6 2
1 9 83 3
1 2 46 2
0 13021 6526 4468 6997 12987 13348 5410 3314 8877 5815 5779 7661 6865 7065 5384 4803 9198 12872 3251 8635 10495 8191 8901 5886 7699 6199 10577 3911 12181 9899 13587 10088 13714 6351 4951 11456 3075 9504 9795 13694 8633 11080 10582 2487 4636 13792 3483 8599 4798 6138 8986 12038 11477 8891 9719 8553 3899 10227 11429 7091 2203 9577 2432 6795 7528 7587 5250 10136 3005 5959 7957 16733 2382 12649 10948 10924 6505 9746 2311 7064 4395 6651 11891 7170 2609 8244 9967 6356 10514 9020 4144 1731 10578 16032 16161 8183 8262 12431 3255 3177
13021 0 9029 8560 13453 6144 18260 17267 15695 6890 14991 10838 12133 6168 19865 12902 12412 11402 4513 14488 21307 8430 5400 16636 11423 18825 14260 2608 13437 13834 19594 16454 3158 3573 19353 17878 23252 14358 20229 11656 18755 4419 23357 20349 12359 8501 15365 15068 15361 17584 17266 5967 2938 4585 10043 11528 16076 16630 3604 16147 11849 13890 15049 12618 11913 14784 20463 18086 2891 13427 12679 5228 19375 10753 5926 20696 17446 16936 4645 14202 18683 17374 19648 10779 5854 15321 4889 3985 13366 16902 21269 16194 12209 3059 18045 18255 8284 21190 25086 16262 15925
6526 9029 0 4401 11587 12055 18073 11923 7811 8984 11520 9097 3407 4811 13344 3931 3557 12044 11129 6263 14963 11358 6756 7668 9588 14155 5242 7450 9427 15346 16099 17474 5924 11296 12302 11176 17975 9309 15929 12611 18504 5847 17528 16825 4528 3373 17126 6855 13615 11177 12548 8396 9581 9983 11041 12488 7111 8902 7958 15894 2970 6097 14146 4756 2960 12615 12590 11568 6506 8795 10427 4275 20778 4450 11686 17199 16093 8066 8218 8691 13575 10550 12608 13644 4580 9112 4623 5089 11093 8216 15502 8008 4919 5989 19764 19937 9325 14330 18689 9102 8323
4468 8560 4401 0 7310 9129 13716 9045 7371 5313 7675 4715 7318 2397 11362 6321 5618 7681 8718 6473 12857 7483 3899 10590 5230 10954 7692 6114 5682 10986 12429 13074 5703 9404 10794 9332 15193 6133 12593 8260 14157 4165 15083 13185 4377 1029 12761 6985 9382 9073 9320 5073 7683 7354 6764 8142 10088 8202 5852 11521 6742 5654 9805 4605 6572 8434 11997 9564 5682 5332 6173 3633 16378 2335 8767 13557 11850 9498 5530 5805 10601 8818 11090 9542 2724 6802 3875 5781 6874 11681 12985 8010 3933 6262 15376 15547 5238 12650 16659 7719 7480
6997 13453 11587 7310 0 10136 6551 6055 9827 6735 2510 2787 13948 8523 9412 12089 11415 3479 10924 10221 10212 6571 8189 15883 2186 6319 13104 10920 3203 5512 6234 6597 11657 12249 9966 8477 10650 4669 7211 3878 6956 9633 11269 6968 9189 8289 6941 10364 2092 7830 5247 7549 11127 9748 4233 3881 15514 9854 9857 4482 13345 9187 2639 9233 13097 1331 12372 8282 11166 4127 1165 10168 9744 7553 9935 7299 4542 13395 8857 5378 6675 8436 10137 6497 9029 6629 10227 12279 651 17437 9437 10725 8341 12384 9044 9169 5322 10909 13436 8573 9313
12987 6144 12055 9129 10136 0 13235 15498 16234 4133 12360 8343 15461 7370 18654 15223 14562 7034 1642 15554 19805 3620 5407 19444 8744 16359 16640 5239 11556 8469 16262 11041 7150 2941 18649 17057 20765 12949 17347 7011 13718 6257 21271 16955 13499 9740 9741 16030 11552 16568 15055 4068 3323 2121 5931 6915 18908 16884 4234 11368 14997 14656 10793 13719 14936 11352 20447 17087 6280 11974 9840 7870 13651 11374 371 17252 13101 18627 3842 13156 16542 16726 18902 5220 7499 14536 7563 8388 10340 20236 19318 16973 12979 7693 12277 12489 5174 20132 23329 16062 16165
13348 18260 18073 13716 6551 13235 0 10452 15783 11459 7702 9006 20498 14513 13329 18590 17929 6908 14588 16466 13374 9934 13631 22232 8489 9089 19536 16021 9436 4825 6741 2658 17215 16019 14474 13333 11737 10564 8519 6606 494 15227 13034 6947 15665 14727 4220 16512 4750 12656 9217 12431 15480 13845 8270 6735 21898 15544 14773 2229 19896 15473 3933 15687 19646 5819 17122 12951 16554 10350 7712 16119 3902 14102 13209 6990 2683 19473 13701 11377 9990 13546 14531 8049 15008 12321 16099 18061 7125 23861 12008 16658 14818 17964 4002 3988 10180 14603 15330 14188 15145
5410 17267 11923 9045 6055 15498 10452 0 6119 11540 3555 7155 12862 11254 3358 10386 9934 9479 15914 7380 4309 12185 11939 12967 6774 2388 10799 14673 3979 11357 5038 11703 14678 17057 4099 2888 6162 2928 4206 9921 10642 12895 6091 5587 7748 9589 12503 7161 6281 2218 1255 12060 15603 14575 9952 9915 12779 5511 13962 9193 12327 6686 7641 7614 12020 5518 6703 2503 14509 3840 5824 12671 14297 7579 15230 5922 7769 9716 13182 3299 1653 3180 4212 12520 11678 2956 12890 14825 5561 14795 4003 6860 7105 15282 14017 14083 10330 4856 7913 4215 5352
3314 15695 7811 7371 9827 16234 15783 6119 0 12150 8083 9020 7442 9691 6017 4870 4684 12386 16022 1649 7623 13810 11247 6848 9059 8464 4872 13404 6624 15226 11148 16383 12611 16771 4682 3999 11176 5251 10240 12971 16070 11442 10363 11706 3415 7208 16755 1174 11101 4331 7259 12195 15053 14635 12169 12905 6670 1107 13223 14066 7016 1816 12253 3158 6708 10070 4840 4507 12816 5707 8921 10480 19393 5040 15889 12037 13195 3706 12853 4472 7565 3374 4976 15160 9902 3491 10810 12243 9177 8682 8554 898 3494 12984 18823 18934 11495 6709 11137 1942 785
8877 6890 8984 5313 6735 4133 11459 11540 12150 0 8642 4446 12289 4213 14610 11612 10917 4554 4377 11565 15826 2405 2505 15883 4943 12638 12998 4561 7564 7353 12966 9898 5898 5590 14541 12952 17096 8883 13819 4881 11952 4070 17461 13703 9581 6104 9053 12013 8530 12482 11222 976 4393 3074 3190 4747 15371 12768 3325 9301 11760 10628 8160 9785 11642 8053 16314 13002 5157 7902 6155 5410 13037 7413 3813 14034 10557 14724 2256 9046 12706 12605 14799 4856 4559 10415 5243 6915 6769 16883 15450 12913 8992 6636 11803 12003 1422 16073 19435 11929 12051
5815 14991 11520 7675 2510 12360 7702 3555 8083 8642 0 4223 13350 9440 6911 11188 10579 5972 12980 8806 7711 8891 9596 14595 3699 4009 11995 12392 2095 7846 4772 8464 12801 14232 7543 6115 8456 2873 5240 6387 8001 10843 8914 5534 8259 8508 9097 8821 3046 5447 2761 9323 12944 11715 6584 6388 14290 7900 11478 6041 12760 7843 4305 8235 12480 2088 10031 5868 12450 2854 2522 11033 11341 7129 12127 5903 5156 11772 10566 3693 4223 6159 7696 9002 9925 4645 11169 13218 2079 16280 7004 8962 7436 13486 10867 10960 7302 8404 11019 6556 7460
5779 10838 9097 4715 2787 8343 9006 7155 9020 4446 4223 0 11758 5739 10338 10205 9497 3447 8814 8967 11462 5144 5486 14273 607 8199 11384 8261 3231 6605 8759 8449 8891 10030 10467 8877 12661 4709 9448 4052 9452 6874 13018 9516 7476 5733 8323 9254 4867 8333 6778 5100 8720 7517 3176 3965 13844 9358 7284 6806 11160 7922 5113 7587 10941 4073 12525 8845 8432 3779 1848 7384 11741 5504 8076 9866 7272 12251 6349 5080 8264 8633 10699 6145 6245 6498 7441 9493 2557 15663 11018 9888 6672 9613 10817 10976 3176 11828 15015 8273 8700
7661 12133 3407 7318 13948 15461 20498 12862 7442 12289 13350 11758 0 8178 13446 2575 2928 14959 14524 5812 15061 14626 10141 4570 12164 15232 3041 10788 11300 18255 17555 20205 9144 14638 12113 11360 18511 10730 17054 15549 20896 9249 17786 18227 5180 6336 20016 6279 15848 11563 13741 11755 12945 13390 14082 15434 4019 8516 11356 18399 602 6227 16580 5274 870 14794 11667 11838 9805 10497 12790 7662 23491 6396 15092 18591 18288 6103 11623 9971 14483 10717 12401 16822 7977 9906 8003 8150 13379 4836 15912 7243 5949 9078 22570 22731 12494 14124 18551 9204 8155
6865 6168 4811 2397 8523 7370 14513 11254 9691 4213 9440 5739 8178 0 13717 7875 7234 7881 6676 8661 15185 6613 1974 12076 6337 13013 9297 3727 7620 11084 14202 13443 3430 7184 13186 11712 17351 8326 14562 8382 14983 1770 17333 14965 6515 2549 12855 9206 10606 11431 11400 3585 5432 5391 6684 8249 11539 10563 3614 12284 7681 7928 10744 6763 7598 9785 14374 11928 3303 7446 7499 1645 16710 4664 6999 15331 12991 11491 3551 8091 12752 11207 13481 8998 506 9163 1733 3791 8227 12893 15235 10280 6207 4070 15576 15764 4789 15027 18979 10115 9846
7065 19865 13344 11362 9412 18654 13329 3358 6017 14610 6911 10338 13446 13717 0 10871 10616 12828 18950 7634 1629 15442 14695 12369 10014 4283 10844 17323 7108 14672 7039 14846 17062 20016 1620 2168 5270 5730 5505 13277 13449 15446 4346 7297 8835 11678 15746 7190 9514 2290 4335 15036 18475 17581 13253 13269 12325 4992 16754 12323 12999 7365 10887 8626 12688 8829 4066 1815 17020 6713 9142 14959 17227 9446 18369 7524 10678 8876 16068 5697 3340 2800 1478 15870 14083 4560 15225 17017 8913 14253 2673 6397 8453 17593 17079 17128 13482 1505 5372 4293 5291
5384 12902 3931 6321 12089 15223 18590 10386 4870 11612 11188 10205 2575 7875 10871 0 717 13576 14531 3237 12486 13801 9818 4271 10523 12769 1422 11111 9211 16807 15185 18550 9759 14893 9547 8788 15948 8445 14591 14180 18961 9314 15211 15835 2937 5524 18527 3713 13867 9005 11323 11265 13142 13266 12877 14077 3768 5951 11397 16572 2157 3706 14725 2954 1856 12798 9234 9270 10251 8346 10962 7889 21790 4703 14853 16193 16252 4153 11425 7652 11987 8146 9837 15775 7832 7437 8251 9004 11482 5466 13344 4719 3778 9890 20965 21112 11527 11565 15994 6635 5580
4803 12412 3557 5618 11415 14562 17929 9934 4684 10917 10579 9497 2928 7234 10616 717 0 12862 13903 3036 12240 13094 9162 4974 9822 12307 2085 10544 8578 16097 14663 17856 9258 14300 9358 8496 15615 7876 14129 13466 18305 8715 14938 15326 2322 4842 17820 3576 13216 8665 10827 10586 12545 12624 12160 13363 4478 5787 10784 15897 2413 3312 14053 2378 2102 12149 9247 8961 9713 7729 10282 7332 21102 3993 14192 15687 15615 4539 10779 7097 11554 7852 9655 15059 7213 6979 7694 8562 10814 6180 13029 4666 3145 9429 20267 20416 10816 11390 15816 6337 5343
9198 11402 12044 7681 3479 7034 6908 9479 12386 4554 5972 3447 14959 7881 12828 13576 12862 0 8096 12407 13683 3422 6769 17694 3328 9768 14793 9114 6070 3305 9286 5562 10338 9504 13260 11717 14016 7647 10504 607 7400 8380 14714 9957 10906 8702 5082 12680 4536 11101 8723 5523 8714 7139 1365 521 17255 12634 7875 4749 14371 11360 3793 11024 14175 4486 15538 11581 9655 6855 3747 9413 8834 8877 6898 10242 6163 15689 6804 8197 10153 11586 13454 3042 8352 9580 9347 11239 3918 19041 12911 13267 10111 11086 7741 7921 3288 14331 16902 11461 12008
12872 4513 11129 8718 10924 1642 14588 15914 16022 4377 12980 8814 14524 6676 18950 14531 13903 8096 0 15191 20193 4715 4829 18679 9290 16986 15954 3916 11936 9895 17138 12499 5819 1431 18805 17227 21435 13221 18102 8170 15077 5286 21833 17855 13079 9179 11256 15702 12519 16787 15593 3937 1804 1396 6862 8061 18133 16758 3172 12634 14097 14358 11889 13314 14066 12199 20433 17307 4976 12238 10470 6863 15205 11037 1481 18169 14249 18142 3190 13328 17078 16844 19072 6677 6702 14659 6526 7053 11041 19345 19826 16707 12645 6287 13841 14053 5678 20399 23812 16048 16032
3251 14488 6263 6473 10221 15554 16466 7380 1649 11565 8806 8967 5812 8661 7634 3237 3036 12407 15191 0 9250 13428 10366 5794 9115 9764 3420 12310 7073 15428 12332 16818 11359 15831 6330 5562 12736 5936 11572 13009 16789 10364 11975 12936 2150 6118 17043 598 11724 5815 8426 11486 14087 13826 12011 12928 5515 2751 12260 14615 5373 1051 12769 1899 5064 10662 6327 6052 11641 6142 9205 9261 19935 4180 15197 13282 13961 3286 12002 5113 8921 4923 6624 15011 8807 4513 9606 10890 9576 7527 10123 1758 2576 11675 19265 19390 11088 8358 12786 3421 2344
8635 21307 14963 12857 10212 19805 13374 4309 7623 15826 7711 11462 15061 15185 1629 12486 12240 13683 20193 9250 0 16486 16072 13830 11083 4348 12422 18744 8264 15232 6764 15130 18559 21306 3047 3791 3887 7020 5048 14086 13434 16895 2767 6853 10459 13219 16157 8794 9994 3837 4969 16310 19808 18841 14234 14093 13816 6578 18120 12624 14619 8993 11358 10252 14308 9451 5001 3403 18484 7994 10104 16473 17268 11009 19535 7011 10802 10327 17391 7106 3627 4426 2808 16709 15567 6080 16729 18555 9779 15712 1575 7960 10063 19108 17252 17280 14635 1525 3806 5922 6908
10495 8430 11358 7483 6571 3620 9934 12185 13810 2405 8891 5144 14626 6613 15442 13801 13094 3422 4715 13428 16486 0 4879 18067 5428 12856 15158 6478 8355 5404 12648 8024 8066 6139 15611 14020 17221 9853 13768 3456 10427 6383 17796 13337 11564 8359 6977 13823 7932 13476 11630 3214 5570 3918 2339 3348 17569 14297 5182 7930 14084 12437 7202 11745 13952 7753 17627 13986 7257 8916 6400 7794 10997 9385 3476 13632 9544 16664 4175 10194 13108 13765 15842 2521 6964 11609 7609 9165 6831 19149 15891 14627 10896 8778 9701 9907 2341 16941 19907 13311 13604
8191 5400 6756 3899 8189 5407 13631 11939 11247 2505 9596 5486 10141 1974 14695 9818 9162 6769 4829 10366 16072 4879 0 14037 6083 13430 11236 2796 8056 9776 14238 12266 3586 5531 14350 12811 17866 9064 14831 7186 14117 1614 18017 14997 8250 4369 11506 10883 10185 12447 11882 1696 3849 3487 5451 7050 13503 12033 2063 11423 9650 9551 10073 8485 9570 9512 15778 12961 2991 8108 7333 2915 15460 6229 5037 15350 12426 13322 1642 8998 13313 12365 14632 7359 2185 10225 2738 4481 8038 14867 15939 11905 7831 4334 14254 14451 3487 16081 19815 11426 11308
8901 16636 7668 10590 15883 19444 22232 12967 6848 15883 14595 14273 4570 12076 12369 4271 4974 17694 18679 5794 13830 18067 14037 0 14531 15304 2921 15106 12804 20867 17992 22451 13578 18941 10795 10648 17638 11729 17065 18301 22564 13410 16582 18553 6799 9787 22550 5858 17483 11093 14095 15520 17208 17451 17072 18204 560 7578 15518 20330 4789 6761 18477 6705 4728 16416 9395 11174 14175 11883 14810 11899 25627 8842 19073 18884 19750 3503 15623 10906 14388 10081 11022 20001 11987 10238 12256 12654 15248 1884 15034 6152 7620 13577 24890 25026 15783 12567 16786 8770 7619
5886 11423 9588 5230 2186 8744 8489 6774 9059 4943 3699 607 12164 6337 10014 10523 9822 3328 9290 9115 11083 5428 6083 14531 0 7698 11662 8853 2945 6343 8171 8053 9497 10533 10228 8647 12153 4488 8899 3917 8927 7480 12555 8927 7734 6238 8021 9368 4272 8078 6321 5641 9261 8016 3305 3847 14116 9326 7858 6307 11564 8065 4575 7828 11336 3467 12368 8582 9036 3610 1257 7983 11329 5843 8491 9276 6691 12388 6907 4944 7809 8443 10449 6188 6843 6353 8043 10097 1955 15965 10578 9939 6912 10220 10449 10601 3618 11513 14586 8188 8690
7699 18825 14155 10954 6319 16359 9089 2388 8464 12638 4009 8199 15232 13013 4283 12769 12307 9768 16986 9764 4348 12856 13430 15304 7698 0 13184 16218 5409 10973 2852 10782 16436 18227 5610 4871 4463 4894 1822 10097 9187 14554 4951 3286 10094 11608 11826 9530 5730 4295 1637 13289 16902 15712 10529 10123 15134 7776 15377 8278 14691 9072 7073 9971 14385 5336 8253 4377 16176 5622 6529 14521 12991 9743 16131 3595 6476 11994 14504 5464 1002 5322 5605 12720 13469 5333 14706 16704 6028 17145 3216 9167 9418 17081 12920 12955 11309 5514 7145 6535 7687
6199 14260 5242 7692 13104 16640 19536 10799 4872 12998 11995 11384 3041 9297 10844 1422 2085 14793 15954 3420 12422 15158 11236 2921 11662 13184 0 12517 10104 17986 15732 19635 11129 16308 9403 8870 16044 9171 14992 15399 19889 10732 15182 16346 3935 6926 19683 3715 14791 9186 11830 12670 14558 14688 14153 15301 2463 5852 12818 17576 2879 4207 15723 3872 2656 13720 8699 9379 11644 9204 12005 9294 22842 5927 16270 16694 17122 3078 12846 8354 12338 8246 9675 17080 9254 7911 9656 10331 12480 4333 13419 4466 4775 11230 22065 22206 12866 11363 15763 6782 5646
10577 2608 7450 6114 10920 5239 16021 14673 13404 4561 12392 8261 10788 3727 17323 11111 10544 9114 3916 12310 18744 6478 2796 15106 8853 16218 12517 0 10830 11811 17019 14399 1915 3850 16869 15369 20645 11772 17627 9435 16513 1962 20761 17777 10161 6208 13444 12871 12870 15051 14659 3591 2186 3178 7751 9303 14551 14288 1296 13857 10406 11625 12645 10415 10410 12249 18101 15558 1060 10833 10107 3223 17460 8387 4914 18127 15030 14981 2342 11642 16079 14885 17160 8967 3508 12797 2862 3154 10803 15625 18676 13966 9912 2473 16177 16382 5884 18671 22512 13831 13572
3911 13437 9427 5682 3203 11556 9436 3979 6624 7564 2095 3231 11300 7620 7108 9211 8578 6070 11936 7073 8264 8355 8056 12804 2945 5409 10104 10830 0 8647 6763 9780 11035 13081 7284 5707 9815 1578 6949 6608 9784 9146 9988 7513 6274 6465 10137 7182 4687 5133 3829 8085 11647 10596 6243 6566 12463 6684 10044 7542 10705 6057 5697 6275 10431 3617 9474 5638 10767 933 2369 9160 12864 5036 11280 7887 7041 10206 9228 2192 5260 5529 7504 9054 8085 3523 9328 11350 2553 14425 7934 7522 5435 11690 12225 12344 6382 8598 11888 5441 6121
12181 13834 15346 10986 5512 8469 4825 11357 15226 7353 7846 6605 18255 11084 14672 16807 16097 3305 9895 15428 15232 5404 9776 20867 6343 10973 17986 11811 8647 0 9616 2623 13251 11318 15389 13945 14728 10165 11184 2737 5294 11384 15715 10127 14069 12007 1782 15647 5246 13284 10351 8315 10957 9295 4400 2862 20445 15331 10521 3347 17664 14378 3906 14168 17464 5844 17855 13713 12497 9536 6306 12555 5687 12104 8473 10320 5459 18681 9472 10839 11605 13935 15538 3251 11536 12130 12453 14248 6137 22268 14185 16121 13252 13988 4495 4686 6333 16132 18007 14070 14762
9899 19594 16099 12429 6234 16262 6741 5038 11148 12966 4772 8759 17555 14202 7039 15185 14663 9286 17138 12332 6764 12648 14238 17992 8171 2852 15732 17019 6763 9616 0 8829 17539 18477 8442 7710 5153 6858 1780 9455 6742 15558 6326 764 12375 13228 10096 12159 4764 7111 3907 13757 17353 15981 10335 9517 17789 10540 16023 6484 16989 11547 5841 12288 16692 4939 11068 7223 17150 7305 6915 15803 10589 11651 16088 1131 4395 14752 15052 7588 3854 8132 8419 11955 14691 7822 15933 17985 6235 19808 5314 11898 11625 18234 10717 10719 11556 8119 8636 9253 10386
13587 16454 17474 13074 6597 11041 2658 11703 16383 9898 8464 8449 20205 13443 14846 18550 17856 5562 12499 16818 15130 8024 12266 22451 8053 10782 19635 14399 9780 2623 8829 0 15787 13917 15801 14496 13961 11151 10558 5088 3037 13879 15145 9175 15701 14103 1568 16957 5454 13815 10548 10869 13580 11918 6821 5223 22067 16320 13113 2523 19606 15782 4163 15766 19383 6383 18389 14181 15054 10711 7642 14970 3304 13892 11063 9282 4437 19985 12057 11911 11576 14600 15903 5828 13914 13058 14894 16747 7244 23961 13890 17278 14860 16530 2447 2575 8785 16223 17459 14995 15828
10088 3158 5924 5703 11657 7150 17215 14678 12611 5898 12801 8891 9144 3430 17062 9759 9258 10338 5819 11359 18559 8066 3586 13578 9497 16436 11129 1915 11035 13251 17539 15787 0 5603 16438 15012 20781 11751 17965 10730 17701 2028 20751 18302 9244 5478 14943 11943 13695 14772 14827 4939 4052 5070 9002 10595 13019 13575 3035 15009 8812 10798 13645 9503 8851 12962 17412 15259 875 10875 10718 2143 18935 7755 6820 18664 15983 13778 3912 11489 16182 14478 16738 10586 3003 12502 1843 1239 11440 13964 18652 13078 9144 749 17691 17892 7049 18331 22361 13290 12881
13714 3573 11296 9404 12249 2941 16019 17057 16771 5590 14232 10030 14638 7184 20016 14893 14300 9504 1431 15831 21306 6139 5531 18941 10533 18227 16308 3850 13081 11318 18477 13917 5603 0 19789 18226 22685 14300 19395 9592 16508 5585 23032 19201 13691 9732 12655 16365 13894 17816 16797 4998 1758 2517 8249 9481 18387 17564 3573 14063 14256 15054 13296 13936 14255 13539 21300 18336 4851 13319 11738 7042 16585 11740 2861 19520 15663 18661 3983 14349 18276 17813 20063 8090 7111 15643 6684 6780 12334 19474 21004 17411 13330 5920 15214 15426 6953 21445 24969 16935 16838
6351 19353 12302 10794 9966 18649 14474 4099 4682 14541 7543 10467 12113 13186 1620 9547 9358 13260 18805 6330 3047 15611 14350 10795 10228 5610 9403 16869 7284 15389 8442 15801 16438 19789 0 1594 6854 5758 7008 13753 14632 14946 5813 8767 7775 10977 16588 5835 10377 2160 5279 14868 18182 17417 13526 13730 10772 3597 16411 13289 11697 6219 11731 7546 11390 9578 2658 1685 16475 6704 9515 14306 18348 8702 18345 9018 11796 7295 15809 5495 4616 1986 307 16287 13511 4147 14595 16285 9406 12678 4284 4937 7517 16921 18106 18169 13520 2038 6458 3224 4027
4951 17878 11176 9332 8477 17057 13333 2888 3999 12952 6115 8877 11360 11712 2168 8788 8496 11717 17227 5562 3791 14020 12811 10648 8647 4871 8870 15369 5707 13945 7710 14496 15012 18226 1594 0 7180 4169 6514 12221 13529 13461 6443 8150 6669 9585 15207 5166 9044 682 4139 13291 16633 15841 11949 12194 10543 3082 14874 12005 10894 5218 10376 6462 10583 8185 3915 527 15011 5111 7969 12892 17165 7331 16754 8445 10651 7230 14250 3906 3884 645 1847 14734 12056 2587 13170 14918 7898 12521 4562 4520 6289 15520 16844 16918 11926 3320 7528 2159 3234
11456 23252 17975 15193 10650 20765 11737 6162 11176 17096 8456 12661 18511 17351 5270 15948 15615 14016 21435 12736 3887 17221 17866 17638 12153 4463 16044 20645 9815 14728 5153 13961 20781 22685 6854 7180 0 9060 3560 14280 11660 18942 1587 4800 13615 15751 15248 12345 9665 6951 5986 17752 21364 20169 14883 14323 17593 10208 19829 11637 18026 12305 10878 13441 17714 9530 8860 6684 20563 9906 10967 18808 15459 13713 20548 4750 9539 14143 18964 9457 4600 7815 6648 16865 17791 8864 19015 20973 10427 19522 2626 11634 13076 21403 15738 15721 15756 5352 3665 9317 10414
3075 14358 9309 6133 4669 12949 10564 2928 5251 8883 2873 4709 10730 8326 5730 8445 7876 7647 13221 5936 7020 9853 9064 11729 4488 4894 9171 11772 1578 10165 6858 11151 11751 14300 5758 4169 9060 0 6632 8183 10871 9974 9012 7560 5561 6729 11605 5950 5854 3631 3263 9311 12788 11854 7793 8143 11433 5190 11105 8815 10155 4989 7007 5501 9862 4819 7899 4146 11586 983 3933 9751 14142 4868 12657 7930 8028 8917 10372 823 4470 3958 5991 10628 8750 1966 9965 11913 4031 13430 6917 6141 4783 12356 13585 13693 7790 7190 10751 3905 4677
9504 20229 15929 12593 7211 17347 8519 4206 10240 13819 5240 9448 17054 14562 5505 14591 14129 10504 18102 11572 5048 13768 14831 17065 8899 1822 14992 17627 6949 11184 1780 10558 17965 19395 7008 6514 3560 6632 0 10745 8521 16039 4590 1815 11912 13295 11778 11324 6107 5992 3382 14540 18160 16881 11430 10793 16909 9506 16717 8160 16512 10892 7321 11791 16206 6027 9570 5997 17655 7285 7666 16109 12369 11499 17146 2020 6122 13714 15797 7246 2677 7018 6944 13317 15032 7155 16275 18298 7063 18916 3556 10915 11228 18630 12489 12494 12442 6458 6904 8302 9459
9795 11656 12611 8260 3878 7011 6606 9921 12971 4881 6387 4052 15549 8382 13277 14180 13466 607 8170 13009 14086 3456 7186 18301 3917 10097 15399 9435 6608 2737 9455 5088 10730 9592 13753 12221 14280 8183 10745 0 7100 8799 15030 10103 11514 9278 4519 13278 4691 11598 9119 5856 8905 7295 1735 135 17862 13203 8175 4512 14962 11961 3790 11631 14768 4772 16062 12071 10023 7412 4261 9888 8331 9483 6905 10374 6096 16289 7105 8753 10527 12108 13941 2629 8844 10126 9807 11666 4367 19646 13267 13854 10718 11476 7205 7390 3700 14777 17241 12019 12584
13694 18755 18504 14157 6956 13718 494 10642 16070 11952 8001 9452 20896 14983 13449 18961 18305 7400 15077 16789 13434 10427 14117 22564 8927 9187 19889 16513 9784 5294 6742 3037 17701 16508 14632 13529 11660 10871 8521 7100 0 15711 12993 6894 16032 15165 4606 16822 5099 12854 9398 12923 15974 14338 8762 7229 22239 15804 15266 2703 20294 15804 4358 16048 20041 6170 17285 13134 17043 10692 8120 16593 3848 14501 13695 6910 2897 19768 14194 11688 10109 13762 14680 8526 15480 12597 16576 18542 7517 24208 12039 16940 15185 18450 4118 4080 10669 14695 15277 14446 15421
8633 4419 5847 4165 9633 6257 15227 12895 11442 4070 10843 6874 9249 1770 15446 9314 8715 8380 5286 10364 16895 6383 1614 13410 7480 14554 10732 1962 9146 11384 15558 13879 2028 5585 14946 13461 18942 9974 16039 8799 15711 0 18985 16321 8214 4253 13107 10921 11668 13165 12964 3171 3830 4155 7065 8664 12860 12327 2114 13014 8813 9666 11624 8467 8780 10942 16142 13667 1622 9062 8708 1614 17069 6426 5893 16680 13957 13094 2495 9790 14352 12964 15240 8892 1558 10902 1321 2868 9428 14062 16892 12010 7951 2767 15856 16054 5100 16772 20679 11884 11611
11080 23357 17528 15083 11269 21271 13034 6091 10363 17461 8914 13018 17786 17333 4346 15211 14938 14714 21833 11975 2767 17796 18017 16582 12555 4951 15182 20761 9988 15715 6326 15145 20751 23032 5813 6443 1587 9012 4590 15030 12993 18985 0 6099 13070 15550 16365 11536 10537 6356 6240 18051 21632 20527 15473 15060 16577 9332 20026 12749 17331 11659 11820 12875 17020 10258 7543 5996 20598 9930 11432 18717 16821 13414 21033 6109 10708 13079 19215 9280 4756 7088 5568 17647 17748 8473 18948 20849 10965 18461 2099 10724 12609 21340 17027 17022 16172 4069 2314 8601 9631
10582 20349 16825 13185 6968 16955 6947 5587 11706 13703 5534 9516 18227 14965 7297 15835 15326 9957 17855 12936 6853 13337 14997 18553 8927 3286 16346 17777 7513 10127 764 9175 18302 19201 8767 8150 4800 7560 1815 10103 6894 16321 6099 0 13049 13977 10502 12741 5423 7580 4520 14502 18093 16710 11034 10170 18365 11054 16775 6917 17666 12177 6429 12955 17366 5662 11357 7648 17912 8037 7671 16566 10724 12376 16788 375 4783 15272 15799 8273 4266 8608 8719 12569 15454 8438 16696 18748 6986 20381 5337 12432 12311 18997 10947 10935 12290 8272 8386 9791 10936
2487 12359 4528 4377 9189 13499 15665 7748 3415 9581 8259 7476 5180 6515 8835 2937 2322 10906 13079 2150 10459 11564 8250 6799 7734 10094 3935 10161 6274 14069 12375 15701 9244 13691 7775 6669 13615 5561 11912 11514 16032 8214 13070 13049 0 3969 15755 2714 10935 6717 8574 9434 11944 11724 10347 11419 6382 4457 10119 13668 4617 1612 11817 260 4317 9865 8254 7081 9502 5413 8078 7131 18916 2181 13138 13414 13315 5144 9890 4792 9390 6036 8082 13318 6657 4812 7472 8833 8572 8260 11081 3836 848 9589 18130 18272 9230 9803 14166 4574 3830
4636 8501 3373 1029 8289 9740 14727 9589 7208 6104 8508 5733 6336 2549 11678 5524 4842 8702 9179 6118 13219 8359 4369 9787 6238 11608 6926 6208 6465 12007 13228 14103 5478 9732 10977 9585 15751 6729 13295 9278 15165 4253 15550 13977 3969 0 13783 6669 10349 9394 9971 5744 7981 7855 7760 9158 9271 8129 6160 12537 5769 5419 10809 4219 5615 9382 11962 9864 5615 6010 7142 3336 17407 2279 9372 14351 12823 8963 6007 6298 11187 9031 11279 10492 2700 7139 3642 5339 7832 10792 13459 7758 3715 5944 16404 16575 6168 12898 17024 7814 7424
13792 15365 17126 12761 6941 9741 4220 12503 16755 9053 9097 8323 20016 12855 15746 18527 17820 5082 11256 17043 16157 6977 11506 22550 8021 11826 19683 13444 10137 1782 10096 1568 14943 12655 16588 15207 15248 11605 11778 4519 4606 13107 16365 10502 15755 13783 0 17234 6234 14533 11413 10004 12452 10789 6172 4644 22137 16794 12148 3617 19424 15995 4864 15845 19220 7021 19121 14934 14171 11049 7853 14310 4019 13827 9794 10638 5720 20272 11116 12319 12554 15251 16714 4601 13303 13556 14201 15965 7588 23980 14996 17653 14930 15674 2750 2950 8089 17167 18676 15502 16254
3483 15068 6855 6985 10364 16030 16512 7161 1174 12013 8821 9254 6279 9206 7190 3713 3576 12680 15702 598 8794 13823 10883 5858 9368 9530 3715 12871 7182 15647 12159 16957 11943 16365 5835 5166 12345 5950 11324 13278 16822 10921 11536 12741 2714 6669 17234 0 11786 5472 8254 11965 14626 14331 12339 13201 5631 2238 12796 14710 5867 1388 12873 2457 5561 10733 5736 5670 12215 6249 9382 9840 20038 4669 15676 13080 13971 3038 12514 5136 8656 4536 6124 15341 9365 4380 10182 11484 9714 7650 9724 1160 3059 12265 19404 19524 11486 7852 12281 3068 1934
8599 15361 13615 9382 2092 11552 4750 6281 11101 8530 3046 4867 15848 10606 9514 13867 13216 4536 12519 11724 9994 7932 10185 17483 4272 5730 14791 12870 4687 5246 4764 5454 13695 13894 10377 9044 9665 5854 6107 4691 5099 11668 10537 5423 10935 10349 6234 11786 0 8364 5180 9405 12906 11439 5660 4753 17149 10945 11757 2997 15247 10726 1373 10949 14987 1071 12945 8740 13173 5601 3210 12251 8299 9465 11397 5707 2477 14771 10727 6656 6369 9149 10493 7219 11112 7688 12302 14349 2523 19112 8945 11987 10089 14429 7832 7921 7109 10945 12808 9602 10496
4798 17584 11177 9073 7830 16568 12656 2218 4331 12482 5447 8333 11563 11431 2290 9005 8665 11101 16787 5815 3837 13476 12447 11093 8078 4295 9186 15051 5133 13284 7111 13815 14772 17816 2160 682 6951 3631 5992 11598 12854 13165 6356 7580 6717 9394 14533 5472 8364 0 3473 12857 16249 15407 11372 11573 10961 3518 14509 11324 11076 5356 9698 6528 10764 7512 4588 521 14734 4596 7356 12669 16485 7174 16272 7886 9974 7723 13852 3467 3328 1029 2371 14127 11794 2270 12935 14733 7259 12956 4373 4941 6260 15303 16162 16236 11418 3634 7635 2404 3548
6138 17266 12548 9320 5247 15055 9217 1255 7259 11222 2761 6778 13741 11400 4335 11323 10827 8723 15593 8426 4969 11630 11882 14095 6321 1637 11830 14659 3829 10351 3907 10548 14827 16797 5279 4139 5986 3263 3382 9119 9398 12964 6240 4520 8574 9971 11413 8254 5180 3473 0 11826 15422 14290 9337 9127 13885 6716 13855 8029 13187 7657 6552 8467 12885 4519 7912 3736 14586 3989 5233 12896 13076 8122 14808 4873 6534 10901 13011 3865 1488 4431 5363 11743 11851 3920 13086 15076 4840 15904 4265 8033 7867 15465 12831 12892 9936 5781 8281 5394 6508
8986 5967 8396 5073 7549 4068 12431 12060 12195 976 9323 5100 11755 3585 15036 11265 10586 5523 3937 11486 16310 3214 1696 15520 5641 13289 12670 3591 8085 8315 13757 10869 4939 4998 14868 13291 17752 9311 14540 5856 12923 3171 18051 14502 9434 5744 10004 11965 9405 12857 11826 0 3621 2551 4160 5723 14995 12883 2375 10266 11247 10594 9091 9652 11151 8877 16518 13377 4185 8329 6883 4601 13997 7306 3712 14840 11484 14568 1322 9394 13299 12907 15136 5721 3860 10722 4401 5984 7530 16431 16014 12919 8912 5673 12752 12953 2319 16476 19972 12130 12159
12038 2938 9581 7683 11127 3323 15480 15603 15053 4393 12944 8720 12945 5432 18475 13142 12545 8714 1804 14087 19808 5570 3849 17208 9261 16902 14558 2186 11647 10957 17353 13580 4052 1758 18182 16633 21364 12788 18160 8905 15974 3830 21632 18093 11944 7981 12452 14626 12906 16249 15422 3621 0 1664 7382 8782 16656 15866 1831 13417 12547 13324 12453 12191 12538 12445 19624 16766 3234 11815 10500 5312 16456 10016 3058 18425 14849 16903 2421 12786 16888 16200 18462 7857 5353 14047 4959 5276 11138 17780 19580 15680 11599 4490 15118 15329 5813 19883 23512 15275 15141
11477 4585 9983 7354 9748 2121 13845 14575 14635 3074 11715 7517 13390 5391 17581 13266 12624 7139 1396 13826 18841 3918 3487 17451 8016 15712 14688 3178 10596 9295 15981 11918 5070 2517 17417 15841 20169 11854 16881 7295 14338 4155 20527 16710 11724 7855 10789 14331 11439 15407 14290 2551 1664 0 5835 7175 16910 15364 2114 11804 12939 12981 10910 11956 12890 11048 19036 15928 4195 10871 9222 5766 14795 9663 1770 17033 13297 16808 1849 11945 15771 15453 17686 6196 5467 13270 5452 6301 9821 18186 18507 15327 11273 5651 13460 13671 4440 19025 22482 14651 14639
8891 10043 11041 6764 4233 5931 8270 9952 12169 3190 6584 3176 14082 6684 13253 12877 12160 1365 6862 12011 14234 2339 5451 17072 3305 10529 14153 7751 6243 4400 10335 6821 9002 8249 13526 11949 14883 7793 11430 1735 8762 7065 15473 11034 10347 7760 6172 12339 5660 11372 9337 4160 7382 5835 0 1600 16610 12532 6510 6114 13505 10979 5077 10491 13328 5422 15667 11872 8305 6906 4131 8166 10049 8232 5754 11338 7468 15294 5439 8230 10807 11747 13743 3002 7137 9645 8078 9931 4512 18329 13588 13026 9594 9748 8893 9083 1965 14757 17602 11446 11870
9719 11528 12488 8142 3881 6915 6735 9915 12905 4747 6388 3965 15434 8249 13269 14077 13363 521 8061 12928 14093 3348 7050 18204 3847 10123 15301 9303 6566 2862 9517 5223 10595 9481 13730 12194 14323 8143 10793 135 7229 8664 15060 10170 11419 9158 4644 13201 4753 11573 9127 5723 8782 7175 1600 0 17763 13146 8044 4634 14847 11880 3880 11539 14655 4806 16027 12049 9889 7361 4228 9754 8464 9382 6805 10444 6198 16209 6973 8703 10542 12074 13920 2616 8711 10081 9673 11531 4357 19543 13286 13786 10626 11341 7335 7520 3565 14770 17266 11969 12523
8553 16076 7111 10088 15514 18908 21898 12779 6670 15371 14290 13844 4019 11539 12325 3768 4478 17255 18133 5515 13816 17569 13503 560 14116 15134 2463 14551 12463 20445 17789 22067 13019 18387 10772 10543 17593 11433 16909 17862 22239 12860 16577 18365 6382 9271 22137 5631 17149 10961 13885 14995 16656 16910 16610 17763 0 7462 14970 19973 4230 6447 18119 6302 4168 16079 9499 11067 13617 11548 14428 11346 25258 8388 18537 18701 19440 3529 15084 10610 14232 9960 11010 19528 11444 10001 11702 12095 14883 2019 14979 6025 7214 13018 24501 24640 15294 12590 16858 8607 7450
3899 16630 8902 8202 9854 16884 15544 5511 1107 12768 7900 9358 8516 10563 4992 5951 5787 12634 16758 2751 6578 14297 12033 7578 9326 7776 5852 14288 6684 15331 10540 16320 13575 17564 3597 3082 10208 5190 9506 13203 15804 12327 9332 11054 4457 8129 16794 2238 10945 3518 6716 12883 15866 15364 12532 13146 7462 0 14041 13937 8104 2845 12162 4205 7797 9950 3837 3606 13743 5811 9041 11436 19240 5901 16547 11371 12910 4218 13614 4492 6834 2503 3886 15496 10803 3263 11758 13253 9212 9446 7582 1439 4432 13973 18745 18845 12016 5615 10044 1359 726
10227 3604 7958 5852 9857 4234 14773 13962 13223 3325 11478 7284 11356 3614 16754 11397 10784 7875 3172 12260 18120 5182 2063 15518 7858 15377 12818 1296 10044 10521 16023 13113 3035 3573 16411 14874 19829 11105 16717 8175 15266 2114 20026 16775 10119 6160 12148 12796 11757 14509 13855 2375 1831 2114 6510 8044 14970 14041 0 12624 10926 11492 11465 10364 10895 11188 17808 15023 2168 10142 9113 3698 16165 8185 3883 17119 13858 15101 1072 11057 15303 14426 16694 7674 3571 12287 3369 4243 9789 16174 17957 13849 9768 3684 14880 15086 4693 18143 21852 13470 13317
11429 16147 15894 11521 4482 11368 2229 9193 14066 9301 6041 6806 18399 12284 12323 16572 15897 4749 12634 14615 12624 7930 11423 20330 6307 8278 17576 13857 7542 3347 6484 2523 15009 14063 13289 12005 11637 8815 8160 4512 2703 13014 12749 6917 13668 12537 3617 14710 2997 11324 8029 10266 13417 11804 6114 4634 19973 13937 12624 0 17796 13597 1854 13708 17554 3997 15888 11679 14362 8473 5620 13891 5330 12011 11307 7075 2151 17715 11553 9602 9058 12132 13387 6317 12779 10677 13873 15841 5097 21909 11414 14956 12820 15758 4843 4926 7992 13703 15061 12597 13477
7091 11849 2970 6742 13345 14997 19896 12327 7016 11760 12760 11160 602 7681 12999 2157 2413 14371 14097 5373 14619 14084 9650 4789 11564 14691 2879 10406 10705 17664 16989 19606 8812 14256 11697 10894 18026 10155 16512 14962 20294 8813 17331 17666 4617 5769 19424 5867 15247 11076 13187 11247 12547 12939 13505 14847 4230 8104 10926 17796 0 5725 15977 4722 312 14194 11359 11365 9442 9908 12188 7245 22891 5794 14627 18030 17689 5956 11155 9402 13954 10250 11989 16261 7501 9373 7592 7866 12777 5249 15436 6873 5372 8790 21973 22134 11934 13718 18148 8735 7711
2203 13890 6097 5654 9187 14656 15473 6686 1816 10628 7843 7922 6227 7928 7365 3706 3312 11360 14358 1051 8993 12437 9551 6761 8065 9072 4207 11625 6057 14378 11547 15782 10798 15054 6219 5218 12305 4989 10892 11961 15804 9666 11659 12177 1612 5419 15995 1388 10726 5356 7657 10594 13324 12981 10979 11880 6447 2845 11492 13597 5725 0 11748 1362 5414 9660 6650 5667 11016 5130 8161 8670 18912 3322 14304 12530 12994 4329 11175 4167 8281 4575 6524 13980 8119 3747 9003 10428 8544 8442 9725 2357 1725 11168 18228 18356 10100 8255 12648 3071 2228
9577 15049 14146 9805 2639 10793 3933 7641 12253 8160 4305 5113 16580 10744 10887 14725 14053 3793 11889 12769 11358 7202 10073 18477 4575 7073 15723 12645 5697 3906 5841 4163 13645 13296 11731 10376 10878 7007 7321 3790 4358 11624 11820 6429 11817 10809 4864 12873 1373 9698 6552 9091 12453 10910 5077 3880 18119 12162 11465 1854 15977 11748 0 11855 15731 2221 14284 10085 13054 6629 3790 12376 7167 10186 10674 6671 2398 15886 10407 7782 7736 10455 11853 6148 11247 8899 12387 14398 3245 20056 10282 13145 10969 14389 6583 6687 6773 12319 14106 10833 11680
2432 12618 4756 4605 9233 13719 15687 7614 3158 9785 8235 7587 5274 6763 8626 2954 2378 11024 13314 1899 10252 11745 8485 6705 7828 9971 3872 10415 6275 14168 12288 15766 9503 13936 7546 6462 13441 5501 11791 11631 16048 8467 12875 12955 260 4219 15845 2457 10949 6528 8467 9652 12191 11956 10491 11539 6302 4205 10364 13708 4722 1362 11855 0 4419 9878 7997 6882 9760 5398 8133 7390 18970 2374 13359 13318 13314 4940 10124 4719 9251 5826 7852 13469 6910 4668 7731 9092 8611 8205 10897 3576 916 9849 18199 18339 9408 9576 13948 4354 3585
6795 11913 2960 6572 13097 14936 19646 12020 6708 11642 12480 10941 870 7598 12688 1856 2102 14175 14066 5064 14308 13952 9570 4728 11336 14385 2656 10410 10431 17464 16692 19383 8851 14255 11390 10583 17714 9862 16206 14768 20041 8780 17020 17366 4317 5615 19220 5561 14987 10764 12885 11151 12538 12890 13328 14655 4168 7797 10895 17554 312 5414 15731 4419 0 13932 11072 11053 9460 9627 11941 7228 22665 5545 14566 17731 17424 5723 11095 9106 13646 9938 11682 16105 7437 9065 7579 7935 12524 5300 15124 6574 5081 8855 21757 21916 11783 13412 17841 8423 7401
7528 14784 12615 8434 1331 11352 5819 5518 10070 8053 2088 4073 14794 9785 8829 12798 12149 4486 12199 10662 9451 7753 9512 16416 3467 5336 13720 12249 3617 5844 4939 6383 12962 13539 9578 8185 9530 4819 6027 4772 6170 10942 10258 5662 9865 9382 7021 10733 1071 7512 4519 8877 12445 11048 5422 4806 16079 9950 11188 3997 14194 9660 2221 9878 13932 0 12100 7916 12484 4533 2294 11427 9323 8420 11167 5986 3500 13727 10186 5611 5838 8245 9715 7389 10289 6687 11500 13557 1570 18042 8530 10959 9020 13686 8797 8896 6635 10295 12480 8616 9480
7587 20463 12590 11997 12372 20447 17122 6703 4840 16314 10031 12525 11667 14374 4066 9234 9247 15538 20433 6327 5001 17627 15778 9395 12368 8253 8699 18101 9474 17855 11068 18389 17412 21300 2658 3915 8860 7899 9570 16062 17285 16142 7543 11357 8254 11962 19121 5736 12945 4588 7912 16518 19624 19036 15667 16027 9499 3837 17808 15888 11359 6650 14284 7997 11072 12100 0 4209 17574 8761 11801 15273 20988 9720 20123 11590 14441 5994 17328 7445 7264 3954 2650 18527 14628 6027 15594 17077 11779 11227 6503 4594 8268 17807 20718 20786 15428 3509 7413 4390 4538
5250 18086 11568 9564 8282 17087 12951 2503 4507 13002 5868 8845 11838 11928 1815 9270 8961 11581 17307 6052 3403 13986 12961 11174 8582 4377 9379 15558 5638 13713 7223 14181 15259 18336 1685 527 6684 4146 5997 12071 13134 13667 5996 7648 7081 9864 14934 5670 8740 521 3736 13377 16766 15928 11872 12049 11067 3606 15023 11679 11365 5667 10085 6882 11053 7916 4209 0 15231 5114 7839 13151 16800 7631 16791 7939 10268 7756 14370 3987 3383 1134 1874 14611 12287 2765 13420 15203 7722 13047 4074 5044 6662 15784 16511 16580 11935 3120 7183 2635 3736
10136 2891 6506 5682 11166 6280 16554 14509 12816 5157 12450 8432 9805 3303 17020 10251 9713 9655 4976 11641 18484 7257 2991 14175 9036 16176 11644 1060 10767 12497 17150 15054 875 4851 16475 15011 20563 11586 17655 10023 17043 1622 20598 17912 9502 5615 14171 12215 13173 14734 14586 4185 3234 4195 8305 9889 13617 13743 2168 14362 9442 11016 13054 9760 9460 12484 17574 15231 0 10679 10275 2399 18174 7862 5948 18270 15414 14196 3085 11384 15972 14499 16771 9772 2966 12466 2044 2108 10989 14638 18503 13332 9326 1526 16915 17118 6374 18327 22274 13373 13036
3005 13427 8795 5332 4127 11974 10350 3840 5707 7902 2854 3779 10497 7446 6713 8346 7729 6855 12238 6142 7994 8916 8108 11883 3610 5622 9204 10833 933 9536 7305 10711 10875 13319 6704 5111 9906 983 7285 7412 10692 9062 9930 8037 5413 6010 11049 6249 5601 4596 3989 8329 11815 10871 6906 7361 11548 5811 10142 8473 9908 5130 6629 5398 9627 4533 8761 5114 10679 0 3233 8914 13796 4354 11680 8412 7922 9274 9396 1342 5307 4854 6945 9791 7885 2743 9112 11091 3477 13517 7842 6604 4584 11498 13157 13276 6823 8171 11710 4607 5226
5959 12679 10427 6173 1165 9840 7712 5824 8921 6155 2522 1848 12790 7499 9142 10962 10282 3747 10470 9205 10104 6400 7333 14810 1257 6529 12005 10107 2369 6306 6915 7642 10718 11738 9515 7969 10967 3933 7666 4261 8120 8708 11432 7671 8078 7142 7853 9382 3210 7356 5233 6883 10500 9222 4131 4228 14428 9041 9113 5620 12188 8161 3790 8133 11941 2294 11801 7839 10275 3233 0 9140 10838 6396 9605 8020 5681 12420 8158 4552 6715 7847 9713 6772 8003 5891 9220 11279 728 16336 9497 9817 7233 11434 10082 10216 4792 10647 13513 7809 8459
7957 5228 4275 3633 10168 7870 16119 12671 10480 5410 11033 7384 7662 1645 14959 7889 7332 9413 6863 9261 16473 7794 2915 11899 7983 14521 9294 3223 9160 12555 15803 14970 2143 7042 14306 12892 18808 9751 16109 9888 16593 1614 18717 16566 7131 3336 14310 9840 12251 12669 12896 4601 5312 5766 8166 9754 11346 11436 3698 13891 7245 8670 12376 7390 7228 11427 15273 13151 2399 8914 9140 0 18214 5615 7507 16934 14633 11800 4092 9439 14210 12351 14607 10266 1139 10402 362 2190 9868 12488 16618 10966 7005 2635 17048 17241 6222 16210 20279 11150 10740
16733 19375 20778 16378 9744 13651 3902 14297 19393 13037 11341 11741 23491 16710 17227 21790 21102 8834 15205 19935 17268 10997 15460 25627 11329 12991 22842 17460 12864 5687 10589 3304 18935 16585 18348 17165 15459 14142 12369 8331 3848 17069 16821 10724 18916 17407 4019 20038 8299 16485 13076 13997 16456 14795 10049 8464 25258 19240 16165 5330 22891 18912 7167 18970 22665 9323 20988 16800 18174 13796 10838 18214 0 17156 13732 10721 6557 23045 15129 14931 13890 17345 18413 8599 17174 15986 18124 19935 10379 27174 15885 20281 18071 19670 1390 1181 12002 18505 19095 17893 18795
2382 10753 4450 2335 7553 11374 14102 7579 5040 7413 7129 5504 6396 4664 9446 4703 3993 8877 11037 4180 11009 9385 6229 8842 5843 9743 5927 8387 5036 12104 11651 13892 7755 11740 8702 7331 13713 4868 11499 9483 14501 6426 13414 12376 2181 2279 13827 4669 9465 7174 8122 7306 10016 9663 8232 9382 8388 5901 8185 12011 5794 3322 10186 2374 5545 8420 9720 7631 7862 4354 6396 5615 17156 0 11018 12749 11920 7313 7852 4295 9217 6766 9005 11180 4908 4949 5917 7590 6985 10167 11338 5677 1610 8220 16292 16444 7053 10636 14809 5535 5186
12649 5926 11686 8767 9935 371 13209 15230 15889 3813 12127 8076 15092 6999 18369 14853 14192 6898 1481 15197 19535 3476 5037 19073 8491 16131 16270 4914 11280 8473 16088 11063 6820 2861 18345 16754 20548 12657 17146 6905 13695 5893 21033 16788 13138 9372 9794 15676 11397 16272 14808 3712 3058 1770 5754 6805 18537 16547 3883 11307 14627 14304 10674 13359 14566 11167 20123 16791 5948 11680 9605 7507 13732 11018 0 17089 13001 18264 3471 12851 16297 16416 18600 5235 7129 14225 7202 8056 10120 19866 19069 16624 12624 7376 12364 12576 4901 19844 23077 15736 15827
10948 20696 17199 13557 7299 17252 6990 5922 12037 14034 5903 9866 18591 15331 7524 16193 15687 10242 18169 13282 7011 13632 15350 18884 9276 3595 16694 18127 7887 10320 1131 9282 18664 19520 9018 8445 4750 7930 2020 10374 6910 16680 6109 375 13414 14351 10638 13080 5707 7886 4873 14840 18425 17033 11338 10444 18701 11371 17119 7075 18030 12530 6671 13318 17731 5986 11590 7939 18270 8412 8020 16934 10721 12749 17089 0 4928 15589 16139 8640 4562 8914 8960 12818 15821 8788 17063 19116 7331 20716 5473 12756 12678 19361 10991 10972 12619 8453 8374 10118 11265
10924 17446 16093 11850 4542 13101 2683 7769 13195 10557 5156 7272 18288 12991 10678 16252 15615 6163 14249 13961 10802 9544 12426 19750 6691 6476 17122 15030 7041 5459 4395 4437 15983 15663 11796 10651 9539 8028 6122 6096 2897 13957 10708 4783 13315 12823 5720 13971 2477 9974 6534 11484 14849 13297 7468 6198 19440 12910 13858 2151 17689 12994 2398 13314 17424 3500 14441 10268 15414 7922 5681 14633 6557 11920 13001 4928 0 16897 12802 8849 7346 10871 11858 8243 13496 9714 14665 16696 5000 21423 9500 14059 12475 16724 6450 6480 9166 11982 13022 11552 12536
6505 16936 8066 9498 13395 18627 19473 9716 3706 14724 11772 12251 6103 11491 8876 4153 4539 15689 18142 3286 10327 16664 13322 3503 12388 11994 3078 14981 10206 18681 14752 19985 13778 18661 7295 7230 14143 8917 13714 16289 19768 13094 13079 15272 5144 8963 20272 3038 14771 7723 10901 14568 16903 16808 15294 16209 3529 4218 15101 17715 5956 4329 15886 4940 5723 13727 5994 7756 14196 9274 12420 11800 23045 7313 18264 15589 16897 0 14963 8116 11047 6697 7520 18293 11552 7196 12160 13101 12746 5384 11546 2873 5768 13967 22431 22549 14324 9070 13330 5508 4409
9746 4645 8218 5530 8857 3842 13701 13182 12853 2256 10566 6349 11623 3551 16068 11425 10779 6804 3190 12002 17391 4175 1642 15623 6907 14504 12846 2342 9228 9472 15052 12057 3912 3983 15809 14250 18964 10372 15797 7105 14194 2495 19215 15799 9890 6007 11116 12514 10727 13852 13011 1322 2421 1849 5439 6973 15084 13614 1072 11553 11155 11175 10407 10124 11095 10186 17328 14370 3085 9396 8158 4092 15129 7852 3471 16139 12802 14963 0 10385 14474 13831 16085 6686 3658 11666 3815 5059 8819 16395 17161 13526 9459 4610 13855 14059 3639 17484 21091 12957 12888
2311 14202 8691 5805 5378 13156 11377 3299 4472 9046 3693 5080 9971 8091 5697 7652 7097 8197 13328 5113 7106 10194 8998 10906 4944 5464 8354 11642 2192 10839 7588 11911 11489 14349 5495 3906 9457 823 7246 8753 11688 9790 9280 8273 4792 6298 12319 5136 6656 3467 3865 9394 12786 11945 8230 8703 10610 4492 11057 9602 9402 4167 7782 4719 9106 5611 7445 3987 11384 1342 4552 9439 14931 4295 12851 8640 8849 8116 10385 0 4924 3581 5753 11129 8488 1418 9675 11571 4731 12608 7182 5367 4038 12065 14351 14462 8044 7098 10890 3266 3936
7064 18683 13575 10601 6675 16542 9990 1653 7565 12706 4223 8264 14483 12752 3340 11987 11554 10153 17078 8921 3627 13108 13313 14388 7809 1002 12338 16079 5260 11605 3854 11576 16182 18276 4616 3884 4600 4470 2677 10527 10109 14352 4756 4266 9390 11187 12554 8656 6369 3328 1488 13299 16888 15771 10807 10542 14232 6834 15303 9058 13954 8281 7736 9251 13646 5838 7264 3383 15972 5307 6715 14210 13890 9217 16297 4562 7346 11047 14474 4924 0 4357 4620 13155 13191 4584 14415 16379 6300 16239 2782 8239 8757 16803 13768 13811 11424 4650 6799 5626 6783
4395 17374 10550 8818 8436 16726 13546 3180 3374 12605 6159 8633 10717 11207 2800 8146 7852 11586 16844 4923 4426 13765 12365 10081 8443 5322 8246 14885 5529 13935 8132 14600 14478 17813 1986 645 7815 3958 7018 12108 13762 12964 7088 8608 6036 9031 15251 4536 9149 1029 4431 12907 16200 15453 11747 12074 9960 2503 14426 12132 10250 4575 10455 5826 9938 8245 3954 1134 14499 4854 7847 12351 17345 6766 16416 8914 10871 6697 13831 3581 4357 0 2276 14582 11538 2191 12635 14356 7835 11949 5201 3935 5676 14973 16975 17056 11625 3871 8144 1515 2602
6651 19648 12608 11090 10137 18902 14531 4212 4976 14799 7696 10699 12401 13481 1478 9837 9655 13454 19072 6624 2808 15842 14632 11022 10449 5605 9675 17160 7504 15538 8419 15903 16738 20063 307 1847 6648 5991 6944 13941 14680 15240 5568 8719 8082 11279 16714 6124 10493 2371 5363 15136 18462 17686 13743 13920 11010 3886 16694 13387 11989 6524 11853 7852 11682 9715 2650 1874 16771 6945 9713 14607 18413 9005 18600 8960 11858 7520 16085 5753 4620 2276 0 16485 13808 4420 14895 16589 9586 12904 4105 5210 7824 17223 18194 18253 13766 1737 6162 3531 4328
11891 10779 13644 9542 6497 5220 8049 12520 15160 4856 9002 6145 16822 8998 15870 15775 15059 3042 6677 15011 16709 2521 7359 20001 6188 12720 17080 8967 9054 3251 11955 5828 10586 8090 16287 14734 16865 10628 13317 2629 8526 8892 17647 12569 13318 10492 4601 15341 7219 14127 11743 5721 7857 6196 3002 2616 19528 15496 7674 6317 16261 13980 6148 13469 16105 7389 18527 14611 9772 9791 6772 10266 8599 11180 5235 12818 8243 18293 6686 11129 13155 14582 16485 0 9382 12532 10096 11685 6959 21201 15895 16022 12578 11295 7267 7477 4330 17373 19865 14375 14843
7170 5854 4580 2724 9029 7499 15008 11678 9902 4559 9925 6245 7977 506 14083 7832 7213 8352 6702 8807 15567 6964 2185 11987 6843 13469 9254 3508 8085 11536 14691 13914 3003 7111 13511 12056 17791 8750 15032 8844 15480 1558 17748 15454 6657 2700 13303 9365 11112 11794 11851 3860 5353 5467 7137 8711 11444 10803 3571 12779 7501 8119 11247 6910 7437 10289 14628 12287 2966 7885 8003 1139 17174 4908 7129 15821 13496 11552 3658 8488 13191 11538 13808 9382 0 9524 1245 3296 8731 12737 15649 10458 6409 3614 16030 16220 5222 15374 19367 10408 10092
2609 15321 9112 6802 6629 14536 12321 2956 3491 10415 4645 6498 9906 9163 4560 7437 6979 9580 14659 4513 6080 11609 10225 10238 6353 5333 7911 12797 3523 12130 7822 13058 12502 15643 4147 2587 8864 1966 7155 10126 12597 10902 8473 8438 4812 7139 13556 4380 7688 2270 3920 10722 14047 13270 9645 10081 10001 3263 12287 10677 9373 3747 8899 4668 9065 6687 6027 2765 12466 2743 5891 10402 15986 4949 14225 8788 9714 7196 11666 1418 4584 2191 4420 12532 9524 0 10665 12476 5994 12019 6412 4346 4218 13036 15482 15582 9445 5874 9886 1946 2824
8244 4889 4623 3875 10227 7563 16099 12890 10810 5243 11169 7441 8003 1733 15225 8251 7694 9347 6526 9606 16729 7609 2738 12256 8043 14706 9656 2862 9328 12453 15933 14894 1843 6684 14595 13170 19015 9965 16275 9807 16576 1321 18948 16696 7472 3642 14201 10182 12302 12935 13086 4401 4959 5452 8078 9673 11702 11758 3369 13873 7592 9003 12387 7731 7579 11500 15594 13420 2044 9112 9220 362 18124 5917 7202 17063 14665 12160 3815 9675 14415 12635 14895 10096 1245 10665 0 2060 9948 12832 16849 11306 7330 2392 16944 17138 6123 16489 20533 11450 11059
9967 3985 5089 5781 12279 8388 18061 14825 12243 6915 13218 9493 8150 3791 17017 9004 8562 11239 7053 10890 18555 9165 4481 12654 10097 16704 10331 3154 11350 14248 17985 16747 1239 6780 16285 14918 20973 11913 18298 11666 18542 2868 20849 18748 8833 5339 15965 11484 14349 14733 15076 5984 5276 6301 9931 11531 12095 13253 4243 15841 7866 10428 14398 9092 7935 13557 17077 15203 2108 11091 11279 2190 19935 7590 8056 19116 16696 13101 5059 11571 16379 14356 16589 11685 3296 12476 2060 0 12007 12933 18753 12637 8845 929 18715 18914 7966 18227 22362 13090 12581
6356 13366 11093 6874 651 10340 7125 5561 9177 6769 2079 2557 13379 8227 8913 11482 10814 3918 11041 9576 9779 6831 8038 15248 1955 6028 12480 10803 2553 6137 6235 7244 11440 12334 9406 7898 10427 4031 7063 4367 7517 9428 10965 6986 8572 7832 7588 9714 2523 7259 4840 7530 11138 9821 4512 4357 14883 9212 9789 5097 12777 8544 3245 8611 12524 1570 11779 7722 10989 3477 728 9868 10379 6985 10120 7331 5000 12746 8819 4731 6300 7835 9586 6959 8731 5994 9948 12007 0 16813 9079 10075 7724 12158 9691 9815 5381 10415 13091 7936 8666
10514 16902 8216 11681 17437 20236 23861 14795 8682 16883 16280 15663 4836 12893 14253 5466 6180 19041 19345 7527 15712 19149 14867 1884 15965 17145 4333 15625 14425 22268 19808 23961 13964 19474 12678 12521 19522 13430 18916 19646 24208 14062 18461 20381 8260 10792 23980 7650 19112 12956 15904 16431 17780 18186 18329 19543 2019 9446 16174 21909 5249 8442 20056 8205 5300 18042 11227 13047 14638 13517 16336 12488 27174 10167 19866 20716 21423 5384 16395 12608 16239 11949 12904 21201 12737 12019 12832 12933 16813 0 16917 8015 9104 13862 26387 26531 16918 14439 18632 10614 9459
9020 21269 15502 12985 9437 19318 12008 4003 8554 15450 7004 11018 15912 15235 2673 13344 13029 12911 19826 10123 1575 15891 15939 15034 10578 3216 13419 18676 7934 14185 5314 13890 18652 21004 4284 4562 2626 6917 3556 13267 12039 16892 2099 5337 11081 13459 14996 9724 8945 4373 4265 16014 19580 18507 13588 13286 14979 7582 17957 11414 15436 9725 10282 10897 15124 8530 6503 4074 18503 7842 9497 16618 15885 11338 19069 5473 9500 11546 17161 7182 2782 5201 4105 15895 15649 6412 16849 18753 9079 16917 0 9009 10585 19241 15936 15954 14187 3088 4017 6709 7795
4144 16194 8008 8010 10725 16973 16658 6860 898 12913 8962 9888 7243 10280 6397 4719 4666 13267 16707 1758 7960 14627 11905 6152 9939 9167 4466 13966 7522 16121 11898 17278 13078 17411 4937 4520 11634 6141 10915 13854 16940 12010 10724 12432 3836 7758 17653 1160 11987 4941 8033 12919 15680 15327 13026 13786 6025 1439 13849 14956 6873 2357 13145 3576 6574 10959 4594 5044 13332 6604 9817 10966 20281 5677 16624 12756 14059 2873 13526 5367 8239 3935 5210 16022 10458 4346 11306 12637 10075 8015 9009 0 4081 13412 19718 19829 12303 6909 11325 2645 1537
1731 12209 4919 3933 8341 12979 14818 7105 3494 8992 7436 6672 5949 6207 8453 3778 3145 10111 12645 2576 10063 10896 7831 7620 6912 9418 4775 9912 5435 13252 11625 14860 9144 13330 7517 6289 13076 4783 11228 10718 15185 7951 12609 12311 848 3715 14930 3059 10089 6260 7867 8912 11599 11273 9594 10626 7214 4432 9768 12820 5372 1725 10969 916 5081 9020 8268 6662 9326 4584 7233 7005 18071 1610 12624 12678 12475 5768 9459 4038 8757 5676 7824 12578 6409 4218 7330 8845 7724 9104 10585 4081 0 9547 17291 17432 8556 9516 13817 4294 3743
10578 3059 5989 6262 12384 7693 17964 15282 12984 6636 13486 9613 9078 4070 17593 9890 9429 11086 6287 11675 19108 8778 4334 13577 10220 17081 11230 2473 11690 13988 18234 16530 749 5920 16921 15520 21403 12356 18630 11476 18450 2767 21340 18997 9589 5944 15674 12265 14429 15303 15465 5673 4490 5651 9748 11341 13018 13973 3684 15758 8790 11168 14389 9849 8855 13686 17807 15784 1526 11498 11434 2635 19670 8220 7376 19361 16724 13967 4610 12065 16803 14973 17223 11295 3614 13036 2392 929 12158 13862 19241 13412 9547 0 18421 18623 7798 18837 22913 13748 13290
16032 18045 19764 15376 9044 12277 4002 14017 18823 11803 10867 10817 22570 15576 17079 20965 20267 7741 13841 19265 17252 9701 14254 24890 10449 12920 22065 16177 12225 4495 10717 2447 17691 15214 18106 16844 15738 13585 12489 7205 4118 15856 17027 10947 18130 16404 2750 19404 7832 16162 12831 12752 15118 13460 8893 7335 24501 18745 14880 4843 21973 18228 6583 18199 21757 8797 20718 16511 16915 13157 10082 17048 1390 16292 12364 10991 6450 22431 13855 14351 13768 16975 18194 7267 16030 15482 16944 18715 9691 26387 15936 19718 17291 18421 0 212 10826 18416 19327 17413 18261
16161 18255 19937 15547 9169 12489 3988 14083 18934 12003 10960 10976 22731 15764 17128 21112 20416 7921 14053 19390 17280 9907 14451 25026 10601 12955 22206 16382 12344 4686 10719 2575 17892 15426 18169 16918 15721 13693 12494 7390 4080 16054 17022 10935 18272 16575 2950 19524 7921 16236 12892 12953 15329 13671 9083 7520 24640 18845 15086 4926 22134 18356 6687 18339 21916 8896 20786 16580 17118 13276 10216 17241 1181 16444 12576 10972 6480 22549 14059 14462 13811 17056 18253 7477 16220 15582 17138 18914 9815 26531 15954 19829 17432 18623 212 0 11018 18456 19319 17511 18367
8183 8284 9325 5238 5322 5174 10180 10330 11495 1422 7302 3176 12494 4789 13482 11527 10816 3288 5678 11088 14635 2341 3487 15783 3618 11309 12866 5884 6382 6333 11556 8785 7049 6953 13520 11926 15756 7790 12442 3700 10669 5100 16172 12290 9230 6168 8089 11486 7109 11418 9936 2319 5813 4440 1965 3565 15294 12016 4693 7992 11934 10100 6773 9408 11783 6635 15428 11935 6374 6823 4792 6222 12002 7053 4901 12619 9166 14324 3639 8044 11424 11625 13766 4330 5222 9445 6123 7966 5381 16918 14187 12303 8556 7798 10826 11018 0 14963 18189 11076 11315
8262 21190 14330 12650 10909 20132 14603 4856 6709 16073 8404 11828 14124 15027 1505 11565 11390 14331 20399 8358 1525 16941 16081 12567 11513 5514 11363 18671 8598 16132 8119 16223 18331 21445 2038 3320 5352 7190 6458 14777 14695 16772 4069 8272 9803 12898 17167 7852 10945 3634 5781 16476 19883 19025 14757 14770 12590 5615 18143 13703 13718 8255 12319 9576 13412 10295 3509 3120 18327 8171 10647 16210 18505 10636 19844 8453 11982 9070 17484 7098 4650 3871 1737 17373 15374 5874 16489 18227 10415 14439 3088 6909 9516 18837 18416 18456 14963 0 4429 5235 6065
12431 25086 18689 16659 13436 23329 15330 7913 11137 19435 11019 15015 18551 18979 5372 15994 15816 16902 23812 12786 3806 19907 19815 16786 14586 7145 15763 22512 11888 18007 8636 17459 22361 24969 6458 7528 3665 10751 6904 17241 15277 20679 2314 8386 14166 17024 18676 12281 12808 7635 8281 19972 23512 22482 17602 17266 16858 10044 21852 15061 18148 12648 14106 13948 17841 12480 7413 7183 22274 11710 13513 20279 19095 14809 23077 8374 13022 13330 21091 10890 6799 8144 6162 19865 19367 9886 20533 22362 13091 18632 4017 11325 13817 22913 19327 19319 18189 4429 0 9593 10481
3255 16262 9102 7719 8573 16062 14188 4215 1942 11929 6556 8273 9204 10115 4293 6635 6337 11461 16048 3421 5922 13311 11426 8770 8188 6535 6782 13831 5441 14070 9253 14995 13290 16935 3224 2159 9317 3905 8302 12019 14446 11884 8601 9791 4574 7814 15502 3068 9602 2404 5394 12130 15275 14651 11446 11969 8607 1359 13470 12597 8735 3071 10833 4354 8423 8616 4390 2635 13373 4607 7809 11150 17893 5535 15736 10118 11552 5508 12957 3266 5626 1515 3531 14375 10408 1946 11450 13090 7936 10614 6709 2645 4294 13748 17413 17511 11076 5235 9593 0 1158
3177 15925 8323 7480 9313 16165 15145 5352 785 12051 7460 8700 8155 9846 5291 5580 5343 12008 16032 2344 6908 13604 11308 7619 8690 7687 5646 13572 6121 14762 10386 15828 12881 16838 4027 3234 10414 4677 9459 12584 15421 11611 9631 10936 3830 7424 16254 1934 10496 3548 6508 12159 15141 14639 11870 12523 7450 726 13317 13477 7711 2228 11680 3585 7401 9480 4538 3736 13036 5226 8459 10740 18795 5186 15827 11265 12536 4409 12888 3936 6783 2602 4328 14843 10092 2824 11059 12581 8666 9459 7795 1537 3743 13290 18261 18367 11315 6065 10481 1158 0
1 7 4 6
2 5 9 1
3 13 5 6
4 5 4 5
5 7 12 5
6 8 7 4
7 13 7 4
8 12 5 6
9 8 9 5
10 8 6 2
11 16 8 1
12 11 10 5
13 7 9 2
14 7 6 4
15 5 8 2
16 11 4 2
17 11 8 0
18 9 11 3
19 7 5 8
20 7 6 6
21 5 7 4
22 10 8 4
23 6 7 4
24 4 7 4
25 6 8 1
26 4 8 4
27 9 6 2
28 10 8 5
29 8 7 4
30 6 4 3
31 9 5 5
32 9 3 5
33 9 9 8
34 8 2 2
35 4 8 5
36 8 8 4
37 13 10 4
38 7 10 1
39 6 4 4
40 6 5 5
41 7 7 8
42 12 5 3
43 6 8 6
44 6 7 5
45 4 7 5
46 13 6 3
47 7 1 3
48 6 7 0
49 9 9 4
50 7 10 1
51 5 7 4
52 10 4 3
53 7 8 4
54 8 10 3
55 4 4 7
56 8 8 3
57 2 4 3
58 11 2 4
59 8 7 3
60 6 9 8
61 6 5 4
62 5 3 4
63 9 2 2
64 11 3 4
65 7 8 2
66 4 6 4
67 7 8 2
68 9 4 3
69 9 13 3
70 9 9 5
71 8 7 5
72 5 6 0
73 8 7 3
74 10 11 2
75 9 8 5
76 10 6 4
77 7 5 2
78 10 8 4
79 9 5 1
80 11 2 7
81 4 4 4
82 7 9 4
83 5 5 3
84 10 7 3
85 9 11 2
86 6 7 4
87 7 4 2
88 6 8 4
89 6 5 6
90 7 10 2
91 6 0 3
92 5 8 3
93 5 9 2
94 8 6 5
95 5 5 3
96 6 8 2
97 10 4 3
98 12 6 4
99 9 0 4
100 9 6 1
