105 15 3
30 60 700 9.00
0 6 3 3
0 8 8 2
0 6 13 1
0 6 6 1
0 1 2 2
0 16 8 3
0 1 15 2
0 16 11 1
0 1 11 1
0 8 14 1
0 15 8 1
0 9 13 3
0 18 14 2
0 13 13 3
0 4 15 2
0 1 5 2
0 4 1 3
0 14 8 1
0 10 7 3
0 9 6 2
0 10 4 2
0 25 13 3
0 1 3 1
0 4 10 1
0 3 3 3
0 1 2 1
0 25 15 2
0 7 8 2
0 17 14 1
0 1 12 3
0 18 15 3
0 4 5 2
0 1 12 3
0 9 3 3
0 3 14 1
0 9 15 3
0 13 6 1
0 5 14 2
0 4 11 3
0 2 10 1
0 1 13 2
0 11 9 2
0 1 11 2
0 18 8 2
0 13 2 1
0 2 4 2
0 4 4 2
0 8 6 2
0 7 5 3
0 3 10 1
0 3 4 2
0 3 13 2
0 3 9 3
0 20 9 2
0 8 2 3
0 6 5 3
0 17 5 3
0 2 12 1
0 6 8 3
0 6 4 3
0 21 12 3
0 14 7 1
0 3 13 1
0 18 3 1
0 19 8 3
0 2 6 2
0 9 2 1
0 18 5 1
0 3 7 2
0 9 2 2
0 8 4 1
0 9 14 3
0 3 2 2
0 2 4 3
0 2 6 1
0 21 5 1
0 9 4 3
0 1 6 2
0 16 1 3
0 23 14 3
0 2 3 3
0 9 7 3
0 2 4 1
0 21 12 2
1 9 10 3
1 5 12 2
1 13 11 1
1 9 5 2
1 16 5 3
1 2 13 2
1 24 10 3
1 14 2 1
1 3 3 2
1 4 13 3
1 2 2 2
1 6 3 1
1 19 14 2
1 6 9 2
1 11 13 2
1 9 10 2
1 4 1 2
1 10 6 2
1 13 2 1
1 23 13 1
1 11 12 2
0 5010 7879 6755 10466 8936 1891 10437 8463 10234 5751 7051 8662 13485 7541 6272
5010 0 12533 11021 13760 8259 5104 14379 8961 12997 8964 7968 3652 14827 12316 10195
7879 12533 0 8362 5478 15901 7455 11170 14746 6560 10160 8747 16045 18012 6576 3268
6755 11021 8362 0 13410 9471 8284 3739 7717 13984 2968 13002 14454 9714 2457 9422
10466 13760 5478 13410 0 19365 9085 16529 18637 1646 14604 6877 16673 22741 11935 4325
8936 8259 15901 9471 19365 0 10584 10945 2035 19168 6531 15320 9612 7236 11846 15088
1891 5104 7455 8284 9085 10584 0 12017 10268 8655 7596 5160 8592 15375 8660 5168
10437 14379 11170 3739 16529 10945 12017 0 8933 17291 5500 16716 17625 8412 4600 12817
8463 8961 14746 7717 18637 2035 10268 8933 0 18608 4878 15271 10923 5897 10147 14315
10234 12997 6560 13984 1646 19168 8655 17291 18608 0 14867 5618 15688 23035 12743 4581
5751 8964 10160 2968 14604 6531 7596 5500 4878 14867 0 12716 12129 8168 5316 10335
7051 7968 8747 13002 6877 15320 5160 16716 15271 5618 12716 0 10212 20526 12759 5480
8662 3652 16045 14454 16673 9612 8592 17625 10923 15688 12129 10212 0 16759 15899 13491
13485 14827 18012 9714 22741 7236 15375 8412 5897 23035 8168 20526 16759 0 11946 18496
7541 12316 6576 2457 11935 11846 8660 4600 10147 12743 5316 12759 15899 11946 0 8354
6272 10195 3268 9422 4325 15088 5168 12817 14315 4581 10335 5480 13491 18496 8354 0
1 9 7 6
2 5 7 3
3 12 5 7
4 9 10 5
5 7 4 4
6 5 6 2
7 9 9 4
8 5 10 6
9 8 8 5
10 8 5 2
11 9 4 6
12 7 8 3
13 5 3 7
14 8 3 6
15 8 10 8
