105 15 3
30 60 700 9.00
0 1 7 3
0 8 13 2
0 8 3 3
0 3 14 1
0 7 9 1
0 3 12 1
0 25 8 3
0 3 15 3
0 3 6 1
0 5 5 2
0 3 13 3
0 2 3 3
0 3 4 2
0 6 9 1
0 18 10 3
0 1 2 2
0 4 8 3
0 14 15 1
0 14 8 1
0 6 13 3
0 5 7 2
0 5 10 1
0 9 4 2
0 5 14 3
0 1 13 3
0 1 10 2
0 13 5 2
0 17 3 1
0 17 11 3
0 8 13 1
0 4 8 1
0 14 9 3
0 18 2 1
0 20 9 1
0 4 12 3
0 14 6 2
0 10 8 1
0 6 7 3
0 11 14 1
0 3 12 2
0 9 11 3
0 5 6 3
0 7 1 3
0 9 8 3
0 6 7 2
0 5 3 3
0 1 1 2
0 5 9 1
0 19 12 3
0 2 10 3
0 12 13 1
0 7 8 2
0 2 3 1
0 21 1 1
0 2 9 2
0 4 8 1
0 5 12 1
0 3 9 1
0 11 1 2
0 7 7 2
0 14 10 3
0 12 9 1
0 2 12 2
0 2 12 3
0 5 14 1
0 4 12 3
0 6 4 1
0 1 5 3
0 13 11 3
0 5 2 3
0 12 7 1
0 5 15 2
0 16 5 1
0 10 10 1
0 1 5 1
0 14 10 1
0 7 5 1
0 10 2 2
0 25 7 2
0 1 9 1
0 5 8 3
0 2 9 1
0 17 8 2
0 19 12 1
1 24 8 2
1 2 8 1
1 13 4 2
1 7 12 1
1 24 9 1
1 4 9 3
1 7 14 1
1 20 1 2
1 4 7 3
1 10 5 3
1 14 7 2
1 2 7 1
1 10 5 2
1 7 8 1
1 2 9 1
1 3 1 3
1 5 7 2
1 9 9 2
1 13 4 1
1 4 4 1
1 6 2 2
0 11141 17331 17847 9556 12510 17573 14687 7531 13652 3645 12517 8913 12176 9813 11531
11141 0 7049 9082 5226 8545 8070 10879 3743 6180 9486 4309 10903 14436 1328 4446
17331 7049 0 11761 12042 14600 10207 16493 10582 11244 16333 9835 17868 21233 8144 6175
17847 9082 11761 0 8316 6891 1578 7020 10997 4212 14772 5497 12373 13959 9898 13192
9556 5226 12042 8316 0 3971 8212 6512 3788 4106 6494 3333 5867 9229 4705 9164
12510 8545 14600 6891 3971 0 7556 2542 7757 3682 8985 4764 5524 7327 8389 12836
17573 8070 10207 1578 8212 7556 0 8127 10420 4287 14703 5056 12869 14820 9025 11976
14687 10879 16493 7020 6512 2542 8127 0 10299 5250 11076 6800 6726 7140 10840 15248
7531 3743 10582 10997 3788 7757 10420 10299 0 7087 5774 5501 8135 11950 2472 6111
13652 6180 11244 4212 4106 3682 4287 5250 7087 0 10565 1877 8649 10974 6568 10620
3645 9486 16333 14772 6494 8985 14703 11076 5774 10565 0 9729 5370 8905 8244 11272
12517 4309 9835 5497 3333 4764 5056 6800 5501 1877 9729 0 8827 11682 4714 8754
8913 10903 17868 12373 5867 5524 12869 6726 8135 8649 5370 8827 0 3883 10078 14237
12176 14436 21233 13959 9229 7327 14820 7140 11950 10974 8905 11682 3883 0 13741 18017
9813 1328 8144 9898 4705 8389 9025 10840 2472 6568 8244 4714 10078 13741 0 4471
11531 4446 6175 13192 9164 12836 11976 15248 6111 10620 11272 8754 14237 18017 4471 0
1 5 6 3
2 7 4 4
3 6 3 9
4 1 7 4
5 7 7 1
6 7 4 6
7 2 5 2
8 9 6 5
9 3 5 4
10 7 5 3
11 7 9 5
12 6 5 6
13 4 6 4
14 7 7 2
15 3 11 6
