900 100 3
30 60 700 9.00
0 20 70 3
0 5 91 1
0 14 51 1
0 3 74 3
0 1 52 2
0 8 80 2
0 3 71 3
0 21 90 2
0 5 99 3
0 5 85 3
0 5 3 1
0 3 29 2
0 19 81 1
0 9 28 1
0 9 62 2
0 6 68 1
0 1 71 2
0 9 53 2
0 21 57 3
0 6 18 3
0 1 5 1
0 13 60 2
0 14 45 1
0 2 27 1
0 15 92 2
0 8 28 1
0 14 99 3
0 9 64 3
0 12 1 1
0 5 23 1
0 8 11 2
0 2 75 2
0 1 84 3
0 10 62 1
0 13 18 2
0 2 19 3
0 11 39 2
0 2 40 2
0 7 82 3
0 13 94 1
0 7 55 1
0 14 46 3
0 11 31 3
0 13 36 2
0 1 42 2
0 17 11 2
0 7 25 1
0 10 8 3
0 4 30 3
0 1 26 1
0 22 33 2
0 3 53 3
0 13 58 1
0 6 48 3
0 2 42 2
0 11 19 3
0 8 53 3
0 2 17 1
0 6 38 3
0 11 21 1
0 7 98 3
0 16 91 3
0 4 28 1
0 8 1 1
0 15 86 3
0 7 45 1
0 7 18 1
0 19 29 1
0 4 62 2
0 4 43 1
0 5 76 1
0 8 82 2
0 3 79 2
0 13 14 3
0 8 39 1
0 9 84 3
0 17 10 1
0 15 83 1
0 13 61 2
0 12 82 3
0 10 64 1
0 2 19 1
0 5 49 2
0 12 98 2
0 2 72 1
0 9 50 3
0 2 20 1
0 4 82 1
0 15 52 2
0 1 75 1
0 8 82 1
0 25 39 3
0 10 80 3
0 25 6 1
0 3 32 2
0 3 55 1
0 17 100 2
0 23 31 3
0 3 99 2
0 4 50 3
0 14 74 3
0 4 67 2
0 4 76 1
0 9 99 2
0 9 95 2
0 7 62 1
0 4 52 1
0 2 8 3
0 24 72 1
0 2 43 1
0 16 26 1
0 4 64 3
0 10 11 2
0 19 67 2
0 13 41 1
0 13 39 3
0 1 81 2
0 14 77 1
0 2 49 2
0 4 82 1
0 6 46 3
0 13 81 2
0 7 96 3
0 1 78 3
0 7 21 1
0 6 46 1
0 11 35 1
0 7 73 2
0 7 34 3
0 14 57 1
0 13 62 2
0 2 82 3
0 7 53 3
0 6 1 1
0 4 29 1
0 22 66 3
0 5 77 3
0 1 68 1
0 2 94 1
0 5 95 1
0 3 62 3
0 9 14 1
0 3 8 1
0 7 7 2
0 8 37 1
0 4 31 2
0 3 39 2
0 2 27 3
0 8 91 2
0 3 22 1
0 8 82 1
0 3 76 2
0 4 72 2
0 18 88 2
0 17 94 3
0 4 51 3
0 3 79 1
0 7 41 2
0 1 78 1
0 1 31 2
0 25 38 1
0 2 89 1
0 5 57 2
0 1 48 3
0 11 80 1
0 25 92 2
0 15 2 1
0 11 17 3
0 5 5 1
0 16 8 2
0 12 65 3
0 1 76 2
0 9 30 1
0 3 79 1
0 14 60 1
0 6 78 3
0 5 11 1
0 4 45 1
0 3 16 2
0 3 34 2
0 9 76 2
0 3 33 3
0 1 3 1
0 6 33 2
0 9 1 2
0 7 76 3
0 1 49 2
0 13 75 3
0 1 83 3
0 3 41 2
0 4 21 1
0 1 37 3
0 4 58 3
0 9 87 2
0 5 81 3
0 4 84 3
0 5 97 3
0 5 8 1
0 13 20 1
0 9 20 1
0 5 71 1
0 1 18 3
0 25 56 1
0 10 79 1
0 14 4 3
0 4 93 3
0 9 3 1
0 15 22 1
0 11 83 1
0 1 71 3
0 11 51 2
0 3 17 1
0 19 86 3
0 8 15 2
0 17 27 3
0 14 56 3
0 3 36 3
0 23 58 2
0 21 71 1
0 7 99 2
0 22 28 2
0 7 28 1
0 24 19 1
0 19 30 1
0 8 95 3
0 9 49 2
0 1 68 2
0 25 22 2
0 6 59 2
0 5 21 3
0 12 29 3
0 17 9 1
0 2 42 3
0 1 23 3
0 9 26 2
0 12 62 2
0 2 89 2
0 3 38 2
0 25 29 2
0 16 25 3
0 4 39 1
0 8 69 2
0 9 39 1
0 6 70 1
0 19 59 1
0 2 38 3
0 2 59 1
0 22 50 2
0 1 12 2
0 7 70 3
0 10 48 1
0 3 40 1
0 7 41 2
0 2 23 3
0 3 6 2
0 9 29 1
0 11 23 3
0 10 21 1
0 2 90 1
0 4 66 2
0 13 6 2
0 12 83 2
0 1 67 1
0 3 92 3
0 4 55 2
0 8 1 2
0 14 24 1
0 6 73 3
0 5 17 2
0 11 78 2
0 25 31 3
0 9 83 1
0 2 56 2
0 3 71 1
0 5 27 1
0 19 3 2
0 23 20 3
0 18 36 1
0 12 29 3
0 2 31 2
0 20 88 2
0 2 2 2
0 19 48 1
0 23 82 2
0 16 69 1
0 1 53 1
0 7 15 2
0 6 12 3
0 2 83 2
0 5 66 1
0 10 55 3
0 6 76 3
0 15 96 3
0 2 33 2
0 3 3 3
0 9 28 2
0 1 51 2
0 13 27 3
0 12 81 2
0 1 51 2
0 19 64 3
0 6 72 2
0 4 76 3
0 2 6 2
0 5 64 3
0 8 84 3
0 1 30 3
0 9 42 1
0 2 5 2
0 8 23 3
0 5 28 2
0 2 66 2
0 9 11 2
0 17 9 2
0 7 83 1
0 3 18 3
0 24 74 1
0 6 16 1
0 6 66 2
0 9 86 1
0 6 45 2
0 3 35 2
0 13 95 2
0 11 8 2
0 5 10 2
0 9 39 3
0 6 47 3
0 13 90 2
0 5 55 2
0 16 16 1
0 9 27 3
0 19 46 2
0 2 23 2
0 5 34 1
0 1 24 3
0 1 37 3
0 12 63 2
0 14 31 1
0 2 86 2
0 17 60 2
0 14 24 3
0 1 86 2
0 8 76 1
0 5 28 2
0 24 93 3
0 13 84 2
0 12 24 3
0 14 39 2
0 14 56 3
0 14 53 2
0 2 30 1
0 3 93 3
0 3 35 3
0 2 93 1
0 1 23 3
0 20 45 2
0 4 36 1
0 5 60 1
0 8 20 1
0 1 40 1
0 3 47 2
0 23 46 1
0 14 22 2
0 7 80 1
0 17 61 3
0 5 77 1
0 7 66 1
0 13 89 3
0 20 64 2
0 22 68 1
0 7 75 3
0 4 89 1
0 20 75 2
0 14 26 2
0 12 65 1
0 1 72 2
0 1 11 3
0 15 4 2
0 11 33 1
0 12 27 3
0 9 99 2
0 1 86 3
0 5 32 3
0 9 100 2
0 4 8 1
0 4 73 1
0 23 97 2
0 11 100 3
0 5 1 3
0 25 7 3
0 18 23 2
0 2 54 2
0 11 28 3
0 10 38 3
0 17 1 1
0 19 13 3
0 3 77 3
0 13 29 3
0 22 67 3
0 10 67 1
0 9 8 2
0 8 59 3
0 3 62 1
0 1 37 1
0 7 32 1
0 6 53 1
0 6 75 1
0 9 12 3
0 1 15 1
0 17 98 2
0 5 65 3
0 3 3 1
0 1 37 3
0 9 22 2
0 13 16 3
0 2 29 1
0 3 74 2
0 7 53 3
0 18 32 3
0 8 9 1
0 7 54 3
0 2 87 3
0 3 51 3
0 7 25 3
0 7 63 2
0 7 18 2
0 13 88 3
0 7 68 1
0 10 14 3
0 21 82 1
0 7 94 1
0 12 26 1
0 12 52 2
0 2 40 2
0 2 50 1
0 8 31 1
0 5 75 3
0 22 72 3
0 2 32 3
0 4 97 2
0 2 88 2
0 3 36 3
0 4 66 3
0 18 24 1
0 1 85 2
0 4 33 1
0 6 100 1
0 6 51 3
0 14 22 1
0 16 77 2
0 3 18 3
0 7 95 3
0 6 64 3
0 2 49 1
0 1 21 2
0 4 52 1
0 7 17 2
0 11 37 2
0 19 29 1
0 7 48 1
0 9 35 1
0 16 18 2
0 15 80 1
0 11 38 2
0 2 96 2
0 25 72 2
0 18 26 3
0 1 18 3
0 25 96 2
0 10 52 2
0 12 42 3
0 4 25 3
0 9 32 1
0 6 61 3
0 7 33 1
0 3 87 2
0 19 78 3
0 12 26 3
0 7 56 2
0 6 16 1
0 19 44 2
0 21 16 1
0 2 91 3
0 9 91 3
0 5 44 3
0 12 36 3
0 7 65 3
0 3 6 1
0 4 9 1
0 18 98 3
0 6 57 2
0 13 96 2
0 1 19 1
0 5 18 2
0 6 50 3
0 1 76 1
0 19 77 2
0 7 70 3
0 6 81 2
0 8 23 1
0 2 32 1
0 9 34 3
0 13 58 3
0 1 4 3
0 4 89 2
0 2 50 2
0 1 72 1
0 14 23 3
0 6 58 2
0 1 10 1
0 11 13 2
0 1 62 3
0 4 86 2
0 7 49 2
0 4 98 3
0 17 97 1
0 18 13 2
0 24 57 3
0 25 88 1
0 12 57 3
0 6 80 1
0 7 97 1
0 4 42 2
0 9 55 2
0 3 94 2
0 10 47 2
0 5 68 3
0 3 83 2
0 4 2 1
0 3 67 1
0 9 51 2
0 2 66 2
0 22 34 1
0 2 29 3
0 8 86 1
0 3 37 3
0 3 63 1
0 1 36 1
0 2 29 1
0 15 62 3
1 7 78 2
1 6 46 3
1 5 75 1
1 3 59 3
1 5 24 2
1 9 9 1
1 5 61 1
1 11 10 3
1 8 90 2
1 1 95 3
1 5 2 1
1 6 53 3
1 11 85 2
1 4 57 2
1 8 47 2
1 12 3 1
1 7 72 1
1 19 73 2
1 12 38 3
1 25 25 1
1 25 39 2
1 9 34 2
1 1 46 1
1 8 46 3
1 23 68 3
1 6 4 1
1 18 79 3
1 2 20 3
1 12 40 2
1 4 76 2
1 1 49 3
1 13 26 3
1 4 62 1
1 11 2 2
1 11 23 2
1 22 90 1
1 4 63 1
1 5 26 2
1 8 73 2
1 15 3 3
1 2 88 1
1 12 12 3
1 8 11 2
1 1 92 3
1 3 77 3
1 7 16 1
1 10 17 3
1 1 67 2
1 4 66 3
1 18 98 2
1 16 23 3
1 6 87 2
1 19 9 1
1 16 72 1
1 5 12 1
1 4 69 3
1 9 30 3
1 8 7 1
1 14 90 1
1 17 3 2
1 23 6 3
1 15 34 2
1 14 93 2
1 1 83 3
1 1 66 1
1 6 32 2
1 22 20 2
1 11 29 3
1 13 12 1
1 3 5 3
1 6 73 1
1 2 24 3
1 16 6 2
1 8 89 2
1 13 34 3
1 10 20 2
1 2 46 2
1 9 44 1
1 7 78 3
1 17 69 3
1 4 62 2
1 1 23 2
1 1 51 1
1 1 52 3
1 11 34 1
1 2 51 2
1 4 5 1
1 13 87 1
1 11 29 3
1 10 14 3
1 1 51 3
1 9 21 1
1 18 44 3
1 4 7 1
1 3 28 1
1 1 22 3
1 1 96 2
1 4 69 3
1 21 94 3
1 6 44 1
1 2 33 1
1 5 41 3
1 8 38 1
1 24 58 3
1 9 82 2
1 2 56 3
1 11 41 3
1 3 6 3
1 11 20 3
1 12 41 3
1 14 8 3
1 2 38 3
1 9 63 3
1 5 16 1
1 3 17 2
1 7 77 3
1 2 97 2
1 1 78 2
1 15 60 3
1 2 53 2
1 9 55 3
1 3 35 2
1 2 36 2
1 11 59 2
1 5 28 3
1 3 48 2
1 16 50 1
1 4 48 2
1 8 9 3
1 1 100 1
1 13 23 2
1 1 2 2
1 16 78 2
1 4 18 2
1 9 73 2
1 2 73 3
1 3 21 1
1 11 85 2
1 6 3 1
1 12 92 3
1 1 5 2
1 14 22 2
1 22 26 2
1 3 15 1
1 5 64 3
1 8 92 1
1 9 95 3
1 2 10 2
1 2 16 3
1 1 3 1
1 2 28 1
1 13 35 1
1 12 48 1
1 5 41 2
1 7 39 1
1 8 68 2
1 2 14 1
1 25 72 2
1 11 82 1
1 4 100 1
1 10 63 2
1 21 88 1
1 4 45 1
1 1 21 1
1 11 2 3
1 14 71 3
1 2 4 2
1 3 49 3
1 1 99 1
1 1 18 2
1 11 56 1
1 7 30 1
1 24 81 2
1 4 43 1
1 2 90 2
1 5 11 1
1 18 29 2
1 19 35 2
1 8 30 2
1 14 89 1
1 21 6 3
1 8 4 3
1 7 8 2
1 12 91 3
1 2 30 3
1 13 11 1
1 1 9 3
1 14 87 1
1 16 39 2
1 4 71 2
1 6 60 2
1 3 68 3
1 21 84 3
1 4 91 3
1 1 87 3
1 11 10 2
1 1 18 3
1 3 35 3
1 3 35 3
1 12 76 1
1 4 87 3
1 1 87 2
1 4 64 3
1 3 97 1
1 1 66 2
1 7 53 2
1 1 42 1
1 6 38 3
1 24 33 3
1 25 4 3
1 8 77 1
1 13 25 3
1 12 52 2
1 3 55 1
1 6 4 1
1 4 61 3
1 2 39 3
1 1 9 1
1 6 66 1
1 1 87 2
1 1 100 3
1 1 28 3
1 2 88 2
1 13 65 3
1 19 34 2
1 1 42 3
1 7 82 2
1 22 37 2
1 24 79 3
1 19 36 2
1 3 44 2
1 7 45 1
1 5 100 1
1 3 79 2
1 18 9 3
1 1 37 1
1 13 8 1
1 13 5 3
1 12 14 2
1 2 76 1
1 2 100 1
1 11 75 3
1 7 30 1
1 2 33 3
1 3 91 2
1 9 21 2
1 8 75 2
1 8 1 1
1 13 30 2
1 2 79 3
1 7 47 1
1 13 17 3
1 11 69 2
1 19 65 1
1 14 30 1
1 11 100 2
1 14 96 3
1 24 7 1
1 11 17 1
1 13 34 1
1 4 29 2
1 5 41 1
1 8 48 2
1 5 8 2
1 2 67 1
1 13 31 1
1 6 12 1
1 19 88 1
1 2 85 3
1 14 38 2
1 1 89 1
1 6 98 3
1 15 66 1
1 16 26 3
1 4 15 2
1 3 31 3
1 2 93 2
1 7 17 3
1 20 80 3
1 2 20 3
1 7 38 1
1 12 78 2
1 4 45 3
1 12 1 3
1 2 24 1
1 13 68 2
1 2 33 1
1 15 10 1
1 1 12 1
1 10 73 3
1 8 79 3
1 11 35 3
1 4 66 1
1 11 84 3
1 20 55 2
1 24 80 1
1 3 70 3
1 1 56 2
1 2 14 1
1 2 52 3
1 2 10 3
1 3 37 1
1 19 50 2
1 19 81 1
1 24 68 2
1 9 89 2
1 2 49 1
1 6 11 3
1 7 85 1
1 8 98 3
1 1 74 3
1 4 91 3
1 6 91 1
1 7 82 1
1 2 100 2
1 3 21 1
1 21 25 2
1 4 98 3
1 18 4 1
1 15 20 2
1 11 93 2
1 21 18 3
1 21 45 1
1 7 38 2
1 9 83 3
1 6 1 1
1 8 67 2
1 10 28 2
1 2 36 2
1 13 34 3
1 9 24 1
1 17 34 1
1 11 51 1
1 7 64 2
1 15 67 2
1 8 30 1
1 5 73 3
1 3 70 3
1 1 48 1
1 3 78 2
1 4 67 1
1 8 97 3
1 23 36 2
1 9 9 3
1 2 84 1
1 15 30 1
1 2 82 3
1 5 34 2
1 1 53 1
1 9 50 3
1 25 49 1
1 11 64 1
1 18 89 3
1 4 80 2
1 9 66 2
1 4 35 2
1 1 38 1
1 19 47 3
1 15 16 2
1 3 100 3
0 2003 12959 12095 11263 3373 11387 14517 13607 2002 10414 4429 10921 1085 10183 15120 2617 10035 14105 4037 6901 19982 4053 10341 6176 3380 750 22606 16952 7508 7299 11249 14280 12120 11331 16220 13825 16499 15511 17041 7923 16336 12548 16866 11938 10698 9921 2919 11761 15282 17347 14728 18714 11346 11166 18898 15336 12290 11634 12239 18849 19562 22148 15743 7450 4533 11813 18148 3537 16253 19553 8519 19679 15966 10418 11651 15399 14539 5188 8935 9498 7220 18567 15009 16523 17147 14126 3339 5671 15461 14644 22688 10025 9307 6510 9378 13509 9236 20977 301 21856
2003 0 10977 10332 10012 2052 11232 14140 11674 1244 9774 6022 8918 1601 9194 13319 971 8103 12897 4308 4947 18238 2153 9531 5299 4344 2730 20730 14952 7702 5626 9292 12373 10521 9858 14217 11829 15368 14223 15071 6034 15733 10980 14889 10596 8771 8632 3774 11047 13281 15915 12904 17267 10819 10571 17440 14751 10600 9698 10303 17773 18008 20234 13744 6871 3683 9902 16647 2414 14575 17954 7678 17689 14463 9967 9681 13701 12749 3640 9056 7748 5886 16599 13511 15140 15258 12245 5171 6716 14090 12652 20745 9731 7590 4702 7910 11774 7600 19210 1957 20020
12959 10977 0 7290 8366 10056 14520 15346 5034 11597 11623 16058 2436 12219 9704 4595 10682 5145 9748 12617 6767 9040 9285 10721 9920 13788 13646 10286 4766 13846 6690 4299 5835 5799 6770 3706 1179 11753 9910 4123 5292 15253 6172 3917 7886 5016 7937 13322 11818 3344 9892 7449 10765 12627 12186 10812 14667 4913 4699 1502 13845 10481 9547 2972 11011 10276 5183 9855 10192 6765 10060 10115 6730 8329 12564 3872 6009 7843 9532 14330 7290 9939 5648 7813 9753 5023 6262 15734 15474 9196 3609 9887 13115 5288 7923 6880 8061 8210 9719 12934 9905
12095 10332 7290 0 13950 10821 18821 20628 3067 10131 16240 16354 5526 11933 14594 11879 9504 3121 16131 13986 5733 16166 8190 15493 12726 14526 12837 16570 7597 16627 9882 3123 3083 12122 12616 7660 6953 18443 16664 10128 8275 21172 12616 9766 13829 2706 12959 13953 16941 6451 17030 2739 17996 17400 16989 18056 20403 11421 2614 8246 20718 17771 15524 7906 14388 12059 2110 17097 11196 14032 17347 14157 11450 15414 16969 3447 13238 2457 6953 17629 2597 5526 11315 14764 16763 11973 2629 15428 16800 16052 5340 15411 17219 9976 5630 11689 1468 3032 16716 11908 16536
11263 10012 8366 13950 0 8013 6484 6990 12839 11212 3637 11967 8686 10183 1860 6473 10483 10866 2888 8370 9595 10062 9917 2740 5221 9862 11611 13672 12934 7418 4920 10989 13730 2813 1611 11786 9511 5393 4248 10596 5978 7223 2742 10682 907 11248 1386 9701 3485 11686 6218 15176 7588 4421 3992 7791 6485 3705 11590 6864 7830 8695 13755 10897 4809 6764 12103 7164 7756 6273 8854 3384 13393 5090 4638 10885 5715 15420 11464 7217 12467 13297 11761 4190 5326 9108 14021 12430 10336 4263 11937 14720 5390 3994 10764 2449 15189 13093 11143 11434 12552
3373 2052 10056 10821 8013 0 9381 12177 11636 3294 7757 6066 8299 2370 7143 11812 2762 8170 10890 3165 5103 16633 3052 7486 3266 3897 3889 19361 14388 6150 3955 9198 12420 8747 7976 13537 11034 13344 12246 14036 4811 13707 9176 13896 8637 8832 6645 3366 9011 12725 14013 13194 15375 8826 8561 15556 12730 8931 9692 9158 15739 16195 18965 12959 4901 1713 9993 14792 441 12886 16181 5634 16772 12608 8004 9499 12037 13128 4899 7405 8351 7202 15550 11651 13209 13934 12385 5684 6018 12152 12248 19569 7832 5969 5380 6020 12290 8426 17637 3493 18566
11387 11232 14520 18821 6484 9381 0 3346 18426 12417 2910 9552 14245 10438 4841 12920 12095 15731 7288 7360 13443 15879 12336 3827 6365 8417 11316 19764 19230 4060 8948 16242 19321 9291 8037 18104 15696 8343 8686 17073 10606 5645 9214 17150 7277 16266 6588 8655 3249 17861 11021 20580 12180 2123 2517 12408 4709 10164 16845 13042 9898 13713 20005 17241 4601 7673 17308 12167 8947 12369 14096 4681 19877 10611 1958 16285 11985 20712 14188 2709 16774 16436 18243 9954 10060 15549 19508 10680 7284 9250 17945 21040 1618 9396 14237 7674 20216 17137 16942 11665 18544
14517 14140 15346 20628 6990 12177 3346 0 19776 15362 4552 12897 15588 13520 6034 12765 14937 17507 6372 10541 15631 14708 14970 5167 8960 11691 14509 18751 19832 7380 10869 17803 20671 9629 8576 18675 16480 6372 7368 17178 12372 2458 9372 17325 7492 17966 7711 11888 3688 18649 9510 22072 10428 3397 3741 10650 1733 10546 18411 13846 7281 12082 19205 17771 7277 10474 18908 10651 11763 11674 12582 6783 19821 9597 4175 17753 11529 22280 16781 6054 18835 18942 18140 9202 8641 15276 20936 14010 10629 8114 18926 20340 4493 10728 16584 8970 21945 19317 15712 14783 17451
13607 11674 5034 3067 12839 11636 18426 19776 0 11776 15649 17566 4202 13218 13836 9538 11002 3572 14615 14710 6729 13438 9554 14813 12812 15517 14356 13565 4541 16855 9627 2438 898 10580 11338 4614 4355 16734 14900 7184 7928 19975 11016 6812 12530 2909 12089 14966 16121 3420 14916 2422 15745 16758 16325 15778 19305 9758 1976 6322 18869 15326 12489 4940 14299 12533 1843 14828 11937 11723 14844 13771 8383 13362 16492 2203 11012 2814 8806 17660 4741 7980 8294 12837 14787 9215 1231 16841 17624 14207 2306 12349 16885 9095 7199 10863 3239 5533 13905 13473 13598
2002 1244 11597 10131 11212 3294 12417 15362 11776 0 11014 6417 9409 2261 10432 14240 922 8219 14100 5328 5165 19195 2343 10776 6544 5093 2721 21544 15328 8791 6702 9472 12413 11599 10994 14667 12369 16581 15406 15718 6907 16975 12072 15512 11773 8871 9829 4554 12291 13669 17051 12789 18395 12053 11810 18563 15991 11622 9816 11053 18993 19088 20991 14259 8102 4922 9958 17754 3657 15590 19010 8922 18252 15574 11192 9904 14706 12581 3195 10172 7536 5232 17244 14625 16294 16067 12232 5334 7464 15250 12959 21447 10935 8615 4602 9059 11532 7242 20147 1786 20885
10414 9774 11623 16240 3637 7757 2910 4552 15649 11014 0 9774 11451 9361 1931 10110 10513 13124 5068 6682 11100 13419 10451 920 4495 8054 10534 17181 16323 4444 6387 13536 16547 6417 5148 15195 12798 6807 6596 14189 7966 5963 6379 14257 4482 13622 3686 8100 1380 14966 8912 17859 10192 1173 817 10416 4977 7275 14143 10140 8865 11582 17333 14332 2965 6093 14622 10011 7365 9753 11876 2232 17008 8207 1001 13542 9282 18021 12247 3817 14344 14393 15387 7440 7939 12744 16761 10592 7760 6995 15077 18326 1786 6566 12035 4816 17598 14795 14497 10656 16010
4429 6022 16058 16354 11967 6066 9552 12897 17566 6417 9774 0 14365 4422 10378 17219 6881 14023 14473 3703 10862 21722 8168 10096 6950 2303 3782 24857 20453 5567 9561 15143 18306 13695 12611 19591 17071 16531 16004 19943 10769 15110 14002 19831 12815 14693 10868 2736 11129 18791 18155 18911 19515 10335 10328 19725 14127 14136 15596 15050 18639 20662 24603 18991 7229 5918 15843 19131 5877 17869 20797 8638 22734 17042 9351 15483 17113 18767 9556 6843 13769 11646 21434 16116 17228 19567 18212 1461 2298 16182 18303 25309 8667 11460 10724 10840 17795 13587 22780 4686 23931
10921 8918 2436 5526 8686 8299 14245 15588 4202 9409 11451 14365 0 10283 9634 6640 8512 2866 10661 11144 4406 11358 7069 10611 8856 12162 11637 12720 6093 12902 5587 2410 5100 6626 7237 5300 2975 12929 11141 6459 3924 15875 7108 6207 8445 2921 7890 11653 11924 4427 11553 6492 12578 12556 12123 12655 15169 5898 2975 2830 15192 12510 11956 4850 10231 8847 3501 11699 8511 8704 12154 9611 8855 9924 12304 2212 7861 6737 7145 13605 4994 7509 7959 9247 11249 7438 5348 13884 14063 10525 4019 12242 12721 4893 5511 6661 6601 5890 12089 10863 12336
1085 1601 12219 11933 10183 2370 10438 13520 13218 2261 9361 4422 10283 0 9099 14176 2499 9656 13022 3156 6491 19003 3747 9268 5092 2841 1519 21707 16359 6651 6324 10818 13934 11098 10281 15578 13134 15414 14432 16264 7074 15298 11516 16104 10866 10325 8847 2294 10700 14687 16283 14496 17651 10313 10121 17837 14300 11299 11243 11419 17765 18520 21285 15059 6396 3448 11465 17095 2485 15250 18522 7441 18949 14915 9397 11188 14405 14347 5198 8061 9349 7391 17786 13958 15453 16265 13820 3636 5220 14389 14108 21859 9036 8338 6303 8331 13375 9192 20008 1298 20927
10183 9194 9704 14594 1860 7143 4841 6034 13836 10432 1931 10378 9634 9099 0 8283 9804 11473 4105 6905 9715 11900 9489 1018 4008 8381 10438 15532 14395 5591 4906 11793 14734 4536 3252 13265 10877 6345 5628 12282 6345 6883 4550 12342 2762 11935 1775 8292 2349 13048 7803 16088 9151 2941 2502 9364 5988 5371 12400 8217 8667 10380 15608 12400 3149 5659 12892 8823 6814 8128 10589 1759 15113 6835 2911 11766 7573 16277 11191 5358 12841 13215 13504 5975 6861 10914 14970 10966 8619 5829 13183 16563 3594 4742 10759 2974 15916 13364 12982 10388 14408
15120 13319 4595 11879 6473 11812 12920 12765 9538 14240 10110 17219 6640 14176 8283 0 13333 9506 6476 13525 10262 4991 12159 9211 10334 14933 15693 7638 7625 13578 7864 8836 10272 3789 5072 6505 5205 7873 6070 4462 7336 12045 3735 4661 5645 9495 6862 14593 9764 6960 5466 11913 6209 10815 10405 6240 11684 3125 9276 3832 9659 5899 7466 5611 10728 11343 9770 5290 11776 2185 5516 9440 7061 4056 11110 8443 1558 12348 12954 13598 11630 13887 5387 3857 5530 2635 10745 17280 16044 5261 7708 8329 11859 5855 11553 6457 12644 12516 5909 15181 6760
2617 971 10682 9504 10483 2762 12095 14937 11002 922 10513 6881 8512 2499 9804 13333 0 7432 13370 5271 4327 18295 1472 10212 6019 5297 3366 20623 14462 8640 5865 8663 11666 10751 10189 13782 11465 15869 14643 14801 5998 16455 11232 14598 11008 8093 9096 4730 11752 12799 16238 12118 17574 11587 11320 17739 15482 10748 9032 10131 18293 18235 20069 13361 7660 4464 9201 16918 3174 14709 18145 8366 17347 14742 10763 9081 13822 11939 2699 9978 6909 4920 16328 13798 15498 15146 11510 5928 7674 14461 12112 20527 10569 7746 3898 8270 10931 6706 19241 2471 19968
10035 8103 5145 3121 10866 8170 15731 17507 3572 8219 13124 14023 2866 9656 11473 9506 7432 0 13141 11298 3165 14173 5982 12373 9730 12018 10784 15258 7381 13702 6784 1306 4283 9187 9581 6966 5282 15514 13774 8820 5158 18081 9698 8510 10788 670 9846 11460 13821 5813 14348 5064 15409 14282 13870 15492 17299 8557 1600 5692 17841 15374 14383 6838 11349 9219 1826 14538 8500 11565 15020 11058 10816 12709 13865 1812 10715 5074 5344 14638 2147 5013 10230 11986 13990 10153 4216 13273 14186 13210 4916 14517 14136 6878 3685 8576 4485 3065 14864 9903 14989
14105 12897 9748 16131 2888 10890 7288 6372 14615 14100 5068 14473 10661 13022 4105 6476 13370 13141 0 11002 12254 8607 12774 4465 7985 12483 14423 12556 13860 9451 7731 13057 15475 4044 3611 12703 10778 2533 1545 10933 8588 5611 3600 11114 2479 13436 4274 12380 4083 12871 3844 17021 5134 5230 4936 5356 5208 4861 13634 8323 4978 6522 12909 11789 7247 9583 14159 4952 10621 5313 6847 5861 13494 3346 5914 12864 5167 17333 14273 8877 14914 16020 11810 2834 2871 8922 15836 15068 12646 1966 13341 14014 6770 6479 13472 5220 17261 15609 9663 14286 11303
4037 4308 12617 13986 8370 3165 7360 10541 14710 5328 6682 3703 11144 3156 6905 13525 5271 11298 11002 0 8264 18024 6061 6801 3253 1493 3969 21163 17166 3495 5982 12275 15517 9993 8925 16238 13684 13207 12508 16387 7350 12473 10307 16297 9189 11953 7209 1419 8061 15529 14586 16341 15954 7492 7370 16159 11469 10435 12790 11512 15438 17039 20930 15581 3824 2341 13113 15526 2802 14173 17149 5146 19212 13409 6528 12542 13412 16285 7826 4910 11509 10124 17858 12472 13679 15902 15505 4068 2926 12622 15153 21661 6052 7811 8511 7137 15455 11550 19079 4322 20229
6901 4947 6767 5733 9595 5103 13443 15631 6729 5165 11100 10862 4406 6491 9715 10262 4327 3165 12254 8264 0 15223 2857 10478 7156 8892 7647 17010 10173 10940 4811 4349 7447 8710 8667 9552 7375 14763 13199 10856 3668 16574 9242 10611 9778 3835 8346 8327 12022 8520 14269 8106 15491 12272 11897 15616 15701 8358 4753 6597 17190 15797 16312 9210 8885 6343 4981 14703 5467 12028 15568 8901 13236 12647 11699 4755 11126 8026 2772 12008 3372 3816 12363 11788 13718 11606 7353 10112 11109 12791 7794 16638 11826 5795 1307 7148 7201 3701 16064 6785 16521
19982 18238 9040 16166 10062 16633 15879 14708 13438 19195 13419 21722 11358 19003 11900 4991 18295 14173 8607 18024 15223 0 17145 12634 14773 19484 20522 4073 10128 17480 12684 13315 14002 8035 9127 9302 9213 8512 7357 6515 12305 13201 7723 6889 9156 14052 10922 19201 12641 10239 5253 15611 4751 13787 13452 4592 13219 7709 13659 8675 9096 3215 4774 8648 14804 15979 14104 4184 16555 3856 2534 13404 7470 5268 14359 12855 4626 16123 17934 17194 16319 18778 6159 5979 6069 4223 14538 21933 20307 6675 11256 6012 15196 10675 16503 10898 16673 17232 1082 20062 2747
4053 2153 9285 8190 9917 3052 12336 14970 9554 2343 10451 8168 7069 3747 9489 12159 1472 5982 12774 6061 2857 17145 0 10030 6026 6379 4802 19326 12993 9201 5074 7200 10236 9836 9419 12324 10033 15302 13958 13408 4861 16300 10340 13195 10343 6646 8542 5804 11598 11331 15403 10751 16712 11578 11268 16866 15353 9734 7580 8816 17744 17270 18732 11918 7767 4694 7766 16013 3491 13653 17138 8235 15917 13858 10832 7612 12755 10600 1858 10453 5616 4151 14932 12930 14715 13856 10098 7314 8711 13703 10639 19156 10754 6786 2563 7573 9639 5532 18064 3930 18716
10341 9531 10721 15493 2740 7486 3827 5167 14813 10776 920 10096 10611 9268 1018 9211 10212 12373 4465 6801 10478 12634 10030 0 4238 8234 10525 16349 15412 4993 5702 12737 15711 5503 4230 14282 11894 6442 6010 13271 7222 6271 5477 13337 3605 12852 2788 8216 1572 14065 8282 17047 9596 1945 1514 9816 5325 6356 13345 9235 8638 10923 16472 13416 2978 5891 13830 9353 7121 8923 11182 1854 16093 7469 1915 12725 8422 17223 11786 4560 13668 13877 14474 6663 7317 11846 15937 10808 8195 6331 14193 17452 2650 5718 11467 3955 16833 14155 13715 10566 15195
6176 5299 9920 12726 5221 3266 6365 8960 12812 6544 4495 6950 8856 5092 4008 10334 6019 9730 7985 3253 7156 14773 6026 4238 0 4728 6446 17961 14627 4051 3287 10457 13678 6747 5673 13617 11053 10334 9441 13452 4935 10441 7053 13398 5996 10326 3986 4507 5748 13052 11427 14749 12800 5583 5303 12998 9464 7222 11033 8667 12674 13827 17776 12884 1764 1661 11442 12331 2886 10920 13917 2386 16313 10192 4808 10610 10165 14800 7860 4909 10522 10082 14881 9248 10546 12773 13771 7252 5743 9482 12845 18551 4759 4791 7880 3900 14165 10821 15830 6382 17003
3380 4344 13788 14526 9862 3897 8417 11691 15517 5093 8054 2303 12162 2841 8381 14933 5297 12018 12483 1493 8892 19484 6379 8234 4728 0 3057 22570 18236 4380 7260 13082 16288 11449 10400 17351 14818 14661 13993 17649 8497 13728 11774 17541 10681 12685 8697 576 9434 16581 16078 16995 17446 8788 8704 17651 12728 11862 13563 12757 16866 18530 22304 16733 5272 3616 13844 17018 3652 15636 18637 6622 20447 14899 7808 13392 14865 16893 7983 5804 11979 10214 19136 13961 15170 17267 16231 2586 2380 14114 16134 23007 7250 9160 8929 8587 15986 11906 20535 3681 21657
750 2730 13646 12837 11611 3889 11316 14509 14356 2721 10534 3782 11637 1519 10438 15693 3366 10784 14423 3969 7647 20522 4802 10525 6446 3057 0 23215 17680 7353 7843 11996 15030 12607 11769 16937 14528 16777 15855 17715 8558 16407 13020 17546 12319 11448 10294 2687 11898 16010 17748 15474 19118 11416 11262 19306 15405 12817 12383 12892 19099 20012 22780 16449 7585 4846 12563 18577 3988 16765 20023 8736 20371 16401 10466 12396 15922 15282 5916 8786 10240 7905 19239 15443 16905 17767 14876 2614 5221 15840 15381 23339 10019 9857 7258 9825 14247 9964 21527 937 22442
22606 20730 10286 16570 13672 19361 19764 18751 13565 21544 17181 24857 12720 21707 15532 7638 20623 15258 12556 21163 17010 4073 19326 16349 17961 22570 23215 0 9379 21033 15444 14162 13899 11289 12510 8970 9976 12584 11385 6484 14697 17274 11095 6827 12771 14966 14335 22225 16515 10145 9325 15353 8762 17650 17293 8585 17284 10739 14348 10511 13067 7134 1333 8668 18246 18974 14697 8251 19356 7428 6487 16896 5693 9214 18150 13644 7969 15916 19782 20885 17341 20193 5275 9810 10126 5477 14458 24898 23647 10668 11259 2405 18967 13456 18201 14069 16726 18270 3187 22643 1350
16952 14952 4766 7597 12934 14388 19230 19832 4541 15328 16323 20453 6093 16359 14395 7625 14462 7381 13860 17166 10173 10128 12993 15412 14627 18236 17680 9379 0 18592 11357 6079 4649 10204 11323 1160 3596 15487 13665 3648 9828 19468 10472 3294 12344 6845 12644 17735 16417 1672 12982 5996 13471 17288 16848 13443 18988 9287 5971 6200 17254 12636 8197 2072 15772 14840 6123 12565 14588 9610 12044 14878 3897 11671 17281 5571 9171 6567 12684 19097 9077 12277 4197 11452 13144 6141 5200 19971 20066 12868 2474 7907 17858 10053 11001 11631 7473 9941 10337 16875 9649
7508 7702 13846 16627 7418 6150 4060 7380 16855 8791 4444 5567 12902 6651 5591 13578 8640 13702 9451 3495 10940 17480 9201 4993 4051 4380 7353 21033 18592 0 7319 14484 17717 9797 8538 17551 15001 11241 10993 17147 8984 9546 9944 17134 8325 14317 6722 4668 5719 17046 13275 18749 14585 4819 4869 14807 8561 10485 15053 12514 13211 15911 21021 16782 2894 4617 15447 14342 5714 13679 16153 4144 20022 12414 3852 14652 13067 18776 11040 1433 14302 13347 18510 11565 12310 16156 17795 6630 3387 11322 16877 21907 3114 8588 11454 7264 18083 14486 18562 7799 19948
7299 5626 6690 9882 4920 3955 8948 10869 9627 6702 6387 9561 5587 6324 4906 7864 5865 6784 7731 5982 4811 12684 5074 5702 3287 7260 7843 15444 11357 7319 0 7341 10509 4899 4352 10367 7800 10264 8884 10406 1699 11764 5370 10315 5278 7322 3593 6854 7227 9771 10378 11677 11710 7557 7161 11874 10890 4994 7937 5531 12709 12390 15099 9661 4672 3657 8382 11055 3915 8965 12328 4275 13230 8877 7088 7439 8103 11781 6547 8038 7967 8404 11884 7932 9660 10057 10644 9469 8796 8638 9561 15763 7357 2014 5897 2512 11269 8461 13684 7386 14622
11249 9292 4299 3123 10989 9198 16242 17803 2438 9472 13536 15143 2410 10818 11793 8836 8663 1306 13057 12275 4349 13315 7200 12737 10457 13082 11996 14162 6079 14484 7341 0 3251 9030 9590 5698 4216 15338 13551 7689 5651 18204 9515 7363 10803 813 10093 12532 14120 4528 13915 4339 14900 14672 14248 14967 17470 8308 608 5136 17600 14735 13241 5629 11996 10113 1114 14008 9500 10964 14338 11564 9565 12295 14334 532 10152 4486 6645 15337 3189 6257 9056 11640 13640 9203 3314 14448 15188 12931 3611 13322 14673 7078 4978 8834 4214 4114 13949 11129 13963
14280 12373 5835 3083 13730 12420 19321 20671 898 12413 16547 18306 5100 13934 14734 10272 11666 4283 15475 15517 7447 14002 10236 15711 13678 16288 15030 13899 4649 17717 10509 3251 0 11447 12222 4936 5067 17569 15731 7631 8810 20856 11875 7253 13412 3613 12987 15733 17018 3815 15685 1644 16479 17656 17224 16505 20191 10616 2729 7166 19679 16003 12775 5396 15179 13363 2470 15559 12733 12454 15503 14664 8545 14148 17389 3072 11768 2123 9374 18537 5156 8362 8627 13648 15583 9784 559 17543 18424 15027 2749 12550 17778 9994 7814 11761 2835 5864 14418 14134 14012
12120 10521 5799 12122 2813 8747 9291 9629 10580 11599 6417 13695 6626 11098 4536 3789 10751 9187 4044 9993 8710 8035 9836 5503 6747 11449 12607 11289 10204 9797 4899 9030 11447 0 1290 9048 6892 6329 4598 7784 5125 9457 533 7870 2141 9441 3076 11168 6271 9044 5598 12981 6882 7233 6805 7031 8871 917 9601 4330 8662 7490 11225 8148 6967 7958 10127 6179 8619 4197 7439 5655 10592 4023 7417 8824 3418 13289 11058 9814 11059 12526 8971 3110 5008 6402 11798 13904 12368 4100 9408 12116 8130 3054 9994 2863 13226 11812 9086 12231 10278
11331 9858 6770 12616 1611 7976 8037 8576 11338 10994 5148 12611 7237 10281 3252 5072 10189 9581 3611 8925 8667 9127 9419 4230 5673 10400 11769 12510 11323 8538 4352 9590 12222 1290 0 10174 7908 6099 4571 9041 5000 8643 1420 9113 1213 9912 1825 10156 5095 10081 6058 13702 7410 6007 5573 7585 7971 2127 10183 5270 8524 8245 12485 9287 5737 7009 10703 6818 7797 5271 8282 4394 11864 4635 6145 9447 4570 13970 10801 8526 11310 12455 10252 3678 5311 7690 12535 12903 11193 4286 10355 13393 6846 2875 9905 1956 13804 11999 10194 11467 11464
16220 14217 3706 7660 11786 13537 18104 18675 4614 14667 15195 19591 5300 15578 13265 6505 13782 6966 12703 16238 9552 9302 12324 14282 13617 17351 16937 8970 1160 17551 10367 5698 4936 9048 10174 0 2567 14353 12526 2793 8888 18310 9312 2416 11188 6500 11520 16863 15270 1219 11899 6444 12436 16149 15710 12417 17828 8131 5705 5096 16152 11669 7876 914 14713 13902 5951 11523 13716 8529 11097 13787 3880 10558 16157 5169 8057 6993 12160 18022 8827 11955 3695 10315 12032 5196 5495 19166 19122 11733 2321 7763 16745 8985 10476 10529 7757 9726 9604 16158 9088
13825 11829 1179 6953 9511 11034 15696 16480 4355 12369 12798 17071 2975 13134 10877 5205 11465 5282 10778 13684 7375 9213 10033 11894 11053 14818 14528 9976 3596 15001 7800 4216 5067 6892 7908 2567 0 12689 10841 3556 6335 16323 7235 3271 9002 5006 9111 14338 12974 2177 10636 6709 11412 13796 13355 11439 15762 5990 4482 2662 14704 10972 9114 1927 12176 11346 4904 10492 11195 7387 10498 11292 5884 9128 13741 3715 6712 7154 10094 15502 7373 10249 5019 8693 10581 5030 5547 16691 16561 10099 2583 9317 14295 6459 8437 8059 7532 8302 9782 13783 9747
16499 15368 11753 18443 5393 13344 8343 6372 16734 16581 6807 16531 12929 15414 6345 7873 15869 15514 2533 13207 14763 8512 15302 6442 10334 14661 16777 12584 15487 11241 10264 15338 17569 6329 6099 14353 12689 0 1848 12254 11095 4690 5828 12493 5006 15769 6778 14611 5537 14683 3260 19155 4056 6568 6412 4278 4765 7035 15900 10414 2445 5720 13183 13448 9390 11966 16426 4351 13055 6135 6248 8082 14547 3920 7448 15106 6356 19502 16806 10427 17348 18540 12883 4040 2569 9968 17964 17241 14565 2620 15272 14376 8280 8974 15992 7753 19514 18067 9462 16693 11253
15511 14223 9910 16664 4248 12246 8686 7368 14900 15406 6596 16004 11141 14432 5628 6070 14643 13774 1545 12508 13199 7357 13958 6010 9441 13993 15855 11385 13665 10993 8884 13551 15731 4598 4571 12526 10841 1848 0 10491 9543 6133 4078 10715 3636 14005 5602 13874 5546 12839 2343 17321 3597 6681 6416 3821 5967 5244 14104 8583 4067 5037 11849 11618 8776 11009 14630 3482 12000 4477 5412 7378 12873 2282 7414 13304 4585 17675 15371 10393 15656 17003 11196 2215 1375 8276 16131 16576 14190 824 13425 13001 8271 7410 14455 6392 17710 16401 8383 15681 10093
17041 15071 4123 10128 10596 14036 17073 17178 7184 15718 14189 19943 6459 16264 12282 4462 14801 8820 10933 16387 10856 6515 13408 13271 13452 17649 17715 6484 3648 17147 10406 7689 7631 7784 9041 2793 3556 12254 10491 0 9226 16507 7905 380 9858 8496 10653 17215 14023 3817 9525 9192 9904 15014 14587 9861 16140 6914 7865 4894 13840 9000 5564 2245 14254 14062 8218 9011 14132 6186 8400 13134 2874 8351 15185 7167 5906 9727 13604 17400 10875 13803 1528 8293 9797 2513 8183 19718 19157 9671 4900 5783 15867 8661 11964 9893 10405 11802 6818 17027 6416
7923 6034 5292 8275 5978 4811 10606 12372 7928 6907 7966 10769 3924 7074 6345 7336 5998 5158 8588 7350 3668 12305 4861 7222 4935 8497 8558 14697 9828 8984 1699 5651 8810 5125 5000 8888 6335 11095 9543 9226 0 13087 5650 9090 6115 5666 4804 8032 8694 8208 10721 9989 11988 9125 8714 12128 12258 4908 6249 4351 13523 12447 14225 8241 6370 5016 6704 11245 4914 8795 12292 5925 11977 9128 8718 5740 7896 10107 5939 9734 6527 7460 10739 8232 10118 9229 8948 10492 10239 9163 7927 14785 9027 2133 4912 3556 9635 7119 13244 7949 13993
16336 15733 15253 21172 7223 13707 5645 2458 19975 16975 5963 15110 15875 15298 6883 12045 16455 18081 5611 12473 16574 13201 16300 6271 10441 13728 16407 17274 19468 9546 11764 18204 20856 9457 8643 18310 16323 4690 6133 16507 13087 0 9089 16701 7445 18471 8283 13864 4709 18445 7951 22345 8649 4993 5180 8858 1003 10341 18802 13787 5019 10331 17863 17396 8911 12055 19318 9032 13321 10608 10897 8095 18982 8411 5945 18082 10647 22611 18045 8307 19613 20096 17300 8244 7209 14384 21176 16144 12879 6949 18861 19048 6488 11203 17639 9541 22409 20186 14143 16587 15941
12548 10980 6172 12616 2742 9176 9214 9372 11016 12072 6379 14002 7108 11516 4550 3735 11232 9698 3600 10307 9242 7723 10340 5477 7053 11774 13020 11095 10472 9944 5370 9515 11875 533 1420 9312 7235 5828 4078 7905 5650 9089 0 8015 1954 9942 3243 11512 6119 9367 5078 13424 6373 7127 6707 6527 8539 1263 10082 4727 8145 7029 11091 8405 7156 8326 10608 5688 9033 3868 7006 5803 10673 3519 7380 9297 3150 13742 11580 9885 11582 13058 9030 2594 4477 6369 12238 14254 12611 3568 9777 12021 8124 3566 10525 3219 13703 12339 8786 12666 10044
16866 14889 3917 9766 10682 13896 17150 17325 6812 15512 14257 19831 6207 16104 12342 4661 14598 8510 11114 16297 10611 6889 13195 13337 13398 17541 17546 6827 3294 17134 10315 7363 7253 7870 9113 2416 3271 12493 10715 380 9090 16701 8015 0 9964 8173 10691 17100 14127 3438 9809 8812 10219 15103 14674 10181 16316 6986 7525 4787 14117 9343 5879 1872 14243 13966 7870 9321 14003 6456 8749 13148 2918 8602 15250 6839 6137 9348 13349 17418 10552 13504 1753 8510 10056 2849 7805 19580 19086 9899 4525 6046 15919 8610 11701 9894 10030 11477 7197 16846 6786
11938 10596 7886 13829 907 8637 7277 7492 12530 11773 4482 12815 8445 10866 2762 5645 11008 10788 2479 9189 9778 9156 10343 3605 5996 10681 12319 12771 12344 8325 5278 10803 13412 2141 1213 11188 9002 5006 3636 9858 6115 7445 1954 9964 0 11124 2027 10497 4165 11165 5439 14902 6812 5179 4764 7007 6797 3058 11395 6395 7448 7851 12870 10288 5693 7485 11915 6339 8409 5367 7986 4273 12624 4228 5479 10657 4822 15176 11808 8114 12495 13541 10977 3309 4587 8276 13732 13236 11221 3523 11487 13848 6252 4021 10993 2770 15017 13169 10237 12096 11646
10698 8771 5016 2706 11248 8832 16266 17966 2909 8871 13622 14693 2921 10325 11935 9495 8093 670 13436 11953 3835 14052 6646 12852 10326 12685 11448 14966 6845 14317 7322 813 3613 9441 9912 6500 5006 15769 14005 8496 5666 18471 9942 8173 11124 0 10277 12127 14278 5320 14474 4434 15496 14773 14357 15570 17708 8766 947 5732 18066 15388 14051 6442 11924 9858 1161 14613 9158 11597 15008 11587 10371 12843 14384 1344 10766 4476 5954 15231 2379 5457 9868 12154 14158 9968 3554 13941 14846 13413 4371 14135 14679 7282 4314 9008 3981 3306 14705 10563 14751
9921 8632 7937 12959 1386 6645 6588 7711 12089 9829 3686 10868 7890 8847 1775 6862 9096 9846 4274 7209 8346 10922 8542 2788 3986 8697 10294 14335 12644 6722 3593 10093 12987 3076 1825 11520 9111 6778 5602 10653 4804 8283 3243 10691 2027 10277 0 8493 4035 11280 7465 14364 8838 4715 4275 9032 7464 3804 10700 6455 9212 9840 14299 10665 3912 5458 11200 8347 6401 7071 9940 2579 13508 6206 4637 10043 6391 14568 10115 6777 11330 11996 11931 5265 6611 9458 13235 11237 9386 5546 11408 15191 5245 3016 9478 1270 14251 11913 11994 10086 13286
2919 3774 13322 13953 9701 3366 8655 11888 14966 4554 8100 2736 11653 2294 8292 14593 4730 11460 12380 1419 8327 19201 5804 8216 4507 576 2687 22225 17735 4668 6854 12532 15733 11168 10156 16863 14338 14611 13874 17215 8032 13864 11512 17100 10497 12127 8493 0 9479 16076 15918 16428 17289 8893 8781 17490 12861 11546 13009 12321 16853 18333 21933 16257 5238 3251 13285 16835 3148 15364 18420 6537 20000 14699 7923 12849 14577 16324 7413 6100 11404 9650 18710 13755 15023 16892 15671 2747 2944 13962 15613 22616 7414 8787 8354 8306 15413 11330 20246 3219 21334
11761 11047 11818 16941 3485 9011 3249 3688 16121 12291 1380 11129 11924 10700 2349 9764 11752 13821 4083 8061 12022 12641 11598 1572 5748 9434 11898 16515 16417 5719 7227 14120 17018 6271 5095 15270 12974 5537 5546 14023 8694 4709 6119 14127 4165 14278 4035 9479 0 15150 7888 18399 9113 1148 883 9340 3755 7177 14728 10317 7515 10581 16763 14382 4315 7381 15223 9018 8633 9124 10927 3387 16782 7376 1915 14078 8762 18599 13358 4908 15180 15447 15128 6705 6916 12377 17270 11968 9076 6049 15360 17808 2761 7049 13029 5286 18257 15688 13708 11997 15298
15282 13281 3344 6451 11686 12725 17861 18649 3420 13669 14966 18791 4427 14687 13048 6960 12799 5813 12871 15529 8520 10239 11331 14065 13052 16581 16010 10145 1672 17046 9771 4528 3815 9044 10081 1219 2177 14683 12839 3817 8208 18445 9367 3438 11165 5320 11280 16076 15150 0 12422 5384 13066 15970 15530 13066 17905 8135 4503 4838 16601 12423 9075 1594 14255 13210 4735 12146 12931 9082 11883 13420 5089 10995 15905 4004 8514 5914 11069 17602 7627 10777 4874 10652 12466 6048 4368 18300 18436 12071 1115 8981 16446 8571 9384 10209 6605 8521 10616 15206 10205
17347 15915 9892 17030 6218 14013 11021 9510 14916 17051 8912 18155 11553 16283 7803 5466 16238 14348 3844 14586 14269 5253 15403 8282 11427 16078 17748 9325 12982 13275 10378 13915 15685 5598 6058 11899 10636 3260 2343 9525 10721 7951 5078 9809 5439 14474 7465 15918 7888 12422 0 17318 1373 9024 8756 1573 7978 5927 14420 8784 4323 2695 9932 11029 10940 12922 14936 1155 13811 3372 3099 9520 11569 1643 9749 13592 3927 17729 16656 12720 16363 18079 9945 2489 974 7092 16138 18647 16417 1975 13168 11134 10606 8643 15564 8007 17928 17177 6219 17495 7997
14728 12904 7449 2739 15176 13194 20580 22072 2422 12789 17859 18911 6492 14496 16088 11913 12118 5064 17021 16341 8106 15611 10751 17047 14749 16995 15474 15353 5996 18749 11677 4339 1644 12981 13702 6444 6709 19155 17321 9192 9989 22345 13424 8812 14902 4434 14364 16428 18399 5384 17318 0 18121 18987 18560 18148 21655 12169 3740 8741 21289 17645 14190 6977 16320 14283 3307 17202 13539 14096 17142 15903 9868 15774 18668 4323 13405 577 9638 19646 5272 8261 10105 15257 17203 11400 1191 18044 19210 16629 4358 13882 19013 11351 8221 13118 1735 5770 16000 14554 15530
18714 17267 10765 17996 7588 15375 12180 10428 15745 18395 10192 19515 12578 17651 9151 6209 17574 15409 5134 15954 15491 4751 16712 9596 12800 17446 19118 8762 13471 14585 11710 14900 16479 6882 7410 12436 11412 4056 3597 9904 11988 8649 6373 10219 6812 15496 8838 17289 9113 13066 1373 18121 0 10234 9990 229 8813 7133 15382 9769 4349 1683 9525 11601 12294 14294 15890 922 15177 4025 2281 10877 11675 2861 10999 14549 4761 18556 17926 13984 17461 19290 10121 3783 2290 7402 16954 20017 17755 3334 13884 10760 11856 9935 16792 9362 18827 18295 5580 18860 7412
11346 10819 12627 17400 4421 8826 2123 3397 16758 12053 1173 10335 12556 10313 2941 10815 11587 14282 5230 7492 12272 13787 11578 1945 5583 8788 11416 17650 17288 4819 7557 14672 17656 7233 6007 16149 13796 6568 6681 15014 9125 4993 7127 15103 5179 14773 4715 8893 1148 15970 9024 18987 10234 0 441 10462 3991 8123 15280 11134 8410 11718 17882 15273 3952 7138 15763 10158 8422 10249 12071 3391 17799 8523 987 14667 9862 19159 13385 3866 15516 15546 16156 7843 8054 13440 17881 11265 8205 7196 16122 18917 1734 7664 13200 5900 18752 15968 14855 11599 16439
11166 10571 12186 16989 3992 8561 2517 3741 16325 11810 817 10328 12123 10121 2502 10405 11320 13870 4936 7370 11897 13452 11268 1514 5303 8704 11262 17293 16848 4869 7161 14248 17224 6805 5573 15710 13355 6412 6416 14587 8714 5180 6707 14674 4764 14357 4275 8781 883 15530 8756 18560 9990 441 0 10217 4187 7691 14856 10693 8344 11447 17506 14835 3731 6889 15340 9881 8165 9880 11782 3048 17378 8197 1036 14239 9475 18735 13064 4025 15126 15207 15737 7493 7783 13033 17451 11211 8241 6898 15682 18532 1877 7230 12843 5465 18336 15589 14524 11413 16090
18898 17440 10812 18056 7791 15556 12408 10650 15778 18563 10416 19725 12655 17837 9364 6240 17739 15492 5356 16159 15616 4592 16866 9816 12998 17651 19306 8585 13443 14807 11874 14967 16505 7031 7585 12417 11439 4278 3821 9861 12128 8858 6527 10181 7007 15570 9032 17490 9340 13066 1573 18148 229 10462 10217 0 9031 7259 15442 9839 4504 1479 9366 11589 12506 14486 15949 959 15361 4056 2098 11088 11586 3008 11225 14609 4817 18587 18066 14210 17552 19410 10045 3942 2505 7354 16983 20220 17972 3542 13896 10604 12082 10085 16918 9540 18872 18391 5400 19042 7234
15336 14751 14667 20403 6485 12730 4709 1733 19305 15991 4977 14127 15169 14300 5988 11684 15482 17299 5208 11469 15701 13219 15353 5325 9464 12728 15405 17284 18988 8561 10890 17470 20191 8871 7971 17828 15762 4765 5967 16140 12258 1003 8539 16316 6797 17708 7464 12861 3755 17905 7978 21655 8813 3991 4187 9031 0 9773 18072 13184 5548 10483 17804 16916 7917 11070 18583 9100 12340 10393 11011 7132 18690 8242 4942 17369 10349 21904 17111 7343 18782 19184 17006 7964 7159 14105 20495 15150 11906 6756 18274 18965 5491 10428 16744 8731 21664 19334 14197 15588 15966
12290 10600 4913 11421 3705 8931 10164 10546 9758 11622 7275 14136 5898 11299 5371 3125 10748 8557 4861 10435 8358 7709 9734 6356 7222 11862 12817 10739 9287 10485 4994 8308 10616 917 2127 8131 5990 7035 5244 6914 4908 10341 1263 6986 3058 8766 3804 11546 7177 8135 5927 12169 7133 8123 7691 7259 9773 0 8866 3464 9301 7541 10591 7231 7619 8304 9392 6356 8846 3975 7407 6364 9743 4294 8271 8072 3109 12494 10829 10581 10499 12160 8142 3473 5461 5670 10982 14259 12921 4653 8520 11431 8962 3011 9659 3334 12479 11286 8729 12381 9796
11634 9698 4699 2614 11590 9692 16845 18411 1976 9816 14143 15596 2975 11243 12400 9276 9032 1600 13634 12790 4753 13659 7580 13345 11033 13563 12383 14348 5971 15053 7937 608 2729 9601 10183 5705 4482 15900 14104 7865 6249 18802 10082 7525 11395 947 10700 13009 14728 4503 14420 3740 15382 15280 14856 15442 18072 8866 0 5636 18147 15172 13387 5734 12585 10652 526 14484 10005 11422 14759 12166 9585 12807 14939 834 10625 3879 6898 15920 3125 6306 9180 12171 14166 9507 2744 14865 15695 13474 3501 13413 15274 7685 5261 9441 3628 4021 14259 11502 14203
12239 10303 1502 8246 6864 9158 13042 13846 6322 11053 10140 15050 2830 11419 8217 3832 10131 5692 8323 11512 6597 8675 8816 9235 8667 12757 12892 10511 6200 12514 5531 5136 7166 4330 5270 5096 2662 10414 8583 4894 4351 13787 4727 4787 6395 5732 6455 12321 10317 4838 8784 8741 9769 11134 10693 9839 13184 3464 5636 0 12580 9682 9940 4281 9651 9180 6153 8882 9242 5874 9335 8692 7700 7173 11089 4809 5035 9092 9352 12935 7805 10104 6396 6564 8547 5048 7551 14834 14316 7906 5093 10449 11658 3926 7854 5434 9176 8686 9480 12246 9943
18849 17773 13845 20718 7830 15739 9898 7281 18869 18993 8865 18639 15192 17765 8667 9659 18293 17841 4978 15438 17190 9096 17744 8638 12674 16866 19099 13067 17254 13211 12709 17600 19679 8662 8524 16152 14704 2445 4067 13840 13523 5019 8145 14117 7448 18066 9212 16853 7515 16601 4323 21289 4349 8410 8344 4504 5548 9301 18147 12580 0 5933 13870 15267 11615 14321 18672 5055 15439 7662 6588 10368 15869 5607 9361 17340 8101 21662 19251 12250 19717 20975 14258 6032 4135 11415 20100 19430 16584 4676 17275 15107 10143 11396 18426 10198 21740 20453 9881 19051 11717
19562 18008 10481 17771 8695 16195 13713 12082 15326 19088 11582 20662 12510 18520 10380 5899 18235 15374 6522 17039 15797 3215 17270 10923 13827 18530 20012 7134 12636 15911 12390 14735 16003 7490 8245 11669 10972 5720 5037 9000 12447 10331 7029 9343 7851 15388 9840 18333 10581 12423 2695 17645 1683 11718 11447 1479 10483 7541 15172 9682 5933 0 7966 10889 13486 15243 15663 1572 16035 3819 684 12059 10468 3634 12434 14340 4700 18112 18350 15396 17480 19544 9001 4583 3665 6495 16504 21077 18997 4593 13325 9211 13291 10499 17103 10189 18489 18349 3948 19688 5785
22148 20234 9547 15524 13755 18965 20005 19205 12489 20991 17333 24603 11956 21285 15608 7466 20069 14383 12909 20930 16312 4774 18732 16472 17776 22304 22780 1333 8197 21021 15099 13241 12775 11225 12485 7876 9114 13183 11849 5564 14225 17863 11091 5879 12870 14051 14299 21933 16763 9075 9932 14190 9525 17882 17506 9366 17804 10591 13387 9940 13870 7966 0 7661 18187 18692 13710 8921 18989 7642 7293 16877 4424 9609 18319 12716 8052 14758 19078 20963 16430 19363 4216 10101 10660 5042 13334 24568 23501 11092 10189 1249 19114 13148 17465 13918 15609 17355 4084 22167 2359
15743 13744 2972 7906 10897 12959 17241 17771 4940 14259 14332 18991 4850 15059 12400 5611 13361 6838 11789 15581 9210 8648 11918 13416 12884 16733 16449 8668 2072 16782 9661 5629 5396 8148 9287 914 1927 13448 11618 2245 8241 17396 8405 1872 10288 6442 10665 16257 14382 1594 11029 6977 11601 15273 14835 11589 16916 7231 5734 4281 15267 10889 7661 0 13928 13240 6049 10684 13117 7663 10334 12968 4031 9667 15299 5098 7167 7503 11885 17216 8812 11852 3448 9409 11142 4468 5946 18618 18444 10828 2657 7693 15900 8198 10210 9702 8160 9730 9025 15696 8658
7450 6871 11011 14388 4809 4901 4601 7277 14299 8102 2965 7229 10231 6396 3149 10728 7660 11349 7247 3824 8885 14804 7767 2978 1764 5272 7585 18246 15772 2894 4672 11996 15179 6967 5737 14713 12176 9390 8776 14254 6370 8911 7156 14243 5693 11924 3912 5238 4315 14255 10940 16320 12294 3952 3731 12506 7917 7619 12585 9651 11615 13486 18187 13928 0 3197 13015 11939 4486 10965 13661 1427 17128 9897 3103 12109 10302 16400 9610 3374 12241 11843 15616 8997 10005 13286 15306 7854 5528 8965 14148 19050 2996 5731 9640 4371 15813 12565 15880 7691 17197
4533 3683 10276 12059 6764 1713 7673 10474 12533 4922 6093 5918 8847 3448 5659 11343 4464 9219 9583 2341 6343 15979 4694 5891 1661 3616 4846 18974 14840 4617 3657 10113 13363 7958 7009 13902 11346 11966 11009 14062 5016 12055 8326 13966 7485 9858 5458 3251 7381 13210 12922 14283 14294 7138 6889 14486 11070 8304 10652 9180 14321 15243 18692 13240 3197 0 11009 13780 1290 12155 15291 4042 16879 11615 6299 10344 11353 14272 6552 5787 9693 8836 15540 10661 12067 13653 13389 5957 5227 11002 12864 19391 6119 5545 6842 5107 13523 9869 17017 4731 18086
11813 9902 5183 2110 12103 9993 17308 18908 1843 9958 14622 15843 3501 11465 12892 9770 9201 1826 14159 13113 4981 14104 7766 13830 11442 13844 12563 14697 6123 15447 8382 1114 2470 10127 10703 5951 4904 16426 14630 8218 6704 19318 10608 7870 11915 1161 11200 13285 15223 4735 14936 3307 15890 15763 15340 15949 18583 9392 526 6153 18672 15663 13710 6049 13015 11009 0 14990 10319 11923 15242 12627 9823 13326 15408 1344 11131 3404 6965 16339 2966 6196 9495 12693 14687 9934 2393 15073 16007 13999 3683 13696 15731 8186 5368 9938 3104 3818 14685 11670 14586
18148 16647 9855 17097 7164 14792 12167 10651 14828 17754 10011 19131 11699 17095 8823 5290 16918 14538 4952 15526 14703 4184 16013 9353 12331 17018 18577 8251 12565 14342 11055 14008 15559 6179 6818 11523 10492 4351 3482 9011 11245 9032 5688 9321 6339 14613 8347 16835 9018 12146 1155 17202 922 10158 9881 959 9100 6356 14484 8882 5055 1572 8921 10684 11939 13780 14990 0 14614 3106 1945 10514 10853 2185 10865 13650 3859 17638 17179 13825 16603 18490 9275 3141 2107 6518 16035 19575 17442 3022 12962 10141 11722 9227 16007 8772 17916 17445 5111 18284 6912
3537 2414 10192 11196 7756 441 8947 11763 11937 3657 7365 5877 8511 2485 6814 11776 3174 8500 10621 2802 5467 16555 3491 7121 2886 3652 3988 19356 14588 5714 3915 9500 12733 8619 7797 13716 11195 13055 12000 14132 4914 13321 9033 14003 8409 9158 6401 3148 8633 12931 13811 13539 15177 8422 8165 15361 12340 8846 10005 9242 15439 16035 18989 13117 4486 1290 10319 14614 0 12783 16038 5267 16891 12433 7589 9785 11945 13485 5340 6965 8744 7641 15638 11475 12991 13951 12711 5597 5691 11930 12485 19618 7404 5922 5792 5847 12664 8838 17569 3687 18536
16253 14575 6765 14032 6273 12886 12369 11674 11723 15590 9753 17869 8704 15250 8128 2185 14709 11565 5313 14173 12028 3856 13653 8923 10920 15636 16765 7428 9610 13679 8965 10964 12454 4197 5271 8529 7387 6135 4477 6186 8795 10608 3868 6456 5367 11597 7071 15364 9124 9082 3372 14096 4025 10249 9880 4056 10393 3975 11422 5874 7662 3819 7642 7663 10965 12155 11923 3106 12783 0 3540 9575 8415 2220 10724 10588 904 14533 14631 13469 13664 15749 6748 2479 3622 3834 12929 18101 16456 3659 9870 8715 11539 6985 13333 7058 14822 14531 4924 16349 6280
19553 17954 10060 17347 8854 16181 14096 12582 14844 19010 11876 20797 12154 18522 10589 5516 18145 15020 6847 17149 15568 2534 17138 11182 13917 18637 20023 6487 12044 16153 12328 14338 15503 7439 8282 11097 10498 6248 5412 8400 12292 10897 7006 8749 7986 15008 9940 18420 10927 11883 3099 17142 2281 12071 11782 2098 11011 7407 14759 9335 6588 684 7293 10334 13661 15291 15242 1945 16038 3540 0 12235 9803 3765 12753 13929 4442 17618 18161 15692 17140 19287 8353 4680 4041 5907 16011 21167 19185 4888 12807 8537 13608 10399 16873 10204 18027 18019 3302 19669 5137
8519 7678 10115 14157 3384 5634 4681 6783 13771 8922 2232 8638 9611 7441 1759 9440 8366 11058 5861 5146 8901 13404 8235 1854 2386 6622 8736 16896 14878 4144 4275 11564 14664 5655 4394 13787 11292 8082 7378 13134 5925 8095 5803 13148 4273 11587 2579 6537 3387 13420 9520 15903 10877 3391 3048 11088 7132 6364 12166 8692 10368 12059 16877 12968 1427 4042 12627 10514 5267 9575 12235 0 16002 8470 2818 11616 8936 16031 10020 4271 12179 12160 14452 7574 8590 12030 14838 9208 6952 7546 13409 17769 3115 4853 9810 3272 15543 12601 14482 8738 15827
19679 17689 6730 11450 13393 16772 19877 19821 8383 18252 17008 22734 8855 18949 15113 7061 17347 10816 13494 19212 13236 7470 15917 16093 16313 20447 20371 5693 3897 20022 13230 9565 8545 10592 11864 3880 5884 14547 12873 2874 11977 18982 10673 2918 12624 10371 13508 20000 16782 5089 11569 9868 11675 17799 17378 11586 18690 9743 9585 7700 15869 10468 4424 4031 17128 16879 9823 10853 16891 8415 9803 16002 0 10634 18007 9034 8344 10443 15916 20266 12707 15820 1684 10741 12006 4598 9097 22455 22004 12050 6156 4014 18705 11523 14240 12766 11370 13606 7347 19646 6232
15966 14463 8329 15414 5090 12608 10611 9597 13362 15574 8207 17042 9924 14915 6835 4056 14742 12709 3346 13409 12647 5268 13858 7469 10192 14899 16401 9214 11671 12414 8877 12295 14148 4023 4635 10558 9128 3920 2282 8351 9128 8411 3519 8602 4228 12843 6206 14699 7376 10995 1643 15774 2861 8523 8197 3008 8242 4294 12807 7173 5607 3634 9609 9667 9897 11615 13326 2185 12433 2220 3765 8470 10634 0 9125 11982 2501 16171 15066 12013 14720 16453 8966 958 1475 6049 14589 17443 15421 1488 11686 10744 9970 7077 13945 6589 16336 15534 6333 16100 7956
10418 9967 12564 16969 4638 8004 1958 4175 16492 11192 1001 9351 12304 9397 2911 11110 10763 13865 5914 6528 11699 14359 10832 1915 4808 7808 10466 18150 17281 3852 7088 14334 17389 7417 6145 16157 13741 7448 7414 15185 8718 5945 7380 15250 5479 14384 4637 7923 1915 15905 9749 18668 10999 987 1036 11225 4942 8271 14939 11089 9361 12434 18319 15299 3103 6299 15408 10865 7589 10724 12753 2818 18007 9125 0 14363 10269 18812 12660 2996 14993 14858 16387 8384 8775 13745 17585 10279 7233 7865 15988 19318 857 7443 12567 5716 18348 15401 15435 10675 16969
11651 9681 3872 3447 10885 9499 16285 17753 2203 9904 13542 15483 2212 11188 11766 8443 9081 1812 12864 12542 4755 12855 7612 12725 10610 13392 12396 13644 5571 14652 7439 532 3072 8824 9447 5169 3715 15106 13304 7167 5740 18082 9297 6839 10657 1344 10043 12849 14078 4004 13592 4323 14549 14667 14239 14609 17369 8072 834 4809 17340 14340 12716 5098 12109 10344 1344 13650 9785 10588 13929 11616 9034 11982 14363 0 9792 4536 7128 15465 3717 6787 8527 11353 13346 8722 3223 14823 15462 12665 3113 12791 14731 7029 5453 8795 4408 4640 13472 11540 13459
15399 13701 6009 13238 5715 12037 11985 11529 11012 14706 9282 17113 7861 14405 7573 1558 13822 10715 5167 13412 11126 4626 12755 8422 10165 14865 15922 7969 9171 13067 8103 10152 11768 3418 4570 8057 6712 6356 4585 5906 7896 10647 3150 6137 4822 10766 6391 14577 8762 8514 3927 13405 4761 9862 9475 4817 10349 3109 10625 5035 8101 4700 8052 7167 10302 11353 11131 3859 11945 904 4442 8936 8344 2501 10269 9792 0 13825 13727 12931 12803 14853 6660 2403 3975 3758 12229 17307 15759 3765 9242 9057 11062 6111 12431 6278 14069 13662 5670 15489 6895
14539 12749 7843 2457 15420 13128 20712 22280 2814 12581 18021 18767 6737 14347 16277 12348 11939 5074 17333 16285 8026 16123 10600 17223 14800 16893 15282 15916 6567 18776 11781 4486 2123 13289 13970 6993 7154 19502 17675 9727 10107 22611 13742 9348 15176 4476 14568 16324 18599 5914 17729 577 18556 19159 18735 18587 21904 12494 3879 9092 21662 18112 14758 7503 16400 14272 3404 17638 13485 14533 17618 16031 10443 16171 18812 4536 13825 0 9408 19706 5046 7928 10663 15633 17591 11906 1608 17866 19135 16994 4867 14457 19133 11552 8050 13313 1248 5466 16528 14356 16080
5188 3640 9532 6953 11464 4899 14188 16781 8806 3195 12247 9556 7145 5198 11191 12954 2699 5344 14273 7826 2772 17934 1858 11786 7860 7983 5916 19782 12684 11040 6547 6645 9374 11058 10801 12160 10094 16806 15371 13604 5939 18045 11580 13349 11808 5954 10115 7413 13358 11069 16656 9638 17926 13385 13064 18066 17111 10829 6898 9352 19251 18350 19078 11885 9610 6552 6965 17179 5340 14631 18161 10020 15916 15066 12660 7128 13727 9408 0 12304 4367 2308 15102 14168 16030 14374 9148 8526 10354 15051 10239 19387 12601 8023 1685 9054 8342 4049 18796 4981 19286
8935 9056 14330 17629 7217 7405 2709 6054 17660 10172 3817 6843 13605 8061 5358 13598 9978 14638 8877 4910 12008 17194 10453 4560 4909 5804 8786 20885 19097 1433 8038 15337 18537 9814 8526 18022 15502 10427 10393 17400 9734 8307 9885 17418 8114 15231 6777 6100 4908 17602 12720 19646 13984 3866 4025 14210 7343 10581 15920 12935 12250 15396 20963 17216 3374 5787 16339 13825 6965 13469 15692 4271 20266 12013 2996 15465 12931 19706 12304 0 15380 14603 18704 11222 11746 16216 18650 7986 4580 10811 17517 21906 2149 9044 12613 7539 19072 15619 18275 9225 19746
9498 7748 7290 2597 12467 8351 16774 18835 4741 7536 14344 13769 4994 9349 12841 11630 6909 2147 14914 11509 3372 16319 5616 13668 10522 11979 10240 17341 9077 14302 7967 3189 5156 11059 11310 8827 7373 17348 15656 10875 6527 19613 11582 10552 12495 2379 11330 11404 15180 7627 16363 5272 17461 15516 15126 17552 18782 10499 3125 7805 19717 17480 16430 8812 12241 9693 2966 16603 8744 13664 17140 12179 12707 14720 14993 3717 12803 5046 4367 15380 0 3240 12244 13961 15958 12291 4859 12831 14278 15134 6617 16504 15158 8491 3054 10076 4026 929 17009 9312 17108
7220 5886 9939 5526 13297 7202 16436 18942 7980 5232 14393 11646 7509 7391 13215 13887 4920 5013 16020 10124 3816 18778 4151 13877 10082 10214 7905 20193 12277 13347 8404 6257 8362 12526 12455 11955 10249 18540 17003 13803 7460 20096 13058 13504 13541 5457 11996 9650 15447 10777 18079 8261 19290 15546 15207 19410 19184 12160 6306 10104 20975 19544 19363 11852 11843 8836 6196 18490 7641 15749 19287 12160 15820 16453 14858 6787 14853 7928 2308 14603 3240 0 15234 15600 17534 14946 8022 10509 12593 16605 9806 19526 14839 9593 2550 10851 6748 2512 19558 6976 19844
18567 16599 5648 11315 11761 15550 18243 18140 8294 17244 15387 21434 7959 17786 13504 5387 16328 10230 11810 17858 12363 6159 14932 14474 14881 19136 19239 5275 4197 18510 11884 9056 8627 8971 10252 3695 5019 12883 11196 1528 10739 17300 9030 1753 10977 9868 11931 18710 15128 4874 9945 10105 10121 16156 15737 10045 17006 8142 9180 6396 14258 9001 4216 3448 15616 15540 9495 9275 15638 6748 8353 14452 1684 8966 16387 8527 6660 10663 15102 18704 12244 15234 0 9058 10351 2920 9187 21228 20604 10373 5988 4299 17098 10094 13453 11245 11452 13166 6221 18554 5452
15009 13511 7813 14764 4190 11651 9954 9202 12837 14625 7440 16116 9247 13958 5975 3857 13798 11986 2834 12472 11788 5979 12930 6663 9248 13961 15443 9810 11452 11565 7932 11640 13648 3110 3678 10315 8693 4040 2215 8293 8232 8244 2594 8510 3309 12154 5265 13755 6705 10652 2489 15257 3783 7843 7493 3942 7964 3473 12171 6564 6032 4583 10101 9409 8997 10661 12693 3141 11475 2479 4680 7574 10741 958 8384 11353 2403 15633 14168 11222 13961 15600 9058 0 2005 6147 14068 16500 14526 1420 11273 11190 9218 6159 13080 5631 15738 14756 7057 15143 8597
16523 15140 9753 16763 5326 13209 10060 8641 14787 16294 7939 17228 11249 15453 6861 5530 15498 13990 2871 13679 13718 6069 14715 7317 10546 15170 16905 10126 13144 12310 9660 13640 15583 5008 5311 12032 10581 2569 1375 9797 10118 7209 4477 10056 4587 14158 6611 15023 6916 12466 974 17203 2290 8054 7783 2505 7159 5461 14166 8547 4135 3665 10660 11142 10005 12067 14687 2107 12991 3622 4041 8590 12006 1475 8775 13346 3975 17591 16030 11746 15958 17534 10351 2005 0 7449 16015 17745 15466 1065 13147 11839 9633 8007 15002 7235 17722 16747 7072 16679 8815
17147 15258 5023 11973 9108 13934 15549 15276 9215 16067 12744 19567 7438 16265 10914 2635 15146 10153 8922 15902 11606 4223 13856 11846 12773 17267 17767 5477 6141 16156 10057 9203 9784 6402 7690 5196 5030 9968 8276 2513 9229 14384 6369 2849 8276 9968 9458 16892 12377 6048 7092 11400 7402 13440 13033 7354 14105 5670 9507 5048 11415 6495 5042 4468 13286 13653 9934 6518 13951 3834 5907 12030 4598 6049 13745 8722 3758 11906 14374 16216 12291 14946 2920 6147 7449 0 10317 19526 18512 7452 7042 5780 14493 8108 12831 8956 12451 13216 4752 17178 4917
14126 12245 6262 2629 14021 12385 19508 20936 1231 12232 16761 18212 5348 13820 14970 10745 11510 4216 15836 15505 7353 14538 10098 15937 13771 16231 14876 14458 5200 17795 10644 3314 559 11798 12535 5495 5547 17964 16131 8183 8948 21176 12238 7805 13732 3554 13235 15671 17270 4368 16138 1191 16954 17881 17451 16983 20495 10982 2744 7551 20100 16504 13334 5946 15306 13389 2393 16035 12711 12929 16011 14838 9097 14589 17585 3223 12229 1608 9148 18650 4859 8022 9187 14068 16015 10317 0 17412 18400 15438 3293 13103 17952 10229 7630 11997 2277 5512 14963 13971 14569
3339 5171 15734 15428 12430 5684 10680 14010 16841 5334 10592 1461 13884 3636 10966 17280 5928 13273 15068 4068 10112 21933 7314 10808 7252 2586 2614 24898 19971 6630 9469 14448 17543 13904 12903 19166 16691 17241 16576 19718 10492 16144 14254 19580 13236 13941 11237 2747 11968 18300 18647 18044 20017 11265 11211 20220 15150 14259 14865 14834 19430 21077 24568 18618 7854 5957 15073 19575 5597 18101 21167 9208 22455 17443 10279 14823 17307 17866 8526 7986 12831 10509 21228 16500 17745 19526 17412 0 3602 16687 17739 25212 9660 11443 9824 11043 16846 12574 22973 3551 24033
5671 6716 15474 16800 10336 6018 7284 10629 17624 7464 7760 2298 14063 5220 8619 16044 7674 14186 12646 2926 11109 20307 8711 8195 5743 2380 5221 23647 20066 3387 8796 15188 18424 12368 11193 19122 16561 14565 14190 19157 10239 12879 12611 19086 11221 14846 9386 2944 9076 18436 16417 19210 17755 8205 8241 17972 11906 12921 15695 14316 16584 18997 23501 18444 5528 5227 16007 17442 5691 16456 19185 6952 22004 15421 7233 15462 15759 19135 10354 4580 14278 12593 20604 14526 15466 18512 18400 3602 0 14445 18075 24291 6499 10510 11241 9587 18265 14243 21379 5967 22644
15461 14090 9196 16052 4263 12152 9250 8114 14207 15250 6995 16182 10525 14389 5829 5261 14461 13210 1966 12622 12791 6675 13703 6331 9482 14114 15840 10668 12868 11322 8638 12931 15027 4100 4286 11733 10099 2620 824 9671 9163 6949 3568 9899 3523 13413 5546 13962 6049 12071 1975 16629 3334 7196 6898 3542 6756 4653 13474 7906 4676 4593 11092 10828 8965 11002 13999 3022 11930 3659 4888 7546 12050 1488 7865 12665 3765 16994 15051 10811 15134 16605 10373 1420 1065 7452 15438 16687 14445 0 12681 12231 8720 7039 14064 6192 17064 15901 7721 15618 9393
14644 12652 3609 5340 11937 12248 17945 18926 2306 12959 15077 18303 4019 14108 13183 7708 12112 4916 13341 15153 7794 11256 10639 14193 12845 16134 15381 11259 2474 16877 9561 3611 2749 9408 10355 2321 2583 15272 13425 4900 7927 18861 9777 4525 11487 4371 11408 15613 15360 1115 13168 4358 13884 16122 15682 13896 18274 8520 3501 5093 17275 13325 10189 2657 14148 12864 3683 12962 12485 9870 12807 13409 6156 11686 15988 3113 9242 4867 10239 17517 6617 9806 5988 11273 13147 7042 3293 17739 18075 12681 0 10080 16482 8566 8561 10272 5506 7493 11671 14550 11305
22688 20745 9887 15411 14720 19569 21040 20340 12349 21447 18326 25309 12242 21859 16563 8329 20527 14517 14014 21661 16638 6012 19156 17452 18551 23007 23339 2405 7907 21907 15763 13322 12550 12116 13393 7763 9317 14376 13001 5783 14785 19048 12021 6046 13848 14135 15191 22616 17808 8981 11134 13882 10760 18917 18532 10604 18965 11431 13413 10449 15107 9211 1249 7693 19050 19391 13696 10141 19618 8715 8537 17769 4014 10744 19318 12791 9057 14457 19387 21906 16504 19526 4299 11190 11839 5780 13103 25212 24291 12231 10080 0 20101 13853 17745 14734 15379 17421 5332 22692 3583
10025 9731 13115 17219 5390 7832 1618 4493 16885 10935 1786 8667 12721 9036 3594 11859 10569 14136 6770 6052 11826 15196 10754 2650 4759 7250 10019 18967 17858 3114 7357 14673 17778 8130 6846 16745 14295 8280 8271 15867 9027 6488 8124 15919 6252 14679 5245 7414 2761 16446 10606 19013 11856 1734 1877 12082 5491 8962 15274 11658 10143 13291 19114 15900 2996 6119 15731 11722 7404 11539 13608 3115 18705 9970 857 14731 11062 19133 12601 2149 15158 14839 17098 9218 9633 14493 17952 9660 6499 8720 16482 20101 0 7916 12623 6237 18620 15520 16273 10293 17795
9307 7590 5288 9976 3994 5969 9396 10728 9095 8615 6566 11460 4893 8338 4742 5855 7746 6878 6479 7811 5795 10675 6786 5718 4791 9160 9857 13456 10053 8588 2014 7078 9994 3054 2875 8985 6459 8974 7410 8661 2133 11203 3566 8610 4021 7282 3016 8787 7049 8571 8643 11351 9935 7664 7230 10085 10428 3011 7685 3926 11396 10499 13148 8198 5731 5545 8186 9227 5922 6985 10399 4853 11523 7077 7443 7029 6111 11552 8023 9044 8491 9593 10094 6159 8007 8108 10229 11443 10510 7039 8566 13853 7916 0 7045 1768 11246 9149 11672 9388 12615
6510 4702 7923 5630 10764 5380 14237 16584 7199 4602 12035 10724 5511 6303 10759 11553 3898 3685 13472 8511 1307 16503 2563 11467 7880 8929 7258 18201 11001 11454 5897 4978 7814 9994 9905 10476 8437 15992 14455 11964 4912 17639 10525 11701 10993 4314 9478 8354 13029 9384 15564 8221 16792 13200 12843 16918 16744 9659 5261 7854 18426 17103 17465 10210 9640 6842 5368 16007 5792 13333 16873 9810 14240 13945 12567 5453 12431 8050 1685 12613 3054 2550 13453 13080 15002 12831 7630 9824 11241 14064 8561 17745 12623 7045 0 8316 7076 3046 17331 6345 17748
9378 7910 6880 11689 2449 6020 7674 8970 10863 9059 4816 10840 6661 8331 2974 6457 8270 8576 5220 7137 7148 10898 7573 3955 3900 8587 9825 14069 11631 7264 2512 8834 11761 2863 1956 10529 8059 7753 6392 9893 3556 9541 3219 9894 2770 9008 1270 8306 5286 10209 8007 13118 9362 5900 5465 9540 8731 3334 9441 5434 10198 10189 13918 9702 4371 5107 9938 8772 5847 7058 10204 3272 12766 6589 5716 8795 6278 13313 9054 7539 10076 10851 11245 5631 7235 8956 11997 11043 9587 6192 10272 14734 6237 1768 8316 0 12983 10675 11947 9512 13102
13509 11774 8061 1468 15189 12290 20216 21945 3239 11532 17598 17795 6601 13375 15916 12644 10931 4485 17261 15455 7201 16673 9639 16833 14165 15986 14247 16726 7473 18083 11269 4214 2835 13226 13804 7757 7532 19514 17710 10405 9635 22409 13703 10030 15017 3981 14251 15413 18257 6605 17928 1735 18827 18752 18336 18872 21664 12479 3628 9176 21740 18489 15609 8160 15813 13523 3104 17916 12664 14822 18027 15543 11370 16336 18348 4408 14069 1248 8342 19072 4026 6748 11452 15738 17722 12451 2277 16846 18265 17064 5506 15379 18620 11246 7076 12983 0 4333 17144 13315 16810
9236 7600 8210 3032 13093 8426 17137 19317 5533 7242 14795 13587 5890 9192 13364 12516 6706 3065 15609 11550 3701 17232 5532 14155 10821 11906 9964 18270 9941 14486 8461 4114 5864 11812 11999 9726 8302 18067 16401 11802 7119 20186 12339 11477 13169 3306 11913 11330 15688 8521 17177 5770 18295 15968 15589 18391 19334 11286 4021 8686 20453 18349 17355 9730 12565 9869 3818 17445 8838 14531 18019 12601 13606 15534 15401 4640 13662 5466 4049 15619 929 2512 13166 14756 16747 13216 5512 12574 14243 15901 7493 17421 15520 9149 3046 10675 4333 0 17929 9028 18037
20977 19210 9719 16716 11143 17637 16942 15712 13905 20147 14497 22780 12089 20008 12982 5909 19241 14864 9663 19079 16064 1082 18064 13715 15830 20535 21527 3187 10337 18562 13684 13949 14418 9086 10194 9604 9782 9462 8383 6818 13244 14143 8786 7197 10237 14705 11994 20246 13708 10616 6219 16000 5580 14855 14524 5400 14197 8729 14259 9480 9881 3948 4084 9025 15880 17017 14685 5111 17569 4924 3302 14482 7347 6333 15435 13472 5670 16528 18796 18275 17009 19558 6221 7057 7072 4752 14963 22973 21379 7721 11671 5332 16273 11672 17331 11947 17144 17929 0 21050 1837
301 1957 12934 11908 11434 3493 11665 14783 13473 1786 10656 4686 10863 1298 10388 15181 2471 9903 14286 4322 6785 20062 3930 10566 6382 3681 937 22643 16875 7799 7386 11129 14134 12231 11467 16158 13783 16693 15681 17027 7949 16587 12666 16846 12096 10563 10086 3219 11997 15206 17495 14554 18860 11599 11413 19042 15588 12381 11502 12246 19051 19688 22167 15696 7691 4731 11670 18284 3687 16349 19669 8738 19646 16100 10675 11540 15489 14356 4981 9225 9312 6976 18554 15143 16679 17178 13971 3551 5967 15618 14550 22692 10293 9388 6345 9512 13315 9028 21050 0 21908
21856 20020 9905 16536 12552 18566 18544 17451 13598 20885 16010 23931 12336 20927 14408 6760 19968 14989 11303 20229 16521 2747 18716 15195 17003 21657 22442 1350 9649 19948 14622 13963 14012 10278 11464 9088 9747 11253 10093 6416 13993 15941 10044 6786 11646 14751 13286 21334 15298 10205 7997 15530 7412 16439 16090 7234 15966 9796 14203 9943 11717 5785 2359 8658 17197 18086 14586 6912 18536 6280 5137 15827 6232 7956 16969 13459 6895 16080 19286 19746 17108 19844 5452 8597 8815 4917 14569 24033 22644 9393 11305 3583 17795 12615 17748 13102 16810 18037 1837 21908 0
1 6 6 5
2 3 8 3
3 4 7 0
4 4 5 2
5 8 7 1
6 3 5 0
7 1 6 4
8 6 6 2
9 5 10 0
10 5 6 2
11 2 3 3
12 1 2 0
13 13 4 7
14 4 6 3
15 3 4 3
16 4 5 0
17 0 3 0
18 7 2 1
19 4 4 4
20 5 1 2
21 1 4 2
22 7 4 0
23 11 0 1
24 2 5 0
25 7 4 0
26 7 5 2
27 4 6 4
28 4 3 2
29 6 2 2
30 1 4 3
31 10 4 4
32 6 4 4
33 1 6 1
34 2 6 3
35 7 1 0
36 6 1 1
37 1 4 2
38 6 8 0
39 10 4 5
40 2 6 3
41 3 8 0
42 3 3 0
43 6 4 2
44 1 5 2
45 6 6 3
46 4 6 0
47 4 10 7
48 4 1 3
49 4 5 0
50 4 3 4
51 5 5 0
52 3 0 0
53 11 6 2
54 8 5 3
55 2 5 3
56 4 3 4
57 6 3 3
58 2 9 4
59 9 0 4
60 6 3 0
61 2 5 4
62 7 7 4
63 7 8 5
64 5 3 0
65 7 6 3
66 3 4 2
67 6 5 4
68 4 6 2
69 10 5 0
70 8 5 0
71 7 1 0
72 0 6 3
73 4 3 0
74 6 7 3
75 10 7 1
76 4 4 2
77 10 9 1
78 6 1 1
79 8 8 3
80 2 5 1
81 4 1 5
82 9 5 4
83 6 8 3
84 8 5 0
85 4 2 2
86 7 5 2
87 7 6 1
88 5 0 7
89 2 5 1
90 2 4 3
91 6 4 2
92 5 4 0
93 6 3 1
94 6 6 3
95 6 4 2
96 7 5 3
97 3 11 1
98 4 5 2
99 4 10 5
100 0 5 2
