700 100 3
30 60 700 9.00
0 5 54 1
0 5 69 1
0 13 39 2
0 11 56 1
0 6 17 2
0 18 79 1
0 7 73 1
0 3 13 3
0 8 95 3
0 2 93 1
0 7 79 3
0 3 59 1
0 23 52 2
0 2 12 2
0 5 16 1
0 8 15 1
0 22 81 3
0 6 48 1
0 4 92 1
0 3 43 1
0 1 56 1
0 7 76 1
0 7 69 2
0 7 22 3
0 7 74 3
0 12 52 2
0 16 58 2
0 3 8 1
0 10 63 1
0 13 2 3
0 11 19 1
0 3 32 3
0 6 14 1
0 6 48 3
0 1 11 2
0 7 92 3
0 20 54 3
0 21 54 1
0 1 3 3
0 20 2 2
0 5 50 2
0 12 1 3
0 3 89 3
0 9 57 2
0 2 26 1
0 6 79 2
0 15 71 2
0 6 100 2
0 3 44 2
0 3 99 1
0 3 56 2
0 14 82 1
0 1 26 2
0 9 3 1
0 6 36 1
0 8 53 1
0 14 40 1
0 5 58 2
0 13 64 1
0 4 2 1
0 1 3 1
0 22 48 1
0 7 84 3
0 1 61 3
0 1 93 3
0 5 86 1
0 2 70 2
0 17 71 2
0 24 80 1
0 4 25 2
0 20 73 2
0 5 21 3
0 7 57 3
0 1 69 1
0 3 66 3
0 20 82 3
0 1 20 3
0 14 25 3
0 1 52 3
0 3 88 3
0 12 1 1
0 1 49 1
0 12 100 1
0 24 25 3
0 1 91 2
0 18 99 1
0 18 73 1
0 5 47 2
0 5 75 1
0 8 28 3
0 16 64 1
0 7 14 3
0 3 41 1
0 4 56 3
0 11 86 2
0 2 39 1
0 17 98 2
0 1 22 3
0 4 49 3
0 2 64 2
0 18 24 3
0 13 4 3
0 17 61 1
0 2 62 1
0 15 41 2
0 5 68 1
0 2 56 1
0 2 38 1
0 6 76 3
0 9 62 2
0 15 14 1
0 22 96 3
0 8 62 3
0 9 37 1
0 1 23 1
0 1 67 1
0 19 34 1
0 11 86 3
0 18 90 2
0 9 46 3
0 4 42 3
0 20 4 3
0 17 51 3
0 7 53 3
0 17 74 2
0 8 94 2
0 25 36 1
0 14 66 3
0 4 86 2
0 6 93 1
0 6 21 3
0 3 56 2
0 2 53 3
0 1 32 1
0 24 8 2
0 2 86 2
0 12 8 1
0 5 41 3
0 4 98 1
0 3 90 1
0 10 53 2
0 8 48 3
0 6 40 2
0 20 77 1
0 5 97 2
0 15 62 3
0 19 83 3
0 7 8 1
0 21 10 1
0 11 44 1
0 10 61 1
0 4 11 1
0 18 91 3
0 19 16 2
0 2 10 2
0 6 86 3
0 14 8 1
0 1 8 2
0 2 32 1
0 18 100 1
0 3 52 1
0 7 15 2
0 18 23 1
0 7 87 1
0 2 96 2
0 10 16 1
0 17 17 3
0 1 91 3
0 7 72 1
0 2 78 1
0 5 93 1
0 10 4 1
0 16 61 2
0 9 46 2
0 5 45 3
0 5 88 3
0 5 96 3
0 16 81 2
0 6 28 2
0 10 56 1
0 13 32 3
0 18 12 2
0 5 88 3
0 7 21 2
0 12 33 1
0 12 4 2
0 1 16 2
0 6 8 1
0 3 67 1
0 11 11 2
0 18 9 2
0 11 94 1
0 19 21 2
0 1 46 1
0 9 52 2
0 3 30 3
0 5 21 3
0 11 84 1
0 2 18 2
0 10 91 2
0 4 8 2
0 4 18 1
0 8 1 2
0 15 27 3
0 16 49 3
0 7 11 1
0 2 87 1
0 3 9 1
0 6 88 3
0 4 14 2
0 2 57 2
0 4 71 2
0 1 85 2
0 1 13 3
0 1 82 3
0 17 75 3
0 17 57 3
0 10 20 1
0 10 74 3
0 17 47 3
0 5 5 2
0 1 11 3
0 7 44 2
0 5 63 2
0 3 20 2
0 15 56 2
0 1 73 1
0 7 63 3
0 9 85 1
0 11 63 3
0 7 100 2
0 17 68 1
0 20 52 2
0 15 98 3
0 25 87 2
0 10 59 1
0 16 54 3
0 22 17 3
0 6 91 2
0 13 92 1
0 1 75 2
0 16 24 1
0 15 92 1
0 7 84 1
0 21 41 3
0 8 7 3
0 6 47 3
0 9 12 3
0 6 64 2
0 25 55 1
0 13 93 3
0 1 73 2
0 16 10 2
0 6 56 3
0 9 72 2
0 4 50 1
0 2 69 1
0 12 43 2
0 11 33 3
0 2 13 1
0 4 30 2
0 14 99 2
0 25 39 3
0 1 81 3
0 5 11 1
0 1 69 3
0 18 70 3
0 7 63 3
0 11 87 1
0 1 19 3
0 10 54 1
0 5 76 1
0 12 66 2
0 3 73 1
0 6 28 1
0 2 23 1
0 21 16 1
0 4 20 3
0 13 97 1
0 5 57 2
0 2 3 2
0 7 97 2
0 14 51 3
0 14 32 3
0 4 41 3
0 16 70 2
0 7 2 3
0 8 21 1
0 23 88 3
0 8 13 3
0 17 27 3
0 1 67 2
0 10 49 3
0 1 39 3
0 7 9 1
0 2 92 3
0 9 76 2
0 13 88 2
0 22 14 1
0 1 95 2
0 18 5 2
0 9 90 3
0 3 32 1
0 7 36 1
0 17 59 1
0 8 92 3
0 21 53 1
0 8 28 1
0 6 10 1
0 4 49 1
0 3 6 2
0 3 51 2
0 9 44 3
0 11 47 3
0 2 71 1
0 1 83 3
0 10 77 1
0 5 62 2
0 5 59 1
0 24 78 2
0 13 14 2
0 18 58 2
0 21 92 2
0 9 34 2
0 2 12 1
0 7 26 3
0 3 46 1
0 4 44 1
0 2 24 3
0 25 69 1
0 1 26 1
0 6 34 3
0 7 63 1
0 2 96 1
0 14 92 3
0 16 15 3
0 16 19 2
0 6 34 3
0 3 58 2
0 3 75 3
0 16 3 2
0 14 90 1
0 10 57 3
0 8 72 1
0 10 59 2
0 13 94 2
0 4 45 3
0 24 78 3
0 4 34 2
0 20 47 3
0 21 53 1
0 1 59 3
0 1 61 3
0 23 66 3
0 10 67 1
0 12 19 1
0 13 18 2
0 4 82 2
0 5 29 3
0 25 70 1
0 13 42 3
0 1 4 1
0 12 41 2
0 1 29 1
0 2 25 1
0 4 90 1
0 20 72 3
0 1 24 1
0 11 11 3
0 2 16 2
0 11 99 1
0 3 47 3
0 13 96 3
0 16 35 1
0 1 74 3
0 21 97 3
0 14 13 3
0 13 78 2
0 1 74 3
0 5 94 3
0 3 61 1
0 20 93 1
0 13 47 3
0 9 29 2
0 20 89 1
0 20 88 3
0 4 74 2
0 13 53 1
0 20 74 1
0 13 84 2
0 14 57 3
0 8 45 3
0 11 12 2
0 15 82 2
0 1 94 1
0 7 95 3
0 11 61 3
0 10 64 2
0 12 35 3
0 6 60 3
0 10 55 2
0 1 2 1
0 3 42 3
0 3 57 3
0 15 92 3
0 14 19 1
0 4 95 3
0 6 73 3
0 2 16 3
0 13 20 1
0 7 40 2
0 5 14 3
0 9 45 1
0 3 54 3
0 12 90 3
0 13 46 3
0 25 11 2
0 9 69 3
0 4 94 2
0 4 78 3
1 5 63 1
1 3 86 1
1 21 59 1
1 1 39 2
1 1 24 1
1 5 45 1
1 24 65 2
1 2 10 2
1 13 7 3
1 1 13 1
1 10 21 2
1 6 75 2
1 6 25 1
1 7 66 2
1 2 50 3
1 12 31 1
1 23 42 3
1 1 26 1
1 9 91 2
1 17 83 1
1 19 41 3
1 4 63 2
1 7 77 3
1 12 53 2
1 13 28 1
1 6 42 1
1 1 86 1
1 20 91 1
1 18 34 1
1 3 26 1
1 2 46 3
1 15 100 3
1 6 84 3
1 3 11 3
1 8 37 2
1 1 32 1
1 19 57 2
1 4 7 3
1 5 80 2
1 8 93 2
1 4 59 3
1 17 39 3
1 1 93 1
1 1 9 3
1 2 24 3
1 4 15 2
1 6 87 1
1 3 51 2
1 12 9 2
1 5 12 3
1 10 42 3
1 2 3 3
1 7 23 3
1 4 72 3
1 2 4 2
1 14 9 3
1 8 74 2
1 1 16 3
1 4 90 1
1 1 46 2
1 5 80 2
1 4 73 2
1 13 83 1
1 3 11 1
1 9 15 2
1 8 97 1
1 1 77 1
1 6 49 3
1 24 99 2
1 7 95 3
1 1 73 3
1 5 16 1
1 17 48 3
1 7 10 3
1 7 83 3
1 11 82 2
1 3 82 3
1 1 31 1
1 6 41 2
1 13 21 1
1 2 91 1
1 18 73 2
1 20 17 1
1 13 96 3
1 18 35 3
1 4 40 2
1 2 31 3
1 2 60 2
1 4 90 3
1 1 23 2
1 8 74 2
1 1 46 2
1 17 14 2
1 6 68 1
1 6 26 3
1 23 96 1
1 1 58 2
1 5 93 1
1 2 89 2
1 16 2 2
1 13 1 1
1 20 89 2
1 6 85 3
1 3 6 3
1 16 24 3
1 12 26 1
1 4 100 3
1 11 41 3
1 1 36 3
1 12 60 3
1 12 59 3
1 15 32 3
1 21 76 2
1 5 34 1
1 10 30 1
1 15 78 2
1 5 62 1
1 4 9 1
1 2 9 3
1 6 80 2
1 1 89 2
1 2 20 2
1 10 92 1
1 15 28 3
1 4 31 3
1 13 2 1
1 7 33 2
1 1 23 3
1 13 70 2
1 4 13 3
1 6 34 2
1 12 8 1
1 2 61 1
1 20 3 1
1 4 43 2
1 9 76 3
1 1 66 2
1 2 97 2
1 2 58 1
1 5 33 1
1 14 66 3
1 11 50 2
1 3 4 2
1 14 24 2
1 8 54 1
1 19 38 2
1 9 4 3
1 21 71 1
1 11 50 2
1 11 52 2
1 4 73 3
1 9 1 3
1 4 95 2
1 8 73 3
1 25 63 2
1 6 89 2
1 1 7 1
1 1 19 3
1 11 62 1
1 4 22 1
1 10 45 1
1 7 68 1
1 4 19 1
1 6 92 3
1 2 46 3
1 11 69 2
1 18 51 2
1 1 41 3
1 19 7 1
1 7 89 1
1 6 74 1
1 11 22 2
1 16 95 2
1 6 88 2
1 2 100 2
1 2 25 2
1 12 100 2
1 1 47 2
1 4 28 1
1 7 64 3
1 3 12 2
1 4 86 1
1 17 95 2
1 16 45 3
1 5 45 2
1 13 10 1
1 3 14 1
1 2 63 1
1 11 31 2
1 9 87 3
1 12 12 2
1 5 67 2
1 6 88 1
1 16 58 3
1 1 22 1
1 4 77 1
1 15 43 2
1 5 96 2
1 7 50 3
1 2 69 1
1 3 73 2
1 2 62 3
1 15 12 1
1 13 62 1
1 2 57 1
1 5 55 3
1 4 46 3
1 11 59 1
1 2 1 2
1 8 63 3
1 5 55 3
1 12 60 2
1 4 61 1
1 3 69 2
1 3 2 2
1 1 90 3
1 9 86 2
1 1 29 3
1 1 92 2
1 9 30 2
1 9 99 1
1 9 29 2
1 9 95 3
1 7 38 2
1 5 61 1
1 9 16 3
1 9 30 2
1 1 24 2
1 10 5 3
1 12 56 1
1 6 95 3
1 1 9 2
1 13 68 1
1 2 90 1
1 9 25 2
1 25 48 3
1 3 86 1
1 24 16 1
1 17 8 3
1 5 40 2
1 2 33 2
1 2 75 3
1 9 8 2
1 5 35 3
1 10 48 2
1 7 17 3
1 4 70 3
1 3 52 3
1 12 54 2
1 1 58 2
1 13 91 3
1 4 44 2
1 12 33 1
1 18 5 2
1 3 62 2
1 24 54 2
1 10 98 1
1 9 82 2
1 2 80 3
1 1 57 1
1 3 38 1
1 5 4 3
1 3 22 3
1 1 60 3
1 16 35 2
1 13 99 2
1 1 6 2
1 16 72 2
1 3 97 3
1 2 62 2
1 4 88 1
1 22 85 2
1 6 65 1
1 3 12 2
1 6 71 3
1 4 47 1
1 1 22 1
1 1 4 1
1 9 83 2
1 18 31 2
0 11975 15660 4211 8958 16274 10018 3673 15514 11923 8900 7068 10936 17416 15833 14562 8620 18999 15588 11473 15068 2684 15777 10138 21345 9324 7585 6759 7705 4063 10713 3399 1384 7510 3686 3151 8835 17505 12830 14002 15844 1860 4761 15998 6429 16666 6575 14120 7207 3609 18459 1480 3136 2513 13801 3469 17211 14728 10512 13906 13120 5725 13060 10180 6422 7781 15460 16990 14889 15203 6193 6733 2919 10792 9334 8634 4825 9175 17515 3240 8801 15877 12584 11477 6131 12967 6937 6094 10819 9634 13048 12494 17911 7970 16740 19433 17651 9596 19032 16152 12970
11975 0 11549 13682 11174 9217 2196 11803 20908 5234 17891 4977 12698 12705 20121 21573 6425 15732 19407 4316 12963 12742 19507 2393 17931 2669 16369 14813 17059 14156 19682 10189 10642 7325 14244 9946 7451 10493 1710 5805 17856 13802 13987 16155 6512 8769 16814 21374 4769 14129 12301 12221 13266 9989 18908 9858 18643 7398 12295 12865 12021 10457 19057 2703 14723 8976 4394 14976 16504 3719 6900 8039 14895 19223 2752 3369 15411 18310 16681 8865 17811 11552 14370 15535 6024 20348 11135 7744 19111 16652 20806 19023 13117 9454 8929 16258 13292 3664 13273 15940 14573
15660 11549 0 13886 7422 3708 12401 18046 13446 6380 15152 12640 6560 1758 11930 15428 7733 4209 11042 7349 2424 17985 11035 10086 6519 11822 14164 12867 15095 14594 16204 16491 15055 8433 19286 12516 7058 3731 13169 6099 8527 17210 13737 5974 10180 4801 15950 15527 12009 15000 3309 16868 18545 15469 11869 12193 8634 4622 6639 3536 3547 10189 12792 9640 13074 7884 9572 3708 7382 10379 10177 9026 17798 15330 10876 11297 15622 15548 5691 14375 15129 285 6697 9247 13341 14956 9371 9811 15115 12532 15647 13284 2250 7749 4682 4736 2052 9107 3523 5556 6565
4211 13682 13886 0 6501 15427 12133 7881 11343 11912 4867 9391 8036 15608 11775 10361 8465 16566 11612 11795 12715 6733 11808 11442 18781 11277 3437 2577 3744 708 6742 7446 5041 7198 7264 3852 8140 16480 14917 13957 12219 4506 549 12840 7215 16067 3137 9929 9251 1184 17026 5618 7059 6324 9698 3865 13631 14232 7714 11386 10764 3990 8882 11317 2227 6485 16282 14368 11439 16272 6840 6275 4491 6687 10935 10398 1886 5201 14496 6437 4769 14143 9360 7736 8773 8773 4520 6155 6690 5449 8889 8291 16074 6391 16100 16936 15699 10483 17403 13083 9746
8958 11174 7422 6501 0 9443 10619 12038 9747 7241 8195 9070 2128 9123 9107 10507 4753 10164 8488 7613 6258 11553 8620 8821 12456 9727 6981 5549 7898 7207 9608 10782 8757 4085 12638 6059 3737 10321 12810 8918 7636 10234 6322 7160 5793 10261 8585 10368 8555 7645 10635 10351 12061 9574 7742 5734 8828 8654 1653 4995 4293 3241 7915 8473 5715 2356 12085 8063 6430 12415 5511 3803 10648 8891 8929 8825 8203 8621 8586 8788 8150 7686 3989 4380 9197 9435 2076 4608 8718 6037 9988 7969 9583 1847 10254 10567 9199 7518 10945 7257 4338
16274 9217 3708 15427 9443 0 10601 17998 16917 4833 17608 11677 9302 3947 15490 18697 7674 7152 14612 5697 6078 18255 14621 8426 9041 10252 16424 14967 17339 16119 18893 16335 15394 8770 19683 13181 7496 1354 10647 3418 12182 18009 15403 9675 10058 1094 17934 18739 11079 16424 3086 17263 18832 15504 15222 12894 12341 1885 9222 6953 6640 11463 16013 8032 15103 8960 6287 7329 10984 7187 10195 9598 18783 18089 9394 9997 17281 18028 9348 14305 17569 3518 9938 12305 12581 18055 11027 10180 17891 15219 18714 16405 4230 9039 987 7642 4600 7852 4071 9263 9887
10018 2196 12401 12133 10619 10601 0 9626 20326 6058 16588 2950 12389 13751 19717 20715 5984 16608 19066 5086 13470 10609 19186 2317 18904 915 15051 13542 15669 12542 18428 8031 8656 6554 12102 8302 7080 11933 2831 7221 17794 11810 12490 16375 5250 10327 15267 20467 2907 12452 13634 10149 11122 7907 18318 8268 18718 8721 11946 13143 12248 9302 18313 2765 13408 8289 6508 15571 16460 5895 5635 7079 12925 18053 1725 1854 13768 16994 17116 6833 16502 12452 14179 14987 3937 19394 10185 6580 17963 15641 19795 18183 14199 8795 10475 17134 14291 3454 14561 16222 14430
3673 11803 18046 7881 12038 17998 9626 0 19182 13285 12475 6966 14120 19768 19461 18214 10449 21716 19185 12613 17830 1556 19370 10566 24106 9208 11219 10432 11268 7685 14241 1695 3304 9615 2688 5983 10992 19311 12181 15238 19278 4112 8430 19192 7984 18190 10006 17763 7392 7187 20525 2306 1790 2579 17450 6305 20611 16267 13667 16799 15949 8840 16730 10760 10095 10414 15875 19863 18247 15409 7915 9064 5105 14388 9584 8830 8280 12721 20609 3708 12377 18229 15873 15004 5891 16614 10153 8244 14429 13307 16669 16166 20267 10723 18291 22183 20090 10477 21217 19295 16251
15514 20908 13446 11343 9747 16917 20326 19182 0 16556 7669 18477 8346 14374 1827 2828 14497 12944 2634 17120 11048 18076 2740 18567 14039 19423 8326 8767 8713 11673 6877 18518 16102 13773 18506 13915 13457 17174 22555 17796 5374 15738 10802 8004 15266 17975 10302 3278 18040 12237 16428 16952 18388 17300 2008 13695 6223 16977 8688 9974 10318 11503 2463 18212 9116 12041 21305 10917 6164 21790 14923 13303 15404 6062 18658 18503 11566 7703 9414 17003 7743 13708 7073 5374 18360 3736 10328 13952 5871 5896 4300 3160 14586 11537 17896 12963 13987 17260 16122 8500 7059
11923 5234 6380 11912 7241 4833 6058 13285 16556 0 15115 6845 8213 7693 15532 17673 3469 10587 14749 973 7738 13668 14824 3762 12857 5562 13717 12144 14559 12548 16700 11602 10898 4731 15137 8992 3870 6185 6909 2093 12920 13737 12024 11024 5512 4907 14790 17571 6246 12736 7713 12756 14245 10854 14616 8749 13584 3005 7897 7735 6940 7989 15019 3330 12177 5675 4845 9742 11570 5240 5729 5653 14627 16053 4652 5201 13795 15549 11462 9634 15053 6412 9648 11286 7754 16667 8055 5980 15895 13241 17228 15162 8144 5990 5013 11114 8235 3024 8590 10777 9787
8900 17891 15152 4867 8195 17608 16588 12475 7669 15115 0 14019 8596 16686 8701 5928 11942 16711 8881 15255 13325 11143 9084 15538 18585 15694 1538 3080 1211 4845 1885 12247 9877 10770 11271 8547 11264 18405 19280 16976 10496 8591 4364 12085 11406 18452 2705 5422 13793 5298 18460 10169 11341 11166 6614 8479 11881 16838 8528 11917 11630 7455 5375 15328 3181 9454 19842 14397 10238 20002 11015 9934 8030 1927 15209 14773 4250 434 13839 11299 99 15435 8998 6490 13509 4331 7068 10147 2004 2829 4245 4547 17079 9126 18442 16957 16583 14409 18580 12472 9307
7068 4977 12640 9391 9070 11677 2950 6966 18477 6845 14019 0 11070 14204 18086 18553 5123 16730 17523 6010 13188 7791 17664 3631 19113 2310 12484 11042 13030 9744 15889 5298 5707 5101 9300 5539 6119 13029 5769 8580 16623 8864 9790 15607 3277 11666 12501 18256 631 9610 14510 7244 8327 5013 16488 5558 17704 9829 10597 12564 11644 7057 16305 3878 10866 6738 8910 15333 15344 8468 3581 5273 9976 15598 2626 1875 10941 14409 16614 3897 13929 12754 12943 13278 1076 17144 8152 4538 15530 13379 17482 16071 14688 7237 11790 17244 14658 3829 15339 15541 13247
10936 12698 6560 8036 2128 9302 12389 14120 8346 8213 8596 11070 0 8102 7426 9599 6409 8565 6714 8782 4838 13569 6821 10425 10746 11524 7669 6499 8596 8718 9678 12895 10825 5993 14591 8137 5319 9938 14380 9553 5558 12088 7751 5078 7811 10257 9586 9568 10529 9217 9868 12360 14062 11681 6406 7817 6712 8934 481 3441 3038 5283 6906 10038 6756 4340 12991 6335 4317 13450 7556 5852 12393 8832 10671 10656 9547 8989 6587 10913 8574 6843 1882 3127 11263 8798 4002 6688 8625 5994 9438 7181 8510 3854 10216 8915 8039 9113 9992 5217 2217
17416 12705 1758 15608 9123 3947 13751 19768 14374 7693 16686 14204 8102 0 12750 16541 9401 3205 11859 8665 3470 19730 11824 11452 5232 13233 15760 14508 16689 16316 17647 18199 16800 10154 21037 14270 8776 3339 14259 7006 9200 18967 15446 6523 11865 4929 17599 16686 13575 16731 2060 18618 20291 17193 12943 13949 9038 5415 8232 4825 5065 11941 13969 11015 14728 9641 10209 3755 8214 11086 11878 10768 19551 16749 12302 12774 17325 17071 5755 16086 16667 1544 7972 10584 14949 16198 11100 11544 16527 14004 16903 14526 500 9506 4774 3702 653 10567 1896 6048 7780
15833 20121 11930 11775 9107 15490 19717 19461 1827 15532 8701 18086 7426 12750 0 4601 13781 11176 892 16167 9510 18465 944 17831 12218 18831 9085 9223 9620 12195 8222 18651 16275 13191 19032 13911 12706 15658 21798 16619 3618 16262 11256 6292 14824 16565 11197 5002 17606 12773 14810 17300 18822 17414 2129 13660 4397 15691 7828 8542 8992 11302 3340 17452 9587 11457 20187 9206 4557 20728 14506 12830 16051 7327 18016 17932 12272 8813 7629 16992 8762 12183 5892 4811 18075 5246 10036 13551 7112 6471 5890 4202 12935 10948 16475 11176 12332 16517 14454 6787 5797
14562 21573 15428 10361 10507 18697 20715 18214 2828 17673 5928 18553 9599 16541 4601 0 15175 15428 5301 18110 13110 16961 5444 19186 16690 19801 7003 7912 7111 10533 4633 17785 15360 14265 17178 13509 14220 19110 23150 19141 7932 14465 9814 10426 15498 19714 8629 555 18192 11051 18563 15921 17199 16621 3604 13344 8937 18514 9833 11893 12064 11502 2698 18876 8210 12598 22507 13290 8480 22893 15126 13644 13953 4047 19126 18863 10139 5823 11964 16523 6020 15703 8772 6475 18274 1610 10530 14159 3930 5205 1801 2550 16803 12127 19653 15496 16217 17914 18358 10914 8867
8620 6425 7733 8465 4753 7674 5984 10449 14497 3469 11942 5123 6409 9401 13781 15175 0 11698 13106 3358 8072 10599 13221 4070 14097 5134 10485 8900 11285 9090 13626 8835 7722 1267 12013 5587 1097 8940 8058 5549 11825 10391 8601 10563 2475 8049 11401 14994 4507 9269 10077 9590 11175 7902 12493 5325 12795 6114 5974 7454 6534 4605 12636 3722 8892 2596 7928 10216 10500 8060 2545 2191 11231 13066 4263 4304 10344 12374 11502 6742 11873 7886 8196 9125 5676 13996 4913 2554 12931 10369 14488 12624 9898 3049 8121 12203 9784 2765 10776 10466 8453
18999 15732 4209 16566 10164 7152 16608 21716 12944 10587 16711 16730 8565 3205 11176 15428 11698 0 10317 11557 3932 21481 10233 14291 2404 16015 16043 15019 16944 17258 17353 20239 18578 12213 22680 15927 10884 6434 17329 10139 7571 20379 16306 5007 14068 8114 18077 15671 16099 17738 4747 20314 22021 19145 11868 15596 6968 8570 8856 5185 5891 13307 13080 13845 15296 11318 13410 2314 6977 14281 14010 12661 20812 16404 15067 15464 18113 17051 3559 18124 16711 4182 7716 10256 17368 15393 12239 13505 16170 13900 16116 13772 2959 11057 7955 527 2555 13289 3947 4524 7404
15588 19407 11042 11612 8488 14612 19066 19185 2634 14749 8881 17523 6714 11859 892 5301 13106 10317 0 15405 8621 18244 205 17138 11421 18187 9116 9099 9720 12073 8585 18309 15960 12569 18876 13528 12023 14770 21092 15792 2747 16115 11107 5409 14250 15689 11275 5656 17027 12653 13918 17064 18622 17068 2291 13265 3636 14839 7134 7670 8141 10849 3645 16752 9465 10844 19372 8324 3666 19928 13943 12252 15967 7657 17357 17298 12242 9033 6781 16591 8934 11294 5101 4311 17554 5757 9554 12999 7431 6461 6436 4517 12045 10334 15598 10330 11442 15825 13566 5904 4979
11473 4316 7349 11795 7613 5697 5086 12613 17120 973 15255 6010 8782 8665 16167 18110 3358 11557 15405 0 8650 13081 15489 2798 13830 4610 13817 12234 14631 12404 16898 10922 10382 4610 14568 8655 4014 7051 6009 2625 13675 13312 11950 11866 5049 5660 14757 17981 5431 12550 8636 12220 13655 10241 15155 8437 14393 3829 8433 8574 7750 7963 15485 2374 12238 5811 4588 10678 12322 4813 5316 5527 14246 16294 3716 4300 13666 15688 12366 9013 15189 7384 10312 11797 6961 17042 8191 5714 16147 13527 17578 15579 9113 6186 5781 12085 9208 2187 9529 11638 10476
15068 12963 2424 12715 6258 6078 13470 17830 11048 7738 13325 13188 4838 3470 9510 13110 8072 3932 8621 8650 0 17560 8612 11181 6289 12776 12488 11335 13410 13414 14214 16385 14665 8431 18750 12004 7157 6148 14647 7990 6111 16453 12484 3622 10332 7170 14424 13238 12565 13877 5456 16389 18097 15268 9525 11673 6302 6690 5059 1411 1967 9377 10514 10733 11585 7417 11589 2145 4959 12323 10237 8805 16903 13305 11824 12115 14323 13699 3726 14278 13313 2673 4505 7123 13731 12731 8328 9664 13081 10597 13435 11058 3802 7137 7063 4370 3270 10036 5348 3249 4310
2684 12742 17985 6733 11553 18255 10609 1556 18076 13668 11143 7791 13569 19730 18465 16961 10599 21481 18244 13081 17560 0 18434 11280 23849 10092 9960 9310 9933 6445 12866 2626 2929 9628 1514 5557 10999 19537 13275 15689 18527 2624 7275 18643 8203 18536 8602 16494 8127 5912 20632 1214 578 2857 16412 5888 19893 16597 13136 16448 15634 8312 15614 11422 8960 10177 16644 19531 17565 16250 8062 8961 3562 13067 10347 9597 6907 11366 20133 4082 11046 18186 15247 14156 6724 15354 9568 8210 13122 12181 15369 15007 20228 10424 18626 21930 20006 11020 21268 18783 15632
15777 19507 11035 11808 8620 14621 19186 19370 2740 14824 9084 17664 6821 11824 944 5444 13221 10233 205 15489 8612 18434 0 17245 11301 18309 9320 9298 9924 12271 8779 18487 16142 12698 19071 13702 12135 14760 21195 15844 2674 16312 11304 5352 14390 15700 11479 5810 17165 12851 13884 17253 18814 17245 2491 13437 3499 14874 7247 7687 8179 11013 3840 16857 9664 10976 19430 8265 3654 19994 14086 12392 16167 7853 17475 17423 12444 9235 6688 16762 9138 11285 5178 4475 17704 5935 9714 13144 7628 6665 6610 4712 12002 10467 15607 10236 11399 15933 13518 5846 5043
10138 2393 10086 11442 8821 8426 2317 10566 18567 3762 15538 3631 10425 11452 17831 19186 4070 14291 17138 2798 11181 11280 17245 0 16592 1827 14023 12458 14733 11950 17315 8882 8877 4931 12794 7807 5126 9773 3989 5129 15708 11994 11716 14168 4228 8257 14556 18983 3176 11968 11414 10595 11836 8436 16563 7681 16571 6541 10006 10909 10027 8089 16682 449 12379 6593 5371 13271 14362 5066 4607 5653 13038 16842 1029 1758 13217 15960 14848 7234 15460 10138 12152 13195 4689 17955 8742 5400 16727 14260 18413 16636 11905 7076 8395 14818 11985 1313 12320 13994 12377
21345 17931 6519 18781 12456 9041 18904 24106 14039 12857 18585 19113 10746 5232 12218 16690 14097 2404 11421 13830 6289 23849 11301 16592 0 18339 18033 17106 18914 19463 19066 22638 20954 14617 25030 18292 13288 8097 19491 12233 8766 22689 18494 6542 16472 9893 20124 16993 18482 19960 6222 22676 24385 21538 13244 17961 7828 10635 11073 7462 8225 15636 14539 16148 17399 13700 15323 4414 8493 16228 16414 15058 23086 18104 17394 17813 20266 18901 4820 20524 18593 6454 9682 12094 19763 16853 14531 15904 17867 15756 17573 15296 4850 13427 9725 1924 4639 15626 5243 6124 9336
9324 2669 11822 11277 9727 10252 915 9208 19423 5562 15694 2310 11524 13233 18831 19801 5134 16015 18187 4610 12776 10092 18309 1827 18339 0 14158 12643 14787 11703 17529 7566 7982 5654 11599 7464 6231 11599 3643 6939 16958 11142 11623 15598 4338 10067 14414 19552 2127 11631 13238 9552 10623 7323 17415 7414 17906 8368 11076 12390 11486 8391 17401 2236 12513 7391 6707 14894 15629 6202 4725 6165 12241 17148 954 939 12938 16102 16389 6196 15609 11888 13328 14090 3368 18479 9270 5666 17056 14727 18882 17269 13693 7898 10208 16540 13753 2745 14139 15460 13587
7585 16369 14164 3437 6981 16424 15051 11219 8326 13717 1538 12484 7669 15760 9085 7003 10485 16043 9116 13817 12488 9960 9320 14023 18033 14158 0 1585 930 3534 3407 10877 8478 9293 10237 7027 9852 17283 17748 15619 10358 7491 2908 11638 9876 17228 2204 6544 12255 4048 17456 8922 10208 9761 6956 6950 11777 15560 7532 11079 10698 5953 5894 13821 1648 8042 18403 13739 9907 18539 9485 8441 7084 3253 13680 13238 3241 1945 13386 9831 1452 14443 8355 6045 11985 5398 5663 8626 3253 2661 5464 5172 16176 7744 17227 16328 15708 12909 17642 11985 8698
6759 14813 12867 2577 5549 14967 13542 10432 8767 12144 3080 11042 6499 14508 9223 7912 8900 15019 9099 12234 11335 9310 9298 12458 17106 12643 1585 0 2421 2975 4887 9887 7459 7709 9810 5690 8276 15869 16214 14062 9926 7039 2042 10870 8338 15744 3094 7515 10782 3555 16134 8187 9634 8712 7132 5571 11352 14044 6295 9940 9474 4377 6307 12249 366 6469 16820 12742 9288 16953 7946 6860 6874 4559 12138 11717 3293 3504 12589 8633 3002 13142 7456 5453 10603 6360 4098 7069 4501 2876 6570 5738 14941 6185 15749 15338 14499 11333 16373 11172 7823
7705 17059 15095 3744 7898 17339 15669 11268 8713 14559 1211 13030 8596 16689 9620 7111 11285 16944 9720 14631 13410 9933 9924 14733 18914 14787 930 2421 0 3663 3020 11065 8711 10074 10072 7515 10690 18207 18399 16482 11113 7383 3272 12489 10550 18135 1590 6614 12837 4098 18387 8962 10132 10001 7501 7473 12524 16453 8462 12000 11626 6712 6343 14548 2394 8885 19212 14637 10723 19323 10160 9203 6843 3136 14347 13877 3042 1475 14241 10179 1113 15373 9244 6880 12473 5506 6518 9333 3204 3353 5450 5558 17104 8605 18136 17223 16634 13649 18572 12846 9580
4063 14156 14594 708 7207 16119 12542 7685 11673 12548 4845 9744 8718 16316 12195 10533 9090 17258 12073 12404 13414 6445 12271 11950 19463 11703 3534 2975 3663 0 6683 7403 5053 7823 6847 4240 8802 17178 15345 14603 12786 4074 1012 13481 7733 16749 2772 10078 9644 580 17733 5389 6725 6342 10096 4299 14204 14906 8403 12080 11466 4667 9210 11843 2610 7168 16864 15052 12043 16829 7367 6899 3925 6730 11404 10841 1272 5138 15149 6588 4746 14851 10005 8297 9068 8930 5228 6729 6757 5786 8989 8574 16782 7086 16783 17625 16406 11030 18112 13734 10389
10713 19682 16204 6742 9608 18893 18428 14241 6877 16700 1885 15889 9678 17647 8222 4633 13626 17353 8585 16898 14214 12866 8779 17315 19066 17529 3407 4887 3020 6683 0 14082 11731 12489 12884 10430 12887 19604 21098 18496 10602 10275 6245 12524 13222 19785 4276 4085 15652 7105 19507 11938 13028 13021 6305 10357 11911 18252 9690 12826 12657 9226 4940 17089 5029 11088 21478 15053 10586 21679 12831 11680 9614 966 17021 16604 5964 1546 14255 13178 1980 16489 9748 7131 15390 3186 8717 11943 1203 3686 2835 4069 18010 10723 19763 17550 17483 16159 19542 12952 10009
3399 10189 16491 7446 10782 16335 8031 1695 18518 11602 12247 5298 12895 18199 18651 17785 8835 20239 18309 10922 16385 2626 18487 8882 22638 7566 10877 9887 11065 7403 14082 0 2429 8065 4083 4830 9434 17654 10662 13547 18199 4560 7988 17937 6361 16509 9973 17365 5706 6986 18900 2574 3104 1243 16705 5126 19495 14590 12430 15410 14540 7671 16096 9070 9578 8997 14206 18450 17109 13760 6322 7582 5689 14115 7908 7153 8223 12539 19292 2119 12148 16666 14699 14053 4222 16208 9008 6735 14128 12721 16335 15601 18698 9344 16612 20716 18540 8782 19611 18010 15069
1384 10642 15055 5041 8757 15394 8656 3304 16102 10898 9877 5707 10825 16800 16275 15360 7722 18578 15960 10382 14665 2929 16142 8877 20954 7982 8478 7459 8711 5053 11731 2429 0 6712 4293 2700 8078 16660 11461 12955 15980 3160 5577 15901 5390 15720 7716 14944 5877 4686 17719 1869 3493 1290 14306 3028 17308 13777 10376 13583 12753 5543 13675 8947 7152 7263 14228 16661 14943 13935 5208 6032 4270 11725 8037 7322 5981 10185 17340 1857 9778 15256 12569 11740 4754 13787 6850 5290 11730 10294 13926 13173 17298 7529 15803 19032 17078 8421 18344 16014 12948
7510 7325 8433 7198 4085 8770 6554 9615 13773 4731 10770 5101 5993 10154 13191 14265 1267 12213 12569 4610 8431 9628 12698 4931 14617 5654 9293 7709 10074 7823 12489 8065 6712 0 10997 4415 1379 9995 8884 6804 11532 9241 7340 10547 1932 9213 10148 14054 4542 8005 11007 8567 10198 7039 11765 4135 12603 7293 5525 7622 6710 3369 11795 4650 7683 1737 9158 10549 10245 9249 1806 924 10042 11966 4893 4743 9077 11200 11649 5946 10698 8615 7854 8437 5421 13023 3823 1425 11841 9336 13484 11718 10654 2246 9276 12701 10479 3698 11644 10509 8152
3686 14244 19286 7264 12638 19683 12102 2688 18506 15137 11271 9300 14591 21037 19032 17178 12013 22680 18876 14568 18750 1514 19071 12794 25030 11599 10237 9810 10072 6847 12884 4083 4293 10997 0 6780 12357 20952 14744 17170 19351 2773 7777 19637 9650 19989 8618 16685 9641 6275 22002 2431 980 4366 16940 7108 20741 18048 14177 17592 16805 9410 16046 12933 9447 11428 18159 20676 18456 17763 9490 10289 3273 13193 11861 11111 7039 11441 21177 5587 11176 19495 16198 14914 8232 15570 10603 9573 13274 12631 15515 15383 21534 11638 20076 23117 21292 12521 22613 19805 16586
3151 9946 12516 3852 6059 13181 8302 5983 13915 8992 8547 5539 8137 14270 13911 13509 5587 15927 13528 8655 12004 5557 13702 7807 18292 7464 7027 5690 7515 4240 10430 4830 2700 4415 6780 0 5706 14392 11106 11085 13372 4828 4257 13209 3681 13622 6973 13148 5408 4183 15313 4388 6094 3591 12032 331 14677 11694 7683 10896 10077 2863 11554 7745 5462 4648 12916 13978 12297 12790 3361 3598 5644 10223 7196 6611 5476 8922 14640 3091 8455 12730 9903 9246 4962 12002 4190 3033 10180 8315 12252 11157 14766 4870 13687 16373 14514 7007 15881 13316 10279
8835 7451 7058 8140 3737 7496 7080 10992 13457 3870 11264 6119 5319 8776 12706 14220 1097 10884 12023 4014 7157 10999 12135 5126 13288 6231 9852 8276 10690 8802 12887 9434 8078 1379 12357 5706 0 8687 9106 5845 10730 10530 8210 9507 3186 8010 10942 14060 5517 9045 9645 9927 11568 8417 11458 5409 11708 6125 4888 6449 5529 4165 11649 4758 8307 1811 8590 9292 9406 8817 3134 2109 11286 12280 5358 5395 10025 11698 10498 7317 11201 7238 7100 8084 6584 13087 4196 2789 12133 9523 13603 11674 9276 2172 8060 11378 9107 3814 10270 9426 7356
17505 10493 3731 16480 10321 1354 11933 19311 17174 6185 18405 13029 9938 3339 15658 19110 8940 6434 14770 7051 6148 19537 14760 9773 8097 11599 17283 15869 18207 17178 19604 17654 16660 9995 20952 14392 8687 0 11876 4725 12223 19217 16425 9613 11352 1833 18883 19189 12430 17508 1914 18527 20113 16804 15572 14097 12224 3233 9917 7230 7083 12549 16453 9382 16026 10059 7297 7020 11106 8229 11475 10796 19961 18769 10746 11351 18313 18817 9044 15612 18371 3476 10345 12824 13929 18570 12022 11415 18562 15919 19248 16904 3480 10094 1661 6887 3971 9205 2927 9167 10245
12830 1710 13169 14917 12810 10647 2831 12181 22555 6909 19280 5769 14380 14259 21798 23150 8058 17329 21092 6009 14647 13275 21195 3989 19491 3643 17748 16214 18399 15345 21098 10662 11461 8884 14744 11106 9106 11876 0 7281 19564 14605 15257 17861 7876 10098 18054 22934 5732 15270 13729 12895 13765 10654 20551 11056 20353 8887 13971 14571 13729 11899 20664 4348 16100 10571 5160 16642 18212 4289 8268 9543 15729 20679 4081 4526 16580 19693 18369 9623 19197 13159 16068 17182 6714 21891 12660 9165 20576 18170 22329 20602 14655 11059 10264 17854 14860 5295 14718 17643 16275
14002 5805 6099 13957 8918 3418 7221 15238 17796 2093 16976 8580 9553 7006 16619 19141 5549 10139 15792 2625 7990 15689 15844 5129 12233 6939 15619 14062 16482 14603 18496 13547 12955 6804 17170 11085 5845 4725 7281 0 13709 15823 14048 11529 7580 3128 16786 19083 8020 14806 6498 14805 16264 12856 15919 10842 14184 1606 9308 8348 7698 10004 16455 4772 14117 7616 3626 9756 12391 4333 7811 7722 16719 17805 6136 6797 15842 17409 11653 11630 16919 6037 10749 12679 9559 18239 9964 8072 17635 14954 18834 16677 7386 7877 3268 10657 7624 4791 7468 11208 10822
15844 17856 8527 12219 7636 12182 17794 19278 5374 12920 10496 16623 5558 9200 3618 7932 11825 7571 2747 13675 6111 18527 2674 15708 8766 16958 10358 9926 11113 12786 10602 18199 15980 11532 19351 13372 10730 12223 19564 13709 0 16664 11777 2691 13368 13272 12561 8227 16073 13356 11260 17318 18965 16962 4501 13073 1427 12608 6037 5377 6026 10534 5836 15293 10280 9898 17331 5596 1354 17963 13114 11409 16703 9639 16069 16122 13212 10734 4048 16307 10528 8762 3680 4489 16819 8128 9194 12237 9402 7763 8841 6642 9358 9412 13168 7595 8754 14415 10862 3181 3383
1860 13802 17210 4506 10234 18009 11810 4112 15738 13737 8591 8864 12088 18967 16262 14465 10391 20379 16115 13312 16453 2624 16312 11994 22689 11142 7491 7039 7383 4074 10275 4560 3160 9241 2773 4828 10530 19217 14605 15823 16664 0 5010 17079 8263 18438 6001 13982 9034 3503 20100 1992 2754 4038 14168 5120 18065 16504 11698 15228 14488 7083 13276 12040 6676 9337 17319 18296 15814 17059 8013 8421 1151 10518 11181 10473 4341 8792 18666 4982 8495 17438 13613 12203 7891 12855 8163 7844 10585 9859 12832 12621 19457 9465 18506 20794 19166 11454 20633 17275 14002
4761 13987 13737 549 6322 15403 12490 8430 10802 12024 4364 9790 7751 15446 11256 9814 8601 16306 11107 11950 12484 7275 11304 11716 18494 11623 2908 2042 3272 1012 6245 7988 5577 7340 7777 4257 8210 16425 15257 14048 11777 5010 0 12477 7491 16073 2843 9383 9625 1579 16911 6165 7593 6857 9171 4238 13194 14262 7451 11136 10546 4045 8340 11574 1686 6504 16470 14086 11031 16489 7109 6423 4928 6161 11247 10732 1893 4712 14151 6936 4267 13998 9003 7289 9206 8227 4412 6375 6158 4906 8349 7743 15905 6368 16100 16665 15514 10719 17259 12734 9386
15998 16155 5974 12840 7160 9675 16375 19192 8004 11024 12085 15607 5078 6523 6292 10426 10563 5007 5409 11866 3622 18643 5352 14168 6542 15598 11638 10870 12489 13481 12524 17937 15901 10547 19637 13209 9507 9613 17861 11529 2691 17079 12477 0 12468 10768 13786 10664 15015 14020 8579 17432 19130 16734 6862 12887 2681 10292 5526 3293 4144 10360 8089 13732 11192 9109 15148 2915 1982 15848 12277 10637 17297 11563 14669 14834 14129 12387 1755 15919 12098 6190 3481 5614 15964 10406 9076 11508 11326 9258 11129 8806 6669 8683 10654 5108 6065 12927 8171 496 3095
6429 6512 10180 7215 5793 10058 5250 7984 15266 5512 11406 3277 7811 11865 14824 15498 2475 14068 14250 5049 10332 8203 14390 4228 16472 4338 9876 8338 10550 7733 13222 6361 5390 1932 9650 3681 3186 11352 7876 7580 13368 8263 7491 12468 0 10339 10329 15236 2783 7776 12543 7252 8781 5453 13268 3511 14477 8397 7334 9552 8638 4053 13156 4110 8229 3471 9235 12460 12104 9126 392 1998 9204 12817 3803 3401 9003 11821 13581 4275 11324 10342 9689 10021 3496 14153 4986 1339 12722 10395 14547 12979 12363 3965 10426 14563 12232 3329 13250 12438 10002
16666 8769 4801 16067 10261 1094 10327 18190 17975 4907 18452 11666 10257 4929 16565 19714 8049 8114 15689 5660 7170 18536 15700 8257 9893 10067 17228 15744 18135 16749 19785 16509 15720 9213 19989 13622 8010 1833 10098 3128 13272 18438 16073 10768 10339 0 18665 19744 11091 17027 3746 17586 19113 15742 16260 13347 13434 1942 10151 8023 7676 12082 17024 7895 15861 9583 5465 8401 12068 6397 10513 10080 19255 18999 9261 9911 17937 18876 10424 14527 18409 4606 10971 13296 12620 19037 11743 10594 18805 16123 19689 17396 5162 9709 171 8591 5581 7847 4759 10356 10933
6575 16814 15950 3137 8585 17934 15267 10006 10302 14790 2705 12501 9586 17599 11197 8629 11401 18077 11275 14757 14424 8602 11479 14556 20124 14414 2204 3094 1590 2772 4276 9973 7716 10148 8618 6973 10942 18883 18054 16786 12561 6001 2843 13786 10329 18665 0 8117 12380 3036 19205 7714 8753 8993 9074 7000 13981 16906 9389 13026 12568 6805 7932 14416 2877 9183 19295 15788 12089 19327 9949 9238 5356 4598 14069 13535 1750 2829 15527 9333 2616 16223 10444 8221 11839 7035 6923 9217 4699 4848 6918 7148 18033 8982 18680 18384 17593 13562 19461 14118 10799
14120 21374 15527 9929 10368 18739 20467 17763 3278 17571 5422 18256 9568 16686 5002 555 14994 15671 5656 17981 13238 16494 5810 18983 16993 19552 6544 7515 6614 10078 4085 17365 14944 14054 16685 13148 14060 19189 22934 19083 8227 13982 9383 10664 15236 19744 8117 0 17908 10588 18694 15466 16722 16211 3805 12993 9285 18499 9778 11991 12121 11218 2736 18682 7802 12408 22412 13503 8701 22777 14860 13408 13452 3524 18895 18614 9650 5301 12239 16143 5515 15805 8844 6460 17951 1157 10289 13898 3419 4880 1250 2410 16961 11945 19687 15755 16381 17721 18518 11149 8963
7207 4769 12009 9251 8555 11079 2907 7392 18040 6246 13793 631 10529 13575 17606 18192 4507 16099 17027 5431 12565 8127 17165 3176 18482 2127 12255 10782 12837 9644 15652 5706 5877 4542 9641 5408 5517 12430 5732 8020 16073 9034 9625 15015 2783 11091 12380 17908 0 9547 13895 7503 8677 5303 16044 5390 17138 9239 10057 11955 11035 6691 15901 3378 10623 6210 8520 14710 14786 8131 3116 4777 10126 15327 2219 1472 10865 14191 16005 4131 13705 12123 12395 12805 1545 16806 7731 4088 15251 13039 17164 15693 14059 6713 11212 16613 14028 3244 14719 14942 12694
3609 14129 15000 1184 7645 16424 12452 7187 12237 12736 5298 9610 9217 16731 12773 11051 9269 17738 12653 12550 13877 5912 12851 11968 19960 11631 4048 3555 4098 580 7105 6986 4686 8005 6275 4183 9045 17508 15270 14806 13356 3503 1579 14020 7776 17027 3036 10588 9547 0 18110 4884 6174 5969 10672 4286 14773 15165 8890 12556 11922 4962 9775 11882 3189 7464 16965 15546 12601 16898 7421 7084 3350 7203 11379 10790 1342 5567 15679 6305 5199 15253 10541 8868 8885 9445 5631 6845 7241 6356 9482 9129 17200 7416 17067 18112 16835 11096 18511 14265 10926
18459 12301 3309 17026 10635 3086 13634 20525 16428 7713 18460 14510 9868 2060 14810 18563 10077 4747 13918 8636 5456 20632 13884 11414 6222 13238 17456 16134 18387 17733 19507 18900 17719 11007 22002 15313 9645 1914 13729 6498 11260 20100 16911 8579 12543 3746 19205 18694 13895 18110 0 19572 21204 17977 14972 15002 11067 4927 9940 6750 6852 13209 15970 11004 16329 10789 9210 5771 10270 10142 12618 11730 20766 18627 12352 12914 18803 18856 7732 16817 18435 3025 9922 12509 15354 18176 12509 12430 18410 15838 18876 16502 1954 10737 3574 5155 2547 10725 1013 8101 9754
1480 12221 16868 5618 10351 17263 10149 2306 16952 12756 10169 7244 12360 18618 17300 15921 9590 20314 17064 12220 16389 1214 17253 10595 22676 9552 8922 8187 8962 5389 11938 2574 1869 8567 2431 4388 9927 18527 12895 14805 17318 1992 6165 17432 7252 17586 7714 15466 7503 4884 19572 0 1712 2243 15260 4719 18681 15644 11929 15261 14456 7110 14494 10697 7842 9029 15964 18346 16352 15625 7077 7862 3115 12082 9708 8972 5980 10416 18927 3373 10071 17075 14033 12957 6213 14318 8358 7143 12124 11063 14366 13908 19116 9259 17670 20759 18881 10221 20185 17574 14418
3136 13266 18545 7059 12061 18832 11122 1790 18388 14245 11341 8327 14062 20291 18822 17199 11175 22021 18622 13655 18097 578 18814 11836 24385 10623 10208 9634 10132 6725 13028 3104 3493 10198 980 6094 11568 20113 13765 16264 18965 2754 7593 19130 8781 19113 8753 16722 8677 6174 21204 1712 0 3424 16755 6425 20338 17174 13633 16973 16166 8821 15925 11982 9279 10725 17196 20058 18023 16792 8639 9524 3552 13268 10896 10145 7092 11545 20634 4652 11245 18748 15720 14571 7257 15590 10060 8779 13332 12493 15580 15298 20789 10964 19204 22467 20564 11590 21836 19278 16106
2513 9989 15469 6324 9574 15504 7907 2579 17300 10854 11166 5013 11681 17193 17414 16621 7902 19145 17068 10241 15268 2857 17245 8436 21538 7323 9761 8712 10001 6342 13021 1243 1290 7039 4366 3591 8417 16804 10654 12856 16962 4038 6857 16734 5453 15742 8993 16211 5303 5969 17977 2243 3424 0 15476 3891 18263 13808 11218 14259 13399 6440 14887 8568 8412 7857 13805 17314 15880 13434 5360 6488 5188 13011 7519 6775 7254 11475 18110 1229 11068 15654 13475 12810 3973 15054 7775 5665 13014 11527 15203 14406 17693 8184 15837 19615 17512 8166 18656 16817 13847
13801 18908 11869 9698 7742 15222 18318 17450 2008 14616 6614 16488 6406 12943 2129 3604 12493 11868 2291 15155 9525 16412 2491 16563 13244 17415 6956 7132 7501 10096 6305 16705 14306 11765 16940 12032 11458 15572 20551 15919 4501 14168 9171 6862 13268 16260 9074 3805 16044 10672 14972 15260 16755 15476 0 11799 5692 15167 6725 8343 8584 9547 1377 16211 7493 10032 19393 9700 4896 19855 12928 11300 13934 5370 16650 16496 10146 6752 8459 15123 6671 12141 5290 3376 16392 3628 8347 11958 5143 4347 4340 2238 13201 9529 16190 11959 12615 15257 14755 7345 5339
3469 9858 12193 3865 5734 12894 8268 6305 13695 8749 8479 5558 7817 13949 13660 13344 5325 15596 13265 8437 11673 5888 13437 7681 17961 7414 6950 5571 7473 4299 10357 5126 3028 4135 7108 331 5409 14097 11056 10842 13073 5120 4238 12887 3511 13347 7000 12993 5390 4286 15002 4719 6425 3891 11799 0 14372 11423 7362 10565 9746 2551 11348 7603 5360 4321 12740 13647 11990 12635 3173 3301 5910 10120 7106 6544 5553 8861 14313 3332 8387 12409 9591 8975 5039 11851 3884 2774 10070 8142 12117 10970 14443 4540 13410 16042 14189 6840 15565 12992 9965
17211 18643 8634 13631 8828 12341 18718 20611 6223 13584 11881 17704 6712 9038 4397 8937 12795 6968 3636 14393 6302 19893 3499 16571 7828 17906 11777 11352 12524 14204 11911 19495 17308 12603 20741 14677 11708 12224 20353 14184 1427 18065 13194 2681 14477 13434 13981 9285 17138 14773 11067 18681 20338 18263 5692 14372 0 12969 7193 5870 6646 11824 7060 16144 11706 11022 17808 5296 2400 18492 14242 12549 18119 10953 16997 17098 14639 12108 3429 17571 11916 8840 4839 5910 17954 9303 10488 13394 10718 9172 10003 7896 9121 10551 13316 6899 8521 15299 10553 3078 4496
14728 7398 4622 14232 8654 1885 8721 16267 16977 3005 16838 9829 8934 5415 15691 18514 6114 8570 14839 3829 6690 16597 14874 6541 10635 8368 15560 14044 16453 14906 18252 14590 13777 7293 18048 11694 6125 3233 8887 1606 12608 16504 14262 10292 8397 1942 16906 18499 9239 15165 4927 15644 17174 13808 15167 11423 12969 0 8760 7234 6699 10243 15816 6150 14140 7758 4951 8322 11326 5761 8571 8170 17332 17504 7513 8125 16110 17267 10269 12596 16790 4530 9905 12043 10755 17724 9991 8663 17320 14629 18350 16115 5786 7925 2030 9085 6040 6000 5882 9938 9928
10512 12295 6639 7714 1653 9222 11946 13667 8688 7897 8528 10597 481 8232 7828 9833 5974 8856 7134 8433 5059 13136 7247 10006 11073 11076 7532 6295 8462 8403 9690 12430 10376 5525 14177 7683 4888 9917 13971 9308 6037 11698 7451 5526 7334 10151 9389 9778 10057 8890 9940 11929 13633 11218 6725 7362 7193 8760 0 3689 3180 4836 7152 9625 6535 3863 12702 6659 4798 13137 7077 5373 12030 8870 10231 10203 9272 8931 7003 10441 8501 6919 2363 3392 10783 8968 3575 6207 8669 6006 9590 7377 8655 3375 10117 9223 8205 8693 10111 5647 2697
13906 12865 3536 11386 4995 6953 13143 16799 9974 7735 11917 12564 3441 4825 8542 11893 7454 5185 7670 8574 1411 16448 7687 10909 7462 12390 11079 9940 12000 12080 12826 15410 13583 7622 17592 10896 6449 7230 14571 8348 5377 15228 11136 3293 9552 8023 13026 11991 11955 12556 6750 15261 16973 14259 8343 10565 5870 7234 3689 0 920 8185 9257 10469 10197 6414 11974 3085 4094 12634 9412 7878 15635 11924 11450 11659 12961 12292 4050 13324 11903 3814 3173 5765 13017 11434 7070 8752 11702 9197 12130 9760 5185 6077 7936 5575 4670 9689 6718 3086 3029
13120 12021 3547 10764 4293 6640 12248 15949 10318 6940 11630 11644 3038 5065 8992 12064 6534 5891 8141 7750 1967 15634 8179 10027 8225 11486 10698 9474 11626 11466 12657 14540 12753 6710 16805 10077 5529 7083 13729 7698 6026 14488 10546 4144 8638 7676 12568 12121 11035 11922 6852 14456 16166 13399 8584 9746 6646 6699 3180 920 0 7417 9389 9590 9709 5544 11313 3915 4696 11937 8504 6988 14936 11784 10550 10748 12398 12020 4970 12447 11610 3832 3298 5743 12099 11487 6361 7859 11569 8987 12166 9821 5478 5228 7606 6315 5025 8795 6954 3975 3261
5725 10457 10189 3990 3241 11463 9302 8840 11503 7989 7455 7057 5283 11941 11302 11502 4605 13307 10849 7963 9377 8312 11013 8089 15636 8391 5953 4377 6712 4667 9226 7671 5543 3369 9410 2863 4165 12549 11899 10004 10534 7083 4045 10360 4053 12082 6805 11218 6691 4962 13209 7110 8821 6440 9547 2551 11824 10243 4836 8185 7417 0 9266 7873 4326 2503 12526 11268 9440 12613 3667 2492 7611 8780 7818 7454 5869 7880 11822 5791 7379 10429 7041 6538 6861 10120 1340 2735 8678 6355 10499 9014 12424 2474 12117 13731 12109 6956 13664 10481 7416
13060 19057 12792 8882 7915 16013 18313 16730 2463 15019 5375 16305 6906 13969 3340 2698 12636 13080 3645 15485 10514 15614 3840 16682 14539 17401 5894 6307 6343 9210 4940 16096 13675 11795 16046 11554 11649 16453 20664 16455 5836 13276 8340 8089 13156 17024 7932 2736 15901 9775 15970 14494 15925 14887 1377 11348 7060 15816 7152 9257 9389 9266 0 16355 6655 10093 19844 10866 6108 20250 12797 11239 12959 4016 16684 16469 9129 5474 9733 14633 5440 13070 6108 3780 16121 2319 8172 11823 3793 3433 3041 873 14254 9606 16965 13197 13679 15394 15812 8561 6229
10180 2703 9640 11317 8473 8032 2765 10760 18212 3330 15328 3878 10038 11015 17452 18876 3722 13845 16752 2374 10733 11422 16857 449 16148 2236 13821 12249 14548 11843 17089 9070 8947 4650 12933 7745 4758 9382 4348 4772 15293 12040 11574 13732 4110 7895 14416 18682 3378 11882 11004 10697 11982 8568 16211 7603 16144 6150 9625 10469 9590 7873 16355 0 12182 6278 5282 12822 13945 5056 4478 5411 13066 16598 1367 2037 13113 15753 14402 7354 15252 9695 11750 12839 4914 17664 8472 5220 16478 13986 18132 16326 11470 6753 8030 14371 11545 962 11902 13555 11970
6422 14723 13074 2227 5715 15103 13408 10095 9116 12177 3181 10866 6756 14728 9587 8210 8892 15296 9465 12238 11585 8960 9664 12379 17399 12513 1648 366 2394 2610 5029 9578 7152 7683 9447 5462 8307 16026 16100 14117 10280 6676 1686 11192 8229 15861 2877 7802 10623 3189 16329 7842 9279 8412 7493 5360 11706 14140 6535 10197 9709 4326 6655 12182 0 6508 16818 13025 9628 16932 7837 6817 6509 4762 12032 11592 2950 3593 12906 8366 3097 13346 7765 5802 10399 6645 4161 6981 4719 3222 6829 6071 15165 6248 15870 15621 14731 11275 16586 11488 8136
7781 8976 7884 6485 2356 8960 8289 10414 12041 5675 9454 6738 4340 9641 11457 12598 2596 11318 10844 5811 7417 10177 10976 6593 13700 7391 8042 6469 8885 7168 11088 8997 7263 1737 11428 4648 1811 10059 10571 7616 9898 9337 6504 9109 3471 9583 9183 12408 6210 7464 10789 9029 10725 7857 10032 4321 11022 7758 3863 6414 5544 2503 10093 6278 6508 0 10394 9458 8641 10597 3220 1533 9977 10498 6618 6481 8356 9888 10345 6910 9391 8106 6219 6700 6932 11402 2386 2400 10356 7776 11892 10048 10134 510 9616 11777 9870 5316 11297 9122 6537
15460 4394 9572 16282 12085 6287 6508 15875 21305 4845 19842 8910 12991 10209 20187 22507 7928 13410 19372 4588 11589 16644 19430 5371 15323 6707 18403 16820 19212 16864 21478 14206 14228 9158 18159 12916 8590 7297 5160 3626 17331 17319 16470 15148 9235 5465 19295 22412 8520 16965 9210 15964 17196 13805 19393 12740 17808 4951 12702 11974 11313 12526 19844 5282 16818 10394 0 13273 16009 956 9567 10059 18337 20859 6303 7057 18134 20275 15213 12604 19776 9471 14300 16093 9985 21512 12777 10134 20707 18067 22072 20003 10515 10756 5636 13911 10855 5914 10224 14820 14394
16990 14976 3708 14368 8063 7329 15571 19863 10917 9742 14397 15333 6335 3755 9206 13290 10216 2314 8324 10678 2145 19531 8265 13271 4414 14894 13739 12742 14637 15052 15053 18450 16661 10549 20676 13978 9292 7020 16642 9756 5596 18296 14086 2915 12460 8401 15788 13503 14710 15546 5771 18346 20058 17314 9700 13647 5296 8322 6659 3085 3915 11268 10866 12822 13025 9458 13273 0 4810 14066 12354 10885 18676 14108 13941 14247 15870 14738 2029 16353 14397 3842 5403 7946 15871 13169 10133 11752 13875 11587 13890 11531 3825 9142 8266 2597 3225 12150 5284 2420 5090
14889 16504 7382 11439 6430 10984 16460 18247 6164 11570 10238 15344 4317 8214 4557 8480 10500 6977 3666 12322 4959 17565 3654 14362 8493 15629 9907 9288 10723 12043 10586 17109 14943 10245 18456 12297 9406 11106 18212 12391 1354 15814 11031 1982 12104 12068 12089 8701 14786 12601 10270 16352 18023 15880 4896 11990 2400 11326 4798 4094 4696 9440 6108 13945 9628 8641 16009 4810 0 16630 11861 10163 15930 9622 14735 14800 12578 10521 3674 15175 10259 7631 2440 3870 15572 8425 8107 11004 9384 7428 9147 6826 8422 8164 11971 7090 7824 13072 9960 2454 2104
15203 3719 10379 16272 12415 7187 5895 15409 21790 5240 20002 8468 13450 11086 20728 22893 8060 14281 19928 4813 12323 16250 19994 5066 16228 6202 18539 16953 19323 16829 21679 13760 13935 9249 17763 12790 8817 8229 4289 4333 17963 17059 16489 15848 9126 6397 19327 22777 8131 16898 10142 15625 16792 13434 19855 12635 18492 5761 13137 12634 11937 12613 20250 5056 16932 10597 956 14066 16630 0 9477 10126 18103 21093 5918 6659 18101 20434 15981 12254 19933 10291 14837 16525 9543 21848 12962 10119 20949 18338 22389 20371 11405 10989 6568 14786 11729 5802 11155 15535 14951
6193 6900 10177 6840 5511 10195 5635 7915 14923 5729 11015 3581 7556 11878 14506 15126 2545 14010 13943 5316 10237 8062 14086 4607 16414 4725 9485 7946 10160 7367 12831 6322 5208 1806 9490 3361 3134 11475 8268 7811 13114 8013 7109 12277 392 10513 9949 14860 3116 7421 12618 7077 8639 5360 12928 3173 14242 8571 7077 9412 8504 3667 12797 4478 7837 3220 9567 12354 11861 9477 0 1708 8931 12428 4195 3789 8637 11430 13427 4214 10933 10347 9437 9699 3712 13774 4625 974 12333 10014 14164 12611 12377 3702 10595 14500 12228 3675 13303 12260 9757
6733 8039 9026 6275 3803 9598 7079 9064 13303 5653 9934 5273 5852 10768 12830 13644 2191 12661 12252 5527 8805 8961 12392 5653 15058 6165 8441 6860 9203 6899 11680 7582 6032 924 10289 3598 2109 10796 9543 7722 11409 8421 6423 10637 1998 10080 9238 13408 4777 7084 11730 7862 9524 6488 11300 3301 12549 8170 5373 7878 6988 2492 11239 5411 6817 1533 10059 10885 10163 10126 1708 0 9187 11190 5488 5231 8153 10361 11847 5473 9859 9225 7734 8031 5411 12352 3121 877 11074 8627 12786 11107 11267 1999 10137 13135 11055 4479 12325 10642 8059
2919 14895 17798 4491 10648 18783 12925 5105 15404 14627 8030 9976 12393 19551 16051 13953 11231 20812 15967 14246 16903 3562 16167 13038 23086 12241 7084 6874 6843 3925 9614 5689 4270 10042 3273 5644 11286 19961 15729 16719 16703 1151 4928 17297 9204 19255 5356 13452 10126 3350 20766 3115 3552 5188 13934 5910 18119 17332 12030 15635 14936 7611 12959 13066 6509 9977 18337 18676 15930 18103 8931 9187 0 9945 12249 11552 3846 8184 18928 6110 7937 18035 13816 12216 9018 12349 8575 8676 10034 9590 12268 12256 20035 10055 19317 21209 19718 12446 21258 17522 14204
10792 19223 15330 6687 8891 18089 18053 14388 6062 16053 1927 15598 8832 16749 7327 4047 13066 16404 7657 16294 13305 13067 7853 16842 18104 17148 3253 4559 3136 6730 966 14115 11725 11966 13193 10223 12280 18769 20679 17805 9639 10518 6161 11563 12817 18999 4598 3524 15327 7203 18627 12082 13268 13011 5370 10120 10953 17504 8870 11924 11784 8780 4016 16598 4762 10498 20859 14108 9622 21093 12428 11190 9945 0 16598 16215 6177 1777 13292 13078 2023 15615 8825 6203 15158 2486 8156 11513 238 2878 2323 3143 17105 10108 18972 16596 16573 15656 18642 11993 9078
9334 2752 10876 10935 8929 9394 1725 9584 18658 4652 15209 2626 10671 12302 18016 19126 4263 15067 17357 3716 11824 10347 17475 1029 17394 954 13680 12138 14347 11404 17021 7908 8037 4893 11861 7196 5358 10746 4081 6136 16069 11181 11247 14669 3803 9261 14069 18895 2219 11379 12352 9708 10896 7519 16650 7106 16997 7513 10231 11450 10550 7818 16684 1367 12032 6618 6303 13941 14735 5918 4195 5488 12249 16598 0 755 12659 15624 15442 6336 15127 10946 12456 13306 3695 17839 8608 5085 16496 14105 18265 16585 12764 7121 9396 15591 12815 1792 13240 14524 12706
8634 3369 11297 10398 8825 9997 1854 8830 18503 5201 14773 1875 10656 12774 17932 18863 4304 15464 17298 4300 12115 9597 17423 1758 17813 939 13238 11717 13877 10841 16604 7153 7322 4743 11111 6611 5395 11351 4526 6797 16122 10473 10732 14834 3401 9911 13535 18614 1472 10790 12914 8972 10145 6775 16496 6544 17098 8125 10203 11659 10748 7454 16469 2037 11592 6481 7057 14247 14800 6659 3789 5231 11552 16215 755 0 12086 15183 15683 5599 14689 11382 12476 13179 2941 17540 8333 4728 16122 13788 17943 16332 13245 6989 10042 15986 13268 2209 13782 14713 12744
4825 15411 15622 1886 8203 17281 13768 8280 11566 13795 4250 10941 9547 17325 12272 10139 10344 18113 12242 13666 14323 6907 12444 13217 20266 12938 3241 3293 3042 1272 5964 8223 5981 9077 7039 5476 10025 18313 16580 15842 13212 4341 1893 14129 9003 17937 1750 9650 10865 1342 18803 5980 7092 7254 10146 5553 14639 16110 9272 12961 12398 5869 9129 13113 2950 8356 18134 15870 12578 18101 8637 8153 3846 6177 12659 12086 0 4459 15833 7638 4153 15885 10682 8746 10225 8531 6305 8000 6245 5802 8492 8413 17782 8242 17966 18459 17384 12302 19145 14414 11058
9175 18310 15548 5201 8621 18028 16994 12721 7703 15549 434 14409 8989 17071 8813 5823 12374 17051 9033 15688 13699 11366 9235 15960 18901 16102 1945 3504 1475 5138 1546 12539 10185 11200 11441 8922 11698 18817 19693 17409 10734 8792 4712 12387 11821 18876 2829 5301 14191 5567 18856 10416 11545 11475 6752 8861 12108 17267 8931 12292 12020 7880 5474 15753 3593 9888 20275 14738 10521 20434 11430 10361 8184 1777 15624 15183 4459 0 14140 11639 502 15831 9345 6812 13885 4248 7502 10566 1901 3152 4091 4626 17461 9560 18865 17290 16961 14836 18966 12782 9648
17515 16681 5691 14496 8586 9348 17116 20609 9414 11462 13839 16614 6587 5755 7629 11964 11502 3559 6781 12366 3726 20133 6688 14848 4820 16389 13386 12589 14241 15149 14255 19292 17340 11649 21177 14640 10498 9044 18369 11653 4048 18666 14151 1755 13581 10424 15527 12239 16005 15679 7732 18927 20634 18110 8459 14313 3429 10269 7003 4050 4970 11822 9733 14402 12906 10345 15213 2029 3674 15981 13427 11847 18928 13292 15442 15683 15833 14140 0 17236 13853 5844 5152 7369 17057 12051 10578 12724 13055 11013 12772 10480 5778 9960 10291 3549 5191 13665 7158 1419 4774
3240 8865 14375 6437 8788 14305 6833 3708 17003 9634 11299 3897 10913 16086 16992 16523 6742 18124 16591 9013 14278 4082 16762 7234 20524 6196 9831 8633 10179 6588 13178 2119 1857 5946 5587 3091 7317 15612 9623 11630 16307 4982 6936 15919 4275 14527 9333 16143 4131 6305 16817 3373 4652 1229 15123 3332 17571 12596 10441 13324 12447 5791 14633 7354 8366 6910 12604 16353 15175 12254 4214 5473 6110 13078 6336 5599 7638 11639 17236 0 11202 14551 12747 12294 2909 14989 7127 4620 13058 11354 15195 14215 16585 7277 14624 18603 16423 6938 17514 15975 13110
8801 17811 15129 4769 8150 17569 16502 12377 7743 15053 99 13929 8574 16667 8762 6020 11873 16711 8934 15189 13313 11046 9138 15460 18593 15609 1452 3002 1113 4746 1980 12148 9778 10698 11176 8455 11201 18371 19197 16919 10528 8495 4267 12098 11324 18409 2616 5515 13705 5199 18435 10071 11245 11068 6671 8387 11916 16790 8501 11903 11610 7379 5440 15252 3097 9391 19776 14397 10259 19933 10933 9859 7937 2023 15127 14689 4153 502 13853 11202 0 15411 8997 6499 13416 4421 7005 10067 2098 2841 4340 4616 17062 9065 18400 16961 16568 14334 18560 12483 9308
15877 11552 285 14143 7686 3518 12452 18229 13708 6412 15435 12754 6843 1544 12183 15703 7886 4182 11294 7384 2673 18186 11285 10138 6454 11888 14443 13142 15373 14851 16489 16666 15256 8615 19495 12730 7238 3476 13159 6037 8762 17438 13998 6190 10342 4606 16223 15805 12123 15253 3025 17075 18748 15654 12141 12409 8840 4530 6919 3814 3832 10429 13070 9695 13346 8106 9471 3842 7631 10291 10347 9225 18035 15615 10946 11382 15885 15831 5844 14551 15411 0 6977 9531 13471 15238 9625 10001 15399 12817 15929 13565 2042 7982 4482 4709 1907 9185 3261 5764 6842
12584 14370 6697 9360 3989 9938 14179 15873 7073 9648 8998 12943 1882 7972 5892 8772 8196 7716 5101 10312 4505 15247 5178 12152 9682 13328 8355 7456 9244 10005 9748 14699 12569 7854 16198 9903 7100 10345 16068 10749 3680 13613 9003 3481 9689 10971 10444 8844 12395 10541 9922 14033 15720 13475 5290 9591 4839 9905 2363 3173 3298 7041 6108 11750 7765 6219 14300 5403 2440 14837 9437 7734 13816 8825 12456 12476 10682 9345 5152 12747 8997 6977 0 2625 13145 8262 5719 8570 8598 6201 8957 6588 8304 5736 10903 7981 7759 10846 9853 3734 389
11477 15535 9247 7736 4380 12305 14987 15004 5374 11286 6490 13278 3127 10584 4811 6475 9125 10256 4311 11797 7123 14156 4475 13195 12094 14090 6045 5453 6880 8297 7131 14053 11740 8437 14914 9246 8084 12824 17182 12679 4489 12203 7289 5614 10021 13296 8221 6460 12805 8868 12509 12957 14571 12810 3376 8975 5910 12043 3392 5765 5743 6538 3780 12839 5802 6700 16093 7946 3870 16525 9699 8031 12216 6203 13306 13179 8746 6812 7369 12294 6499 9531 2625 0 13267 5753 5244 8741 5975 3663 6424 4101 10924 6192 13244 10483 10382 11887 12470 5987 2878
6131 6024 13341 8773 9197 12581 3937 5891 18360 7754 13509 1076 11263 14949 18075 18274 5676 17368 17554 6961 13731 6724 17704 4689 19763 3368 11985 10603 12473 9068 15390 4222 4754 5421 8232 4962 6584 13929 6714 9559 16819 7891 9206 15964 3496 12620 11839 17951 1545 8885 15354 6213 7257 3973 16392 5039 17954 10755 10783 13017 12099 6861 16121 4914 10399 6932 9985 15871 15572 9543 3712 5411 9018 15158 3695 2941 10225 13885 17057 2909 13416 13471 13145 13267 0 16822 8053 4590 15104 13073 17121 15832 15439 7409 12738 17875 15377 4775 16156 15929 13468
12967 20348 14956 8773 9435 18055 19394 16614 3736 16667 4331 17144 8798 16198 5246 1610 13996 15393 5757 17042 12731 15354 5935 17955 16853 18479 5398 6360 5506 8930 3186 16208 13787 13023 15570 12002 13087 18570 21891 18239 8128 12855 8227 10406 14153 19037 7035 1157 16806 9445 18176 14318 15590 15054 3628 11851 9303 17724 8968 11434 11487 10120 2319 17664 6645 11402 21512 13169 8425 21848 13774 12352 12349 2486 17839 17540 8531 4248 12051 14989 4421 15238 8262 5753 16822 0 9232 12817 2347 3767 722 1674 16500 10951 18989 15515 15931 16704 18057 10877 8423
6937 11135 9371 4520 2076 11027 10185 10153 10328 8055 7068 8152 4002 11100 10036 10530 4913 12239 9554 8191 8328 9568 9714 8742 14531 9270 5663 4098 6518 5228 8717 9008 6850 3823 10603 4190 4196 12022 12660 9964 9194 8163 4412 9076 4986 11743 6923 10289 7731 5631 12509 8358 10060 7775 8347 3884 10488 9991 3575 7070 6361 1340 8172 8472 4161 2386 12777 10133 8107 12962 4625 3121 8575 8156 8608 8333 6305 7502 10578 7127 7005 9625 5719 5244 8053 9232 0 3651 8026 5517 9673 8001 11570 2088 11759 12643 11212 7521 12885 9217 6098
6094 7744 9811 6155 4608 10180 6580 8244 13952 5980 10147 4538 6688 11544 13551 14159 2554 13505 12999 5714 9664 8210 13144 5400 15904 5666 8626 7069 9333 6729 11943 6735 5290 1425 9573 3033 2789 11415 9165 8072 12237 7844 6375 11508 1339 10594 9217 13898 4088 6845 12430 7143 8779 5665 11958 2774 13394 8663 6207 8752 7859 2735 11823 5220 6981 2400 10134 11752 11004 10119 974 877 8676 11513 5085 4728 8000 10566 12724 4620 10067 10001 8570 8741 4590 12817 3651 0 11413 9061 13216 11641 12043 2847 10662 13983 11850 4346 13058 11517 8900
10819 19111 15115 6690 8718 17891 17963 14429 5871 15895 2004 15530 8625 16527 7112 3930 12931 16170 7431 16147 13081 13122 7628 16727 17867 17056 3253 4501 3204 6757 1203 14128 11730 11841 13274 10180 12133 18562 20576 17635 9402 10585 6158 11326 12722 18805 4699 3419 15251 7241 18410 12124 13332 13014 5143 10070 10718 17320 8669 11702 11569 8678 3793 16478 4719 10356 20707 13875 9384 20949 12333 11074 10034 238 16496 16122 6245 1901 13055 13058 2098 15399 8598 5975 15104 2347 8026 11413 0 2691 2248 2921 16882 9961 18777 16361 16348 15534 18420 11757 8848
9634 16652 12532 5449 6037 15219 15641 13307 5896 13241 2829 13379 5994 14004 6471 5205 10369 13900 6461 13527 10597 12181 6665 14260 15756 14727 2661 2876 3353 5786 3686 12721 10294 9336 12631 8315 9523 15919 18170 14954 7763 9859 4906 9258 10395 16123 4848 4880 13039 6356 15838 11063 12493 11527 4347 8142 9172 14629 6006 9197 8987 6355 3433 13986 3222 7776 18067 11587 7428 18338 10014 8627 9590 2878 14105 13788 5802 3152 11013 11354 2841 12817 6201 3663 13073 3767 5517 9061 2691 0 4160 2879 14380 7356 16097 14138 13866 13032 15900 9643 6498
13048 20806 15647 8889 9988 18714 19795 16669 4300 17228 4245 17482 9438 16903 5890 1801 14488 16116 6436 17578 13435 15369 6610 18413 17573 18882 5464 6570 5450 8989 2835 16335 13926 13484 15515 12252 13603 19248 22329 18834 8841 12832 8349 11129 14547 19689 6918 1250 17164 9482 18876 14366 15580 15203 4340 12117 10003 18350 9590 12130 12166 10499 3041 18132 6829 11892 22072 13890 9147 22389 14164 12786 12268 2323 18265 17943 8492 4091 12772 15195 4340 15929 8957 6424 17121 722 9673 13216 2248 4160 0 2379 17208 11452 19643 16237 16642 17176 18765 11599 9125
12494 19023 13284 8291 7969 16405 18183 16166 3160 15162 4547 16071 7181 14526 4202 2550 12624 13772 4517 15579 11058 15007 4712 16636 15296 17269 5172 5738 5558 8574 4069 15601 13173 11718 15383 11157 11674 16904 20602 16677 6642 12621 7743 8806 12979 17396 7148 2410 15693 9129 16502 13908 15298 14406 2238 10970 7896 16115 7377 9760 9821 9014 873 16326 6071 10048 20003 11531 6826 20371 12611 11107 12256 3143 16585 16332 8413 4626 10480 14215 4616 13565 6588 4101 15832 1674 8001 11641 2921 2879 2379 0 14830 9577 17344 13909 14263 15364 16387 9268 6749
17911 13117 2250 16074 9583 4230 14199 20267 14586 8144 17079 14688 8510 500 12935 16803 9898 2959 12045 9113 3802 20228 12002 11905 4850 13693 16176 14941 17104 16782 18010 18698 17298 10654 21534 14766 9276 3480 14655 7386 9358 19457 15905 6669 12363 5162 18033 16961 14059 17200 1954 19116 20789 17693 13201 14443 9121 5786 8655 5185 5478 12424 14254 11470 15165 10134 10515 3825 8422 11405 12377 11267 20035 17105 12764 13245 17782 17461 5778 16585 17062 2042 8304 10924 15439 16500 11570 12043 16882 14380 17208 14830 0 9994 5001 3429 605 11037 1558 6185 8096
7970 9454 7749 6391 1847 9039 8795 10723 11537 5990 9126 7237 3854 9506 10948 12127 3049 11057 10334 6186 7137 10424 10467 7076 13427 7898 7744 6185 8605 7086 10723 9344 7529 2246 11638 4870 2172 10094 11059 7877 9412 9465 6368 8683 3965 9709 8982 11945 6713 7416 10737 9259 10964 8184 9529 4540 10551 7925 3375 6077 5228 2474 9606 6753 6248 510 10756 9142 8164 10989 3702 1999 10055 10108 7121 6989 8242 9560 9960 7277 9065 7982 5736 6192 7409 10951 2088 2847 9961 7356 11452 9577 9994 0 9733 11506 9703 5791 11204 8713 6060
16740 8929 4682 16100 10254 987 10475 18291 17896 5013 18442 11790 10216 4774 16475 19653 8121 7955 15598 5781 7063 18626 15607 8395 9725 10208 17227 15749 18136 16783 19763 16612 15803 9276 20076 13687 8060 1661 10264 3268 13168 18506 16100 10654 10426 171 18680 19687 11212 17067 3574 17670 19204 15837 16190 13410 13316 2030 10117 7936 7606 12117 16965 8030 15870 9616 5636 8266 11971 6568 10595 10137 19317 18972 9396 10042 17966 18865 10291 14624 18400 4482 10903 13244 12738 18989 11759 10662 18777 16097 19643 17344 5001 9733 0 8430 5425 7967 4588 10239 10859
19433 16258 4736 16936 10567 7642 17134 22183 12963 11114 16957 17244 8915 3702 11176 15496 12203 527 10330 12085 4370 21930 10236 14818 1924 16540 16328 15338 17223 17625 17550 20716 19032 12701 23117 16373 11378 6887 17854 10657 7595 20794 16665 5108 14563 8591 18384 15755 16613 18112 5155 20759 22467 19615 11959 16042 6899 9085 9223 5575 6315 13731 13197 14371 15621 11777 13911 2597 7090 14786 14500 13135 21209 16596 15591 15986 18459 17290 3549 18603 16961 4709 7981 10483 17875 15515 12643 13983 16361 14138 16237 13909 3429 11506 8430 0 3057 13812 4308 4641 7655
17651 13292 2052 15699 9199 4600 14291 20090 13987 8235 16583 14658 8039 653 12332 16217 9784 2555 11442 9208 3270 20006 11399 11985 4639 13753 15708 14499 16634 16406 17483 18540 17078 10479 21292 14514 9107 3971 14860 7624 8754 19166 15514 6065 12232 5581 17593 16381 14028 16835 2547 18881 20564 17512 12615 14189 8521 6040 8205 4670 5025 12109 13679 11545 14731 9870 10855 3225 7824 11729 12228 11055 19718 16573 12815 13268 17384 16961 5191 16423 16568 1907 7759 10382 15377 15931 11212 11850 16348 13866 16642 14263 605 9703 5425 3057 0 11066 2141 5580 7541
9596 3664 9107 10483 7518 7852 3454 10477 17260 3024 14409 3829 9113 10567 16517 17914 2765 13289 15825 2187 10036 11020 15933 1313 15626 2745 12909 11333 13649 11030 16159 8782 8421 3698 12521 7007 3814 9205 5295 4791 14415 11454 10719 12927 3329 7847 13562 17721 3244 11096 10725 10221 11590 8166 15257 6840 15299 6000 8693 9689 8795 6956 15394 962 11275 5316 5914 12150 13072 5802 3675 4479 12446 15656 1792 2209 12302 14836 13665 6938 14334 9185 10846 11887 4775 16704 7521 4346 15534 13032 17176 15364 11037 5791 7967 13812 11066 0 11583 12769 11076
19032 13273 3523 17403 10945 4071 14561 21217 16122 8590 18580 15339 9992 1896 14454 18358 10776 3947 13566 9529 5348 21268 13518 12320 5243 14139 17642 16373 18572 18112 19542 19611 18344 11644 22613 15881 10270 2927 14718 7468 10862 20633 17259 8171 13250 4759 19461 18518 14719 18511 1013 20185 21836 18656 14755 15565 10553 5882 10111 6718 6954 13664 15812 11902 16586 11297 10224 5284 9960 11155 13303 12325 21258 18642 13240 13782 19145 18966 7158 17514 18560 3261 9853 12470 16156 18057 12885 13058 18420 15900 18765 16387 1558 11204 4588 4308 2141 11583 0 7681 9650
16152 15940 5556 13083 7257 9263 16222 19295 8500 10777 12472 15541 5217 6048 6787 10914 10466 4524 5904 11638 3249 18783 5846 13994 6124 15460 11985 11172 12846 13734 12952 18010 16014 10509 19805 13316 9426 9167 17643 11208 3181 17275 12734 496 12438 10356 14118 11149 14942 14265 8101 17574 19278 16817 7345 12992 3078 9938 5647 3086 3975 10481 8561 13555 11488 9122 14820 2420 2454 15535 12260 10642 17522 11993 14524 14713 14414 12782 1419 15975 12483 5764 3734 5987 15929 10877 9217 11517 11757 9643 11599 9268 6185 8713 10239 4641 5580 12769 7681 0 3355
12970 14573 6565 9746 4338 9887 14430 16251 7059 9787 9307 13247 2217 7780 5797 8867 8453 7404 4979 10476 4310 15632 5043 12377 9336 13587 8698 7823 9580 10389 10009 15069 12948 8152 16586 10279 7356 10245 16275 10822 3383 14002 9386 3095 10002 10933 10799 8963 12694 10926 9754 14418 16106 13847 5339 9965 4496 9928 2697 3029 3261 7416 6229 11970 8136 6537 14394 5090 2104 14951 9757 8059 14204 9078 12706 12744 11058 9648 4774 13110 9308 6842 389 2878 13468 8423 6098 8900 8848 6498 9125 6749 8096 6060 10859 7655 7541 11076 9650 3355 0
1 10 10 5
2 9 9 9
3 4 6 5
4 7 4 0
5 9 4 6
6 10 7 3
7 7 9 3
8 6 11 4
9 12 4 5
10 8 12 5
11 11 7 6
12 12 10 2
13 7 5 4
14 9 5 8
15 11 6 8
16 12 8 3
17 8 5 5
18 11 7 8
19 10 3 6
20 8 8 4
21 11 9 11
22 6 4 1
23 14 7 3
24 10 10 5
25 9 8 7
26 6 10 7
27 7 8 6
28 5 7 5
29 12 10 7
30 9 4 3
31 17 5 4
32 10 8 2
33 13 6 4
34 9 9 4
35 7 10 2
36 8 12 9
37 6 9 7
38 8 5 7
39 15 4 2
40 8 9 2
41 7 9 4
42 7 7 3
43 8 7 8
44 7 7 11
45 5 9 5
46 13 3 4
47 9 11 4
48 5 7 3
49 9 11 3
50 15 9 8
51 8 5 4
52 10 15 4
53 12 7 4
54 8 7 6
55 13 7 4
56 12 6 9
57 10 9 7
58 8 6 4
59 6 12 3
60 8 9 1
61 3 8 4
62 9 1 4
63 9 10 6
64 11 12 2
65 8 10 6
66 13 6 4
67 11 3 7
68 4 9 3
69 1 6 1
70 6 10 4
71 9 10 9
72 11 11 5
73 4 7 1
74 11 6 6
75 7 9 1
76 9 6 5
77 9 8 1
78 10 8 6
79 7 10 7
80 11 6 5
81 13 7 5
82 8 7 3
83 7 12 4
84 12 4 3
85 6 6 5
86 2 8 7
87 8 7 5
88 10 14 5
89 4 5 4
90 11 8 0
91 10 11 5
92 13 3 5
93 8 12 2
94 9 6 8
95 10 4 0
96 13 6 1
97 4 7 1
98 8 11 5
99 11 8 4
100 8 7 1
