700 100 3
30 60 700 9.00
0 15 6 2
0 18 46 3
0 3 80 2
0 12 40 2
0 9 87 1
0 2 32 3
0 3 68 3
0 3 36 2
0 7 67 3
0 17 86 2
0 2 22 2
0 4 93 1
0 2 77 2
0 7 72 2
0 6 11 3
0 1 64 3
0 4 65 2
0 3 73 3
0 2 46 2
0 7 42 1
0 22 47 1
0 23 72 2
0 24 60 1
0 1 13 1
0 3 47 1
0 3 21 2
0 10 78 1
0 13 29 2
0 11 59 1
0 7 9 3
0 6 63 2
0 3 100 3
0 18 58 2
0 7 96 1
0 15 21 3
0 21 22 2
0 10 78 2
0 7 93 1
0 14 93 2
0 16 60 1
0 15 23 3
0 18 97 3
0 7 50 2
0 2 91 1
0 3 94 3
0 2 10 2
0 12 7 2
0 22 69 3
0 3 99 2
0 3 98 2
0 11 91 1
0 11 58 3
0 3 23 2
0 15 47 1
0 3 38 2
0 3 47 2
0 1 46 2
0 23 62 1
0 9 56 1
0 3 44 3
0 2 82 1
0 15 74 2
0 4 25 2
0 4 89 2
0 4 57 1
0 2 29 1
0 7 90 3
0 3 71 1
0 16 96 3
0 1 90 3
0 19 95 2
0 12 62 2
0 2 51 3
0 20 76 2
0 4 48 1
0 13 89 1
0 1 67 2
0 12 35 3
0 6 13 1
0 1 26 1
0 7 92 1
0 3 5 1
0 18 25 2
0 1 78 1
0 9 81 3
0 8 83 1
0 2 78 3
0 1 48 1
0 2 1 3
0 3 94 3
0 13 32 1
0 9 2 2
0 2 45 1
0 3 57 1
0 5 86 3
0 18 13 1
0 25 55 3
0 8 89 3
0 2 44 2
0 3 34 3
0 12 15 1
0 11 36 2
0 11 83 3
0 10 99 1
0 23 99 2
0 9 89 1
0 18 100 2
0 2 92 1
0 4 15 2
0 22 63 3
0 1 96 2
0 2 75 1
0 21 66 3
0 5 91 2
0 17 82 3
0 12 60 2
0 3 65 1
0 17 87 2
0 14 96 1
0 15 79 3
0 4 63 1
0 14 61 3
0 22 88 3
0 3 66 3
0 14 99 2
0 7 46 1
0 8 21 2
0 23 71 3
0 1 8 1
0 2 40 2
0 2 24 1
0 3 48 1
0 10 92 3
0 4 28 2
0 16 4 3
0 2 61 1
0 10 47 2
0 18 86 2
0 3 41 3
0 6 99 2
0 9 34 3
0 3 98 2
0 2 89 3
0 23 64 2
0 11 82 3
0 22 32 3
0 10 65 3
0 13 40 2
0 23 91 2
0 5 7 1
0 7 51 2
0 9 67 1
0 10 96 3
0 1 1 2
0 2 60 3
0 9 36 3
0 16 7 1
0 18 50 1
0 1 61 3
0 17 16 1
0 1 42 2
0 6 3 1
0 7 83 3
0 7 68 2
0 20 42 3
0 17 39 1
0 4 68 2
0 2 47 1
0 4 65 3
0 3 74 2
0 13 36 1
0 2 92 1
0 15 81 3
0 4 95 1
0 12 67 2
0 17 49 3
0 5 54 1
0 5 5 3
0 3 96 3
0 6 18 2
0 5 1 3
0 5 52 1
0 2 98 2
0 1 73 1
0 21 76 3
0 10 11 2
0 17 73 3
0 8 15 3
0 4 65 2
0 14 41 3
0 3 2 3
0 11 10 2
0 8 71 3
0 1 47 3
0 9 57 3
0 3 15 3
0 1 98 2
0 14 5 2
0 10 76 2
0 6 72 3
0 1 6 1
0 4 16 1
0 8 4 2
0 2 81 1
0 25 81 1
0 5 57 1
0 19 97 3
0 12 38 1
0 9 54 3
0 8 99 2
0 6 78 2
0 5 84 2
0 2 47 3
0 23 86 1
0 6 65 1
0 21 87 3
0 8 100 2
0 16 21 1
0 3 43 3
0 2 82 3
0 4 31 2
0 1 73 1
0 2 23 1
0 20 31 3
0 8 71 2
0 11 97 2
0 5 17 2
0 13 91 1
0 2 88 2
0 5 86 1
0 3 96 3
0 24 80 3
0 6 89 1
0 16 49 2
0 2 63 1
0 9 43 1
0 6 6 1
0 8 3 3
0 1 66 1
0 5 90 1
0 1 56 2
0 3 2 3
0 5 51 3
0 13 72 3
0 7 63 2
0 1 19 1
0 12 92 2
0 2 78 3
0 10 55 3
0 15 48 1
0 2 43 1
0 6 18 1
0 3 44 3
0 20 55 1
0 5 47 1
0 1 15 1
0 11 88 3
0 14 92 3
0 6 16 3
0 12 29 3
0 13 97 1
0 15 40 1
0 24 31 3
0 4 66 1
0 22 73 1
0 8 22 2
0 21 38 3
0 15 5 2
0 1 62 2
0 1 95 2
0 2 67 3
0 20 49 2
0 12 65 2
0 3 81 2
0 2 26 1
0 17 11 3
0 5 42 3
0 11 63 1
0 7 89 1
0 7 18 3
0 3 92 1
0 3 51 3
0 1 60 3
0 6 61 2
0 24 61 1
0 1 73 2
0 10 21 1
0 7 28 1
0 3 51 1
0 2 76 2
0 2 84 1
0 15 46 1
0 11 36 3
0 16 33 1
0 1 86 2
0 1 77 2
0 6 75 2
0 7 35 1
0 7 36 1
0 1 71 1
0 7 60 2
0 12 52 3
0 11 84 3
0 22 32 1
0 5 13 3
0 3 70 3
0 11 82 1
0 6 82 3
0 25 76 2
0 5 71 2
0 9 20 3
0 10 48 3
0 3 32 3
0 3 4 3
0 1 33 1
0 14 66 2
0 7 45 2
0 4 22 3
0 1 67 3
0 3 34 2
0 8 58 3
0 9 72 3
0 14 85 2
0 10 28 2
0 9 96 1
0 25 91 3
0 21 97 2
0 2 61 3
0 4 42 1
0 4 17 1
0 9 9 2
0 4 35 2
0 3 63 2
0 13 39 3
0 10 50 2
0 3 62 2
0 2 9 3
0 2 51 1
0 11 22 2
0 5 97 2
0 3 19 3
0 1 83 1
0 1 46 3
0 13 87 3
0 9 24 1
0 10 19 2
0 1 96 1
0 1 94 2
0 2 17 1
0 7 81 3
0 10 3 2
0 3 41 2
0 10 4 1
0 8 4 2
0 9 74 1
0 1 16 1
0 3 23 2
0 13 67 1
0 1 41 3
0 3 15 1
0 24 16 1
0 7 72 2
0 2 41 3
0 6 60 2
0 15 83 3
0 13 13 1
0 3 23 3
0 3 5 3
0 2 2 3
0 7 66 1
0 5 58 1
0 1 32 3
0 11 14 3
0 5 42 2
0 8 4 1
0 4 46 1
0 4 8 3
0 11 35 3
0 1 72 1
0 1 3 2
0 2 76 1
0 6 71 2
0 1 1 2
0 6 40 3
0 5 23 2
0 1 23 3
0 21 97 2
0 12 75 2
0 10 12 1
0 13 3 2
0 16 96 3
0 24 41 2
0 6 43 2
0 10 54 2
0 6 3 1
0 10 9 1
0 13 45 3
0 8 30 1
0 3 32 1
0 1 24 2
0 1 70 2
0 12 51 3
0 4 34 1
0 1 51 3
0 3 39 1
0 14 78 2
0 1 98 2
0 8 85 3
0 7 72 2
0 11 32 2
0 8 4 2
0 1 90 2
0 4 14 1
0 1 83 2
0 10 42 3
0 4 70 2
0 6 57 2
0 7 73 3
0 7 93 3
0 20 92 1
0 3 53 1
0 11 54 3
0 2 45 2
0 4 2 3
0 2 26 2
0 4 6 1
0 21 38 3
0 2 13 3
0 2 23 2
0 10 40 3
0 23 93 1
0 17 75 2
0 3 39 1
0 1 78 3
0 10 3 2
0 5 88 2
0 1 42 3
0 3 27 3
0 12 85 3
0 15 97 3
0 11 55 1
0 20 68 2
0 11 93 2
0 9 19 2
0 10 33 1
0 5 55 3
0 18 25 3
0 11 49 1
0 23 61 2
0 9 62 2
0 5 31 3
0 19 14 3
0 5 73 3
0 3 58 3
0 1 19 1
0 22 6 3
0 8 41 1
0 24 59 3
0 16 47 1
0 24 96 1
0 1 38 2
0 20 78 1
0 4 49 2
0 7 93 3
0 5 38 3
0 13 93 3
0 11 12 3
0 3 29 2
0 25 15 3
0 3 1 1
0 7 41 1
0 7 57 1
0 10 5 3
0 17 42 1
0 5 96 2
0 14 6 1
0 11 73 3
0 1 86 1
0 7 19 2
0 12 83 2
0 7 63 3
0 14 30 3
0 11 100 3
0 1 88 3
0 25 59 2
0 5 68 3
0 4 92 1
0 3 78 3
0 20 8 1
0 2 26 1
0 18 84 3
0 6 84 2
0 3 81 1
0 1 31 1
0 10 56 1
0 6 2 2
0 7 15 1
0 4 47 1
0 10 2 2
0 8 92 1
0 1 53 1
0 2 13 2
0 1 37 1
0 4 86 1
0 5 73 1
0 17 28 1
0 1 64 3
0 6 45 2
0 11 84 2
0 3 73 1
0 2 96 1
0 12 36 3
0 18 89 3
0 1 7 3
0 8 35 1
0 5 48 3
0 2 79 1
0 1 3 1
0 17 62 1
0 7 54 2
0 12 88 2
0 1 15 1
0 9 33 3
0 6 53 3
0 1 80 2
0 14 74 1
0 7 81 3
0 4 21 2
0 6 93 1
0 19 16 2
0 12 64 2
0 12 58 1
0 8 77 2
0 2 90 3
0 5 83 3
0 15 26 2
0 1 50 1
0 23 29 2
0 17 25 1
0 8 78 2
0 6 20 3
0 4 38 1
0 10 57 1
0 18 59 1
0 1 86 3
0 20 10 3
0 14 51 2
0 2 9 3
0 1 73 2
0 2 5 2
0 16 40 1
0 4 27 1
0 5 32 1
0 2 88 1
0 2 20 1
0 5 17 3
0 14 48 1
0 17 83 2
0 3 45 1
0 7 96 3
0 10 57 1
0 16 14 3
0 7 58 1
0 4 17 1
0 3 46 1
0 4 97 2
0 20 57 1
0 2 18 2
0 6 55 1
0 9 63 3
0 2 81 1
0 8 66 3
0 6 10 2
0 11 95 3
0 8 18 1
0 3 32 2
0 1 10 1
0 3 71 3
0 5 41 2
0 12 90 2
0 2 50 2
0 10 17 3
0 9 6 2
0 2 100 2
0 5 52 2
0 13 21 1
0 3 57 1
0 17 34 2
0 2 1 2
0 4 79 1
0 6 71 2
0 3 76 3
0 7 3 3
0 11 49 3
0 2 45 2
0 2 23 1
0 1 47 1
0 3 31 2
0 12 15 3
0 8 17 2
0 21 72 1
0 2 43 1
0 1 89 2
0 10 56 3
0 2 31 1
0 7 31 1
0 11 69 2
0 9 96 3
0 10 58 3
0 24 91 2
0 10 13 2
0 13 60 1
0 8 10 2
0 14 11 2
0 2 25 2
0 18 83 2
0 6 10 1
0 21 52 3
0 23 69 2
0 4 7 2
0 5 26 1
0 11 62 1
0 10 100 1
0 6 9 1
0 21 49 1
0 1 38 1
0 14 97 2
0 6 48 2
0 3 83 1
0 1 90 2
0 1 7 3
0 8 22 1
0 11 30 1
0 11 1 2
0 10 78 1
0 2 73 2
0 5 89 1
0 9 39 1
0 7 4 2
0 15 75 3
0 9 47 3
0 9 23 1
0 2 75 1
0 3 21 2
0 13 35 2
0 9 16 1
0 6 65 2
0 1 40 3
0 17 94 2
0 12 76 3
0 17 36 2
0 13 85 1
0 17 77 1
0 1 63 3
0 11 53 2
0 1 48 2
0 2 17 3
0 14 21 2
0 11 5 2
0 24 25 2
0 8 40 1
0 7 51 1
0 17 22 1
0 5 68 1
0 8 84 3
0 2 65 3
0 4 7 2
0 1 39 3
0 1 25 2
0 16 99 2
0 4 22 1
0 19 81 2
0 3 12 2
0 4 25 3
0 3 64 3
0 4 63 2
0 1 52 3
0 21 44 3
0 17 68 2
0 25 57 1
0 1 58 2
0 3 10 3
0 14 97 2
0 9 20 3
0 3 55 3
0 16 1 1
0 23 72 1
0 4 28 3
0 24 7 3
0 1 51 1
0 7 63 3
0 5 37 3
0 3 25 3
0 5 33 1
0 11 98 2
0 20 25 3
0 5 76 2
0 7 8 3
0 6 76 3
0 14 24 3
0 4407 10494 4824 6929 2709 13798 15156 1327 13449 3732 3618 13025 5600 4408 10298 15321 7408 12378 13526 8881 4012 4600 8681 11473 12877 9515 9830 4627 7862 7572 4755 12535 5976 13920 15898 1676 11167 6958 12641 7802 8650 4849 8070 4487 8644 4869 4773 5962 3864 9663 14349 9419 6348 10543 3733 8939 13696 5750 9623 7395 9582 7784 5776 8546 2921 564 14128 13977 11632 13421 7586 8849 3907 4705 14221 6518 1058 8735 3005 14723 8754 14016 4041 13866 4668 8328 8279 4457 8210 11154 8786 5346 10365 5877 8730 3894 13137 11920 13212 3782
4407 0 8919 9126 9092 7051 9418 11817 5244 9773 692 7607 9228 3172 8084 7023 11509 3803 8015 9404 8262 1249 7197 11620 7955 8960 9731 8800 7317 8094 6249 8915 8473 1573 10066 11999 5134 9024 3012 8421 7899 9505 7056 8577 8487 11344 536 6483 5204 7358 7745 10632 5079 6985 8153 4867 5326 10305 1750 11013 8449 6355 3674 9025 5141 6979 3872 9820 10741 8196 9638 3678 8500 6168 9071 10797 5721 4394 6798 4787 10934 9178 9811 8299 10636 1501 9415 8456 53 3803 6809 7473 4066 9299 8364 5876 1901 9784 8461 8981 2885
10494 8919 0 14524 17211 11569 11051 6752 10015 6715 9174 10820 15616 5761 14853 4380 17480 5969 12195 14723 17181 7922 14960 10340 15148 7371 18607 1291 15018 4062 15141 14789 14240 8969 16153 17642 9477 1457 10866 8834 3866 5232 15066 4509 14741 19115 8582 14730 14108 14355 16413 7405 10678 15694 16539 13215 12935 17351 10104 19585 5554 14243 7169 9802 13070 13263 10072 13991 5633 15481 7103 6611 17417 14085 12993 17722 3989 11321 2140 12803 17053 4334 9522 13978 5545 10405 18066 17318 8894 9277 9130 1716 5286 1186 16247 3742 10727 16962 15665 9228 6964
4824 9126 14524 0 6012 2958 18543 19807 4650 18212 8435 4020 16901 10308 2403 14998 19135 12214 16903 17717 10489 8835 4477 8816 15176 17687 10146 13619 4336 11111 10105 792 16687 10660 17820 19789 5137 15433 11287 17457 11155 11267 5091 11078 1459 6310 9621 5707 8572 2918 12253 19116 13951 7561 13400 6090 12891 17164 10215 8877 10098 13198 12604 6353 12390 2272 5387 18544 18605 15256 18207 12409 10210 4888 2331 17694 10599 4761 13057 5447 18532 11707 18835 851 18494 9027 8300 9268 9178 12885 15929 12824 9805 14127 5009 13362 8124 16599 15545 18028 8435
6929 9092 17211 6012 0 7507 17406 20909 7892 18824 8543 8980 13567 11739 3713 16098 15533 12890 14993 14906 5346 9614 2334 14376 11728 17909 4354 16670 2331 14790 6024 5220 13882 10127 14452 16275 8415 17687 9630 17034 14731 15502 2146 14981 4585 2406 9610 2609 5164 3602 7769 19662 12366 3008 9048 4225 10177 13189 9130 2935 14245 9879 12661 11585 9576 5020 7238 16198 19828 11679 18651 12751 4905 3127 8139 13688 13315 5962 15281 4447 14961 15664 18396 5601 19722 8058 2377 3842 9139 11938 15172 15538 11930 17206 1123 14812 7266 12663 11941 17544 10254
2709 7051 11569 2958 7507 0 16352 16995 1924 15516 6395 1476 15705 7619 3990 12248 17997 9651 15057 16235 10778 6467 5336 6921 14119 15096 10992 10662 5272 8187 9812 3320 15242 8624 16606 18586 2305 12500 9667 15056 8219 8461 5826 8189 3480 8553 7479 6111 8179 3908 11968 16423 12104 7962 12952 5684 11617 16301 8456 10428 7253 12199 10217 4080 11203 2488 3197 16825 15783 14262 15551 9940 10638 5141 2020 16829 7662 3278 10145 4902 17397 8835 16408 2515 15672 7375 9444 9881 7098 10846 13681 9873 6970 11170 6386 10571 6581 15738 14552 15632 5745
13798 9418 11051 18543 17406 16352 0 7523 14456 5344 10108 16640 7088 9312 17338 6691 7918 7153 3047 5320 14020 9887 16055 19297 7934 4061 16038 12007 16205 13552 12087 18307 5577 7891 7072 7736 14210 9884 7789 2234 13276 15198 15730 14175 17840 19809 8933 14992 12324 16583 11766 5427 5044 14576 11006 13538 7681 9108 8522 18336 14756 8639 6224 17347 8251 16370 13246 3760 7404 8257 4818 6637 14512 15033 18361 9211 11294 13796 9761 13770 7749 14425 2241 17712 7382 9723 16750 15105 9366 5696 2686 11020 10522 12173 17000 7910 10643 9026 8240 1971 10920
15156 11817 6752 19807 20909 16995 7523 0 15163 2453 12384 16617 14236 9557 19489 4877 15387 8027 10093 12675 19141 11431 18954 17039 14592 3817 20969 8043 19060 10689 17007 19875 12678 10924 14404 15250 14703 5311 12127 5711 10456 11979 18858 11200 19644 23143 11300 18300 16565 18842 17489 2098 10350 18636 17108 16684 13307 16249 12066 22683 12184 14573 8346 16155 13714 18077 14622 11262 1223 14945 2895 8174 19531 17943 18736 16445 9615 15671 7091 16558 15161 11082 5299 19112 1332 12951 21055 19796 11770 9735 7353 7892 10025 7864 20159 6446 13664 16053 15014 5660 11397
1327 5244 10015 4650 7892 1924 14456 15163 0 13625 4619 2414 14166 5717 4908 10377 16466 7730 13257 14565 10189 4569 5565 7354 12665 13180 10755 9221 5561 7002 8898 4802 13595 6808 15050 17021 553 10837 8011 13135 6980 7611 5903 7132 4726 9385 5639 5936 7289 4528 10985 14531 10322 7599 11849 5023 10093 14918 6761 10687 6355 10805 8301 4450 9732 3283 1576 15061 13959 12839 13648 8017 10144 5017 3908 15440 6038 2328 8437 4273 15872 7810 14485 4004 13847 5766 9473 9539 5289 9008 11780 8300 5155 9747 6796 8721 5071 14363 13124 13711 3838
13449 9773 6715 18212 18824 15516 5344 2453 13625 0 10385 15320 11828 7911 17672 3321 13073 6087 7709 10324 16790 9555 16967 16490 12143 1388 18653 7915 17084 10197 14665 18203 10273 8731 12035 12982 13211 5309 9788 3340 9936 11683 16824 10775 17911 21111 9242 16223 14309 16992 15071 907 7908 16431 14666 14615 10874 13833 9831 20463 11631 12131 6167 15215 11294 16344 12896 9000 2062 12496 527 6095 17195 15940 17365 14043 8603 13851 6283 14557 12816 10807 3249 17471 2038 10790 18831 17505 9723 7366 4902 7358 8632 7900 18134 5052 11558 13623 12569 3391 9790
3732 692 9174 8435 8543 6395 10108 12384 4619 10385 0 7005 9703 3419 7409 7555 11995 4357 8662 9969 8071 1261 6585 11196 8351 9606 9434 8960 6700 8033 6136 8224 9018 2246 10559 12508 4545 9377 3474 9105 7856 9370 6475 8482 7799 10760 1208 5938 4949 6688 7781 11253 5713 6578 8291 4325 5720 10684 2196 10571 8266 6661 4331 8535 5474 6288 3204 10446 11288 8573 10266 4295 8270 5565 8412 11186 5766 3703 7083 4179 11412 9106 10494 7607 11182 1529 8994 8144 744 4481 7501 7659 4119 9472 7776 6315 1557 10151 8846 9666 2721
3618 7607 10820 4020 8980 1476 16640 16617 2414 15320 7005 0 16579 7558 5422 12008 18879 9695 15596 16967 12148 6814 6809 5455 15068 15030 12437 9812 6747 7178 11067 4547 16002 9152 17464 19435 2479 11870 10421 15182 7249 7248 7292 7097 4827 9956 7969 7547 9436 5379 13200 16224 12681 9374 14128 7000 12504 17307 9166 11903 6091 13193 10426 2605 12135 3960 3974 17424 15396 15236 15405 10075 12032 6577 2173 17831 7069 4429 9609 6217 18284 7710 16498 3789 15285 8179 10914 11305 7649 11319 13954 9169 6688 10298 7859 10290 7473 16749 15522 15757 5764
13025 9228 15616 16901 13567 15705 7088 14236 14166 11828 9703 16579 0 11276 14974 11582 2299 9866 4161 1928 8795 10359 13108 20843 1838 10440 10758 16139 13279 16561 7544 16392 1557 7938 920 2893 14189 14901 6230 8526 16313 18158 12587 17139 15755 15855 9051 11793 8638 14235 6145 12184 4982 10570 4976 10872 4088 2029 7510 13455 17289 3764 8572 18236 4528 14646 12612 3721 13806 1925 11349 9168 9336 12280 17625 2219 14010 12484 13698 11459 1710 17620 9222 16064 13752 8402 12099 10237 9200 6516 7035 14851 12575 16493 13601 11883 9131 1963 1707 8645 11964
5600 3172 5761 10308 11739 7619 9312 9557 5717 7911 3419 7558 11276 0 9949 4701 13437 2177 8937 10958 11431 2185 9605 10108 10347 7492 12850 5640 9691 5313 9418 10333 10193 3567 12003 13797 5320 5988 5547 7669 5079 6885 9610 5874 10087 13823 2889 9174 8346 9324 10833 8817 6429 9980 11118 7599 7840 12688 4548 13936 6036 9051 3184 8035 7824 8520 5066 10869 8381 10640 7932 2689 11658 8646 9513 13135 2778 6150 3663 7293 12912 6391 8956 9583 8270 4670 12381 11562 3151 4848 6661 4305 1329 6132 10865 3151 4968 12216 10873 8239 1880
4408 8084 14853 2403 3713 3990 17338 19489 4908 17672 7409 5422 14974 9949 0 14614 17155 11586 15410 15950 8117 8118 2107 10722 13197 16984 7748 14112 1955 11889 7886 1649 14910 9497 15894 17839 5460 15570 9751 16500 11878 12355 2722 11978 947 4573 8614 3399 6435 765 9997 18561 12513 5200 11184 4117 11075 15071 8831 6636 11118 11222 11735 8002 10533 1631 4904 16930 18326 13244 17599 11649 7821 2708 4427 15598 10864 3825 13140 3646 16556 12646 17891 1891 18215 7624 5930 6869 8137 11644 14823 13137 9754 14641 2650 13097 6700 14511 13530 17056 8177
10298 7023 4380 14998 16098 12248 6691 4877 10377 3321 7555 12008 11582 4701 14614 0 13294 3224 7913 10504 14766 6560 14098 13323 11382 3346 16480 5321 14201 7155 12630 15034 10126 6329 12029 13398 9944 3368 7849 4500 6883 8737 14023 7762 14783 18299 6525 13491 11983 13965 13450 4219 6841 13954 13308 11876 9510 13438 7518 18001 8518 10839 3855 11919 9787 13215 9757 9653 3741 11731 3468 3518 15106 13095 14068 13758 5327 10794 3209 11712 12908 7906 5359 14282 3632 8264 16387 15256 6979 5716 4803 4425 5323 5483 15317 1732 8906 13107 11876 4940 6565
15321 11509 17480 19135 15533 17997 7918 15387 16466 13073 11995 18879 2299 13437 17155 13294 0 11898 5446 2801 10516 12622 15240 23114 3962 11698 12376 18091 15412 18683 9536 18606 3280 10182 1448 772 16487 16656 8521 9735 18429 20300 14700 19271 17959 17756 11315 13911 10760 16427 7870 13294 7040 12572 6607 13076 6382 2533 9800 15140 19469 5941 10598 20526 6803 16890 14911 4163 15114 3917 12565 11198 11050 14451 19908 2189 16136 14767 15646 13688 604 19729 10155 18303 15073 10702 13894 12022 11479 8614 8553 16836 14751 18416 15654 13785 11427 2958 3636 9728 14212
7408 3803 5969 12214 12890 9651 7153 8027 7730 6087 4357 9695 9866 2177 11586 3224 11898 0 7035 9272 11668 3469 10933 12183 9227 5474 13319 6311 11042 6860 9549 12159 8619 3206 10501 12175 7381 5653 4958 5498 6596 8511 10832 7470 11841 15116 3301 10281 8800 10906 10577 6975 4885 10736 10609 8665 6967 11485 4402 14781 7845 8277 1301 10202 7114 10277 6848 8965 6939 9552 6023 701 11982 9918 11593 11885 4371 7766 3904 8533 11415 7873 6803 11447 6833 5055 13169 12079 3758 3374 4529 4996 3374 6704 12132 2345 5682 11067 9749 6070 3940
12378 8015 12195 16903 14993 15057 3047 10093 13257 7709 8662 15596 4161 8937 15410 7913 5446 7035 0 2649 11188 8815 13899 19018 4887 6322 13221 12919 14060 13884 9365 16561 2608 6450 4328 5490 13117 11281 5660 4382 13616 15540 13503 14497 16022 17395 7628 12729 9833 14645 8823 8030 2962 12060 7997 11406 4917 6188 6691 15642 14871 5712 5795 16733 5516 14655 11863 1935 9721 5211 7218 6364 11699 12918 17073 6356 11406 12163 10498 11768 5133 14874 5081 16054 9674 7877 14097 12372 7969 4294 3123 11735 10257 13196 14717 8595 8787 6049 5199 4484 10175
13526 9404 14723 17717 14906 16235 5320 12675 14565 10324 9969 16967 1928 10958 15950 10504 2801 9272 2649 0 10413 10410 14205 20861 3430 8941 12418 15376 14374 16114 8940 17272 1042 7946 1752 2925 14515 13870 6569 6985 15854 17752 13726 16715 16670 17251 9126 12930 9821 15194 7812 10593 4538 11899 6728 11837 4878 3854 7804 15050 16986 5041 7979 18396 5438 15445 13063 1794 12351 3640 9823 8575 10951 13307 18211 3903 13585 13119 12935 12342 2493 17141 7520 16868 12307 8861 13623 11788 9367 6113 5752 14145 12286 15683 14827 11055 9691 3876 3493 7022 11927
8881 8262 17181 10489 5346 10778 14020 19141 10189 16790 8071 12148 8795 11431 8117 14766 10516 11668 11188 10413 0 9331 6015 17505 7013 15619 2035 17029 6162 15942 2140 9764 9469 8466 9611 11280 10548 17214 7014 14273 15795 17099 5399 16318 9058 7341 8611 4818 3157 7582 2660 17504 9181 2931 3909 5177 6339 8057 7268 4660 15894 5511 10925 14584 5778 8664 8843 11959 18244 6871 16486 11256 541 5739 12132 8526 13816 7864 15054 5950 9979 16978 15506 9816 18151 6777 3394 1544 8287 9424 12323 15718 12182 17538 5836 13960 6524 7569 7093 14686 10663
4012 1249 7922 8835 9614 6467 9887 11431 4569 9555 1261 6814 10359 2185 8118 6560 12622 3469 8815 10410 9331 0 7546 10493 9152 8900 10687 7699 7645 6858 7378 8730 9517 2465 11175 13082 4348 8169 4194 8635 6668 8257 7503 7333 8387 11758 1308 7028 6211 7440 8959 10444 5959 7795 9396 5437 6532 11507 2968 11755 7202 7593 3778 7989 6373 6829 3448 10681 10300 9403 9487 3581 9531 6557 8474 11993 4528 4299 5844 5182 12056 7939 10007 8044 10191 2680 10196 9396 1255 4523 7214 6398 2874 8211 8781 5198 2817 10993 9663 9208 1647
4600 7197 14960 4477 2334 5336 16055 18954 5565 16967 6585 6809 13108 9605 2107 14098 15240 10933 13899 14205 6015 7546 0 12255 11302 16144 5777 14379 171 12459 5843 3750 13164 8419 14023 15942 6085 15495 8302 15443 12402 13172 616 12647 3044 4218 7731 1339 4481 1604 7922 17829 11093 3094 9129 2518 9337 13084 7565 5149 11915 9344 10855 9406 8767 2901 4930 15304 17839 11323 16834 10872 5733 1039 6284 13607 11033 3656 13073 2410 14645 13330 16827 3843 17730 6398 4113 4810 7248 10422 13660 13273 9696 14915 1289 12725 5516 12529 11605 15978 8028
8681 11620 10340 8816 14376 6921 19297 17039 7354 16490 11196 5455 20843 10108 10722 13323 23114 12183 19018 20861 17505 10493 12255 0 19547 16660 17884 9059 12187 6355 16248 9527 19996 12947 21667 23574 7080 11743 14630 17420 6598 5165 12746 5841 9985 15102 11799 12993 14643 10782 18314 17320 16343 14796 19121 12328 16916 21878 13358 17310 4874 17821 13292 2921 16659 9377 8842 20943 15867 19768 16740 12776 17423 12024 6485 22382 8073 9656 10207 11555 22545 6042 18544 8909 15768 12636 16365 16734 11647 14802 16710 9191 8819 9347 13263 11684 12140 21341 20041 17957 8934
11473 7955 15148 15176 11728 14119 7934 14592 12665 12143 8351 15068 1838 10347 13197 11382 3962 9227 4887 3430 7013 9152 11302 19547 0 10778 9002 15535 11473 15660 5705 14644 2580 6843 2734 4644 12732 14589 4958 8980 15426 17208 10772 16212 13997 14020 7861 9980 6824 12466 4389 12618 4543 8732 3307 9113 2632 2358 6205 11666 16260 1979 7982 16857 2933 12935 11094 5096 14019 355 11703 8554 7553 10495 16000 2842 13122 10864 13127 9728 3361 16738 9892 14346 13953 6949 10284 8428 7934 5872 7241 14208 11596 15930 11771 11414 7595 1868 527 9207 10791
12877 8960 7371 17687 17909 15096 4061 3817 13180 1388 9606 15030 10440 7492 16984 3346 11698 5474 6322 8941 15619 8900 16144 16660 10778 0 17517 8477 16268 10494 13509 17623 8885 7782 10649 11622 12806 6063 8658 1964 10223 12059 15961 11097 17286 20233 8424 15327 13250 16280 13813 1898 6617 15414 13362 13733 9596 12446 8822 19421 11864 10831 5289 15161 10039 15728 12316 7648 3416 11131 925 5335 16040 15108 17005 12655 8627 13187 6541 13736 11434 11213 2167 16918 3379 9851 17789 16399 8909 6215 3546 7723 8389 8544 17273 4993 10665 12240 11198 2090 9353
9515 9731 18607 10146 4354 10992 16038 20969 10755 18653 9434 12437 10758 12850 7748 16480 12376 13319 13221 12418 2035 10687 5777 17884 9002 17517 0 18348 5887 17013 4019 9371 11487 10151 11548 13146 11184 18754 8866 16230 16892 18041 5212 17336 8687 5885 10137 4891 4535 7373 4616 19390 11157 3168 5805 5823 8358 9874 8963 2788 16804 7545 12678 14983 7788 8651 9594 13984 20034 8842 18368 12962 1526 5861 12061 10315 15054 8459 16510 6511 11860 18011 17483 9591 19938 8303 2000 1298 9763 11303 14280 17073 13461 18870 5170 15557 7882 9418 9050 16657 11861
9830 8800 1291 13619 16670 10662 12007 8043 9221 7915 8960 9812 16139 5640 14112 5321 18091 6311 12919 15376 17029 7699 14379 9059 15535 8477 18348 0 14424 2839 15048 13932 14824 9076 16729 18300 8672 2738 11030 9821 2671 3941 14533 3243 13934 18475 8527 14257 13907 13660 16460 8638 11161 15350 16685 12796 13205 17795 10149 19152 4311 14485 7583 8630 13282 12499 9452 14766 6916 15857 8279 6995 17228 13553 11977 18190 3360 10723 2446 12324 17638 3043 10602 13119 6826 10301 17676 17051 8782 9682 9924 1352 4888 536 15667 4326 10514 17378 16058 10249 6525
4627 7317 15018 4336 2331 5272 16205 19060 5561 17084 6700 6747 13279 9691 1955 14201 15412 11042 14060 14374 6162 7645 171 12187 11473 16268 5887 14424 0 12478 6011 3602 13332 8554 14194 16114 6085 15567 8458 15581 12425 13172 771 12659 2897 4133 7851 1509 4652 1487 8087 17948 11248 3247 9296 2670 9505 13254 7709 5184 11914 9515 10979 9348 8936 2819 4972 15469 17941 11494 16955 10990 5874 1177 6175 13777 11082 3703 13143 2532 14817 13341 16966 3717 17833 6538 4192 4940 7368 10567 13803 13327 9761 14960 1250 12817 5652 12699 11776 16117 8097
7862 8094 4062 11111 14790 8187 13552 10689 7002 10197 8033 7178 16561 5313 11889 7155 18683 6860 13884 16114 15942 6858 12459 6355 15660 10494 17013 2839 12478 0 14127 11503 15414 8848 17260 19000 6453 5414 10814 11501 276 1661 12704 623 11590 16387 7988 12555 12786 11529 15809 11004 11643 13894 16245 11246 13134 18001 9716 17454 1499 14312 8140 5802 13082 10258 7596 15805 9513 15950 10482 7549 16060 11747 9310 18447 2551 8859 3955 10659 18174 1087 12495 10694 9414 9530 16083 15723 8093 10069 11157 2848 4089 3244 13728 5661 9495 17528 16185 12000 5323
7572 6249 15141 10105 6024 9812 12087 17007 8898 14665 6136 11067 7544 9418 7886 12630 9536 9549 9365 8940 2140 7378 5843 16248 5705 13509 4019 15048 6011 14127 0 9464 7936 6344 8429 10268 9179 15125 4881 12212 13963 15372 5261 14540 8773 8325 6559 4506 1633 7222 2172 15389 7151 3037 3300 4159 4450 7272 5148 6277 14202 3899 8787 13348 3856 8024 7422 10340 16105 5658 14369 9124 2531 5221 11411 7789 11901 6645 13006 4926 8956 15185 13473 9338 16012 4749 4744 3019 6268 7302 10263 13721 10251 15547 6126 11854 4633 6726 5923 12643 8808
4755 8915 14789 792 5220 3320 18307 19875 4802 18203 8224 4547 16392 10333 1649 15034 18606 12159 16561 17272 9764 8730 3750 9527 14644 17623 9371 13932 3602 11503 9464 0 16237 10417 17313 19273 5324 15639 10915 17306 11531 11755 4366 11508 706 5576 9425 5015 7964 2242 11596 19104 13622 6843 12763 5532 12420 16586 9892 8086 10560 12665 12469 6984 11902 1937 5312 18159 18684 14711 18176 12310 9471 4245 3059 17115 10828 4521 13238 4941 18004 12151 18690 814 18572 8691 7515 8516 8967 12624 15722 13078 9927 14448 4224 13432 7775 16023 14999 17872 8478
12535 8473 14240 16687 13882 15242 5577 12678 13595 10273 9018 16002 1557 10193 14910 10126 3280 8619 2608 1042 9469 9517 13164 19996 2580 8885 11487 14824 13332 15414 7936 16237 0 7053 1913 3606 13560 13468 5586 6969 15158 17037 12686 16006 15633 16235 8221 11890 8786 14154 6903 10627 3772 10877 5879 10796 3836 3581 6838 14087 16228 4039 7318 17488 4397 14416 12080 2521 12257 2844 9793 7918 10004 12265 17211 3770 12871 12106 12378 11304 2815 16456 7681 15839 12205 7867 12640 10816 8438 5352 5504 13561 11513 15157 13791 10528 8683 3452 2756 7091 11065
5976 1573 8969 10660 10127 8624 7891 10924 6808 8731 2246 9152 7938 3567 9497 6329 10182 3206 6450 7946 8466 2465 8419 12947 6843 7782 10151 9076 8554 8848 6344 10417 7053 0 8735 10627 6674 8818 1981 7035 8623 10372 8199 9386 9959 12457 1191 7548 5665 8753 7446 9549 3532 7714 7609 5965 4287 9198 1197 11759 9418 5484 2578 10451 4258 8480 5444 8273 9927 7120 8533 2811 8788 7381 10644 9665 6336 5906 6834 6037 9624 9932 8424 9825 9827 2069 10132 8931 1526 2235 5327 7723 4765 9534 9509 5524 2905 8707 7365 7580 4030
13920 10066 16153 17820 14452 16606 7072 14404 15050 12035 10559 17464 920 12003 15894 12029 1448 10501 4328 1752 9611 11175 14023 21667 2734 10649 11548 16729 14194 17260 8429 17313 1913 8735 0 1981 15062 15376 7084 8702 17008 18872 13500 17846 16676 16727 9868 12706 9550 15155 6953 12328 5626 11461 5745 11792 4990 2209 8363 14269 18032 4680 9201 19086 5443 15565 13501 3459 14048 2778 11540 9801 10151 13199 18531 2176 14712 13392 14284 12378 914 18311 9270 16983 14001 9284 12942 11074 10036 7192 7360 15460 13314 17066 14504 12439 10027 2373 2530 8760 12765
15898 11999 17642 19789 16275 18586 7736 15250 17021 12982 12508 19435 2893 13797 17839 13398 772 12175 5490 2925 11280 13082 15942 23574 4644 11622 13146 18300 16114 19000 10268 19273 3606 10627 1981 0 17024 16766 9037 9659 18743 20630 15408 19596 18632 18508 11779 14617 11463 17105 8631 13152 7370 13305 7372 13747 6972 3305 10312 15909 19832 6617 10878 21024 7422 17537 15476 3989 15036 4626 12467 11476 11816 15138 20513 2945 16462 15374 15860 14345 1314 20035 9976 18954 15001 11256 14655 12783 11967 8952 8613 17067 15118 18607 16379 13979 12007 3729 4352 9607 14651
1676 5134 9477 5137 8415 2305 14210 14703 553 13211 4545 2479 14189 5320 5460 9944 16487 7381 13117 14515 10548 4348 6085 7080 12732 12806 11184 8672 6085 6453 9179 5324 13560 6674 15062 17024 0 10317 7992 12826 6428 7088 6404 6590 5268 9934 5490 6402 7589 5077 11234 14118 10204 8020 12056 5409 10136 15011 6725 11191 5830 10906 8019 4215 9802 3836 1762 14946 13495 12919 13249 7705 10524 5499 4212 15529 5506 2727 7926 4679 15898 7269 14165 4519 13383 5794 9950 9953 5175 8843 11527 7763 4681 9197 7325 8272 5164 14460 13202 13402 3453
11167 9024 1457 15433 17687 12500 9884 5311 10837 5309 9377 11870 14901 5988 15570 3368 16656 5653 11281 13870 17214 8169 15495 11743 14589 6063 18754 2738 15567 5414 15125 15639 13468 8818 15376 16766 10317 0 10610 7651 5195 6669 15546 5901 15536 19694 8623 15146 14222 15024 16229 5969 10058 15955 16242 13582 12530 16715 9998 19924 6913 13856 6714 11051 12729 14018 10702 13007 4179 14932 5722 6213 17491 14572 14039 17055 4839 11912 2433 13244 16262 5771 8228 14837 4089 10462 18364 17480 8992 8772 8168 2736 5830 2622 16772 3308 10899 16359 15095 8003 7473
6958 3012 10866 11287 9630 9667 7789 12127 8011 9788 3474 10421 6230 5547 9751 7849 8521 4958 5660 6569 7014 4194 8302 14630 4958 8658 8866 11030 8458 10814 4881 10915 5586 1981 7084 9037 7992 10610 0 7498 10593 12318 7951 11344 10366 12029 2906 7205 4653 8986 5631 10526 2791 6883 5674 5789 2346 7314 1279 10813 11331 3504 3998 12006 2277 9025 6496 7258 11238 5213 9503 4420 7408 7298 11650 7798 8313 6595 8744 6112 7940 11900 8826 10436 11146 2299 9188 7741 2987 2445 5584 9678 6726 11479 9212 7302 3169 6803 5470 7977 5834
12641 8421 8834 17457 17034 15056 2234 5711 13135 3340 9105 15182 8526 7669 16500 4500 9735 5498 4382 6985 14273 8635 15443 17420 8980 1964 16230 9821 15581 11501 12212 17306 6969 7035 8702 9659 12826 7651 7498 0 11225 13128 15193 12120 16902 19406 7897 14507 12151 15766 12288 3663 5105 14374 11730 12961 8061 10544 7915 18305 12766 9225 4858 15642 8557 15377 12078 5690 5380 9328 2839 5122 14724 14406 17032 10733 9356 12795 7635 13071 9477 12330 1391 16652 5343 9049 16682 15178 8368 5101 1950 8884 8774 9967 16496 5840 9929 10363 9374 576 9419
7802 7899 3866 11155 14731 8219 13276 10456 6980 9936 7856 7249 16313 5079 11878 6883 18429 6596 13616 15854 15795 6668 12402 6598 15426 10223 16892 2671 12425 276 13963 11531 15158 8623 17008 18743 6428 5195 10593 11225 0 1934 12635 899 11601 16358 7780 12470 12638 11502 15625 10747 11389 13782 16046 11140 12908 17764 9506 17374 1728 14094 7878 5959 12863 10248 7519 15537 9275 15718 10217 7286 15921 11674 9393 18208 2307 8787 3685 10565 17922 1312 12221 10719 9175 9345 15989 15599 7897 9816 10882 2596 3873 3103 13675 5385 9330 17294 15951 11724 5155
8650 9505 5232 11267 15502 8461 15198 11979 7611 11683 9370 7248 18158 6885 12355 8737 20300 8511 15540 17752 17099 8257 13172 5165 17208 12059 18041 3941 13172 1661 15372 11755 17037 10372 18872 20630 7088 6669 12318 13128 1934 0 13481 1042 11938 16917 9449 13419 13960 12087 17143 12459 13265 14886 17646 12224 14653 19557 11178 18266 1258 15800 9785 5347 14570 10740 8476 17463 10840 17490 11996 9196 17178 12555 9250 20011 4168 9692 5529 11579 19784 898 14092 10965 10746 10892 16972 16765 9509 11686 12816 4342 5611 4191 14408 7295 10764 19074 17732 13619 6653
4849 7056 15066 5091 2146 5826 15730 18858 5903 16824 6475 7292 12587 9610 2722 14023 14700 10832 13503 13726 5399 7503 616 12746 10772 15961 5212 14533 771 12704 5261 4366 12686 8199 13500 15408 6404 15546 7951 15193 12635 13481 0 12919 3660 4288 7583 797 3949 2202 7323 17676 10736 2478 8538 2235 8872 12518 7286 4787 12223 8825 10682 9876 8294 3440 5122 14864 17760 10784 16673 10732 5123 981 6861 13039 11176 3849 13137 2321 14107 13603 16572 4444 17653 6148 3629 4212 7104 10137 13381 13394 9784 15069 1312 12700 5298 11965 11063 15721 8108
8070 8577 4509 11078 14981 8189 14175 11200 7132 10775 8482 7097 17139 5874 11978 7762 19271 7470 14497 16715 16318 7333 12647 5841 16212 11097 17336 3243 12659 623 14540 11508 16006 9386 17846 19596 6590 5901 11344 12120 899 1042 12919 0 11632 16507 8495 12805 13167 11654 16262 11572 12234 14199 16729 11542 13672 18558 10225 17689 1105 14835 8745 5519 13605 10349 7841 16421 10035 16499 11069 8156 16420 11973 9190 19008 3135 9089 4556 10930 18759 684 13107 10704 9938 9992 16348 16051 8579 10657 11779 3417 4621 3590 13905 6281 9914 18080 16737 12617 5762
4487 8487 14741 1459 4585 3480 17840 19644 4726 17911 7799 4827 15755 10087 947 14783 17959 11841 16022 16670 9058 8387 3044 9985 13997 17286 8687 13934 2897 11590 8773 706 15633 9959 16676 18632 5268 15536 10366 16902 11601 11938 3660 11632 0 5148 9006 4313 7286 1553 10899 18808 13097 6137 12073 4885 11807 15916 9380 7482 10722 12018 12088 7350 11280 1569 5026 17592 18463 14057 17865 11957 8767 3559 3585 16445 10761 4112 13119 4328 17357 12288 18290 1076 18352 8173 6849 7816 8540 12146 15280 13026 9768 14456 3559 13214 7251 15354 14344 17464 8260
8644 11344 19115 6310 2406 8553 19809 23143 9385 21111 10760 9956 15855 13823 4573 18299 17756 15116 17395 17251 7341 11758 4218 15102 14020 20233 5885 18475 4133 16387 8325 5576 16235 12457 16727 18508 9934 19694 12029 19406 16358 16917 4288 16507 5148 0 11871 4910 7562 4857 9911 21961 14771 5367 11192 6502 12563 15354 11493 3419 15674 12213 14963 12497 11960 6177 9044 18576 22039 13949 20956 15020 6840 5204 8632 15839 15155 7796 17267 6587 17195 17181 20775 6218 21931 10394 3982 5797 11393 14318 17557 17415 13878 19009 2984 16942 9569 14845 14202 19922 12221
4869 536 8582 9621 9610 7479 8933 11300 5639 9242 1208 7969 9051 2889 8614 6525 11315 3301 7628 9126 8611 1308 7731 11799 7861 8424 10137 8527 7851 7988 6559 9425 8221 1191 9868 11779 5490 8623 2906 7897 7780 9449 7583 8495 9006 11871 0 7002 5602 7890 7948 10100 4721 7450 8278 5387 5251 10219 1730 11488 8436 6353 3138 9271 5126 7491 4323 9461 10233 8119 9104 3149 8871 6700 9499 10700 5549 4906 6448 5320 10749 9075 9286 8798 10128 1840 9883 8871 484 3370 6308 7188 3912 9015 8892 5431 2381 9710 8376 8458 2931
4773 6483 14730 5707 2609 6111 14992 18300 5936 16223 5938 7547 11793 9174 3399 13491 13911 10281 12729 12930 4818 7028 1339 12993 9980 15327 4891 14257 1509 12555 4506 5015 11890 7548 12706 14617 6402 15146 7205 14507 12470 13419 797 12805 4313 4910 7002 0 3156 2789 6599 17066 9984 1897 7796 1616 8078 11745 6592 4910 12165 8030 10065 10092 7499 3860 4964 14076 17219 9995 16057 10145 4597 971 7327 12268 10897 3727 12756 1933 13318 13489 15880 5005 17113 5484 3555 3775 6530 9432 12675 13080 9445 14791 2007 12222 4667 11190 10275 15028 7769
5962 5204 14108 8572 5164 8179 12324 16565 7289 14309 4949 9436 8638 8346 6435 11983 10760 8800 9833 9821 3157 6211 4481 14643 6824 13250 4535 13907 4652 12786 1633 7964 8786 5665 9550 11463 7589 14222 4653 12151 12638 13960 3949 13167 7286 7562 5602 3156 0 5735 3793 15088 7283 2252 4852 2545 5024 8636 4500 6174 12765 4877 8227 11736 4427 6441 5841 11048 15589 6843 14063 8472 3322 3730 9797 9164 10669 5019 11997 3301 10165 13825 13476 7784 15490 3769 4543 3279 5234 7075 10233 12608 9042 14420 5006 11024 3393 8076 7124 12628 7508
3864 7358 14355 2918 3602 3908 16583 18842 4528 16992 6688 5379 14235 9324 765 13965 16427 10906 14645 15194 7582 7440 1604 10782 12466 16280 7373 13660 1487 11529 7222 2242 14154 8753 15155 17105 5077 15024 8986 15766 11502 12087 2202 11654 1553 4857 7890 2789 5735 0 9355 17876 11749 4651 10522 3368 10321 14367 8071 6530 10839 10489 11019 7983 9782 1420 4324 16166 17688 12520 16908 10948 7321 2007 4689 14896 10373 3175 12591 2880 15826 12329 17157 2243 17577 6865 5653 6412 7410 10890 14076 12644 9196 14192 2483 12476 5942 13806 12806 16320 7588
9663 7745 16413 12253 7769 11968 11766 17489 10985 15071 7781 13200 6145 10833 9997 13450 7870 10577 8823 7812 2660 8959 7922 18314 4389 13813 4616 16460 8087 15809 2172 11596 6903 7446 6953 8631 11234 16229 5631 12288 15625 17143 7323 16262 10899 9911 7948 6599 3793 9355 0 15711 7209 4941 1282 6330 4230 5443 6318 7316 16012 3127 9617 15430 3777 10193 9472 9416 16697 4227 14714 10050 3199 7365 13583 5931 13465 8771 14276 7093 7326 16885 13431 11496 16612 6280 6024 4153 7753 7809 10361 15113 11811 16937 8055 12921 6402 4937 4440 12646 10501
14349 10632 7405 19116 19662 16423 5427 2098 14531 907 11253 16224 12184 8817 18561 4219 13294 6975 8030 10593 17504 10444 17829 17320 12618 1898 19390 8638 17948 11004 15389 19104 10627 9549 12328 13152 14118 5969 10526 3663 10747 12459 17676 11572 18808 21961 10100 17066 15088 17876 15711 0 8513 17230 15252 15461 11493 14205 10629 21252 12453 12723 7001 16093 11937 17241 13795 9165 2203 12968 1024 6959 17920 16800 18271 14386 9478 14741 7120 15419 13075 11577 3209 18374 2225 11615 19620 18260 10582 8088 5417 8157 9536 8586 18987 5949 12399 14026 13024 3572 10696
9419 5079 10678 13951 12366 12104 5044 10350 10322 7908 5713 12681 4982 6429 12513 6841 7040 4885 2962 4538 9181 5959 11093 16343 4543 6617 11157 11161 11248 11643 7151 13622 3772 3532 5626 7370 10204 10058 2791 5105 11389 13265 10736 12234 13097 14771 4721 9984 7283 11749 7209 8513 0 9535 6758 8579 2982 6675 3736 13342 12464 4224 3589 13939 3454 11708 8908 4742 9652 4891 7527 4187 9643 10088 14118 7045 9099 9204 8723 8886 6540 12689 6327 13102 9576 4931 11741 10150 5035 1582 3162 9869 7754 11524 11989 6937 5848 6303 5042 5506 7419
6348 6985 15694 7561 3008 7962 14576 18636 7599 16431 6578 9374 10570 9980 5200 13954 12572 10736 12060 11899 2931 7795 3094 14796 8732 15414 3168 15350 3247 13894 3037 6843 10877 7714 11461 13305 8020 15955 6883 14374 13782 14886 2478 14199 6137 5367 7450 1897 2252 4651 4941 17230 9535 0 6194 2662 7200 10278 6602 4050 13646 6872 10293 11882 6596 5757 6428 13209 17621 8694 16207 10480 2700 2844 9224 10788 12020 5293 13637 3344 11992 14877 15709 6886 17519 5695 2434 1943 7024 9282 12466 14107 10467 15878 3119 12860 5084 9740 8960 14859 8829
10543 8153 16539 13400 9048 12952 11006 17108 11849 14666 8291 14128 4976 11118 11184 13308 6607 10609 7997 6728 3909 9396 9129 19121 3307 13362 5805 16685 9296 16245 3300 12763 5879 7609 5745 7372 12056 16242 5674 11730 16046 17646 8538 16729 12073 11192 8278 7796 4852 10522 1282 15252 6758 6194 0 7394 3826 4163 6572 8545 16557 2534 9545 16269 3525 11293 10302 8399 16386 3093 14278 10029 4444 8520 14635 4648 13827 9708 14417 8135 6073 17330 12797 12625 16307 6763 7292 5423 8153 7596 9846 15332 12188 17142 9313 12943 7042 3663 3273 12044 10996
3733 4867 13215 6090 4225 5684 13538 16684 5023 14615 4325 7000 10872 7599 4117 11876 13076 8665 11406 11837 5177 5437 2518 12328 9113 13733 5823 12796 2670 11246 4159 5532 10796 5965 11792 13747 5409 13582 5789 12961 11140 12224 2235 11542 4885 6502 5387 1616 2545 3368 6330 15461 8579 2662 7394 0 6960 11074 5060 6370 10985 7134 8461 9407 6416 3910 3773 12857 15604 9179 14455 8532 5120 1511 7253 11605 9446 2695 11210 784 12474 12221 14340 5280 15498 3914 4882 4563 4914 7916 11157 11588 7942 13329 3544 10621 3068 10510 9467 13490 6276
8939 5326 12935 12891 10177 11617 7681 13307 10093 10874 5720 12504 4088 7840 11075 9510 6382 6967 4917 4878 6339 6532 9337 16916 2632 9596 8358 13205 9505 13134 4450 12420 3836 4287 4990 6972 10136 12530 2346 8061 12908 14653 8872 13672 11807 12563 5251 8078 5024 10321 4230 11493 2982 7200 3826 6960 0 4979 3576 10727 13676 1330 5817 14238 604 10625 8533 6024 12565 2872 10504 6340 6832 8430 13542 5473 10616 8403 10851 7481 5785 14218 9228 12047 12485 4343 9181 7462 5306 3795 6132 11860 9051 13631 10009 9259 5044 4461 3135 8430 8175
13696 10305 17351 17164 13189 16301 9108 16249 14918 13833 10684 17307 2029 12688 15071 13438 2533 11485 6188 3854 8057 11507 13084 21878 2358 12446 9874 17795 13254 18001 7272 16586 3581 9198 2209 3305 15011 16715 7314 10544 17764 19557 12518 18558 15916 15354 10219 11745 8636 14367 5443 14205 6675 10278 4163 11074 4979 0 8555 12649 18616 4114 10215 19164 5223 14962 13343 5628 15795 2111 13359 10800 8585 12366 18135 532 15458 13027 15370 11744 2096 19077 11250 16351 15739 9255 11448 9582 10285 8112 9002 16480 13946 18175 13390 13610 9853 566 1844 10671 13148
5750 1750 10104 10215 9130 8456 8522 12066 6761 9831 2196 9166 7510 4548 8831 7518 9800 4402 6691 7804 7268 2968 7565 13358 6205 8822 8963 10149 7709 9716 5148 9892 6838 1197 8363 10312 6725 9998 1279 7915 9506 11178 7286 10225 9380 11493 1730 6592 4500 8071 6318 10629 3736 6602 6572 5060 3576 8555 0 10633 10155 4631 3728 10727 3407 7974 5268 8388 11091 6446 9607 4001 7592 6533 10454 9047 7262 5472 7964 5249 9219 10803 9289 9366 10992 1208 9002 7752 1731 2857 6097 8799 5635 10621 8584 6713 2132 8034 6711 8437 4614
9623 11013 19585 8877 2935 10428 18336 22683 10687 20463 10571 11903 13455 13936 6636 18001 15140 14781 15642 15050 4660 11755 5149 17310 11666 19421 2788 19152 5184 17454 6277 8086 14087 11759 14269 15909 11191 19924 10813 18305 17374 18266 4787 17689 7482 3419 11488 4910 6174 6530 7316 21252 13342 4050 8545 6370 10727 12649 10633 0 17008 10075 14338 14508 10132 7944 9859 16551 21670 11531 20229 14530 4119 5716 11056 13096 15794 8600 17570 6836 14615 18373 19613 8518 21569 9745 1632 3281 11053 13246 16374 17956 14311 19686 4048 16878 9113 12184 11752 18770 12642
7395 8449 5554 10098 14245 7253 14756 12184 6355 11631 8266 6091 17289 6036 11118 8518 19469 7845 14871 16986 15894 7202 11915 4874 16260 11864 16804 4311 11914 1499 14202 10560 16228 9418 18032 19832 5830 6913 11331 12766 1728 1258 12223 1105 10722 15674 8436 12165 12765 10839 16012 12453 12464 13646 16557 10985 13676 18616 10155 17008 0 14786 9078 4417 13560 9499 7228 16804 11003 16532 11897 8507 15962 11298 8149 19082 3487 8438 5355 10332 18939 1631 13817 9764 10903 9794 15719 15532 8457 10881 12277 4317 4718 4681 13151 6943 9616 18121 16781 13282 5570
9582 6355 14243 13198 9879 12199 8639 14573 10805 12131 6661 13193 3764 9051 11222 10839 5941 8277 5712 5041 5511 7593 9344 17821 1979 10831 7545 14485 9515 14312 3899 12665 4039 5484 4680 6617 10906 13856 3504 9225 14094 15800 8825 14835 12018 12213 6353 8030 4877 10489 3127 12723 4224 6872 2534 7134 1330 4114 4631 10075 14786 0 7142 15075 1231 10961 9229 6476 13857 2072 11746 7659 6034 8522 14056 4639 11817 8930 12149 7751 5339 15399 10330 12369 13779 5186 8606 6796 6342 5125 7325 13137 10223 14918 9858 10580 5743 3558 2362 9559 9238
7784 3674 7169 12604 12661 10217 6224 8346 8301 6167 4331 10426 8572 3184 11735 3855 10598 1301 5795 7979 10925 3778 10855 13292 7982 5289 12678 7583 10979 8140 8787 12469 7318 2578 9201 10878 8019 6714 3998 4858 7878 9785 10682 8745 12088 14963 3138 10065 8227 11019 9617 7001 3589 10293 9545 8461 5817 10215 3728 14338 9078 7142 0 11172 6023 10548 7221 7730 7363 8313 5993 600 11279 9821 12207 10607 5627 7975 5155 8447 10115 9162 6232 11803 7265 4626 12709 11478 3622 2110 3541 6281 4483 7960 11994 3452 5397 9808 8501 5430 4695
5776 9025 9802 6353 11585 4080 17347 16155 4450 15215 8535 2605 18236 8035 8002 11919 20526 10202 16733 18396 14584 7989 9406 2921 16857 15161 14983 8630 9348 5802 13348 6984 17488 10451 19086 21024 4215 11051 12006 15642 5959 5347 9876 5519 7350 12497 9271 10092 11736 7983 15430 16093 13939 11882 16269 9407 14238 19164 10727 14508 4417 15075 11172 0 13942 6565 5969 18631 14940 17061 15387 10716 14503 9126 4110 19676 6617 6738 9074 8634 19946 6011 16869 6284 14834 9911 13503 13822 9057 12452 14689 8325 6868 9046 10464 10198 9349 18619 17340 16203 6560
8546 5141 13070 12390 9576 11203 8251 13714 9732 11294 5474 12135 4528 7824 10533 9787 6803 7114 5516 5438 5778 6373 8767 16659 2933 10039 7788 13282 8936 13082 3856 11902 4397 4258 5443 7422 9802 12729 2277 8557 12863 14570 8294 13605 11280 11960 5126 7499 4427 9782 3777 11937 3454 6596 3525 6416 604 5223 3407 10132 13560 1231 6023 13942 0 10128 8162 6622 12938 3119 10938 6517 6263 7873 13105 5734 10588 7964 10964 6961 6201 14168 9750 11549 12855 4031 8582 6872 5126 4084 6616 11932 8992 13722 9420 9436 4663 4683 3400 8943 8019
2921 6979 13263 2272 5020 2488 16370 18077 3283 16344 6288 3960 14646 8520 1631 13215 16890 10277 14655 15445 8664 6829 2901 9377 12935 15728 8651 12499 2819 10258 8024 1937 14416 8480 15565 17537 3836 14018 9025 15377 10248 10740 3440 10349 1569 6177 7491 3860 6441 1420 10193 17241 11708 5757 11293 3910 10625 14962 7974 7944 9499 10961 10548 6565 10128 0 3458 16279 16898 13025 16300 10404 8456 2925 3469 15493 9275 2585 11594 3218 16286 11019 16763 1423 16787 6778 7010 7613 7031 10689 13786 11547 8227 13027 3899 11651 5868 14397 13315 15942 6699
564 3872 10072 5387 7238 3197 13246 14622 1576 12896 3204 3974 12612 5066 4904 9757 14911 6848 11863 13063 8843 3448 4930 8842 11094 12316 9594 9452 4972 7596 7422 5312 12080 5444 13501 15476 1762 10702 6496 12078 7519 8476 5122 7841 5026 9044 4323 4964 5841 4324 9472 13795 8908 6428 10302 3773 8533 13343 5268 9859 7228 9229 7221 5969 8162 3458 0 13628 13446 11265 12864 7022 8846 4156 5210 13865 6115 1276 8269 3104 14315 8524 13453 4603 13335 4223 8508 8336 3920 7675 10598 8370 4873 9988 6217 8204 3499 12787 11551 12650 3273
14128 9820 13991 18544 16198 16825 3760 11262 15061 9000 10446 17424 3721 10869 16930 9653 4163 8965 1935 1794 11959 10681 15304 20943 5096 7648 13984 14766 15469 15805 10340 18159 2521 8273 3459 3989 14946 13007 7258 5690 15537 17463 14864 16421 17592 18576 9461 14076 11048 16166 9416 9165 4742 13209 8399 12857 6024 5628 8388 16551 16804 6476 7730 18631 6622 16279 13628 0 11057 5344 8482 8297 12490 14357 18833 5635 13336 13843 12363 13287 4033 16788 6000 17693 11024 9538 15074 13272 9776 6179 4862 13609 12191 15023 16026 10455 10425 5669 5228 5619 12078
13977 10741 5633 18605 19828 15783 7404 1223 13959 2062 11288 15396 13806 8381 18326 3741 15114 6939 9721 12351 18244 10300 17839 15867 14019 3416 20034 6916 17941 9513 16105 18684 12257 9927 14048 15036 13495 4179 11238 5380 9275 10840 17760 10035 18463 22039 10233 17219 15589 17688 16697 2203 9652 17621 16386 15604 12565 15795 11091 21670 11003 13857 7363 14940 12938 16898 13446 11057 0 14374 2586 7141 18617 16835 17517 16025 8393 14513 5872 15451 14844 9943 5273 17917 112 11926 20048 18840 10696 8897 6804 6698 8815 6774 19056 5252 12609 15562 14464 5453 10208
11632 8196 15481 15256 11679 14262 8257 14945 12839 12496 8573 15236 1925 10640 13244 11731 3917 9552 5211 3640 6871 9403 11323 19768 355 11131 8842 15857 11494 15950 5658 14711 2844 7120 2778 4626 12919 14932 5213 9328 15718 17490 10784 16499 14057 13949 8119 9995 6843 12520 4227 12968 4891 8694 3093 9179 2872 2111 6446 11531 16532 2072 8313 17061 3119 13025 11265 5344 14374 0 12055 8882 7412 10538 16127 2616 13416 10998 13454 9812 3323 17030 10230 14430 14308 7150 10176 8312 8177 6204 7595 14527 11880 16256 11755 11749 7768 1591 291 9551 11046
13421 9638 7103 18207 18651 15551 4818 2895 13648 527 10266 15405 11349 7932 17599 3468 12565 6023 7218 9823 16486 9487 16834 16740 11703 925 18368 8279 16955 10482 14369 18176 9793 8533 11540 12467 13249 5722 9503 2839 10217 11996 16673 11069 17865 20956 9104 16057 14063 16908 14714 1024 7527 16207 14278 14455 10504 13359 9607 20229 11897 11746 5993 15387 10938 16300 12864 8482 2586 12055 0 5972 16900 15803 17424 13561 8791 13785 6543 14424 12315 11128 2726 17454 2564 10600 18596 17237 9587 7067 4471 7658 8724 8289 17985 5192 11390 13159 12122 2869 9810
7586 3678 6611 12409 12751 9940 6637 8174 8017 6095 4295 10075 9168 2689 11649 3518 11198 701 6364 8575 11256 3581 10872 12776 8554 5335 12962 6995 10990 7549 9124 12310 7918 2811 9801 11476 7705 6213 4420 5122 7286 9196 10732 8156 11957 15020 3149 10145 8472 10948 10050 6959 4187 10480 10029 8532 6340 10800 4001 14530 8507 7659 600 10716 6517 10404 7022 8297 7141 8882 5972 0 11591 9845 11911 11196 5045 7853 4574 8462 10715 8567 6469 11623 7039 4785 12908 11741 3628 2688 3974 5688 3957 7379 12041 2921 5493 10387 9075 5697 4315
8849 8500 17417 10210 4905 10638 14512 19531 10144 17195 8270 12032 9336 11658 7821 15106 11050 11982 11699 10951 541 9531 5733 17423 7553 16040 1526 17228 5874 16060 2531 9471 10004 8788 10151 11816 10524 17491 7408 14724 15921 17178 5123 16420 8767 6840 8871 4597 3322 7321 3199 17920 9643 2700 4444 5120 6832 8585 7592 4119 15962 6034 11279 14503 6263 8456 8846 12490 18617 7412 16900 11591 0 5543 11923 9051 13985 7816 15299 5878 10515 17085 15969 9562 18523 7032 2876 1065 8527 9833 12774 15928 12362 17742 5460 14255 6715 8101 7633 15145 10813
3907 6168 14085 4888 3127 5141 15033 17943 5017 15940 5565 6577 12280 8646 2708 13095 14451 9918 12918 13307 5739 6557 1039 12024 10495 15108 5861 13553 1177 11747 5221 4245 12265 7381 13199 15138 5499 14572 7298 14406 11674 12555 981 11973 3559 5204 6700 971 3730 2007 7365 16800 10088 2844 8520 1511 8430 12366 6533 5716 11298 8522 9821 9126 7873 2925 4156 14357 16835 10538 15803 9845 5543 0 6394 12894 10195 2888 12160 1386 13852 12657 15790 4142 16727 5362 4457 4743 6218 9391 12626 12412 8804 14089 2225 11748 4478 11805 10823 14941 7128
4705 9071 12993 2331 8139 2020 18361 18736 3908 17365 8412 2173 17625 9513 4427 14068 19908 11593 17073 18211 12132 8474 6284 6485 16000 17005 12061 11977 6175 9310 11411 3059 17211 10644 18531 20513 4212 14039 11650 17032 9393 9250 6861 9190 3585 8632 9499 7327 9797 4689 13583 18271 14118 9224 14635 7253 13542 18135 10454 11056 8149 14056 12207 4110 13105 3469 5210 18833 17517 16127 17424 11911 11923 6394 0 18666 9227 5141 11761 6501 19306 9779 18375 2538 17406 9352 10324 11064 9118 12867 15687 11342 8749 12458 7069 12364 8531 17570 16417 17608 7660
14221 10797 17722 17694 13688 16829 9211 16445 15440 14043 11186 17831 2219 13135 15598 13758 2189 11885 6356 3903 8526 11993 13607 22382 2842 12655 10315 18190 13777 18447 7789 17115 3770 9665 2176 2945 15529 17055 7798 10733 18208 20011 13039 19008 16445 15839 10700 12268 9164 14896 5931 14386 7045 10788 4648 11605 5473 532 9047 13096 19082 4639 10607 19676 5734 15493 13865 5635 16025 2616 13561 11196 9051 12894 18666 0 15901 13556 15759 12276 1844 19520 11384 16882 15971 9765 11919 10057 10776 8512 9252 16882 14402 18563 13903 13981 10373 1097 2341 10834 13631
6518 5721 3989 10599 13315 7662 11294 9615 6038 8603 5766 7069 14010 2778 10864 5327 16136 4371 11406 13585 13816 4528 11033 8073 13122 8627 15054 3360 11082 2551 11901 10828 12871 6336 14712 16462 5506 4839 8313 9356 2307 4168 11176 3135 10761 15155 5549 10897 10669 10373 13465 9478 9099 12020 13827 9446 10616 15458 7262 15794 3487 11817 5627 6617 10588 9275 6115 13336 8393 13416 8791 5045 13985 10195 9227 15901 0 7379 2545 8964 15625 3619 10472 10021 8284 7201 14327 13756 5712 7522 8792 2273 1656 3896 12321 3634 7296 14990 13648 9888 3194
1058 4394 11321 4761 5962 3278 13796 15671 2328 13851 3703 4429 12484 6150 3825 10794 14767 7766 12163 13119 7864 4299 3656 9656 10864 13187 8459 10723 3703 8859 6645 4521 12106 5906 13392 15374 2727 11912 6595 12795 8787 9692 3849 9089 4112 7796 4906 3727 5019 3175 8771 14741 9204 5293 9708 2695 8403 13027 5472 8600 8438 8930 7975 6738 7964 2585 1276 13843 14513 10998 13785 7853 7816 2888 5141 13556 7379 0 9481 1953 14165 9773 14182 3921 14403 4304 7281 7227 4447 8126 11202 9627 6086 11259 4945 9301 3432 12463 11288 13359 4444
8735 6798 2140 13057 15281 10145 9761 7091 8437 6283 7083 9609 13698 3663 13140 3209 15646 3904 10498 12935 15054 5844 13073 10207 13127 6541 16510 2446 13143 3955 13006 13238 12378 6834 14284 15860 7926 2433 8744 7635 3685 5529 13137 4556 13119 17267 6448 12756 11997 12591 14276 7120 8723 13637 14417 11210 10851 15370 7964 17570 5355 12149 5155 9074 10964 11594 8269 12363 5872 13454 6543 4574 15299 12160 11761 15759 2545 9481 0 10844 15192 4704 8564 12441 5765 8277 16029 15224 6772 7262 7548 1262 3397 2805 14353 1909 8628 14961 13649 8109 5046
3005 4787 12803 5447 4447 4902 13770 16558 4273 14557 4179 6217 11459 7293 3646 11712 13688 8533 11768 12342 5950 5182 2410 11555 9728 13736 6511 12324 2532 10659 4926 4941 11304 6037 12378 14345 4679 13244 6112 13071 10565 11579 2321 10930 4328 6587 5320 1933 3301 2880 7093 15419 8886 3344 8135 784 7481 11744 5249 6836 10332 7751 8447 8634 6961 3218 3104 13287 15451 9812 14424 8462 5878 1386 6501 12276 8964 1953 10844 0 13084 11611 14458 4619 15344 4055 5424 5274 4837 8097 11318 11149 7517 12859 3605 10379 3149 11179 10101 13612 5840
14723 10934 17053 18532 14961 17397 7749 15161 15872 12816 11412 18284 1710 12912 16556 12908 604 11415 5133 2493 9979 12056 14645 22545 3361 11434 11860 17638 14817 18174 8956 18004 2815 9624 914 1314 15898 16262 7940 9477 17922 19784 14107 18759 17357 17195 10749 13318 10165 15826 7326 13075 6540 11992 6073 12474 5785 2096 9219 14615 18939 5339 10115 19946 6201 16286 14315 4033 14844 3323 12315 10715 10515 13852 19306 1844 15625 14165 15192 13084 0 19225 9972 17699 14800 10109 13348 11477 10905 8106 8207 16371 14222 17972 15069 13343 10829 2459 3045 9503 13654
8754 9178 4334 11707 15664 8835 14425 11082 7810 10807 9106 7710 17620 6391 12646 7906 19729 7873 14874 17141 16978 7939 13330 6042 16738 11213 18011 3043 13341 1087 15185 12151 16456 9932 18311 20035 7269 5771 11900 12330 1312 898 13603 684 12288 17181 9075 13489 13825 12329 16885 11577 12689 14877 17330 12221 14218 19077 10803 18373 1631 15399 9162 6011 14168 11019 8524 16788 9943 17030 11128 8567 17085 12657 9779 19520 3619 9773 4704 11611 19225 0 13265 11350 9850 10608 17030 16724 9177 11119 12089 3489 5176 3305 14587 6515 10555 18606 17264 12811 6390
14016 9811 9522 18835 18396 16408 2241 5299 14485 3249 10494 16498 9222 8956 17891 5359 10155 6803 5081 7520 15506 10007 16827 18544 9892 2167 17483 10602 16966 12495 13473 18690 7681 8424 9270 9976 14165 8228 8826 1391 12221 14092 16572 13107 18290 20775 9286 15880 13476 17157 13431 3209 6327 15709 12797 14340 9228 11250 9289 19613 13817 10330 6232 16869 9750 16763 13453 6000 5273 10230 2726 6469 15969 15790 18375 11384 10472 14182 8564 14458 9972 13265 0 18033 5264 10431 17996 16459 9758 6458 3243 9782 10010 10689 17872 6876 11315 11129 10246 853 10740
4041 8299 13978 851 5601 2515 17712 19112 4004 17471 7607 3789 16064 9583 1891 14282 18303 11447 16054 16868 9816 8044 3843 8909 14346 16918 9591 13119 3717 10694 9338 814 15839 9825 16983 18954 4519 14837 10436 16652 10719 10965 4444 10704 1076 6218 8798 5005 7784 2243 11496 18374 13102 6886 12625 5280 12047 16351 9366 8518 9764 12369 11803 6284 11549 1423 4603 17693 17917 14430 17454 11623 9562 4142 2538 16882 10021 3921 12441 4619 17699 11350 18033 0 17805 8177 7809 8653 8351 12047 15105 12268 9143 13634 4539 12666 7273 15786 14720 17221 7719
13866 10636 5545 18494 19722 15672 7382 1332 13847 2038 11182 15285 13752 8270 18215 3632 15073 6833 9674 12307 18151 10191 17730 15768 13953 3379 19938 6826 17833 9414 16012 18572 12205 9827 14001 15001 13383 4089 11146 5343 9175 10746 17653 9938 18352 21931 10128 17113 15490 17577 16612 2225 9576 17519 16307 15498 12485 15739 10992 21569 10903 13779 7265 14834 12855 16787 13335 11024 112 14308 2564 7039 18523 16727 17406 15971 8284 14403 5765 15344 14800 9850 5264 17805 0 11824 19946 18743 10590 8810 6744 6597 8703 6689 18948 5141 12505 15502 14400 5427 10097
4668 1501 10405 9027 8058 7375 9723 12951 5766 10790 1529 8179 8402 4670 7624 8264 10702 5055 7877 8861 6777 2680 6398 12636 6949 9851 8303 10301 6538 9530 4749 8691 7867 2069 9284 11256 5794 10462 2299 9049 9345 10892 6148 9992 8173 10394 1840 5484 3769 6865 6280 11615 4931 5695 6763 3914 4343 9255 1208 9745 9794 5186 4626 9911 4031 6778 4223 9538 11926 7150 10600 4785 7032 5362 9352 9765 7201 4304 8277 4055 10109 10608 10431 8177 11824 0 8126 7043 1519 4042 7267 8972 5545 10799 7455 7255 924 8712 7429 9581 4239
8328 9415 18066 8300 2377 9444 16750 21055 9473 18831 8994 10914 12099 12381 5930 16387 13894 13169 14097 13623 3394 10196 4113 16365 10284 17789 2000 17676 4192 16083 4744 7515 12640 10132 12942 14655 9950 18364 9188 16682 15989 16972 3629 16348 6849 3982 9883 3555 4543 5653 6024 19620 11741 2434 7292 4882 9181 11448 9002 1632 15719 8606 12709 13503 8582 7010 8508 15074 20048 10176 18596 12908 2876 4457 10324 11919 14327 7281 16029 5424 13348 17030 17996 7809 19946 8126 0 1872 9455 11617 14755 16457 12810 18207 3291 15289 7514 10955 10413 17151 11152
8279 8456 17318 9268 3842 9881 15105 19796 9539 17505 8144 11305 10237 11562 6869 15256 12022 12079 12372 11788 1544 9396 4810 16734 8428 16399 1298 17051 4940 15723 3019 8516 10816 8931 11074 12783 9953 17480 7741 15178 15599 16765 4212 16051 7816 5797 8871 3775 3279 6412 4153 18260 10150 1943 5423 4563 7462 9582 7752 3281 15532 6796 11478 13822 6872 7613 8336 13272 18840 8312 17237 11741 1065 4743 11064 10057 13756 7227 15224 5274 11477 16724 16459 8653 18743 7043 1872 0 8488 10186 13234 15778 12164 17573 4435 14298 6596 9086 8546 15623 10563
4457 53 8894 9178 9139 7098 9366 11770 5289 9723 744 7649 9200 3151 8137 6979 11479 3758 7969 9367 8287 1255 7248 11647 7934 8909 9763 8782 7368 8093 6268 8967 8438 1526 10036 11967 5175 8992 2987 8368 7897 9509 7104 8579 8540 11393 484 6530 5234 7410 7753 10582 5035 7024 8153 4914 5306 10285 1731 11053 8457 6342 3622 9057 5126 7031 3920 9776 10696 8177 9587 3628 8527 6218 9118 10776 5712 4447 6772 4837 10905 9177 9758 8351 10590 1519 9455 8488 0 3754 6757 7453 4059 9279 8413 5839 1941 9765 8441 8928 2896
8210 3803 9277 12885 11938 10846 5696 9735 9008 7366 4481 11319 6516 4848 11644 5716 8614 3374 4294 6113 9424 4523 10422 14802 5872 6215 11303 9682 10567 10069 7302 12624 5352 2235 7192 8952 8843 8772 2445 5101 9816 11686 10137 10657 12146 14318 3370 9432 7075 10890 7809 8088 1582 9282 7596 7916 3795 8112 2857 13246 10881 5125 2110 12452 4084 10689 7675 6179 8897 6204 7067 2688 9833 9391 12867 8512 7522 8126 7262 8097 8106 11119 6458 12047 8810 4042 11617 10186 3754 0 3244 8370 6174 10067 11431 5549 4956 7700 6391 5606 5903
11154 6809 9130 15929 15172 13681 2686 7353 11780 4902 7501 13954 7035 6661 14823 4803 8553 4529 3123 5752 12323 7214 13660 16710 7241 3546 14280 9924 13803 11157 10263 15722 5504 5327 7360 8613 11527 8168 5584 1950 10882 12816 13381 11779 15280 17557 6308 12675 10233 14076 10361 5417 3162 12466 9846 11157 6132 9002 6097 16374 12277 7325 3541 14689 6616 13786 10598 4862 6804 7595 4471 3974 12774 12626 15687 9252 8792 11202 7548 11318 8207 12089 3243 15105 6744 7267 14755 13234 6757 3244 0 8805 7902 10168 14675 5642 8170 8759 7672 2396 8236
8786 7473 1716 12824 15538 9873 11020 7892 8300 7358 7659 9169 14851 4305 13137 4425 16836 4996 11735 14145 15718 6398 13273 9191 14208 7723 17073 1352 13327 2848 13721 13078 13561 7723 15460 17067 7763 2736 9678 8884 2596 4342 13394 3417 13026 17415 7188 13080 12608 12644 15113 8157 9869 14107 15332 11588 11860 16480 8799 17956 4317 13137 6281 8325 11932 11547 8370 13609 6698 14527 7658 5688 15928 12412 11342 16882 2273 9627 1262 11149 16371 3489 9782 12268 6597 8972 16457 15778 7453 8370 8805 0 3646 1828 14561 3163 9215 16056 14732 9350 5314
5346 4066 5286 9805 11930 6970 10522 10025 5155 8632 4119 6688 12575 1329 9754 5323 14751 3374 10257 12286 12182 2874 9696 8819 11596 8389 13461 4888 9761 4089 10251 9927 11513 4765 13314 15118 4681 5830 6726 8774 3873 5611 9784 4621 9768 13878 3912 9445 9042 9196 11811 9536 7754 10467 12188 7942 9051 13946 5635 14311 4718 10223 4483 6868 8992 8227 4873 12191 8815 11880 8724 3957 12362 8804 8749 14402 1656 6086 3397 7517 14222 5176 10010 9143 8703 5545 12810 12164 4059 6174 7902 3646 0 5413 10980 3615 5658 13463 12120 9336 1678
10365 9299 1186 14127 17206 11170 12173 7864 9747 7900 9472 10298 16493 6132 14641 5483 18416 6704 13196 15683 17538 8211 14915 9347 15930 8544 18870 536 14960 3244 15547 14448 15157 9534 17066 18607 9197 2622 11479 9967 3103 4191 15069 3590 14456 19009 9015 14791 14420 14192 16937 8586 11524 15878 17142 13329 13631 18175 10621 19686 4681 14918 7960 9046 13722 13027 9988 15023 6774 16256 8289 7379 17742 14089 12458 18563 3896 11259 2805 12859 17972 3305 10689 13634 6689 10799 18207 17573 9279 10067 10168 1828 5413 0 16203 4631 11027 17766 16453 10375 7056
5877 8364 16247 5009 1123 6386 17000 20159 6796 18134 7776 7859 13601 10865 2650 15317 15654 12132 14717 14827 5836 8781 1289 13263 11771 17273 5170 15667 1250 13728 6126 4224 13791 9509 14504 16379 7325 16772 9212 16496 13675 14408 1312 13905 3559 2984 8892 2007 5006 2483 8055 18987 11989 3119 9313 3544 10009 13390 8584 4048 13151 9858 11994 10464 9420 3899 6217 16026 19056 11755 17985 12041 5460 2225 7069 13903 12321 4945 14353 3605 15069 14587 17872 4539 18948 7455 3291 4435 8413 11431 14675 14561 10980 16203 0 13972 6609 12849 12027 17021 9310
8730 5876 3742 13362 14812 10571 7910 6446 8721 5052 6315 10290 11883 3151 13097 1732 13785 2345 8595 11055 13960 5198 12725 11684 11414 4993 15557 4326 12817 5661 11854 13432 10528 5524 12439 13979 8272 3308 7302 5840 5385 7295 12700 6281 13214 16942 5431 12222 11024 12476 12921 5949 6937 12860 12943 10621 9259 13610 6713 16878 6943 10580 3452 10198 9436 11651 8204 10455 5252 11749 5192 2921 14255 11748 12364 13981 3634 9301 1909 10379 13343 6515 6876 12666 5141 7255 15289 14298 5839 5549 5642 3163 3615 4631 13972 0 7776 13222 11929 6345 4957
3894 1901 10727 8124 7266 6581 10643 13664 5071 11558 1557 7473 9131 4968 6700 8906 11427 5682 8787 9691 6524 2817 5516 12140 7595 10665 7882 10514 5652 9495 4633 7775 8683 2905 10027 12007 5164 10899 3169 9929 9330 10764 5298 9914 7251 9569 2381 4667 3393 5942 6402 12399 5848 5084 7042 3068 5044 9853 2132 9113 9616 5743 5397 9349 4663 5868 3499 10425 12609 7768 11390 5493 6715 4478 8531 10373 7296 3432 8628 3149 10829 10555 11315 7273 12505 924 7514 6596 1941 4956 8170 9215 5658 11027 6609 7776 0 9299 8054 10467 4175
13137 9784 16962 16599 12663 15738 9026 16053 14363 13623 10151 16749 1963 12216 14511 13107 2958 11067 6049 3876 7569 10993 12529 21341 1868 12240 9418 17378 12699 17528 6726 16023 3452 8707 2373 3729 14460 16359 6803 10363 17294 19074 11965 18080 15354 14845 9710 11190 8076 13806 4937 14026 6303 9740 3663 10510 4461 566 8034 12184 18121 3558 9808 18619 4683 14397 12787 5669 15562 1591 13159 10387 8101 11805 17570 1097 14990 12463 14961 11179 2459 18606 11129 15786 15502 8712 10955 9086 9765 7700 8759 16056 13463 17766 12849 13222 9299 0 1343 10519 12636
11920 8461 15665 15545 11941 14552 8240 15014 13124 12569 8846 15522 1707 10873 13530 11876 3636 9749 5199 3493 7093 9663 11605 20041 527 11198 9050 16058 11776 16185 5923 14999 2756 7365 2530 4352 13202 15095 5470 9374 15951 17732 11063 16737 14344 14202 8376 10275 7124 12806 4440 13024 5042 8960 3273 9467 3135 1844 6711 11752 16781 2362 8501 17340 3400 13315 11551 5228 14464 291 12122 9075 7633 10823 16417 2341 13648 11288 13649 10101 3045 17264 10246 14720 14400 7429 10413 8546 8441 6391 7672 14732 12120 16453 12027 11929 8054 1343 0 9582 11304
13212 8981 9228 18028 17544 15632 1971 5660 13711 3391 9666 15757 8645 8239 17056 4940 9728 6070 4484 7022 14686 9208 15978 17957 9207 2090 16657 10249 16117 12000 12643 17872 7091 7580 8760 9607 13402 8003 7977 576 11724 13619 15721 12617 17464 19922 8458 15028 12628 16320 12646 3572 5506 14859 12044 13490 8430 10671 8437 18770 13282 9559 5430 16203 8943 15942 12650 5619 5453 9551 2869 5697 15145 14941 17608 10834 9888 13359 8109 13612 9503 12811 853 17221 5427 9581 17151 15623 8928 5606 2396 9350 9336 10375 17021 6345 10467 10519 9582 0 9993
3782 2885 6964 8435 10254 5745 10920 11397 3838 9790 2721 5764 11964 1880 8177 6565 14212 3940 10175 11927 10663 1647 8028 8934 10791 9353 11861 6525 8097 5323 8808 8478 11065 4030 12765 14651 3453 7473 5834 9419 5155 6653 8108 5762 8260 12221 2931 7769 7508 7588 10501 10696 7419 8829 10996 6276 8175 13148 4614 12642 5570 9238 4695 6560 8019 6699 3273 12078 10208 11046 9810 4315 10813 7128 7660 13631 3194 4444 5046 5840 13654 6390 10740 7719 10097 4239 11152 10563 2896 5903 8236 5314 1678 7056 9310 4957 4175 12636 11304 9993 0
1 7 7 4
2 5 12 8
3 8 9 4
4 11 5 2
5 5 5 2
6 9 7 4
7 5 4 5
8 6 7 5
9 7 4 3
10 6 4 5
11 7 10 3
12 9 8 3
13 5 4 6
14 6 4 5
15 12 6 4
16 7 6 3
17 4 3 3
18 5 1 4
19 1 6 5
20 7 7 4
21 6 7 5
22 7 6 4
23 8 7 3
24 5 9 4
25 5 4 5
26 4 4 6
27 5 6 5
28 8 6 5
29 5 8 2
30 5 6 4
31 6 4 5
32 6 3 4
33 9 6 5
34 9 7 3
35 4 11 2
36 7 7 4
37 9 6 3
38 8 3 5
39 5 5 3
40 8 4 2
41 3 4 4
42 4 10 3
43 7 5 4
44 2 8 2
45 7 4 1
46 7 4 1
47 9 10 8
48 8 8 3
49 4 6 2
50 4 8 2
51 9 4 5
52 9 7 6
53 8 5 7
54 6 1 2
55 4 9 5
56 4 6 7
57 7 4 1
58 5 8 6
59 8 2 2
60 8 5 4
61 6 4 3
62 9 5 3
63 5 8 5
64 10 4 6
65 9 4 2
66 7 4 1
67 5 6 3
68 10 8 6
69 6 7 2
70 11 4 5
71 6 4 4
72 6 9 3
73 5 3 4
74 3 6 3
75 6 9 5
76 5 5 7
77 8 4 3
78 4 7 6
79 6 6 3
80 3 7 3
81 7 5 3
82 8 5 5
83 3 8 3
84 9 7 6
85 3 8 3
86 7 4 4
87 6 6 2
88 9 7 3
89 5 6 1
90 11 7 6
91 7 7 1
92 8 9 2
93 7 4 3
94 7 4 4
95 10 6 3
96 11 4 0
97 9 4 1
98 5 15 1
99 11 4 4
100 7 5 2
