500 100 3
30 60 700 9.00
0 12 12 2
0 25 43 2
0 9 66 3
0 20 50 2
0 8 55 1
0 7 19 1
0 17 53 3
0 9 59 1
0 2 59 3
0 2 32 2
0 1 97 1
0 5 38 2
0 3 5 2
0 5 41 3
0 1 69 2
0 7 97 3
0 7 57 2
0 9 2 3
0 12 49 2
0 8 49 1
0 1 60 2
0 1 31 2
0 11 66 3
0 17 30 2
0 5 21 2
0 8 28 2
0 3 56 1
0 17 92 2
0 10 72 1
0 1 98 3
0 10 21 1
0 4 43 1
0 7 72 2
0 14 2 1
0 7 83 2
0 7 4 2
0 1 84 2
0 2 41 1
0 10 55 3
0 9 76 3
0 3 28 3
0 13 95 1
0 4 96 1
0 1 11 2
0 8 97 1
0 5 82 1
0 4 64 3
0 4 22 3
0 16 26 3
0 11 86 1
0 11 30 1
0 6 82 1
0 7 14 1
0 3 80 1
0 9 32 3
0 6 22 2
0 4 14 3
0 10 34 2
0 4 38 1
0 22 89 3
0 14 33 2
0 18 99 2
0 2 53 3
0 12 46 3
0 7 1 3
0 3 34 3
0 8 27 1
0 6 15 3
0 2 87 1
0 17 37 2
0 10 35 1
0 15 7 1
0 22 39 1
0 3 57 2
0 3 44 2
0 25 97 2
0 25 97 2
0 3 8 2
0 23 40 2
0 3 23 3
0 1 88 1
0 20 59 2
0 7 87 1
0 3 87 1
0 13 54 3
0 3 51 1
0 7 77 1
0 18 43 1
0 3 95 2
0 19 14 2
0 9 38 3
0 1 13 3
0 18 8 3
0 8 11 2
0 16 67 3
0 16 24 1
0 1 67 3
0 2 42 1
0 5 36 1
0 5 64 2
0 17 79 1
0 13 41 3
0 6 55 1
0 1 81 3
0 4 66 2
0 4 96 1
0 1 94 2
0 17 17 2
0 4 17 1
0 21 38 2
0 3 51 3
0 1 89 1
0 24 53 3
0 7 6 2
0 9 82 3
0 5 20 1
0 8 16 2
0 8 93 2
0 8 82 3
0 21 24 2
0 17 90 1
0 16 58 1
0 2 30 3
0 9 30 1
0 7 96 2
0 9 41 1
0 15 59 1
0 6 33 2
0 7 89 3
0 1 20 2
0 6 15 3
0 2 18 1
0 8 56 2
0 1 42 3
0 2 95 2
0 16 55 2
0 12 66 3
0 5 16 2
0 10 41 3
0 5 73 2
0 5 88 1
0 5 12 3
0 1 14 1
0 3 59 2
0 9 14 1
0 2 99 1
0 8 18 3
0 6 85 1
0 1 97 1
0 1 88 1
0 1 54 3
0 5 77 2
0 17 35 1
0 2 83 2
0 9 45 2
0 18 94 1
0 3 85 3
0 8 89 1
0 3 96 1
0 2 37 3
0 3 70 1
0 2 75 2
0 13 63 1
0 1 81 2
0 5 35 2
0 14 19 1
0 6 87 3
0 10 65 2
0 2 99 2
0 12 43 3
0 11 10 3
0 1 43 3
0 1 36 1
0 4 59 1
0 22 96 3
0 14 58 1
0 6 76 3
0 7 69 3
0 19 22 2
0 13 99 3
0 14 6 1
0 1 21 1
0 5 38 3
0 15 17 1
0 11 21 3
0 12 9 3
0 7 8 2
0 15 67 3
0 13 57 3
0 16 74 1
0 6 70 3
0 9 98 1
0 5 62 1
0 9 17 1
0 4 55 1
0 10 94 3
0 24 65 1
0 6 100 2
0 8 83 1
0 1 76 3
0 10 71 1
0 5 79 1
0 12 24 3
0 2 86 3
0 14 34 1
0 1 25 3
0 9 22 3
0 11 60 2
0 2 7 3
0 21 50 3
0 16 70 2
0 10 22 3
0 15 74 1
0 2 97 1
0 6 93 1
0 15 20 2
0 1 67 3
0 15 77 2
0 16 98 2
0 2 50 2
0 2 18 2
0 12 53 2
0 12 66 3
0 6 98 1
0 9 94 3
0 18 35 1
0 14 4 2
0 14 63 3
0 9 33 1
0 11 61 3
0 19 82 1
0 11 18 1
0 1 98 3
0 2 32 1
0 4 63 3
0 20 35 3
0 22 96 2
0 5 40 1
0 5 11 1
0 1 75 2
0 2 1 3
0 19 40 1
0 3 9 2
0 19 63 1
0 4 35 1
0 6 35 2
0 3 13 2
0 8 5 2
0 1 77 2
0 8 2 3
0 16 71 2
0 25 55 2
0 2 100 3
0 15 40 1
0 1 50 1
0 1 44 2
0 9 81 1
0 7 37 1
0 16 10 2
0 12 53 2
0 2 20 3
0 14 64 3
0 3 94 1
0 5 19 3
0 5 61 2
0 1 94 3
0 4 21 3
0 9 75 1
0 7 27 1
0 3 78 2
0 6 4 1
0 3 94 2
0 2 16 1
0 2 84 3
0 9 44 3
0 7 85 3
0 5 89 1
0 5 72 1
0 25 48 1
0 11 42 3
0 5 85 3
0 7 35 2
0 25 91 3
0 8 46 3
0 7 85 2
0 4 89 1
0 5 27 1
0 5 56 2
0 14 45 3
0 5 3 2
0 1 87 3
0 17 47 1
0 13 9 3
0 19 77 2
0 4 92 1
0 7 94 3
0 3 23 3
0 17 2 1
0 8 69 1
0 8 15 1
0 12 63 2
0 24 59 3
0 6 53 1
0 11 97 3
0 15 100 2
0 4 7 2
0 5 50 3
0 9 25 2
0 7 46 3
0 15 58 2
0 1 8 1
0 11 66 1
0 2 24 2
0 2 95 2
0 16 57 1
0 4 13 1
0 19 98 2
0 2 9 2
0 1 23 1
0 4 32 2
0 2 56 1
0 13 1 1
0 8 68 1
0 3 13 3
0 1 68 3
0 2 86 3
0 4 1 1
0 6 75 1
0 22 40 2
0 1 25 1
0 6 18 2
0 13 93 2
0 4 11 1
0 13 72 3
0 13 48 2
0 3 11 2
0 23 15 1
0 5 27 2
0 8 75 2
0 1 81 2
0 14 28 1
0 8 14 1
0 1 83 1
0 10 68 3
0 2 94 2
0 4 38 1
0 13 10 3
0 6 31 2
0 2 77 1
0 5 24 2
0 13 96 2
0 8 78 3
0 7 79 2
0 5 21 2
0 5 57 1
0 1 9 2
0 19 48 2
0 1 54 3
0 8 93 1
0 4 31 1
0 13 48 1
0 7 29 3
0 3 50 2
0 6 47 2
0 7 61 1
0 14 55 1
0 17 5 3
0 12 59 1
0 3 58 2
0 24 39 1
0 7 25 3
0 1 39 1
0 1 59 3
0 18 41 2
0 19 3 1
0 4 57 3
0 4 8 2
0 2 40 1
0 9 52 3
0 9 34 2
0 13 8 1
0 4 56 2
0 7 61 3
0 3 82 1
0 6 74 1
0 14 2 2
0 1 13 2
0 4 52 1
0 11 42 3
0 1 83 2
0 2 79 1
0 14 27 1
0 14 39 1
0 7 46 3
0 25 9 1
0 18 68 1
0 6 44 3
0 7 12 2
0 20 63 2
0 4 75 2
1 13 79 1
1 21 35 3
1 22 16 2
1 4 5 3
1 1 82 3
1 9 90 3
1 2 90 3
1 8 17 2
1 3 51 1
1 1 82 3
1 13 97 2
1 4 78 2
1 11 15 2
1 16 27 2
1 7 82 2
1 19 8 2
1 6 53 1
1 1 40 1
1 10 96 1
1 15 81 2
1 13 74 1
1 23 30 3
1 3 17 1
1 2 69 1
1 1 60 2
1 9 57 2
1 8 45 2
1 2 8 3
1 8 71 3
1 21 64 3
1 8 18 1
1 13 31 3
1 6 15 3
1 10 82 1
1 7 65 1
1 4 87 3
1 4 59 3
1 1 29 3
1 8 26 1
1 6 83 2
1 8 50 3
1 2 58 1
1 10 93 2
1 1 16 2
1 3 34 1
1 6 29 2
1 4 29 3
1 9 16 3
1 1 37 3
1 8 85 1
1 2 96 2
1 9 77 1
1 5 32 1
1 7 23 1
1 13 58 2
1 8 70 3
1 11 6 3
1 23 12 3
1 2 40 1
1 1 11 2
1 6 6 2
1 17 75 2
1 3 50 2
1 17 51 3
1 2 41 2
1 25 55 2
1 4 25 1
1 5 87 2
1 10 31 1
1 9 21 1
1 13 56 3
1 7 61 3
1 1 69 1
1 3 37 1
1 7 8 2
1 8 26 3
1 3 66 3
1 6 79 2
1 4 25 1
1 1 18 2
1 3 89 2
1 5 37 2
1 1 4 3
1 7 73 2
1 3 24 2
1 1 31 2
1 3 52 3
1 3 77 1
1 4 72 2
1 3 77 1
1 2 6 1
1 3 43 1
1 6 29 3
1 8 62 3
1 1 94 3
1 10 77 2
1 4 51 3
1 3 25 2
1 1 17 3
1 5 70 3
0 1372 12215 4585 2151 3329 3132 3353 9404 14193 3040 14436 8832 16300 19280 2801 10047 15583 5208 17879 14808 17316 21442 6831 2752 14652 15417 9540 2068 13524 11835 15921 18023 15136 14052 3055 10659 16807 12483 14628 4001 2947 15964 12779 8374 7899 14208 9585 7224 10267 19684 17026 14605 12224 2734 12681 14947 13150 17529 14778 12747 2411 12749 7017 3976 14063 9694 15503 1374 9661 14212 6346 13476 13520 2759 10844 17720 14697 7830 15151 11326 2915 10752 7752 18946 12484 2345 7413 16269 15863 15805 3454 13467 7076 3334 3409 14097 13132 15345 3695 8549
1372 0 13462 5933 2725 4683 1763 2370 10480 15560 4395 15690 9897 17671 20601 1526 10474 16607 6209 19068 16171 18686 22767 8186 4013 15919 16775 9792 2941 14795 12274 17291 19384 15807 15295 4409 11001 17855 13854 15527 2893 3521 17091 13650 9671 9106 15571 9803 8583 11452 21048 17499 15806 13528 1461 13925 15949 14147 18037 16078 14078 1604 13219 8280 3957 14978 10978 15967 850 11030 15340 7718 14507 14679 1763 12107 19012 15994 8251 16499 12613 3352 11945 8950 20265 13642 2837 8774 17602 16568 17171 4013 14588 7662 3341 4423 15342 14504 16316 4629 9920
12215 13462 0 9059 11123 9763 15033 15533 3951 7302 9958 2232 12066 7365 13120 14427 17299 16065 11899 15209 8056 7772 14696 5947 10846 11467 5308 17827 10661 1459 18490 7928 10284 19282 11671 9297 18184 16602 5854 16822 16209 10607 14904 15896 3962 4387 7703 18018 5750 11064 11438 22297 2579 9377 14913 467 15909 14826 22451 10683 8681 13404 18963 9528 14936 16284 9218 21125 12915 4882 3079 7134 4028 12895 14959 9878 12830 10746 15912 4609 9515 13489 1809 4561 12947 1758 11153 5668 10505 19545 8350 13369 2731 14708 14492 9194 11664 6039 16528 9139 5581
4585 5933 9059 0 5170 1259 7693 7285 7584 9660 1546 11129 5354 11877 14711 7382 8988 11907 3089 13625 10250 12937 16866 3113 2091 10198 11231 9168 4552 10129 10526 11414 13460 12751 9670 2145 9821 13018 8023 11431 8020 5407 11927 9783 5143 5490 9652 9324 3347 6166 15128 15254 11627 7694 7120 9513 11368 9655 15614 10247 8169 6819 11244 2750 5997 10833 5240 13835 5867 5404 11674 2064 11496 9418 6830 6436 13200 10174 7194 11079 6844 4601 8062 5445 14380 9878 5369 3471 11688 13322 11263 4364 11013 6024 5645 4222 9710 8672 11861 4605 4260
2151 2725 11123 5170 0 4027 3982 5093 7883 14206 3787 13353 10160 16071 19668 3325 12051 16893 6776 18795 14889 17011 21788 6457 4018 15335 14922 11627 633 12515 13822 15847 18086 16925 14833 3075 12703 18060 12385 16148 5606 816 17057 14357 7552 6737 14290 11684 6891 11290 19707 18969 13353 12781 4123 11578 16303 14532 19446 15315 13135 2281 14711 7890 6126 15566 10396 17457 1954 9418 12777 6399 11852 14558 4483 11600 18269 15254 9857 14558 11979 5024 9504 6563 19351 11128 227 7098 16605 17614 15821 5500 12018 9014 5484 1932 14872 13020 16748 2015 8400
3329 4683 9763 1259 4027 0 6445 6143 7801 10888 289 11905 6211 13060 15968 6124 9126 12898 3253 14797 11490 14104 18125 3913 1083 11426 12322 9108 3431 10928 10770 12631 14702 13348 10875 1250 9912 14047 9217 12268 6873 4363 13030 10542 5802 5840 10891 9235 4234 7265 16368 15687 12295 8942 5902 10226 12326 10575 16092 11495 9427 5570 11558 3875 5174 11677 6460 14226 4610 6500 12196 3129 11836 10534 5658 7643 14447 11421 7150 12128 8076 3725 8587 5755 15637 10403 4237 4394 12947 13971 12495 3649 11500 6055 4736 3400 10917 9867 12791 3810 5362
3132 1763 15033 7693 3982 6445 0 2135 11864 17323 6157 17265 11441 19426 22340 738 11382 18081 7741 20695 17934 20435 24509 9908 5740 17618 18499 10520 4379 16396 13166 19053 21147 16918 16975 6141 11806 19350 15614 16881 2179 4664 18663 14985 11317 10652 17334 10491 10313 13090 22811 18378 17314 15257 1025 15493 17403 15604 18952 17803 15827 1860 14134 9987 4715 16350 12695 16848 2120 12776 16758 9477 15810 16286 1827 13808 20729 17716 9202 18206 14330 4602 13457 10486 22002 15104 4011 10506 19350 17711 18934 5294 16000 8797 4217 5867 17023 16264 17739 5994 11672
3353 2370 15533 7285 5093 6143 2135 0 12745 16890 5878 17745 10122 19159 21525 2697 9391 16568 6507 19467 17435 20221 23707 9967 5195 16635 18465 8453 5262 16816 11154 18663 20617 15022 15926 6265 9762 17863 15302 15213 736 5891 17321 13308 11647 11243 16845 8411 10327 11958 22297 16343 17947 14433 1206 15999 15864 14083 16932 16936 15123 3572 12129 9148 2802 14708 11842 14817 3193 12643 17564 9271 16803 15040 613 12868 19803 16835 7260 18258 13457 3193 14098 11099 21177 15836 5207 10501 18620 15836 18473 3838 16819 7003 2455 6709 15978 15950 16154 6950 11504
9404 10480 3951 7584 7883 7801 11864 12745 0 10194 7899 5971 12050 10915 16224 11194 16536 17380 10673 17430 10988 11495 18007 4971 8815 13566 9050 16752 7545 5393 17996 11246 13674 19641 13525 6922 17385 18163 8398 17651 13353 7232 16617 16365 3305 2161 10508 16904 5085 11731 14998 22426 5643 11087 11935 4309 17063 15667 22699 13002 10732 10100 18639 9162 12761 17067 9977 21095 9805 6048 4899 6272 4096 14297 12140 10973 15564 13024 14777 8422 10861 11323 2151 2161 16000 3339 7859 5154 13342 20065 11537 11392 4139 13608 12218 6057 13534 8817 17655 5877 5995
14193 15560 7302 9660 14206 10888 17323 16890 10194 0 11174 7410 8872 2621 6035 16953 14406 9889 10989 8080 794 3766 7912 7801 11719 4672 3618 15439 13586 6757 14965 1795 3882 14249 5203 11289 15243 10070 1901 11283 17626 14082 8294 11044 7546 9020 457 15678 7363 6906 5508 17405 8698 3797 16780 7354 9975 9507 17369 3688 2689 16242 15088 7979 15119 10873 5695 16566 15385 4882 9987 7879 11298 6951 16468 5346 5528 3796 13920 4181 4638 13930 8427 9198 5806 9056 14346 7153 3211 14245 1618 13474 9896 12870 14949 12529 5172 1380 10577 12719 5811
3040 4395 9958 1546 3787 289 6157 5878 7899 11174 0 12111 6410 13340 16255 5836 9160 13117 3335 15059 11778 14381 18412 4143 920 11702 12587 9096 3203 11139 10824 12916 14990 13477 11146 1168 9933 14275 9499 12453 6606 4157 13276 10712 5997 5976 11178 9216 4476 7513 16655 15778 12479 9224 5619 10422 12538 10780 16192 11778 9714 5289 11626 4134 4992 11864 6736 14308 4324 6769 12351 3400 11953 10784 5387 7915 14729 11703 7148 12385 8355 3538 8747 5883 15923 10560 4001 4640 13235 14112 12782 3507 11649 6076 4534 3271 11189 10149 12996 3685 5633
14436 15690 2232 11129 13353 11905 17265 17745 5971 7410 12111 0 13635 6672 12713 16659 19040 16905 13856 15491 8061 6756 14029 8030 12985 11958 4460 19663 12893 1023 20122 7517 9655 20551 12317 11495 19927 17287 6438 17904 18426 12828 15534 17171 6123 6618 7858 19864 7785 12381 10541 23634 1312 10226 17139 1775 16841 15946 23734 11050 9356 15633 20525 11302 17066 17400 10577 22543 15147 6442 2800 9138 4498 13770 17175 11041 12777 11141 17786 3683 10567 15626 3930 6791 12596 2879 13381 7676 10452 20736 8065 15474 3034 16587 16641 11425 12299 6395 17462 11365 7343
8832 9897 12066 5354 10160 6211 11441 10122 12050 8872 6410 13635 0 11491 11935 11414 5605 6760 3701 9348 9087 12638 14087 7083 6187 6848 11863 6568 9600 12631 6494 10577 11856 7607 6032 7399 6473 7975 8115 6079 10783 10567 7226 4457 8905 9902 8614 6806 6975 2143 13484 10397 14536 5307 10559 12435 6147 4373 10651 7415 6334 11241 6902 2917 7589 5483 3280 9123 10200 7221 15089 5818 15444 4923 9941 3590 10028 7283 5116 12067 4315 6950 11762 9936 11576 13413 10380 6931 9377 8088 10137 6285 14576 4194 7714 9544 6089 8608 6589 9938 6517
16300 17671 7365 11877 16071 13060 19426 19159 10915 2621 13340 6672 11491 0 6067 19000 17027 12043 13474 9533 2600 1148 7386 9618 13965 6745 2212 18059 15472 6357 17564 1193 2985 16666 7440 13304 17862 12030 3860 13627 19895 15846 10271 13540 8866 10212 2929 18297 9189 9525 4091 19817 7972 6382 18957 7250 12225 11945 19740 5684 5276 18208 17661 10457 17539 13259 8291 19045 17416 6671 9461 9957 11046 9304 18705 7965 6442 5825 16524 2989 7254 16296 8887 10405 5979 8989 16188 8984 4286 16600 1859 15880 9571 15460 17330 14282 7398 3216 12804 14415 7756
19280 20601 13120 14711 19668 15968 22340 21525 16224 6035 16255 12713 11935 6067 0 22081 16581 8943 15112 4990 5242 6332 2182 13502 16600 5098 8268 17896 19036 12303 16483 5226 3180 14178 5958 16625 17260 8303 7890 11069 22242 19663 6927 11835 13529 15019 5755 18144 13074 9823 3348 17103 14020 7098 21650 13090 9456 10100 16826 4599 6548 21520 16239 12395 19309 10950 9687 16767 20577 10739 15479 13277 16989 7599 21201 8678 2058 4710 16884 9041 8069 18371 14404 15193 360 14834 19833 12869 3075 13810 4770 17795 15530 16100 19299 18154 5898 7415 9860 18393 11495
2801 1526 14427 7382 3325 6124 738 2697 11194 16953 5836 16659 11414 19000 22081 0 11707 18110 7720 20594 17582 19992 24242 9432 5519 17431 18012 10913 3769 15804 13501 18664 20797 17160 16814 5697 12173 19364 15212 16990 2857 3972 18614 15104 10762 10041 16980 10899 9846 12977 22453 18725 16677 15021 1496 14885 17446 15644 19284 17573 15547 1131 14461 9790 5058 16447 12482 17192 1587 12335 16091 9080 15116 16205 2270 13619 20513 17492 9503 17698 14115 4734 12826 9870 21747 14453 3335 10043 19069 17938 18568 5418 15332 9013 4505 5238 16860 15860 17804 5340 11246
10047 10474 17299 8988 12051 9126 11382 9391 16536 14406 9160 19040 5605 17027 16581 11707 0 8868 5928 12819 14547 18168 18607 11713 8420 11595 17467 1442 11696 18021 1799 16057 17083 5759 10699 10327 888 10150 13720 6890 9777 12733 10379 5212 13739 14399 14115 1668 11751 7506 18636 7025 19841 10700 10358 17703 8122 6729 7577 12403 11784 12076 2754 7771 6668 6578 8884 5493 11142 12600 20217 10393 20311 8986 9560 9062 14542 12253 2226 17665 9777 7175 16709 14378 16226 18465 12273 11773 14449 6614 15569 6593 19632 3094 7202 12329 10759 14209 8143 12741 11732
15583 16607 16065 11907 16893 12898 18081 16568 17380 9889 13117 16905 6760 12043 8943 18110 8868 0 10402 4262 9535 12988 10611 12762 12944 5299 13505 10307 16319 16057 8186 10854 10683 5245 4686 14030 9310 1318 10467 2225 17168 17259 2019 3659 14076 15402 9443 10535 12496 5862 11835 8181 18092 6706 17151 16297 750 2485 7952 6359 7554 17989 7703 9190 13848 2327 7440 7840 16947 11492 19102 11743 19979 3170 16474 6409 6965 6219 10030 14051 6603 13500 16435 15494 8636 17727 17111 12370 8054 4877 10199 12811 18793 9753 14113 16126 4717 10574 922 16501 11385
5208 6209 11899 3089 6776 3253 7741 6507 10673 10989 3335 13856 3701 13474 15112 7720 5928 10402 0 12992 11417 14600 17293 6029 2778 10152 13264 6085 6285 12837 7530 12783 14493 10189 9425 4492 6747 11647 9688 9429 7196 7310 10922 7601 8093 8568 10857 6246 6161 5451 16171 12443 14478 8075 6869 12337 9752 7952 12860 10513 8883 7600 8306 3018 4215 8860 5513 10976 6558 7655 14647 4770 14557 8569 6278 6434 13334 10403 4113 13256 7068 3313 11057 8529 14759 12860 7003 6232 12297 10854 12484 2694 14010 2936 4190 6599 9477 10300 10139 7014 6590
17879 19068 15209 13625 18795 14797 20695 19467 17430 8080 15059 15491 9348 9533 4990 20594 12819 4262 12992 0 7457 10242 6415 13506 15131 3865 11435 14230 18176 14816 12346 8379 7407 9459 4057 15748 13360 3381 9359 6485 20130 18996 2442 7681 14269 15741 7635 14470 13143 7617 8197 12242 16777 6436 19855 15326 4911 6090 11919 4527 6703 20269 11928 10925 16915 6516 8440 12051 19248 11399 18033 12816 19237 4427 19267 7224 3311 4471 13634 12119 6969 16285 16030 15877 4741 16961 18994 12969 5248 8993 7723 15628 17887 13115 17061 17650 4030 9198 5174 17974 11714
14808 16171 8056 10250 14889 11490 17934 17435 10988 794 11778 8061 9087 2600 5242 17582 14547 9535 11417 7457 0 3686 7134 8516 12288 4249 4042 15631 14266 7453 15015 1514 3215 14072 4881 11941 15367 9624 2672 11048 18170 14786 7849 10941 8325 9803 602 15873 8079 7047 4878 17224 9360 3851 17365 8091 9675 9346 17157 3212 2765 16895 15086 8429 15584 10669 6010 16445 16022 5624 10686 8529 12035 6717 17029 5508 4781 3338 14179 4682 4784 14432 9212 9981 5012 9805 15033 7869 2450 14020 1070 13954 10620 13163 15440 13239 4842 2173 10265 13439 6514
17316 18686 7772 12937 17011 14104 20435 20221 11495 3766 14381 6756 12638 1148 6332 19992 18168 12988 14600 10242 3686 0 7340 10577 15027 7710 2465 19205 16420 6612 18688 2194 3153 17704 8447 14300 19000 12901 4948 14641 20956 16753 11162 14617 9684 10969 4058 19443 10154 10664 3786 20849 8011 7507 19990 7593 13206 13000 20755 6647 6403 19175 18771 11584 18646 14290 9439 20109 18406 7660 9553 10987 11230 10336 19758 9106 7034 6795 17672 3182 8393 17389 9405 11164 6308 9294 17119 9953 5055 17613 2812 16984 9752 16606 18426 15191 8402 4313 13774 15306 8768
21442 22767 14696 16866 21788 18125 24509 23707 18007 7912 18412 14029 14087 7386 2182 24242 18607 10611 17293 6415 7134 7340 0 15556 18770 7240 9581 19946 21157 13743 18415 6790 4415 15848 8079 18757 19258 9795 9806 12803 24424 21760 8638 13734 15458 16930 7691 20193 15123 11985 3656 18655 15312 9277 23826 14614 11193 12020 18322 6780 8698 23667 18113 14573 21487 12747 11867 18444 22732 12732 16827 15390 18432 9628 23381 10859 4091 6889 18995 10356 10251 20553 16099 17110 2533 16358 21949 14916 5187 15405 6471 19976 16957 18237 21480 20239 8020 9278 11533 20467 13544
6831 8186 5947 3113 6457 3913 9908 9967 4971 7801 4143 8030 7083 9618 13502 9432 11713 12762 6029 13506 8516 10577 15556 0 4981 9729 8592 12072 5854 7038 13095 9401 11681 14685 9455 3777 12580 13676 5947 12812 10683 6284 12281 11440 2064 2818 7925 12247 438 6951 13279 17456 8517 7096 9557 6401 12367 10859 17730 9452 7140 8598 13704 4191 9044 12220 5344 16129 7845 2962 8618 1325 8598 9827 9441 6482 12331 9425 10118 8321 6569 7612 5032 2856 13208 6830 6581 648 10430 15129 9406 7445 7983 8919 8638 4728 9479 6574 12936 4923 2012
2752 4013 10846 2091 4018 1083 5740 5195 8815 11719 920 12985 6187 13965 16600 5519 8420 12944 2778 15131 12288 15027 18770 4981 0 11912 13310 8276 3509 12006 10122 13483 15488 12965 11302 1982 9167 14142 10108 12134 5930 4532 13243 10339 6885 6895 11692 8387 5288 7523 17162 15153 13377 9518 5087 11309 12333 10549 15592 12067 10095 5141 10954 4272 4091 11553 6965 13665 4118 7481 13266 4116 12872 10784 4751 8101 15000 11982 6350 13140 8600 2643 9660 6803 16261 11475 4244 5440 13617 13632 13313 2587 12566 5326 3658 3912 11348 10756 12761 4325 6337
14652 15919 11467 10198 15335 11426 17618 16635 13566 4672 11702 11958 6848 6745 5098 17431 11595 5299 10152 3865 4249 7710 7240 9729 11912 0 8263 12868 14706 11202 11676 5558 5704 10069 898 12261 12318 5398 5625 6962 17338 15459 3622 7200 10409 11886 4217 13116 9349 4761 7124 13190 13209 2636 16861 11619 5497 5485 13065 1063 2848 16985 11562 7640 14307 6656 4967 12551 15996 7534 14377 9144 15488 2784 16355 3812 3192 920 11793 8853 3357 13452 12199 12025 4738 13207 15522 9168 2982 9924 4907 12846 14177 11003 14339 14047 839 5566 6065 14347 7882
15417 16775 5308 11231 14922 12322 18499 18465 9050 3618 12587 4460 11863 2212 8268 18012 17467 13505 13264 11435 4042 2465 9581 8592 13310 8263 0 18368 14353 4189 18210 3142 5195 17796 8821 12367 18333 13655 3748 14874 19193 14604 11879 14532 7448 8646 4063 18596 8193 10107 6169 20949 5760 7239 18132 5140 13589 13056 20938 7244 6170 17137 18420 10305 17127 14447 8583 20053 16427 5829 7251 9199 8859 10552 17968 8569 8495 7365 16689 777 7922 15797 6947 8843 8166 6856 15015 8004 6227 17826 3754 15460 7382 15557 16843 13054 8789 3284 14193 13135 6973
9540 9792 17827 9168 11627 9108 10520 8453 16752 15439 9096 19663 6568 18059 17896 10913 1442 10307 6085 14230 15631 19205 19946 12072 8276 12868 18368 0 11336 18641 2833 17131 18270 7037 11977 10244 1355 11591 14625 8329 8764 12355 11795 6649 14129 14653 15173 248 12162 8592 19849 7905 20393 11805 9500 18247 9560 8140 8514 13636 12868 11394 3802 8366 5864 8020 9815 6389 10519 13261 20667 10776 20637 10318 8694 10123 15868 13489 1975 18517 10847 6625 17103 14612 17539 18891 11840 12208 15673 7905 16670 6131 20050 3156 6456 12126 12037 15146 9584 12530 12320
2068 2941 10661 4552 633 3431 4379 5262 7545 13586 3203 12893 9600 15472 19036 3769 11696 16319 6285 18176 14266 16420 21157 5854 3509 14706 14353 11336 0 12035 13452 15234 17465 16462 14208 2445 12374 17477 11771 15613 5830 1041 16455 13838 7018 6276 13666 11405 6285 10688 19089 18568 12938 12149 4390 11119 15737 13973 19031 14683 12502 2795 14326 7281 5995 15028 9771 17063 2274 8811 12419 5769 11566 13953 4650 10976 17636 14622 9523 14002 11350 4794 9079 6108 18719 10741 818 6492 15973 17138 15202 5210 11664 8633 5361 1495 14247 12408 16190 1690 7784
13524 14795 1459 10129 12515 10928 16396 16816 5393 6757 11139 1023 12631 6357 12303 15804 18021 16057 12837 14816 7453 6612 13743 7038 12006 11202 4189 18641 12035 0 19114 7078 9333 19602 11514 10556 18909 16484 5615 16995 17503 12020 14745 16218 5172 5783 7192 18842 6783 11414 10357 22673 2036 9358 16239 1091 15968 15026 22784 10331 8532 14796 19525 10280 16081 16482 9599 21567 14276 5428 3233 8128 4695 12906 16252 10101 12219 10413 16764 3435 9650 14645 3264 5964 12161 2687 12553 6669 9884 19804 7576 14481 3228 15564 15664 10583 11499 5642 16589 10546 6321
11835 12274 18490 10526 13822 10770 13166 11154 17996 14965 10824 20122 6494 17564 16483 13501 1799 8186 7530 12346 15015 18688 18415 13095 10122 11676 18210 2833 13452 19114 0 16528 17316 4252 10782 11992 1484 9392 14489 6034 11515 14491 9917 4690 15080 15843 14635 2967 13093 8107 18796 5227 20995 11181 12141 18875 7472 6395 5787 12577 12288 13875 979 9011 8454 5862 9698 3694 12940 13691 21468 11771 21670 8937 11341 9659 14425 12422 4025 18475 10342 8972 18027 15835 16137 19747 14044 13094 14622 5124 15993 8383 20915 4821 8996 14033 10840 14927 7361 14447 12910
15921 17291 7928 11414 15847 12631 19053 18663 11246 1795 12916 7517 10577 1193 5226 18664 16057 10854 12783 8379 1514 2194 6790 9401 13483 5558 3142 17131 15234 7078 16528 0 2431 15515 6269 12981 16879 10837 3464 12462 19400 15681 9078 12424 8903 10322 1969 17372 8964 8554 3902 18662 8829 5364 18531 7876 11045 10807 18576 4496 4273 17924 16594 9774 16913 12103 7452 17915 17089 6442 10264 9584 11764 8148 18234 7008 5358 4639 15656 3889 6287 15719 9310 10510 5087 9622 15977 8755 3132 15434 668 15268 10305 14624 16740 14119 6226 2827 11621 14285 7452
18023 19384 10284 13460 18086 14702 21147 20617 13674 3882 14990 9655 11856 2985 3180 20797 17083 10683 14493 7407 3215 3153 4415 11681 15488 5704 5195 18270 17465 9333 17316 2431 0 15711 6573 15153 17855 10371 5747 12576 21350 17963 8726 12902 11304 12738 3817 18517 11243 9730 1682 18794 10950 6562 20569 10198 11030 11188 18617 4743 5626 20107 17248 11546 18690 12318 9001 18229 19237 8747 12445 11741 14026 8487 20221 8290 4103 4899 16969 5972 7577 17580 11720 12924 3163 11943 18227 11033 2722 15496 2277 17079 12553 16024 18575 16409 6517 5147 11543 16595 9693
15136 15807 19282 12751 16925 13348 16918 15022 19641 14249 13477 20551 7607 16666 14178 17160 5759 5245 10189 9459 14072 17704 15848 14685 12965 10069 17796 7037 16462 19602 4252 15515 15711 0 9271 14596 5720 6135 14324 3142 15462 17493 7252 3388 16447 17502 13842 7196 14558 8219 16974 3156 21603 10571 15903 19600 4735 4743 3183 11110 11626 17371 3374 10522 12236 3417 10064 2596 16373 14414 22357 13425 22893 7368 15124 9512 12176 10956 7766 18223 10028 12456 19213 17540 13865 20770 17152 14499 13010 872 14895 11797 21913 8149 12702 16745 9319 14604 4323 17157 13919
14052 15295 11671 9670 14833 10875 16975 15926 13525 5203 11146 12317 6032 7440 5958 16814 10699 4686 9425 4057 4881 8447 8079 9455 11302 898 8821 11977 14208 11514 10782 6269 6573 9271 0 11768 11420 4971 5899 6194 16621 14997 3237 6332 10303 11753 4759 12225 9096 3988 8016 12408 13539 2439 16193 11855 4794 4632 12308 1852 2994 16410 10679 7038 13546 5854 4437 11725 15407 7478 14641 8765 15666 1926 15664 3234 4000 1696 10926 9367 2915 12735 12277 11882 5598 13388 15026 8926 3856 9166 5635 12116 14397 10159 13600 13624 60 5936 5386 13939 7698
3055 4409 9297 2145 3075 1250 6141 6265 6922 11289 1168 11495 7399 13304 16625 5697 10327 14030 4492 15748 11941 14300 18757 3777 1982 12261 12367 10244 2445 10556 11992 12981 15153 14596 11768 0 11097 15154 9523 13472 6963 3262 14072 11766 5384 5121 11340 10359 4175 8311 16796 16933 11761 9707 5785 9764 13478 11744 17341 12244 10082 4954 12791 4895 5845 12878 7330 15468 4114 6641 11519 3412 11007 11562 5712 8538 15199 12181 8303 12096 8905 4401 7956 5004 16304 9746 3261 4366 13570 15215 12906 4494 10798 7241 5319 2159 11806 10169 13957 2566 5550
10659 11001 18184 9821 12703 9912 11806 9762 17385 15243 9933 19927 6473 17862 17260 12173 888 9310 6747 13360 15367 19000 19258 12580 9167 12318 18333 1355 12374 18909 1484 16879 17855 5720 11420 11097 0 10564 14587 7241 10094 13405 10918 5690 14612 15253 14945 1484 12625 8337 19390 6581 20727 11517 10783 18589 8574 7296 7178 13153 12608 12606 2447 8656 7116 6990 9751 5057 11701 13488 21097 11262 21178 9662 9979 9897 15213 13001 2850 18538 10608 7758 17583 15228 16908 19343 12922 12650 15202 6590 16382 7212 20509 3858 7685 13065 11480 15070 8536 13475 12619
16807 17855 16602 13018 18060 14047 19350 17863 18163 10070 14275 17287 7975 12030 8303 19364 10150 1318 11647 3381 9624 12901 9795 13676 14142 5398 13655 11591 17477 16484 9392 10837 10371 6135 4971 15154 10564 0 10869 3362 18468 18399 1776 4953 14871 16242 9614 11817 13385 6890 11376 8861 18510 7238 18428 16803 2063 3785 8543 6413 7955 19216 8851 10278 15152 3577 8333 8712 18175 12188 19598 12721 20570 3871 17759 7223 6436 6290 11347 14250 7306 14779 17096 16346 8025 18300 18276 13247 7866 5624 10171 14091 19333 11069 15409 17224 4988 10899 2032 17591 12186
12483 13854 5854 8023 12385 9217 15614 15302 8398 1901 9499 6438 8115 3860 7890 15212 13720 10467 9688 9359 2672 4948 9806 5947 10108 5625 3748 14625 11771 5615 14489 3464 5747 14324 5899 9523 14587 10869 0 11545 16038 12230 9132 10990 5653 7134 2135 14854 5509 6407 7332 17456 7643 3816 15118 5994 10419 9630 17497 4832 2920 14462 14733 6683 13701 11066 4836 16479 13635 3000 8757 6138 9881 7343 14853 4902 7178 4893 12968 3990 4309 12443 6750 7311 7642 7603 12517 5299 4945 14435 3470 12038 8553 11852 13478 10672 5885 650 11039 10850 3988
14628 15527 16822 11431 16148 12268 16881 15213 17651 11283 12453 17904 6079 13627 11069 16990 6890 2225 9429 6485 11048 14641 12803 12812 12134 6962 14874 8329 15613 16995 6034 12462 12576 3142 6194 13472 7241 3362 11545 0 15764 16603 4166 1905 14369 15574 10861 8546 12611 5925 13832 6230 19022 7733 15910 17102 1615 2005 6114 8013 8734 16995 5498 8866 12432 600 7731 5707 15959 12041 19897 11657 20598 4336 15188 6944 9052 7861 8315 15348 7345 12281 16961 15641 10750 18401 16373 12517 9881 2973 11829 11590 19514 8238 12772 15621 6239 11760 1339 16017 11724
4001 2893 16209 8020 5606 6873 2179 736 13353 17626 6606 18426 10783 19895 22242 2857 9777 17168 7196 20130 18170 20956 24424 10683 5930 17338 19193 8764 5830 17503 11515 19400 21350 15462 16621 6963 10094 18468 16038 15764 0 6385 17964 13860 12339 11899 17580 8703 11047 12646 23030 16668 18606 15153 1508 16675 16458 14685 17272 17650 15850 3867 12494 9873 3333 15269 12562 15150 3663 13373 18194 10002 17394 15705 1252 13579 20510 17548 7698 18981 14173 3887 14752 11752 21893 16477 5700 11222 19344 16287 19208 4513 17445 7530 3076 7301 16673 16686 16733 7519 12235
2947 3521 10607 5407 816 4363 4664 5891 7232 14082 4157 12828 10567 15846 19663 3972 12733 17259 7310 18996 14786 16753 21760 6284 4532 15459 14604 12355 1041 12020 14491 15681 17963 17493 14997 3262 13405 18399 12230 16603 6385 0 17334 14841 7177 6240 14191 12419 6722 11571 19563 19609 12768 12872 4890 11054 16689 14935 20072 15383 13160 2868 15366 8156 6921 16015 10564 18104 2722 9238 12131 6394 11147 14824 5283 11776 18329 15330 10555 14205 12113 5780 8941 6057 19353 10516 685 6932 16590 18164 15689 6224 11371 9672 6280 1565 15034 12856 17152 1485 8273
15964 17091 14904 11927 17057 13030 18663 17321 16617 8294 13276 15534 7226 10271 6927 18614 10379 2019 10922 2442 7849 11162 8638 12281 13243 3622 11879 11795 16455 14745 9917 9078 8726 7252 3237 14072 10918 1776 9132 4166 17964 17334 0 5242 13348 14755 7839 12033 11963 5767 9832 10198 16767 5584 17784 15092 2555 3656 9957 4638 6231 18373 9529 9179 14700 4124 6975 9844 17338 10597 17878 11415 18891 2515 17161 5801 4947 4514 11252 12475 5774 14167 15464 14869 6618 16616 17265 11813 6153 6895 8413 13495 17632 10791 14888 16079 3248 9141 2933 16429 10683
12779 13650 15896 9783 14357 10542 14985 13308 16365 11044 10712 17171 4457 13540 11835 15104 5212 3659 7601 7681 10941 14617 13734 11440 10339 7200 14532 6649 13838 16218 4690 12424 12902 3388 6332 11766 5690 4953 10990 1905 13860 14841 5242 0 13133 14244 10657 6879 11283 4832 14301 6474 18216 7293 14010 16213 2911 1741 6567 8179 8377 15133 4408 7347 10527 1434 6679 5525 14099 11032 18972 10219 19532 4416 13286 6139 9778 8022 6457 14925 6682 10387 15857 14294 11494 17394 14583 11211 10182 3704 11833 9696 18534 6337 10868 13924 6387 11301 2986 14327 10566
8374 9671 3962 5143 7552 5802 11317 11647 3305 7546 5997 6123 8905 8866 13529 10762 13739 14076 8093 14269 8325 9684 15458 2064 6885 10409 7448 14129 7018 5172 15080 8903 11304 16447 10303 5384 14612 14871 5653 14369 12339 7177 13348 13133 0 1504 7781 14306 1990 8445 12794 19302 6503 7865 11101 4425 13759 12379 19542 9932 7617 9812 15655 6094 10975 13789 6675 18016 9202 2895 6555 3356 6590 11003 11088 7671 12640 9938 12178 7029 7579 9527 2975 1668 13270 4767 7625 1990 10527 16837 9054 9415 5922 10978 10531 5646 10316 6190 14353 5698 2691
7899 9106 4387 5490 6737 5840 10652 11243 2161 9020 5976 6618 9902 10212 15019 10041 14399 15402 8568 15741 9803 10969 16930 2818 6895 11886 8646 14653 6276 5783 15843 10322 12738 17502 11753 5121 15253 16242 7134 15574 11899 6240 14755 14244 1504 0 9267 14811 2966 9672 14196 20270 6707 9321 10564 4844 15050 13603 20548 11429 9109 9018 16480 7006 10938 14986 7965 18935 8537 4394 6399 4112 6018 12372 10656 9021 14144 11432 12680 8150 8981 9484 2856 197 14764 4626 6771 3058 12026 17939 10503 9482 5683 11501 10433 4807 11769 7653 15633 4763 4073
14208 15571 7703 9652 14290 10891 17334 16845 10508 457 11178 7858 8614 2929 5755 16980 14115 9443 10857 7635 602 4058 7691 7925 11692 4217 4063 15173 13666 7192 14635 1969 3817 13842 4759 11340 14945 9614 2135 10861 17580 14191 7839 10657 7781 9267 0 15413 7488 6610 5477 16998 9142 3454 16767 7768 9538 9102 16954 3231 2347 16294 14738 7860 15013 10457 5487 16176 15421 5047 10419 7928 11709 6526 16436 5056 5140 3339 13688 4636 4339 13851 8782 9442 5509 9459 14435 7279 2846 13825 1634 13378 10315 12656 14862 12646 4727 1704 10138 12848 5920
9585 9803 18018 9324 11684 9235 10491 8411 16904 15678 9216 19864 6806 18297 18144 10899 1668 10535 6246 14470 15873 19443 20193 12247 8387 13116 18596 248 11405 18842 2967 17372 18517 7196 12225 10359 1484 11817 14854 8546 8703 12419 12033 6879 14306 14811 15413 0 12342 8835 20097 7974 20586 12049 9474 18440 9789 8380 8594 13884 13110 11402 3925 8571 5861 8244 10048 6468 10541 13469 20848 10955 20802 10565 8669 10365 16116 13737 2132 18742 11089 6671 17278 14768 17787 19070 11896 12391 15920 8065 16913 6195 20227 3328 6463 12220 12285 15378 9807 12622 12521
7224 8583 5750 3347 6891 4234 10313 10327 5085 7363 4476 7785 6975 9189 13074 9846 11751 12496 6161 13143 8079 10154 15123 438 5288 9349 8193 12162 6285 6783 13093 8964 11243 14558 9096 4175 12625 13385 5509 12611 11047 6722 11963 11283 1990 2966 7488 12342 0 6719 12841 17368 8328 6720 9943 6196 12119 10644 17626 9051 6733 9023 13676 4122 9323 12021 5060 16062 8259 2527 8506 1392 8578 9526 9809 6173 11919 9027 10219 7940 6227 7903 4958 3031 12781 6731 7016 210 10003 14981 8968 7706 7893 9017 8936 5167 9119 6137 12695 5360 1580
10267 11452 11064 6166 11290 7265 13090 11958 11731 6906 7513 12381 2143 9525 9823 12977 7506 5862 5451 7617 7047 10664 11985 6951 7523 4761 10107 8592 10688 11414 8107 8554 9730 8219 3988 8311 8337 6890 6407 5925 12646 11571 5767 4832 8445 9672 6610 8835 6719 0 11349 11262 13399 3214 12271 11382 5424 3936 11392 5278 4282 12664 8326 3416 9558 5347 1849 10169 11638 6203 14140 5886 14730 3272 11715 1562 7952 5148 7241 10397 2271 8765 11069 9747 9464 12572 11499 6614 7234 8499 8080 8136 13707 6337 9615 10347 4042 6823 5986 10708 5805
19684 21048 11438 15128 19707 16368 22811 22297 14998 5508 16655 10541 13484 4091 3348 22453 18636 11835 16171 8197 4878 3786 3656 13279 17162 7124 6169 19849 19089 10357 18796 3902 1682 16974 8016 16796 19390 11376 7332 13832 23030 19563 9832 14301 12794 14196 5477 20097 12841 11349 0 20006 11797 8209 22242 11300 12249 12569 19787 6238 7297 21749 18682 13228 20371 13620 10674 19525 20889 10328 13339 13386 15005 9894 21898 9936 4942 6390 18590 6924 9228 19262 12978 14386 3509 13024 19843 12632 4188 16699 3890 18761 13527 17663 20257 18004 7958 6711 12725 18178 11307
17026 17499 22297 15254 18969 15687 18378 16343 22426 17405 15778 23634 10397 19817 17103 18725 7025 8181 12443 12242 17224 20849 18655 17456 15153 13190 20949 7905 18568 22673 5227 18662 18794 3156 12408 16933 6581 8861 17456 6230 16668 19609 10198 6474 19302 20270 16998 7974 17368 11262 20006 0 24660 13719 17354 22630 7766 7899 706 14238 14779 19099 4283 13264 13673 6559 13092 1533 18157 17416 25362 16161 25820 10515 16552 12612 15144 14085 9248 21370 13152 14186 22135 20293 16805 23739 19194 17327 16107 3307 18038 13583 24893 9961 14222 19037 12455 17748 7282 19453 16852
14605 15806 2579 11627 13353 12295 17314 17947 5643 8698 12479 1312 14536 7972 14020 16677 19841 18092 14478 16777 9360 8011 15312 8517 13377 13209 5760 20393 12938 2036 20995 8829 10950 21603 13539 11761 20727 18510 7643 19022 18606 12768 16767 18216 6503 6707 9142 20586 8328 13399 11797 24660 0 11394 17266 2147 18003 17048 24784 12318 10562 15617 21438 12072 17468 18505 11571 23532 15211 7316 1570 9713 3369 14942 17362 12115 14086 12405 18484 4983 11677 16016 3862 6858 13905 2312 13358 8247 11759 21819 9377 15918 1995 17280 17008 11448 13524 7643 18625 11341 8109
12224 13528 9377 7694 12781 8942 15257 14433 11087 3797 9224 10226 5307 6382 7098 15021 10700 6706 8075 6436 3851 7507 9277 7096 9518 2636 7239 11805 12149 9358 11181 5364 6562 10571 2439 9707 11517 7238 3816 7733 15153 12872 5584 7293 7865 9321 3454 12049 6720 3214 8209 13719 11394 0 14554 9596 6615 5844 13729 2554 1109 14512 11291 5296 12290 7266 2592 12816 13544 5042 12400 6524 13332 3548 14104 1728 5506 2480 10422 7653 1022 11294 9880 9452 6754 11064 12962 6542 4222 10643 4870 10736 12108 9462 12242 11439 2451 4038 7236 11730 5279
2734 1461 14913 7120 4123 5902 1025 1206 11935 16780 5619 17139 10559 18957 21650 1496 10358 17151 6869 19855 17365 19990 23826 9557 5087 16861 18132 9500 4390 16239 12141 18531 20569 15903 16193 5785 10783 18428 15118 15910 1508 4890 17784 14010 11101 10564 16767 9474 9943 12271 22242 17354 17266 14554 0 15377 16465 14670 17928 17088 15171 2390 13109 9262 3691 15385 11975 15824 2171 12351 16799 9004 15951 15436 805 13059 19996 16996 8180 17877 13607 3652 13405 10409 21308 15103 4207 10128 18690 16699 18382 4342 16047 7792 3201 5878 16242 15769 16789 6072 11226
12681 13925 467 9513 11578 10226 15493 15999 4309 7354 10422 1775 12435 7250 13090 14885 17703 16297 12337 15326 8091 7593 14614 6401 11309 11619 5140 18247 11119 1091 18875 7876 10198 19600 11855 9764 18589 16803 5994 17102 16675 11054 15092 16213 4425 4844 7768 18440 6196 11382 11300 22630 2147 9596 15377 0 16159 15112 22774 10807 8861 13858 19336 9932 15399 16570 9541 21473 13376 5228 2807 7576 3944 13129 15425 10163 12873 10876 16338 4414 9777 13951 2197 5016 12928 1747 11606 6109 10540 19849 8327 13828 2561 15134 14956 9650 11846 6133 16779 9590 5975
14947 15949 15909 11368 16303 12326 17403 15864 17063 9975 12538 16841 6147 12225 9456 17446 8122 750 9752 4911 9675 13206 11193 12367 12333 5497 13589 9560 15737 15968 7472 11045 11030 4735 4794 13478 8574 2063 10419 1615 16458 16689 2555 2911 13759 15050 9538 9789 12119 5424 12249 7766 18003 6615 16465 16159 0 1802 7593 6558 7534 17348 7019 8677 13133 1612 7089 7314 16306 11251 18965 11306 19780 3077 15781 6128 7443 6411 9284 14104 6399 12814 16199 15135 9138 17544 16523 12003 8357 4466 10400 12123 18628 9023 13409 15590 4833 10570 622 15971 11074
13150 14147 14826 9655 14532 10575 15604 14083 15667 9507 10780 15946 4373 11945 10100 15644 6729 2485 7952 6090 9346 13000 12020 10859 10549 5485 13056 8140 13973 15026 6395 10807 11188 4743 4632 11744 7296 3785 9630 2005 14685 14935 3656 1741 12379 13603 9102 8380 10644 3936 12569 7899 17048 5844 14670 15112 1802 0 7886 6484 6887 15550 6148 7009 11367 1458 5729 7111 14508 10037 17904 9735 18594 2707 13990 4949 8043 6328 7653 13494 5379 11018 14956 13674 9758 16399 14753 10544 8467 4806 10200 10328 17515 7300 11628 13872 4685 9882 2217 14259 9726
17529 18037 22451 15614 19446 16092 18952 16932 22699 17369 16192 23734 10651 19740 16826 19284 7577 7952 12860 11919 17157 20755 18322 17730 15592 13065 20938 8514 19031 22784 5787 18576 18617 3183 12308 17341 7178 8543 17497 6114 17272 20072 9957 6567 19542 20548 16954 8594 17626 11392 19787 706 24784 13729 17928 22774 7593 7886 0 14121 14772 19633 4823 13543 14241 6497 13234 2126 18680 17577 25524 16447 26028 10440 17127 12695 14895 13970 9789 21380 13207 14710 22344 20577 16536 23923 19671 17578 15950 3142 17943 14096 25071 10454 14779 19459 12353 17766 7075 19874 17053
14778 16078 10683 10247 15315 11495 17803 16936 13002 3688 11778 11050 7415 5684 4599 17573 12403 6359 10513 4527 3212 6647 6780 9452 12067 1063 7244 13636 14683 10331 12577 4496 4743 11110 1852 12244 13153 6413 4832 8013 17650 15383 4638 8179 9932 11429 3231 13884 9051 5278 6238 14238 12318 2554 17088 10807 6558 6484 14121 0 2331 17065 12506 7827 14712 7693 5114 13575 16098 7038 13533 9004 14711 3778 16622 4080 2956 157 12461 7855 3484 13775 11525 11579 4247 12435 15493 8859 2050 10979 3844 13197 13368 11607 14700 13926 1800 4692 7128 14203 7524
12747 14078 8681 8169 13135 9427 15827 15123 10732 2689 9714 9356 6334 5276 6548 15547 11784 7554 8883 6703 2765 6403 8698 7140 10095 2848 6170 12868 12502 8532 12288 4273 5626 11626 2994 10082 12608 7955 2920 8734 15850 13160 6231 8377 7617 9109 2347 13110 6733 4282 7297 14779 10562 1109 15171 8861 7534 6887 14772 2331 0 14972 12400 5984 13091 8288 3377 13902 14034 4725 11648 6765 12686 4458 14763 2747 5197 2325 11439 6616 2022 12027 9354 9256 6223 10406 13305 6539 3524 11669 3805 11500 11405 10447 13003 11677 2984 3038 8151 11940 5196
2411 1604 13404 6819 2281 5570 1860 3572 10100 16242 5289 15633 11241 18208 21520 1131 12076 17989 7600 20269 16895 19175 23667 8598 5141 16985 17137 11394 2795 14796 13875 17924 20107 17371 16410 4954 12606 19216 14462 16995 3867 2868 18373 15133 9812 9018 16294 11402 9023 12664 21749 19099 15617 14512 2390 13858 17348 15550 19633 17065 14972 0 14818 9373 5548 16437 12019 17567 1042 11537 14999 8366 13999 15922 3043 13188 20017 16991 9851 16795 13642 4932 11775 8843 21192 13377 2259 9225 18481 18122 17859 5576 14239 9237 4940 4213 16454 15105 17738 4278 10477
12749 13219 18963 11244 14711 11558 14134 12129 18639 15088 11626 20525 6902 17661 16239 14461 2754 7703 8306 11928 15086 18771 18113 13704 10954 11562 18420 3802 14326 19525 979 16594 17248 3374 10679 12791 2447 8851 14733 5498 12494 15366 9529 4408 15655 16480 14738 3925 13676 8326 18682 4283 21438 11291 13109 19336 7019 6148 4823 12506 12400 14818 0 9563 9420 5413 10007 2755 13874 14122 21971 12383 22241 8788 12310 9851 14183 12350 4968 18723 10507 9903 18578 16481 15899 20272 14934 13665 14535 4242 16036 9302 21439 5697 9956 14859 10735 15138 6837 15274 13396
7017 8280 9528 2750 7890 3875 9987 9148 9162 7979 4134 11302 2917 10457 12395 9790 7771 9190 3018 10925 8429 11584 14573 4191 4272 7640 10305 8366 7281 10280 9011 9774 11546 10522 7038 4895 8656 10278 6683 8866 9873 8156 9179 7347 6094 7006 7860 8571 4122 3416 13228 13264 12072 5296 9262 9932 8677 7009 13543 7827 5984 9373 9563 0 7155 8266 2713 11943 8369 4900 12468 2906 12678 6673 8808 3829 10743 7735 6525 10342 4346 6044 9020 7033 12050 10737 8095 4103 9472 11002 9492 5533 11905 5343 7030 6946 7083 7288 9191 7315 3967
3976 3957 14936 5997 6126 5174 4715 2802 12761 15119 4992 17066 7589 17539 19309 5058 6668 13848 4215 16915 15584 18646 21487 9044 4091 14307 17127 5864 5995 16081 8454 16913 18690 12236 13546 5845 7116 15152 13701 12432 3333 6921 14700 10527 10975 10938 15013 5861 9323 9558 20371 13673 17468 12290 3691 15399 13133 11367 14241 14712 13091 5548 9420 7155 0 11935 9727 12141 4730 11338 17330 8058 16851 12503 2897 10637 17498 14599 4491 17027 11281 1455 13735 10832 18954 15544 6316 9459 16511 13044 16646 1668 16620 4205 644 7140 13600 14333 13401 7492 10204
14063 14978 16284 10833 15566 11677 16350 14708 17067 10873 11864 17400 5483 13259 10950 16447 6578 2327 8860 6516 10669 14290 12747 12220 11553 6656 14447 8020 15028 16482 5862 12103 12318 3417 5854 12878 6990 3577 11066 600 15269 16015 4124 1434 13789 14986 10457 8244 12021 5347 13620 6559 18505 7266 15385 16570 1612 1458 6497 7693 8288 16437 5413 8266 11935 0 7163 5912 15399 11487 19361 11060 20041 3956 14670 6407 8912 7539 7891 14903 6833 11749 16397 15051 10622 17852 15790 11929 9608 3380 11480 11056 18969 7756 12261 15026 5902 11301 1567 15421 11151
9694 10978 9218 5240 10396 6460 12695 11842 9977 5695 6736 10577 3280 8291 9687 12482 8884 7440 5513 8440 6010 9439 11867 5344 6965 4967 8583 9815 9771 9599 9698 7452 9001 10064 4437 7330 9751 8333 4836 7731 12562 10564 6975 6679 6675 7965 5487 10048 5060 1849 10674 13092 11571 2592 11975 9541 7089 5729 13234 5114 3377 12019 10007 2713 9727 7163 0 11969 11032 4355 12293 4442 12889 4492 11515 1216 8035 5023 8233 8796 1635 8705 9235 8055 9341 10724 10589 4931 6797 10346 7079 8155 11859 7176 9660 9212 4476 5334 7679 9539 4002
15503 15967 21125 13835 17457 14226 16848 14817 21095 16566 14308 22543 9123 19045 16767 17192 5493 7840 10976 12051 16445 20109 18444 16129 13665 12551 20053 6389 17063 21567 3694 17915 18229 2596 11725 15468 5057 8712 16479 5707 15150 18104 9844 5525 18016 18935 16176 6468 16062 10169 19525 1533 23532 12816 15824 21473 7314 7111 2126 13575 13902 17567 2755 11943 12141 5912 11969 0 16627 16246 24176 14823 24567 9803 15022 11590 14757 13420 7716 20434 12172 12656 20885 18950 16451 22523 17681 16032 15515 3136 17311 12056 23683 8444 12689 17559 11776 16811 6918 17975 15625
1374 850 12915 5867 1954 4610 2120 3193 9805 15385 4324 15147 10200 17416 20577 1587 11142 16947 6558 19248 16022 18406 22732 7845 4118 15996 16427 10519 2274 14276 12940 17089 19237 16373 15407 4114 11701 18175 13635 15959 3663 2722 17338 14099 9202 8537 15421 10541 8259 11638 20889 18157 15211 13544 2171 13376 16306 14508 18680 16098 14034 1042 13874 8369 4730 15399 11032 16627 0 10749 14688 7508 13798 14893 2594 12192 19046 16021 8916 16117 12660 3971 11350 8372 20247 13015 2038 8456 17551 17117 17002 4593 13932 8256 4099 3769 15452 14282 16697 3929 9664
9661 11030 4882 5404 9418 6500 12776 12643 6048 4882 6769 6442 7221 6671 10739 12335 12600 11492 7655 11399 5624 7660 12732 2962 7481 7534 5829 13261 8811 5428 13691 6442 8747 14414 7478 6641 13488 12188 3000 12041 13373 9238 10597 11032 2895 4394 5047 13469 2527 6203 10328 17416 7316 5042 12351 5228 11251 10037 17577 7038 4725 11537 14122 4900 11338 11487 4355 16246 10749 0 7947 3372 8557 8351 12155 5129 9763 7044 11422 5689 4895 9984 4948 4548 10465 6371 9543 2320 7699 14700 6470 9676 7504 10234 11030 7678 7487 3618 11861 7851 1144
14212 15340 3079 11674 12777 12196 16758 17564 4899 9987 12351 2800 15089 9461 15479 16091 20217 19102 14647 18033 10686 9553 16827 8618 13266 14377 7251 20667 12419 3233 21468 10264 12445 22357 14641 11519 21097 19598 8757 19897 18194 12131 17878 18972 6555 6399 10419 20848 8506 14140 13339 25362 1570 12400 16799 2807 18965 17904 25524 13533 11648 14999 21971 12468 17330 19361 12293 24176 14688 7947 0 9894 1830 15935 16965 12954 15450 13610 18724 6475 12580 15875 3617 6517 15351 1798 12757 8461 13115 22624 10785 15845 761 17522 16831 10924 14630 8841 19585 10766 8576
6346 7718 7134 2064 6399 3129 9477 9271 6272 7879 3400 9138 5818 9957 13277 9080 10393 11743 4770 12816 8529 10987 15390 1325 4116 9144 9199 10776 5769 8128 11771 9584 11741 13425 8765 3412 11262 12721 6138 11657 10002 6394 11415 10219 3356 4112 7928 10955 1392 5886 13386 16161 9713 6524 9004 7576 11306 9735 16447 9004 6765 8366 12383 2906 8058 11060 4442 14823 7508 3372 9894 0 9919 8920 8787 5639 11942 8956 8830 9026 5850 6666 6331 4131 12964 8115 6559 1468 10209 13893 9496 6415 9274 7628 7709 4923 8796 6787 11857 5207 2233
13476 14507 4028 11496 11852 11836 15810 16803 4096 11298 11953 4498 15444 11046 16989 15116 20311 19979 14557 19237 12035 11230 18432 8598 12872 15488 8859 20637 11566 4695 21670 11764 14026 22893 15666 11007 21178 20570 9881 20598 17394 11147 18891 19532 6590 6018 11709 20802 8578 14730 15005 25820 3369 13332 15951 3944 19780 18594 26028 14711 12686 13999 22241 12678 16851 20041 12889 24567 13798 8557 1830 9919 0 16812 16195 13678 16816 14774 18669 8090 13385 15408 3685 6087 16839 2281 11803 8578 14484 23223 12243 15457 1478 17481 16312 10096 15661 10061 20395 9879 8976
13520 14679 12895 9418 14558 10534 16286 15040 14297 6951 10784 13770 4923 9304 7599 16205 8986 3170 8569 4427 6717 10336 9628 9827 10784 2784 10552 10318 13953 12906 8937 8148 8487 7368 1926 11562 9662 3871 7343 4336 15705 14824 2515 4416 11003 12372 6526 10565 9526 3272 9894 10515 14942 3548 15436 13129 3077 2707 10440 3778 4458 15922 8788 6673 12503 3956 4492 9803 14893 8351 15935 8920 16812 0 14842 3356 5557 3622 9447 11047 3456 11859 13284 12476 7246 14558 14765 9384 5766 7305 7527 11202 15623 8810 12637 13564 1978 7496 3696 13914 8316
2759 1763 14959 6830 4483 5658 1827 613 12140 16468 5387 17175 9941 18705 21201 2270 9560 16474 6278 19267 17029 19758 23381 9441 4751 16355 17968 8694 4650 16252 11341 18234 20221 15124 15664 5712 9979 17759 14853 15188 1252 5283 17161 13286 11088 10656 16436 8669 9809 11715 21898 16552 17362 14104 805 15425 15781 13990 17127 16622 14763 3043 12310 8808 2897 14670 11515 15022 2594 12155 16965 8787 16195 14842 0 12568 19509 16525 7389 17746 13139 2993 13510 10510 20856 15242 4600 9986 18271 15925 18059 3672 16219 7033 2435 6099 15715 15502 16091 6338 11019
10844 12107 9878 6436 11600 7643 13808 12868 10973 5346 7915 11041 3590 7965 8678 13619 9062 6409 6434 7224 5508 9106 10859 6482 8101 3812 8569 10123 10976 10101 9659 7008 8290 9512 3234 8538 9897 7223 4902 6944 13579 11776 5801 6139 7671 9021 5056 10365 6173 1562 9936 12612 12115 1728 13059 10163 6128 4949 12695 4080 2747 13188 9851 3829 10637 6407 1216 11590 12192 5129 12954 5639 13678 3356 12568 0 6941 3972 8702 8884 726 9700 10075 9123 8326 11464 11794 6029 5907 9704 6552 9117 12572 7734 10620 10427 3275 5287 6736 10754 4979
17720 19012 12830 13200 18269 14447 20729 19803 15564 5528 14729 12777 10028 6442 2058 20513 14542 6965 13334 3311 4781 7034 4091 12331 15000 3192 8495 15868 17636 12219 14425 5358 4103 12176 4000 15199 15213 6436 7178 9052 20510 18329 4947 9778 12640 14144 5140 16116 11919 7952 4942 15144 14086 5506 19996 12873 7443 8043 14895 2956 5197 20017 14183 10743 17498 8912 8035 14757 19046 9763 15450 11942 16816 5557 19509 6941 0 3026 14904 9227 6400 16626 13909 14304 1716 14582 18446 11722 2336 11842 4745 16027 15400 14157 17523 16862 3942 6837 7873 17132 10365
14697 15994 10746 10174 15254 11421 17716 16835 13024 3796 11703 11141 7283 5825 4710 17492 12253 6219 10403 4471 3338 6795 6889 9425 11982 920 7365 13489 14622 10413 12422 4639 4899 10956 1696 12181 13001 6290 4893 7861 17548 15330 4514 8022 9938 11432 3339 13737 9027 5148 6390 14085 12405 2480 16996 10876 6411 6328 13970 157 2325 16991 12350 7735 14599 7539 5023 13420 16021 7044 13610 8956 14774 3622 16525 3972 3026 0 12321 7969 3389 13671 11566 11580 4356 12496 15433 8837 2203 10828 3989 13089 13437 11472 14591 13879 1644 4771 6983 14159 7508
7830 8251 15912 7194 9857 7150 9202 7260 14777 13920 7148 17786 5116 16524 16884 9503 2226 10030 4113 13634 14179 17672 18995 10118 6350 11793 16689 1975 9523 16764 4025 15656 16969 7766 10926 8303 2850 11347 12968 8315 7698 10555 11252 6457 12178 12680 13688 2132 10219 7241 18590 9248 18484 10422 8180 16338 9284 7653 9789 12461 11439 9851 4968 6525 4491 7891 8233 7716 8916 11422 18724 8830 18669 9447 7389 8702 14904 12321 0 16795 9426 4950 15149 12639 16524 16944 10077 10272 14458 8588 15237 4377 18100 1204 5000 10232 10986 13517 9436 10640 10446
15151 16499 4609 11079 14558 12128 18206 18258 8422 4181 12385 3683 12067 2989 9041 17698 17665 14051 13256 12119 4682 3182 10356 8321 13140 8853 777 18517 14002 3435 18475 3889 5972 18223 9367 12096 18538 14250 3990 15348 18981 14205 12475 14925 7029 8150 4636 18742 7940 10397 6924 21370 4983 7653 17877 4414 14104 13494 21380 7855 6616 16795 18723 10342 17027 14903 8796 20434 16117 5689 6475 9026 8090 11047 17746 8884 9227 7969 16795 0 8267 15670 6296 8346 8935 6114 14640 7760 6940 18283 4482 15364 6612 15645 16717 12668 9338 3624 14713 12727 6827
11326 12613 9515 6844 11979 8076 14330 13457 10861 4638 8355 10567 4315 7254 8069 14115 9777 6603 7068 6969 4784 8393 10251 6569 8600 3357 7922 10847 11350 9650 10342 6287 7577 10028 2915 8905 10608 7306 4309 7345 14173 12113 5774 6682 7579 8981 4339 11089 6227 2271 9228 13152 11677 1022 13607 9777 6399 5379 13207 3484 2022 13642 10507 4346 11281 6833 1635 12172 12660 4895 12580 5850 13385 3456 13139 726 6400 3389 9426 8267 0 10304 9833 9096 7721 11145 12167 6066 5235 10174 5827 9737 12231 8451 11243 10720 2946 4650 7017 11030 4908
2915 3352 13489 4601 5024 3725 4602 3193 11323 13930 3538 15626 6950 16296 18371 4734 7175 13500 3313 16285 14432 17389 20553 7612 2643 13452 15797 6625 4794 14645 8972 15719 17580 12456 12735 4401 7758 14779 12443 12281 3887 5780 14167 10387 9527 9484 13851 6671 7903 8765 19262 14186 16016 11294 3652 13951 12814 11018 14710 13775 12027 4932 9903 6044 1455 11749 8705 12656 3971 9984 15875 6666 15408 11859 2993 9700 16626 13671 4950 15670 10304 0 12280 9380 18021 14088 5232 8045 15500 13221 15485 692 15166 4310 1046 5814 12787 13082 13141 6185 8844
10752 11945 1809 8062 9504 8587 13457 14098 2151 8427 8747 3930 11762 8887 14404 12826 16709 16435 11057 16030 9212 9405 16099 5032 9660 12199 6947 17103 9079 3264 18027 9310 11720 19213 12277 7956 17583 17096 6750 16961 14752 8941 15464 15857 2975 2856 8782 17278 4958 11069 12978 22135 3862 9880 13405 2197 16199 14956 22344 11525 9354 11775 18578 9020 13735 16397 9235 20885 11350 4948 3617 6331 3685 13284 13510 10075 13909 11566 15149 6296 9833 12280 0 3000 14201 1820 9516 4938 11627 19553 9657 12234 2954 13951 13248 7591 12279 7078 16809 7497 5294
7752 8950 4561 5445 6563 5755 10486 11099 2161 9198 5883 6791 9936 10405 15193 9870 14378 15494 8529 15877 9981 11164 17110 2856 6803 12025 8843 14612 6108 5964 15835 10510 12924 17540 11882 5004 15228 16346 7311 15641 11752 6057 14869 14294 1668 197 9442 14768 3031 9747 14386 20293 6858 9452 10409 5016 15135 13674 20577 11579 9256 8843 16481 7033 10832 15051 8055 18950 8372 4548 6517 4131 6087 12476 10510 9123 14304 11580 12639 8346 9096 9380 3000 0 14936 4753 6593 3134 12195 17985 10687 9390 5794 11464 10321 4634 11897 7834 15716 4582 4192
18946 20265 12947 14380 19351 15637 22002 21177 16000 5806 15923 12596 11576 5979 360 21747 16226 8636 14759 4741 5012 6308 2533 13208 16261 4738 8166 17539 18719 12161 16137 5087 3163 13865 5598 16304 16908 8025 7642 10750 21893 19353 6618 11494 13270 14764 5509 17787 12781 9464 3509 16805 13905 6754 21308 12928 9138 9758 16536 4247 6223 21192 15899 12050 18954 10622 9341 16451 20247 10465 15351 12964 16839 7246 20856 8326 1716 4356 16524 8935 7721 18021 14201 14936 0 14669 19518 12577 2778 13508 4601 17443 15385 15740 18946 17848 5539 7184 9551 18092 11203
12484 13642 1758 9878 11128 10403 15104 15836 3339 9056 10560 2879 13413 8989 14834 14453 18465 17727 12860 16961 9805 9294 16358 6830 11475 13207 6856 18891 10741 2687 19747 9622 11943 20770 13388 9746 19343 18300 7603 18401 16477 10516 16616 17394 4767 4626 9459 19070 6731 12572 13024 23739 2312 11064 15103 1747 17544 16399 23923 12435 10406 13377 20272 10737 15544 17852 10724 22523 13015 6371 1798 8115 2281 14558 15242 11464 14582 12496 16944 6114 11145 14088 1820 4753 14669 0 11122 6696 12255 21070 10068 14051 1168 15743 15050 9246 13383 7797 18161 9113 6899
2345 2837 11153 5369 227 4237 4011 5207 7859 14346 4001 13381 10380 16188 19833 3335 12273 17111 7003 18994 15033 17119 21949 6581 4244 15522 15015 11840 818 12553 14044 15977 18227 17152 15026 3261 12922 18276 12517 16373 5700 685 17265 14583 7625 6771 14435 11896 7016 11499 19843 19194 13358 12962 4207 11606 16523 14753 19671 15493 13305 2259 14934 8095 6316 15790 10589 17681 2038 9543 12757 6559 11803 14765 4600 11794 18446 15433 10077 14640 12167 5232 9516 6593 19518 11122 0 7224 16768 17841 15959 5715 11997 9237 5673 1983 15065 13150 16969 2020 8537
7413 8774 5668 3471 7098 4394 10506 10501 5154 7153 4640 7676 6931 8984 12869 10043 11773 12370 6232 12969 7869 9953 14916 648 5440 9168 8004 12208 6492 6669 13094 8755 11033 14499 8926 4366 12650 13247 5299 12517 11222 6932 11813 11211 1990 3058 7279 12391 210 6614 12632 17327 8247 6542 10128 6109 12003 10544 17578 8859 6539 9225 13665 4103 9459 11929 4931 16032 8456 2320 8461 1468 8578 9384 9986 6029 11722 8837 10272 7760 6066 8045 4938 3134 12577 6696 7224 0 9799 14912 8758 7834 7860 9068 9081 5376 8948 5928 12582 5570 1374
16269 17602 10505 11688 16605 12947 19350 18620 13342 3211 13235 10452 9377 4286 3075 19069 14449 8054 12297 5248 2450 5055 5187 10430 13617 2982 6227 15673 15973 9884 14622 3132 2722 13010 3856 13570 15202 7866 4945 9881 19344 16590 6153 10182 10527 12026 2846 15920 10003 7234 4188 16107 11759 4222 18690 10540 8357 8467 15950 2050 3524 18481 14535 9472 16511 9608 6797 15515 17551 7699 13115 10209 14484 5766 18271 5907 2336 2203 14458 6940 5235 15500 11627 12195 2778 12255 16768 9799 0 12819 2483 14951 13065 13571 16457 15079 3800 4550 8888 15318 8425
15863 16568 19545 13322 17614 13971 17711 15836 20065 14245 14112 20736 8088 16600 13810 17938 6614 4877 10854 8993 14020 17613 15405 15129 13632 9924 17826 7905 17138 19804 5124 15434 15496 872 9166 15215 6590 5624 14435 2973 16287 18164 6895 3704 16837 17939 13825 8065 14981 8499 16699 3307 21819 10643 16699 19849 4466 4806 3142 10979 11669 18122 4242 11002 13044 3380 10346 3136 17117 14700 22624 13893 23223 7305 15925 9704 11842 10828 8588 18283 10174 13221 19553 17985 13508 21070 17841 14912 12819 0 14801 12555 22204 8925 13497 17371 9211 14680 3975 17780 14265
15805 17171 8350 11263 15821 12495 18934 18473 11537 1618 12782 8065 10137 1859 4770 18568 15569 10199 12484 7723 1070 2812 6471 9406 13313 4907 3754 16670 15202 7576 15993 668 2277 14895 5635 12906 16382 10171 3470 11829 19208 15689 8413 11833 9054 10503 1634 16913 8968 8080 3890 18038 9377 4870 18382 8327 10400 10200 17943 3844 3805 17859 16036 9492 16646 11480 7079 17311 17002 6470 10785 9496 12243 7527 18059 6552 4745 3989 15237 4482 5827 15485 9657 10687 4601 10068 15959 8758 2483 14801 0 15012 10794 14227 16496 14134 5590 2876 10972 14318 7423
3454 4013 13369 4364 5500 3649 5294 3838 11392 13474 3507 15474 6285 15880 17795 5418 6593 12811 2694 15628 13954 16984 19976 7445 2587 12846 15460 6131 5210 14481 8383 15268 17079 11797 12116 4494 7212 14091 12038 11590 4513 6224 13495 9696 9415 9482 13378 6195 7706 8136 18761 13583 15918 10736 4342 13828 12123 10328 14096 13197 11500 5576 9302 5533 1668 11056 8155 12056 4593 9676 15845 6415 15457 11202 3672 9117 16027 13089 4377 15364 9737 692 12234 9390 17443 14051 5715 7834 14951 12555 15012 0 15149 3663 1506 6106 12169 12671 12449 6494 8544
13467 14588 2731 11013 12018 11500 16000 16819 4139 9896 11649 3034 14576 9571 15530 15332 19632 18793 14010 17887 10620 9752 16957 7983 12566 14177 7382 20050 11664 3228 20915 10305 12553 21913 14397 10798 20509 19333 8553 19514 17445 11371 17632 18534 5922 5683 10315 20227 7893 13707 13527 24893 1995 12108 16047 2561 18628 17515 25071 13368 11405 14239 21439 11905 16620 18969 11859 23683 13932 7504 761 9274 1478 15623 16219 12572 15400 13437 18100 6612 12231 15166 2954 5794 15385 1168 11997 7860 13065 22204 10794 15149 0 16900 16114 10170 14389 8692 19247 10008 8060
7076 7662 14708 6024 9014 6055 8797 7003 13608 12870 6076 16587 4194 15460 16100 9013 3094 9753 2936 13115 13163 16606 18237 8919 5326 11003 15557 3156 8633 15564 4821 14624 16024 8149 10159 7241 3858 11069 11852 8238 7530 9672 10791 6337 10978 11501 12656 3328 9017 6337 17663 9961 17280 9462 7792 15134 9023 7300 10454 11607 10447 9237 5697 5343 4205 7756 7176 8444 8256 10234 17522 7628 17481 8810 7033 7734 14157 11472 1204 15645 8451 4310 13951 11464 15740 15743 9237 9068 13571 8925 14227 3663 16900 0 4598 9235 10217 12414 9250 9647 9249
3334 3341 14492 5645 5484 4736 4217 2455 12218 14949 4534 16641 7714 17330 19299 4505 7202 14113 4190 17061 15440 18426 21480 8638 3658 14339 16843 6456 5361 15664 8996 16740 18575 12702 13600 5319 7685 15409 13478 12772 3076 6280 14888 10868 10531 10433 14862 6463 8936 9615 20257 14222 17008 12242 3201 14956 13409 11628 14779 14700 13003 4940 9956 7030 644 12261 9660 12689 4099 11030 16831 7709 16312 12637 2435 10620 17523 14591 5000 16717 11243 1046 13248 10321 18946 15050 5673 9081 16457 13497 16496 1506 16114 4598 0 6531 13653 14116 13701 6877 9890
3409 4423 9194 4222 1932 3400 5867 6709 6057 12529 3271 11425 9544 14282 18154 5238 12329 16126 6599 17650 13239 15191 20239 4728 3912 14047 13054 12126 1495 10583 14033 14119 16409 16745 13624 2159 13065 17224 10672 15621 7301 1565 16079 13924 5646 4807 12646 12220 5167 10347 18004 19037 11448 11439 5878 9650 15590 13872 19459 13926 11677 4213 14859 6946 7140 15026 9212 17559 3769 7678 10924 4923 10096 13564 6099 10427 16862 13879 10232 12668 10720 5814 7591 4634 17848 9246 1983 5376 15079 17371 14134 6106 10170 9235 6531 0 13658 11296 16081 416 6726
14097 15342 11664 9710 14872 10917 17023 15978 13534 5172 11189 12299 6089 7398 5898 16860 10759 4717 9477 4030 4842 8402 8020 9479 11348 839 8789 12037 14247 11499 10840 6226 6517 9319 60 11806 11480 4988 5885 6239 16673 15034 3248 6387 10316 11769 4727 12285 9119 4042 7958 12455 13524 2451 16242 11846 4833 4685 12353 1800 2984 16454 10735 7083 13600 5902 4476 11776 15452 7487 14630 8796 15661 1978 15715 3275 3942 1644 10986 9338 2946 12787 12279 11897 5539 13383 15065 8948 3800 9211 5590 12169 14389 10217 13653 13658 0 5915 5423 13972 7715
13132 14504 6039 8672 13020 9867 16264 15950 8817 1380 10149 6395 8608 3216 7415 15860 14209 10574 10300 9198 2173 4313 9278 6574 10756 5566 3284 15146 12408 5642 14927 2827 5147 14604 5936 10169 15070 10899 650 11760 16686 12856 9141 11301 6190 7653 1704 15378 6137 6823 6711 17748 7643 4038 15769 6133 10570 9882 17766 4692 3038 15105 15138 7288 14333 11301 5334 16811 14282 3618 8841 6787 10061 7496 15502 5287 6837 4771 13517 3624 4650 13082 7078 7834 7184 7797 13150 5928 4550 14680 2876 12671 8692 12414 14116 11296 5915 0 11186 11467 4629
15345 16316 16528 11861 16748 12791 17739 16154 17655 10577 12996 17462 6589 12804 9860 17804 8143 922 10139 5174 10265 13774 11533 12936 12761 6065 14193 9584 16190 16589 7361 11621 11543 4323 5386 13957 8536 2032 11039 1339 16733 17152 2933 2986 14353 15633 10138 9807 12695 5986 12725 7282 18625 7236 16789 16779 622 2217 7075 7128 8151 17738 6837 9191 13401 1567 7679 6918 16697 11861 19585 11857 20395 3696 16091 6736 7873 6983 9436 14713 7017 13141 16809 15716 9551 18161 16969 12582 8888 3975 10972 12449 19247 9250 13701 16081 5423 11186 0 16465 11670
3695 4629 9139 4605 2015 3810 5994 6950 5877 12719 3685 11365 9938 14415 18393 5340 12741 16501 7014 17974 13439 15306 20467 4923 4325 14347 13135 12530 1690 10546 14447 14285 16595 17157 13939 2566 13475 17591 10850 16017 7519 1485 16429 14327 5698 4763 12848 12622 5360 10708 18178 19453 11341 11730 6072 9590 15971 14259 19874 14203 11940 4278 15274 7315 7492 15421 9539 17975 3929 7851 10766 5207 9879 13914 6338 10754 17132 14159 10640 12727 11030 6185 7497 4582 18092 9113 2020 5570 15318 17780 14318 6494 10008 9647 6877 416 13972 11467 16465 0 6932
8549 9920 5581 4260 8400 5362 11672 11504 5995 5811 5633 7343 6517 7756 11495 11246 11732 11385 6590 11714 6514 8768 13544 2012 6337 7882 6973 12320 7784 6321 12910 7452 9693 13919 7698 5550 12619 12186 3988 11724 12235 8273 10683 10566 2691 4073 5920 12521 1580 5805 11307 16852 8109 5279 11226 5975 11074 9726 17053 7524 5196 10477 13396 3967 10204 11151 4002 15625 9664 1144 8576 2233 8976 8316 11019 4979 10365 7508 10446 6827 4908 8844 5294 4192 11203 6899 8537 1374 8425 14265 7423 8544 8060 9249 9890 6726 7715 4629 11670 6932 0
1 8 7 4
2 11 8 4
3 15 9 6
4 5 9 6
5 3 3 4
6 3 7 5
7 7 9 0
8 7 4 5
9 12 8 4
10 6 6 6
11 7 4 4
12 8 9 2
13 2 3 5
14 10 10 4
15 4 7 3
16 7 6 3
17 9 4 1
18 6 12 5
19 6 12 2
20 8 5 4
21 11 8 2
22 4 4 7
23 2 6 5
24 10 7 8
25 7 6 2
26 3 5 0
27 10 10 2
28 4 7 3
29 7 6 0
30 7 4 1
31 5 6 3
32 6 9 4
33 11 10 4
34 8 6 3
35 5 7 4
36 11 6 5
37 9 6 3
38 7 5 5
39 8 9 5
40 5 4 4
41 9 1 6
42 6 7 4
43 8 7 4
44 5 2 5
45 6 5 4
46 7 5 3
47 9 10 1
48 8 9 4
49 9 4 5
50 8 3 1
51 6 6 0
52 5 9 2
53 7 5 6
54 9 2 3
55 10 7 3
56 10 5 3
57 12 4 3
58 12 6 4
59 7 7 2
60 6 12 4
61 6 5 2
62 10 9 6
63 8 8 5
64 8 5 2
65 6 8 3
66 7 5 3
67 8 5 4
68 7 9 4
69 7 11 4
70 6 8 7
71 4 2 2
72 4 4 3
73 10 6 2
74 5 5 3
75 10 5 1
76 9 8 8
77 3 7 6
78 7 8 3
79 10 6 5
80 10 5 7
81 8 4 5
82 10 8 4
83 6 6 2
84 12 5 3
85 3 6 5
86 7 9 3
87 3 7 7
88 8 9 5
89 13 5 4
90 10 9 3
91 9 5 2
92 7 4 6
93 9 8 6
94 10 9 2
95 10 6 10
96 4 3 5
97 8 4 1
98 6 7 6
99 9 9 3
100 9 9 7
