105 15 3
30 60 700 9.00
0 8 3 1
0 2 13 2
0 12 14 2
0 1 1 3
0 1 14 1
0 5 2 1
0 2 4 1
0 10 2 2
0 2 11 3
0 1 9 2
0 9 10 2
0 12 8 2
0 2 5 2
0 1 1 3
0 1 2 2
0 5 10 3
0 10 13 3
0 15 12 2
0 6 8 2
0 17 4 3
0 12 2 1
0 13 8 3
0 11 4 1
0 15 3 2
0 8 5 2
0 4 3 1
0 3 15 1
0 5 3 1
0 9 8 1
0 4 3 1
0 16 4 2
0 7 10 2
0 8 4 2
0 12 6 1
0 2 3 2
0 4 10 3
0 8 14 1
0 14 10 2
0 20 3 3
0 9 7 1
0 20 15 1
0 7 11 2
0 7 14 1
0 12 12 3
0 9 1 1
0 6 3 3
0 3 11 2
0 3 14 3
0 11 5 2
0 5 8 2
0 4 10 3
0 4 15 2
0 10 15 2
0 5 14 2
0 7 14 2
0 7 12 1
0 1 15 1
0 12 12 2
0 7 3 3
0 16 9 1
0 23 3 3
0 1 13 2
0 3 2 3
0 9 6 3
0 9 7 1
0 12 6 3
0 8 14 3
0 7 11 2
0 11 8 3
0 11 10 2
0 10 13 2
0 5 10 3
0 19 12 2
0 15 5 3
0 1 3 1
0 2 9 2
0 15 8 1
0 4 3 2
0 2 14 2
0 12 8 3
0 13 4 1
0 9 1 2
0 4 11 2
0 15 10 2
1 5 7 1
1 13 11 1
1 3 2 3
1 10 11 2
1 7 3 2
1 1 1 3
1 17 8 1
1 1 11 2
1 9 11 3
1 2 10 3
1 15 2 3
1 8 9 3
1 11 2 1
1 7 9 1
1 14 1 3
1 23 3 1
1 25 13 1
1 17 4 2
1 3 6 2
1 3 14 1
1 20 3 1
0 4313 15371 9124 2635 6530 12298 10856 16872 9828 3971 15538 15360 4789 5096 11978
4313 0 19648 11835 6943 9985 16564 15161 21032 11702 647 19305 19228 3701 4625 15105
15371 19648 0 12195 12744 11033 3092 5319 7283 17298 19218 10892 10035 18474 19067 10250
9124 11835 12195 0 7981 3207 9669 10832 17441 17580 11202 18526 17949 8850 14216 3459
2635 6943 12744 7981 0 4921 9678 8258 14452 9701 6571 13532 13259 6738 6985 10317
6530 9985 11033 3207 4921 0 8106 8437 15192 14400 9406 15743 15232 7783 11570 5472
12298 16564 3092 9669 9678 8106 0 3148 8129 15061 16129 10568 9787 15409 16143 8377
10856 15161 5319 10832 8258 8437 3148 0 6759 12056 14821 7972 7286 14699 13979 10459
16872 21032 7283 17441 14452 15192 8129 6759 0 14342 20798 4618 3830 21137 18824 16502
9828 11702 17298 17580 9701 14400 15061 12056 14342 0 11924 10596 10994 14248 7338 19399
3971 647 19218 11202 6571 9406 16129 14821 20798 11924 0 19205 19099 3095 5014 14487
15538 19305 10892 18526 13532 15743 10568 7972 4618 10596 19205 0 866 20204 16270 18430
15360 19228 10035 17949 13259 15232 9787 7286 3830 10994 19099 866 0 19970 16367 17741
4789 3701 18474 8850 6738 7783 15409 14699 21137 14248 3095 20204 19970 0 7887 12276
5096 4625 19067 14216 6985 11570 16143 13979 18824 7338 5014 16270 16367 7887 0 17040
11978 15105 10250 3459 10317 5472 8377 10459 16502 19399 14487 18430 17741 12276 17040 0
1 4 3 1
2 6 7 1
3 3 8 3
4 5 8 4
5 8 5 2
6 10 2 2
7 5 9 1
8 5 6 1
9 4 4 1
10 2 6 4
11 7 6 4
12 4 9 2
13 4 3 4
14 8 6 6
15 7 6 1
