900 100 3
30 60 700 9.00
0 5 34 1
0 15 80 3
0 20 72 1
0 4 17 3
0 20 21 2
0 1 19 1
0 6 51 1
0 3 38 2
0 1 71 2
0 3 46 2
0 10 87 2
0 2 89 3
0 7 66 2
0 2 66 1
0 2 60 1
0 6 30 1
0 5 38 1
0 10 6 2
0 6 29 1
0 11 59 3
0 1 80 2
0 5 13 3
0 2 11 3
0 22 67 1
0 1 46 2
0 4 52 2
0 2 54 1
0 19 16 1
0 15 58 3
0 5 39 3
0 9 46 2
0 5 65 1
0 9 40 1
0 5 93 2
0 16 30 3
0 4 64 2
0 5 88 2
0 11 14 3
0 11 53 2
0 4 71 2
0 11 62 1
0 16 35 1
0 10 71 1
0 13 52 1
0 1 2 1
0 2 24 3
0 4 4 3
0 7 37 3
0 14 57 2
0 5 85 3
0 3 21 1
0 19 1 1
0 11 95 2
0 13 71 3
0 3 23 1
0 24 13 1
0 5 53 3
0 5 80 2
0 1 71 1
0 4 34 3
0 4 87 3
0 7 1 2
0 7 40 2
0 1 3 2
0 15 98 3
0 20 87 3
0 6 31 3
0 8 86 3
0 3 7 3
0 7 37 2
0 7 97 3
0 1 82 3
0 11 28 2
0 7 34 1
0 2 75 2
0 15 41 1
0 15 62 2
0 3 85 2
0 2 86 3
0 1 33 3
0 1 79 2
0 10 25 2
0 16 80 2
0 11 79 1
0 4 59 3
0 14 12 1
0 2 13 3
0 8 80 3
0 16 49 2
0 2 21 2
0 3 46 1
0 12 2 3
0 12 82 3
0 18 58 3
0 1 23 1
0 16 70 1
0 9 5 3
0 7 18 1
0 10 1 3
0 15 23 2
0 1 40 3
0 18 7 2
0 17 44 2
0 3 79 1
0 3 32 3
0 1 19 1
0 24 13 3
0 5 34 2
0 21 56 3
0 16 24 1
0 1 40 2
0 17 17 1
0 8 26 2
0 18 6 2
0 16 17 1
0 12 62 2
0 6 81 3
0 9 10 1
0 16 42 2
0 3 78 3
0 12 64 3
0 2 74 2
0 2 44 3
0 11 92 1
0 2 21 3
0 16 67 3
0 1 70 2
0 3 49 3
0 7 5 2
0 6 16 1
0 4 33 1
0 14 57 3
0 15 90 2
0 11 11 3
0 3 87 3
0 1 16 3
0 13 66 3
0 15 6 2
0 18 48 1
0 19 85 3
0 6 50 2
0 4 5 2
0 4 89 1
0 1 34 3
0 6 81 1
0 22 94 3
0 8 25 1
0 4 5 1
0 11 86 2
0 5 64 1
0 5 36 1
0 10 79 3
0 2 99 3
0 11 82 3
0 15 38 3
0 22 48 3
0 2 75 2
0 15 13 3
0 8 14 3
0 11 3 2
0 6 78 2
0 3 35 3
0 13 32 1
0 3 65 1
0 13 59 3
0 1 19 3
0 10 39 2
0 3 35 1
0 17 26 2
0 5 48 2
0 1 18 1
0 15 73 1
0 18 71 2
0 22 47 3
0 12 93 2
0 11 86 3
0 8 39 2
0 12 78 2
0 8 65 1
0 8 74 2
0 10 56 1
0 13 1 2
0 1 28 1
0 21 55 2
0 14 14 1
0 2 49 3
0 8 15 1
0 2 46 1
0 7 6 3
0 8 77 3
0 4 72 1
0 3 35 3
0 23 40 2
0 15 9 3
0 14 54 1
0 1 45 1
0 15 79 1
0 13 71 1
0 2 46 1
0 12 12 1
0 8 74 3
0 2 30 3
0 5 61 3
0 10 33 2
0 9 10 3
0 15 39 2
0 4 67 3
0 6 33 1
0 1 17 3
0 8 55 2
0 11 27 3
0 6 78 2
0 12 54 1
0 20 69 1
0 19 31 1
0 19 20 1
0 11 85 3
0 9 7 2
0 17 47 3
0 9 84 1
0 5 15 2
0 16 39 2
0 4 16 2
0 19 4 3
0 10 86 2
0 5 90 1
0 11 28 3
0 8 75 1
0 11 32 3
0 4 54 2
0 6 73 2
0 2 86 2
0 1 28 3
0 7 9 1
0 1 98 1
0 1 48 1
0 1 98 2
0 20 77 1
0 3 29 3
0 3 66 1
0 4 93 1
0 2 15 3
0 4 83 1
0 4 91 2
0 7 93 1
0 1 73 3
0 12 68 2
0 4 22 3
0 4 10 3
0 5 3 2
0 14 24 3
0 7 83 2
0 1 63 2
0 5 78 1
0 4 96 2
0 1 29 3
0 3 88 3
0 3 45 3
0 13 57 1
0 9 97 3
0 14 66 1
0 14 38 1
0 5 68 3
0 3 10 3
0 19 15 2
0 23 51 1
0 17 20 3
0 7 28 3
0 1 5 2
0 17 22 3
0 5 54 2
0 9 41 1
0 5 10 2
0 1 39 2
0 3 64 1
0 3 12 1
0 4 33 2
0 3 10 1
0 1 28 2
0 6 94 3
0 14 63 3
0 2 2 2
0 14 51 1
0 7 45 1
0 20 81 2
0 1 32 1
0 2 50 2
0 14 37 3
0 1 26 2
0 4 47 3
0 9 20 3
0 1 38 1
0 14 82 2
0 2 63 3
0 2 10 3
0 14 43 3
0 4 73 2
0 8 20 1
0 22 75 3
0 4 25 3
0 3 44 1
0 8 61 3
0 6 33 2
0 5 91 3
0 10 4 3
0 5 33 1
0 15 97 3
0 4 62 1
0 16 86 1
0 21 54 2
0 2 70 1
0 20 73 3
0 11 66 1
0 4 42 1
0 4 89 3
0 22 94 1
0 4 66 2
0 1 9 3
0 16 35 2
0 1 31 1
0 11 65 1
0 8 40 3
0 4 13 2
0 23 59 2
0 10 16 2
0 8 3 2
0 7 62 1
0 6 45 2
0 20 18 3
0 21 29 1
0 4 60 1
0 15 93 2
0 9 53 3
0 10 51 1
0 4 73 1
0 14 68 3
0 1 54 3
0 15 74 1
0 6 2 2
0 17 18 1
0 1 49 3
0 3 19 1
0 23 58 3
0 1 26 2
0 7 47 2
0 4 98 2
0 7 86 3
0 3 7 2
0 12 56 1
0 17 76 3
0 23 12 1
0 5 55 3
0 1 100 3
0 7 82 3
0 6 9 2
0 1 85 2
0 5 16 1
0 3 54 3
0 8 43 1
0 7 48 2
0 11 61 1
0 5 4 3
0 12 96 3
0 5 91 1
0 3 29 1
0 1 62 1
0 13 22 1
0 5 42 3
0 18 93 3
0 1 46 1
0 3 26 3
0 3 93 2
0 1 51 3
0 10 3 1
0 12 53 3
0 7 11 3
0 15 38 3
0 7 55 2
0 13 29 1
0 5 27 3
0 8 30 1
0 3 41 1
0 5 6 2
0 1 57 3
0 1 20 1
0 13 4 3
0 6 83 2
0 11 52 3
0 14 48 2
0 12 86 2
0 6 83 2
0 2 91 1
0 1 29 3
0 3 43 2
0 23 88 3
0 1 20 3
0 1 65 1
0 17 49 2
0 21 15 3
0 1 92 2
0 6 59 1
0 21 27 2
0 1 47 2
0 7 61 3
0 14 19 1
0 20 9 3
0 2 31 2
0 12 98 1
0 3 46 2
0 16 5 1
0 4 26 1
0 15 29 1
0 19 41 2
0 2 95 2
0 4 80 2
0 7 13 3
0 7 4 1
0 21 41 3
0 20 34 3
0 6 63 3
0 1 40 1
0 21 7 3
0 5 33 3
0 7 78 2
0 6 64 1
0 1 12 2
0 6 13 2
0 15 2 3
0 4 70 1
0 1 49 2
0 8 17 2
0 15 83 2
0 2 73 2
0 19 49 1
0 10 40 3
0 3 59 2
0 22 64 3
0 3 100 3
0 19 16 3
0 2 24 2
0 19 22 1
0 4 5 2
0 6 61 1
0 7 20 2
0 20 46 1
0 3 22 3
0 6 95 1
0 18 99 2
0 9 58 1
0 1 76 2
0 1 93 3
0 2 70 1
0 3 31 2
0 4 81 2
0 4 57 1
0 2 10 1
0 1 64 3
0 4 27 1
0 4 44 2
0 4 27 2
0 17 1 1
0 1 10 2
0 15 88 3
0 14 94 1
0 15 40 3
0 5 84 1
0 6 69 1
0 16 15 2
0 15 88 2
0 1 36 1
0 5 61 2
0 4 65 1
0 15 84 2
0 7 34 1
0 5 70 1
0 8 39 2
0 7 56 2
0 8 58 2
0 3 31 2
0 14 18 1
0 2 60 3
0 25 2 2
0 11 7 3
0 10 82 3
0 5 57 1
0 14 26 2
0 7 17 2
0 6 79 2
0 1 7 1
0 8 18 2
0 4 57 2
0 1 56 2
0 4 20 1
0 7 7 1
0 3 18 3
0 4 47 1
0 19 21 1
0 11 99 3
0 11 90 3
0 10 22 3
0 7 66 2
0 23 73 2
0 23 87 2
0 10 67 1
0 1 51 3
0 7 78 1
0 21 26 3
0 14 57 1
0 11 88 3
0 20 35 3
0 19 23 3
0 2 85 1
0 11 70 1
0 21 23 3
0 1 98 2
0 6 35 3
0 12 87 3
0 5 17 3
0 1 93 1
0 15 16 2
0 8 10 2
0 18 80 3
0 11 44 2
0 2 71 3
0 10 32 1
0 21 70 1
0 1 54 1
0 19 57 1
0 8 16 1
0 17 55 1
0 3 57 2
0 8 5 2
0 10 11 1
0 21 66 2
0 12 5 2
0 6 38 1
0 3 87 1
0 9 56 3
0 2 20 2
0 16 74 3
0 20 31 3
0 8 79 2
0 6 57 3
0 13 42 2
0 23 24 1
0 2 51 3
0 11 79 1
0 4 14 3
0 14 76 3
0 21 87 1
0 4 99 3
0 4 54 3
0 11 38 1
0 1 86 1
0 14 45 1
0 21 69 3
0 14 33 3
0 2 89 3
0 5 78 1
0 8 10 1
0 15 68 2
0 1 10 3
0 3 73 2
0 1 56 3
0 1 53 1
0 4 93 1
0 4 84 2
0 14 42 2
0 19 44 2
0 2 49 2
0 1 54 2
0 22 19 3
0 7 61 2
0 3 45 3
0 3 37 2
0 19 30 3
0 14 78 1
0 6 51 2
0 3 61 3
0 2 99 3
0 11 98 1
0 14 28 3
0 16 22 1
0 8 47 3
0 3 29 2
0 1 30 3
0 10 49 3
0 14 30 3
0 5 82 3
0 12 14 1
0 4 94 2
0 4 89 1
0 10 75 3
0 8 60 2
0 3 52 1
0 3 8 2
0 1 59 3
0 7 80 3
0 1 88 2
0 11 73 2
0 5 15 1
0 8 97 3
0 9 39 1
0 13 100 2
0 1 89 1
0 15 26 1
0 6 58 2
0 20 56 2
0 19 95 3
0 11 17 1
0 7 64 1
0 6 94 1
0 12 37 2
0 3 94 3
0 18 2 3
0 8 10 2
0 21 2 1
0 9 33 2
0 1 55 3
0 2 74 3
0 2 59 3
0 6 60 1
0 1 96 2
0 4 63 2
0 9 29 2
0 2 30 2
0 9 30 3
0 8 56 3
0 18 25 2
0 10 11 2
0 10 89 3
0 1 43 1
0 2 96 1
0 1 7 1
0 4 22 3
0 18 52 1
0 2 14 1
0 21 15 3
0 25 57 1
0 12 75 1
0 3 6 3
0 10 22 2
0 14 4 3
0 2 69 3
0 13 15 3
0 2 4 1
0 2 47 3
0 6 60 1
0 8 30 3
0 5 29 1
0 5 7 3
0 6 96 1
0 9 26 3
0 1 94 3
0 5 23 2
0 15 23 3
0 10 6 1
0 18 33 1
0 8 35 2
0 6 79 1
0 2 27 1
0 7 49 1
0 1 42 1
0 7 60 1
0 3 68 3
0 1 88 2
0 11 87 3
0 6 73 3
0 1 84 3
0 5 48 1
0 13 15 3
0 1 61 2
0 2 75 1
0 6 49 2
0 9 2 3
0 22 57 1
0 1 28 2
0 2 72 2
0 16 24 3
0 15 19 2
0 4 3 3
0 8 55 1
0 7 85 1
0 8 69 1
0 1 12 1
0 15 53 1
0 5 52 2
0 7 10 1
0 15 29 3
0 3 85 2
0 7 86 3
0 3 51 2
0 6 12 2
0 11 32 2
0 2 69 1
0 23 48 3
0 9 22 1
0 1 37 2
0 24 90 1
0 22 21 2
0 2 31 2
0 4 38 3
0 1 12 2
0 4 3 1
0 3 48 2
0 20 81 3
0 4 68 3
0 18 77 3
0 2 87 2
0 13 92 2
0 4 12 1
0 1 1 3
0 10 18 3
0 16 78 1
0 2 91 2
0 3 33 2
0 13 36 3
0 5 66 2
0 12 89 3
0 22 81 3
1 20 23 2
1 15 60 3
1 4 18 2
1 3 32 1
1 4 87 3
1 8 43 2
1 7 23 3
1 8 66 1
1 1 89 2
1 3 96 1
1 3 88 1
1 2 54 2
1 6 89 2
1 4 69 3
1 9 23 3
1 19 9 2
1 12 67 1
1 11 37 1
1 13 49 1
1 1 28 3
1 14 25 1
1 20 28 1
1 12 70 3
1 6 11 2
1 1 6 2
1 11 16 2
1 9 91 3
1 8 84 1
1 8 24 3
1 11 21 3
1 8 96 3
1 18 53 2
1 8 36 3
1 19 80 1
1 7 83 1
1 11 67 3
1 5 99 1
1 4 2 2
1 2 54 3
1 2 89 1
1 14 87 3
1 2 26 3
1 13 52 1
1 7 28 2
1 7 91 3
1 10 12 1
1 1 77 1
1 2 57 1
1 4 96 1
1 11 46 1
1 9 64 2
1 23 93 1
1 8 25 3
1 8 48 3
1 5 39 3
1 17 2 3
1 10 12 3
1 11 48 3
1 23 82 2
1 4 8 1
1 24 3 3
1 5 24 2
1 2 57 3
1 6 8 1
1 10 13 1
1 9 69 3
1 4 50 3
1 22 44 1
1 13 61 2
1 3 92 1
1 2 84 1
1 5 14 3
1 7 79 1
1 25 54 3
1 7 6 2
1 1 6 3
1 16 85 3
1 8 98 3
1 1 49 3
1 6 58 1
1 2 53 1
1 16 53 3
1 14 29 3
1 1 70 3
1 2 47 1
1 9 35 1
1 3 26 1
1 11 73 2
1 5 56 3
1 8 35 2
1 4 22 3
1 20 82 3
1 2 82 3
1 1 76 3
1 5 74 2
1 18 90 2
1 15 80 2
1 1 92 2
1 9 72 2
1 7 71 3
1 10 83 1
1 8 63 1
1 4 42 2
1 3 73 2
1 3 50 1
1 5 32 3
1 7 14 2
1 1 2 3
1 2 29 3
1 15 25 2
1 8 28 1
1 5 29 2
1 10 90 1
1 4 76 1
1 3 51 2
1 18 7 1
1 2 86 2
1 5 86 2
1 4 100 2
1 19 3 3
1 4 29 1
1 2 19 2
1 6 14 2
1 17 44 1
1 2 29 2
1 7 9 3
1 20 99 1
1 5 29 2
1 4 82 1
1 13 50 2
1 2 39 2
1 1 88 1
1 12 93 3
1 19 20 3
1 3 28 2
1 12 63 2
1 6 95 2
1 19 97 3
1 9 52 1
1 1 36 1
1 12 4 1
1 8 79 2
1 2 61 2
1 14 55 3
1 17 68 1
1 2 76 2
1 8 17 2
1 12 26 1
1 1 90 3
1 18 72 1
1 12 44 2
1 15 27 2
1 4 93 2
1 2 53 2
1 1 99 1
1 6 58 1
1 7 73 3
1 10 66 1
1 7 44 2
1 5 63 3
1 8 35 3
1 16 26 1
1 14 17 2
1 3 97 2
1 13 93 1
1 10 62 2
1 1 61 3
1 2 81 1
1 8 28 3
1 6 98 2
1 1 23 3
1 2 57 2
1 3 91 3
1 3 24 1
1 3 57 2
1 10 12 3
1 2 70 1
1 2 46 3
1 23 61 2
1 16 19 2
0 12219 5776 3924 13127 9828 5811 15971 11597 14107 13243 18373 3442 4207 13901 12738 14547 8769 15973 3011 3214 5317 11960 3607 4058 4478 7665 15067 9967 14008 18062 13280 14807 12943 4386 15951 11523 14334 4372 8158 11922 8122 10216 13825 17087 4651 4282 14941 9813 9702 13104 14321 12357 9429 10435 9581 13643 18094 14652 6849 9267 15340 16104 5662 10823 7699 5014 9268 17600 15646 8572 12318 12607 13091 15496 4241 13126 16224 15239 11842 12823 15861 7954 11493 4327 9813 7456 18167 13715 6950 12614 13602 12668 1954 8689 16047 6775 3999 4775 14408 6656
12219 0 8366 15329 17163 2397 17215 7620 15773 2403 13791 13608 15496 9097 7290 2429 12959 12945 14455 13824 14542 6975 10040 14937 8284 16124 4996 13931 10216 18176 11859 16870 8962 4920 9195 8598 18550 14271 9331 13751 16095 17529 2142 10135 13607 16870 15273 17640 11807 11090 3860 7084 4288 16295 5596 5544 8344 10135 8308 10694 14408 17920 15732 16636 5565 5812 16954 9068 8262 6957 6885 3799 19079 14972 9348 8890 4073 7813 3506 19095 18137 18884 5366 10898 8053 18086 11476 11134 18434 9690 8502 4349 13612 14171 17706 19616 10136 8266 7454 18437 12824
5776 8366 0 7529 10221 6187 9246 10320 8635 9592 8613 12744 8170 6003 8171 9852 9335 5427 10888 6001 8947 4193 6425 7151 2738 10251 5855 10026 4731 11247 12303 10127 9032 7502 1395 10208 10551 9583 1435 5793 8991 9163 6239 8152 11610 9915 9982 11444 5327 4888 10786 8626 7037 8211 9476 4064 7867 12348 8885 2796 6696 11812 11387 8537 5230 6819 9360 3739 12021 10060 2837 10156 11273 9027 9721 1604 10901 10570 10604 11061 10697 12593 6731 6237 4442 9808 3718 12391 11267 2058 6852 11368 8134 7386 9348 13080 2296 4028 3243 11594 4594
3924 15329 7529 0 11146 12950 1948 17681 9831 16925 12573 18742 1526 8111 15423 16201 14393 7813 15578 1536 5141 8805 12461 392 7097 5249 11219 14675 10286 11852 18910 11448 15958 15017 6312 17379 8576 13688 6206 6714 10093 4614 13217 14492 17192 3260 6009 13206 9471 9656 16724 15946 14566 6919 14252 11586 14835 19474 15972 7048 7658 13598 15303 1762 12713 11446 1893 10039 19438 17488 10252 15958 9747 11951 16634 6502 16768 17923 17997 8769 10385 13901 11651 11650 7965 6574 7193 19259 11388 7662 13666 17249 11967 2743 5279 13875 7283 7541 8022 12252 5620
13127 17163 10221 11146 0 15595 11165 14258 1606 17278 4516 11250 12661 15667 12203 19235 6844 4822 6932 10668 15828 14360 7854 11068 12596 16319 16025 6349 6966 1035 12665 581 11457 13593 10615 13207 4083 5079 10485 4996 1251 7637 15362 9215 9382 14350 16848 2165 5368 6076 20419 12831 13722 4333 19629 11619 10905 14604 11957 7452 3882 2525 5719 10283 11798 17037 12526 8097 15948 14523 10358 19915 3457 2904 11856 11142 20574 14398 17864 4491 1751 2768 16932 6674 14368 5879 6532 13612 1362 8200 9895 21002 4254 13348 7023 2948 7926 13876 13353 1374 6532
9828 2397 6187 12950 15595 0 14846 8421 14122 4431 12655 13689 13100 6875 7408 3709 12219 11126 13795 11452 12221 4624 9102 12558 5890 13794 2930 13156 8801 16625 12244 15360 9017 5224 6889 9122 16608 13289 7030 11796 14460 15309 653 9673 13360 14479 12989 16310 10238 9556 4825 7408 4462 14305 4946 4234 8151 10968 8458 8709 12550 16621 14895 14287 4781 4018 14560 7576 9478 7832 5254 4355 17223 13659 9538 6552 4982 8653 5591 17139 16413 17544 3584 9750 5711 15988 9552 11727 16807 7735 7959 5408 12386 11779 15525 18208 8151 5895 5059 16917 10746
5811 17215 9246 1948 11165 14846 0 19198 10043 18749 13256 19758 2710 10016 16905 18135 15262 8590 16314 3394 6431 10751 13644 2325 9020 6088 13165 15431 11469 11733 20113 11548 17309 16668 8110 18807 8015 14350 7992 7336 10254 3795 15092 15692 18119 3569 7113 13305 10425 10724 18670 17454 16257 6832 16190 13262 16217 20865 17381 8358 8102 13682 15851 944 14342 13391 1563 11392 20982 19048 11871 17906 9200 12420 17971 8346 18715 19435 19802 8085 10132 13845 13598 12723 9913 5870 8322 20550 11173 9101 15020 19197 12656 4344 4504 13686 8681 9488 9955 12121 6575
15971 7620 10320 17681 14258 8421 19198 0 13394 5772 9850 6503 18467 14511 2329 9918 7930 11820 8933 16197 19002 11982 6548 17323 12118 20426 11194 8824 8293 15084 4424 13774 2856 3293 11694 1322 17151 9735 11751 13094 13605 17934 7769 5077 7154 20234 19965 13790 9929 9294 11333 1745 4041 15418 13078 6397 3406 2553 2301 10909 13169 13929 10539 18367 5149 12392 19560 7929 1820 682 7489 11398 17205 11430 2683 11745 11555 255 5461 17717 15762 14938 11974 7778 12964 17604 11188 3543 15617 10100 4569 11729 10014 17689 17807 15843 10533 12881 11797 15197 13003
11597 15773 8635 9831 1606 14122 10043 13394 0 16019 4106 11112 11327 14064 11236 17788 6503 3222 6964 9237 14369 12762 6867 9721 10990 14932 14457 6229 5665 2616 12274 1683 10673 12434 9009 12432 3979 4960 8879 3440 357 6751 13918 8465 9264 13073 15404 3396 3978 4707 18944 11873 12500 3333 18068 10237 9995 13994 11109 5857 2330 3794 6065 9129 10516 15454 11322 6719 15140 13598 8917 18420 3820 2698 11139 9537 19094 13554 16664 4505 2432 4266 15357 5643 12762 5284 4935 13124 2686 6630 8904 19528 3663 11911 6219 4545 6340 12270 11752 2976 4965
14107 2403 9592 16925 17278 4431 18749 5772 16019 0 13478 12127 17252 11303 6085 4282 12257 13480 13629 15394 16628 9027 9669 16535 10071 18194 7272 13236 10354 18252 10174 16917 7684 3896 10639 6927 19158 13778 10759 14458 16315 18641 3929 9278 12414 18740 17414 17460 12058 11326 5644 5704 3581 17010 7928 6005 7344 8160 6987 11530 14962 17698 15053 18094 5504 8176 18642 9360 6085 5090 7506 5831 19553 14827 7926 10423 5865 5923 1160 19719 18439 18694 7728 10707 10118 18955 12199 9308 18603 10525 7834 5994 13403 16039 18736 19496 10995 10264 9346 18471 13746
13243 13791 8613 12573 4516 12655 13256 9850 4106 13478 0 7018 13936 14602 7931 16065 2400 4762 3066 11585 16347 12709 3811 12363 11333 17226 13807 2216 4036 5257 8205 3985 7011 9629 9547 8743 8081 1117 9465 5926 4183 10457 12283 4773 5184 15803 17424 4019 3447 3733 17375 8538 9904 7144 17230 8431 6588 10088 7557 6442 5219 4229 2862 12312 8230 14985 14304 5265 11490 10170 7546 16993 7793 1614 7369 10002 17556 9972 13909 8597 6173 5235 14774 2912 13054 9276 5789 9112 5845 6662 5727 17938 606 14091 10031 6082 6651 12636 11828 5350 6985
18373 13608 12744 18742 11250 13689 19758 6503 11112 12127 7018 0 19923 18323 6348 16020 4661 11210 4351 17501 21587 15924 6421 18464 15287 22749 15980 4915 8520 11730 2289 10673 4688 8702 14064 5233 15069 6198 14048 12531 11159 17336 13093 4600 1868 21811 22648 9898 9333 9087 17456 6528 9393 14116 18625 10116 5569 4938 5308 11797 12051 9863 5852 18825 9092 17255 20591 9105 7241 7153 10309 17385 14677 8471 4261 14348 17672 6431 11945 15569 12992 10750 16902 7094 16667 16279 11549 3495 12443 11459 6118 17911 7524 19677 16964 11696 11708 16405 15365 11677 13198
3442 15496 8170 1526 12661 13100 2710 18467 11327 17252 13936 19923 0 7586 16259 16145 15669 9178 16908 2421 3768 8705 13569 1608 7216 3729 11084 15999 11414 13375 19968 12954 16914 15655 6844 18258 10078 15053 6764 8143 11595 6035 13433 15574 18426 1891 4555 14709 10741 10863 16542 16751 15149 8445 13858 12219 15771 20378 16877 8139 9122 15103 16702 2991 13400 11141 1583 11045 20187 18227 10981 15758 11253 13384 17598 6921 16567 18714 18358 10252 11911 15419 11396 12835 7753 8043 8402 20249 12915 8632 14634 17043 13331 1686 6721 15400 8299 7394 8057 13776 6952
4207 9097 6003 8111 15667 6875 10016 14511 14064 11303 14602 18323 7586 0 12822 9060 15289 10896 16862 7000 5569 2530 12258 7776 3269 7156 4122 16013 10726 16647 17497 15684 14099 11240 5135 14835 14905 15584 5246 10755 14416 12014 7425 13752 17392 8431 6202 17165 11245 10869 9192 13080 10528 12627 6293 8392 12982 16915 13755 8386 11838 17550 17390 9821 9600 3731 9169 9664 15894 14042 8018 8390 15879 14900 14754 4637 9183 14763 12463 15306 15754 18241 4076 12210 1657 13471 9249 17320 16511 7955 12218 9644 14105 5950 12501 18607 8038 1983 2962 17026 9239
13901 7290 8171 15423 12203 7408 16905 2329 11236 6085 7931 6348 16259 12822 0 9714 6320 9514 7590 13956 16999 10305 4372 15072 10183 18377 9904 7282 5986 13077 4856 11747 1672 2370 9561 2056 14916 7998 9605 10777 11467 15606 6791 3308 6363 18054 17993 11940 7650 6997 11148 638 3045 13127 12313 4462 1358 4197 1051 8592 10884 12120 9082 16064 3225 11161 17309 5601 4149 2379 5338 11047 15024 9453 2131 9660 11362 2550 6220 15484 13636 13133 10776 5593 11213 15302 8859 4507 13564 7804 2333 11623 8012 15557 15484 14005 8228 11068 9980 13223 10675
12738 2429 9852 16201 19235 3709 18135 9918 17788 4282 16065 16020 16145 9060 9714 0 15338 14826 16851 14759 14629 7441 12362 15815 9123 16216 5078 16306 12354 20260 14227 18977 11386 7345 10424 10959 20316 16595 10572 15505 18122 18897 3873 12547 16036 17318 15221 19843 13867 13168 1436 9492 6717 18008 3992 7682 10771 12385 10727 12417 16256 20137 18097 17656 7882 5372 17675 11160 10366 9243 8878 1564 20931 17177 11759 10031 1653 10095 5110 20845 20101 21083 4991 13156 8414 19659 13261 13456 20469 11444 10898 1924 15850 14674 19147 21783 11859 8752 8180 20540 14433
14547 12959 9335 14393 6844 12219 15262 7930 6503 12257 2400 4661 15669 15289 6320 15338 0 6673 1612 13264 17732 13142 3183 14145 12057 18751 13840 980 4637 7490 5825 6289 5085 8364 10488 6719 10480 1856 10436 7958 6582 12694 11751 3013 2883 17557 18810 5943 4929 4869 16718 6863 8793 9455 17038 8041 4973 7838 5719 7723 7410 6041 2797 14321 7493 15083 16196 5626 9444 8346 7563 16436 10180 3956 5307 10873 16914 8015 12517 10997 8539 7040 14812 3105 13666 11622 7285 6776 8134 7642 4471 17254 2870 15624 12309 7963 7773 13307 12378 7523 8779
8769 12945 5427 7813 4822 11126 8590 11820 3222 13480 4762 11210 9178 10896 9514 14826 6673 0 7773 6848 11753 9540 5472 7602 7780 12535 11269 6875 3528 5838 11785 4793 9410 10201 5803 11097 5678 5878 5677 1349 3579 6285 10985 7459 9535 11042 12821 6295 1980 2531 15918 10140 10115 3637 14886 7512 8480 12962 9671 2638 1482 6687 7533 7649 8041 12243 9564 4179 13635 11876 6071 15359 6134 4333 10003 6328 16058 12019 14251 6241 5316 7346 12156 4357 9556 5789 1714 12388 5841 3463 7270 16505 4156 9412 6052 7734 3136 9068 8530 6196 2239
15973 14455 10888 15578 6932 13795 16314 8933 6964 13629 3066 4351 16908 16862 7590 16851 1612 7773 0 14528 19136 14741 4794 15353 13618 20099 15451 912 6163 7380 6065 6352 6177 9757 12002 7651 10849 2024 11943 8979 6961 13501 13315 4359 2503 18786 20215 5563 6214 6272 18243 8081 10237 10151 18634 9638 6287 8411 6858 9124 8283 5554 1651 15370 9046 16695 17336 7204 10285 9422 9175 17983 10380 4268 6251 12404 18442 8981 13809 11326 8682 6482 16423 4653 15246 12231 8603 7171 8098 9130 5953 18772 3661 16963 13053 7430 9225 14879 13964 7327 9964
3011 13824 6001 1536 10668 11452 3394 16197 9237 15394 11585 17501 2421 7000 13956 14759 13264 6848 14528 0 5171 7418 11153 1152 5637 5722 9829 13617 8995 11467 17565 10903 14547 13496 4776 15931 8627 12702 4670 5913 9532 5113 11704 13163 16010 4311 6180 12633 8340 8445 15332 14468 13036 6669 12981 10061 13413 18038 14535 5721 6954 13031 14381 2924 11199 10142 3369 8652 17944 15990 8745 14577 9748 11122 15228 4973 15385 16441 16463 8911 10137 13435 10317 10414 6648 6830 5988 17870 11088 6249 12260 15868 10983 2679 5681 13512 5898 6194 6584 11870 4610
3214 14542 8947 5141 15828 12221 6431 19002 14369 16628 16347 21587 3768 5569 16999 14629 17732 11753 19136 5171 0 7602 15174 5040 6899 1589 9646 18226 13172 16637 21249 16045 17968 15886 7570 19055 13661 17450 7566 10981 14674 9752 12700 17035 20296 3453 1079 17758 12945 12874 14717 17391 15256 11820 11644 12608 16804 21196 17786 10016 12059 18157 19199 6755 13862 9284 5024 12481 20577 18639 11700 13914 14815 16085 18656 7374 14695 19257 17783 13884 15297 18593 9643 14694 6511 11707 10564 21323 16256 10160 15798 15144 15762 2509 10420 18682 9972 6384 7384 17040 9556
5317 6975 4193 8805 14360 4624 10751 11982 12762 9027 12709 15924 8705 2530 10305 7441 13142 9540 14741 7418 7602 0 10028 8425 1968 9172 2414 13926 8714 15378 15016 14294 11615 8715 3853 12311 14237 13623 4001 9693 13119 11978 5100 11392 15084 9944 8397 15636 9506 9025 7920 10554 8008 11889 5736 5900 10513 14387 11251 6910 10696 16005 15410 10341 7089 2882 10235 7561 13380 11517 5677 7160 15090 13209 12262 3330 7968 12234 10183 14699 14704 16780 2959 10127 1091 13113 7829 14808 15348 6251 9806 8451 12261 7266 12349 17247 6457 1318 1034 15735 8286
11960 10040 6425 12461 7854 9102 13644 6548 6867 9669 3811 6421 13569 12258 4372 12362 3183 5472 4794 11153 15174 10028 0 12160 9081 16328 10657 4076 2179 8757 6470 7419 3958 5838 7693 5683 10607 4234 7666 6808 7095 11746 8667 2048 5185 15451 16240 7798 3500 2987 13708 5008 6094 8962 13874 4888 3142 7491 4294 5432 6711 8030 5793 12736 4482 11902 14338 2707 8325 6731 4396 13379 10665 5197 4533 8015 13897 6720 10126 11172 9264 9029 11629 1230 10615 11174 5322 6956 9214 5038 2045 14259 3755 13262 11523 9846 5300 10287 9314 8929 7095
3607 14937 7151 392 11068 12558 2325 17323 9721 16535 12363 18464 1608 7776 15072 15815 14145 7602 15353 1152 5040 8425 12160 0 6708 5267 10839 14447 9989 11799 18600 11354 15626 14643 5926 17035 8628 13479 5821 6541 9992 4760 12825 14186 16930 3440 5951 13107 9218 9381 16345 15590 14187 6888 13892 11210 14500 19134 15632 6737 7514 13501 15113 2055 12343 11080 2238 9713 19077 17125 9885 15581 9789 11783 16304 6112 16390 17567 17608 8844 10365 13830 11279 11370 7595 6671 6916 18935 11357 7326 13336 16872 11757 2580 5405 13831 6956 7166 7635 12202 5389
4058 8284 2738 7097 12596 5890 9020 12118 10990 10071 11333 15287 7216 3269 10183 9123 12057 7780 13618 5637 6899 1968 9081 6708 0 8372 4277 12760 7467 13599 14647 12568 11285 8987 1983 12237 12292 12316 2119 7818 11346 10031 6219 10688 14251 8670 7848 13990 7992 7601 9740 10538 8365 9949 7702 5742 10133 14368 11029 5196 8852 14369 14121 8536 6997 4850 8671 6438 13678 11743 5024 9005 13165 11665 11962 1454 9806 12373 11195 12746 12843 15097 4916 8965 1779 11145 6091 14599 13527 4696 9248 10289 10840 5971 10389 15513 4808 1313 981 13966 6372
4478 16124 10251 5249 16319 13794 6088 20426 14932 18194 17226 22749 3729 7156 18377 16216 18751 12535 20099 5722 1589 9172 16328 5267 8372 0 11235 19186 14266 17065 22517 16585 19280 17350 8858 20428 13802 18340 8837 11634 15216 9710 14265 18240 21390 2623 1313 18327 13885 13882 16289 18789 16737 12153 13185 14029 18116 22571 19130 11038 12670 18724 20052 6616 15277 10866 4547 13664 22030 20083 13050 15486 14979 16835 19970 8718 16263 20680 19346 13963 15628 19085 11228 15766 8083 11746 11496 22641 16623 11290 17075 16709 16630 3137 10407 19098 11057 7935 8912 17467 10301
7665 4996 5855 11219 16025 2930 13165 11194 14457 7272 13807 15980 11084 4122 9904 5078 13840 11269 15451 9829 9646 2414 10657 10839 4277 11235 0 14710 9777 17057 14754 15891 11412 7921 5941 11768 16307 14608 6095 11621 14811 14297 3554 11658 15406 12242 10321 17088 10881 10298 5506 10011 7161 13953 3621 5930 10418 13714 10929 8648 12549 17437 16334 12750 6888 1276 12627 8542 12356 10640 6313 4749 17088 14537 11997 5460 5556 11435 8426 16794 16551 18280 973 11020 3338 15325 9568 14357 17108 7828 9966 6039 13432 9597 14635 18830 8133 3698 3296 17392 10314
15067 13931 10026 14675 6349 13156 15431 8824 6229 13236 2216 4915 15999 16013 7282 16306 980 6875 912 13617 18226 13926 4076 14447 12760 19186 14710 0 5295 6895 6386 5776 5997 9343 11120 7585 10164 1283 11058 8095 6256 12674 12698 3980 3051 17879 19306 5210 5302 5368 17682 7814 9772 9350 17950 8960 5941 8567 6647 8217 7430 5264 1817 14487 8449 15943 16439 6371 10286 9263 8409 17392 9763 3560 6170 11529 17877 8897 13487 10658 8084 6242 15683 3807 14406 11462 7691 7420 7580 8240 5450 18220 2795 16051 12243 7180 8326 14030 13130 6886 9058
9967 10216 4731 10286 6966 8801 11469 8293 5665 10354 4036 8520 11414 10726 5986 12354 4637 3528 6163 8995 13172 8714 2179 9989 7467 14266 9777 5295 0 7968 8648 6655 5963 6823 5851 7607 9031 4910 5799 4808 5962 9703 8499 4224 7129 13300 14245 7509 1738 1028 13599 6613 6844 7147 13233 4683 4977 9539 6172 3278 4916 7822 6698 10565 4852 10949 12160 1247 10110 8351 3576 13156 9279 4862 6589 6242 13767 8495 11011 9601 8089 8744 10743 1537 9132 9316 3147 9099 8267 3023 3759 14174 3659 11171 9534 9429 3209 8744 7872 8223 4938
14008 18176 11247 11852 1035 16625 11733 15084 2616 18252 5257 11730 13375 16647 13077 20260 7490 5838 7380 11467 16637 15378 8757 11799 13599 17065 17057 6895 7968 0 13271 1341 12259 14537 11617 13997 4191 5663 11485 5929 2259 8088 16388 10016 9872 15014 17642 2027 6393 7095 21449 13701 14688 4948 20663 12633 11762 15311 12784 8472 4823 2274 6014 10879 12785 18065 13144 9114 16744 15374 11384 20948 3313 3656 12626 12145 21605 15214 18817 4492 1719 2127 17963 7602 15368 6194 7550 14263 772 9231 10788 22032 5075 14143 7434 2046 8952 14873 14367 403 7468
18062 11859 12303 18910 12665 12244 20113 4424 12274 10174 8205 2289 19968 17497 4856 14227 5825 11785 6065 17565 21249 15016 6470 18600 14647 22517 14754 6386 8648 13271 0 12105 3400 7067 13680 3269 16250 7610 13690 13134 12379 18054 11616 4425 3658 21836 22285 11579 9817 9414 15657 4851 7809 15015 17111 9116 4523 2649 3826 11863 12834 11601 7688 19203 7956 16014 20793 8929 4972 5100 9628 15658 15998 9781 2767 13889 15877 4311 9879 16779 14364 12544 15631 7445 15858 17226 11792 1212 13939 11345 5450 16079 8611 19531 17759 13492 11669 15658 14583 13272 13555
13280 16870 10127 11448 581 15360 11548 13774 1683 16917 3985 10673 12954 15684 11747 18977 6289 4793 6352 10903 16045 14294 7419 11354 12568 16585 15891 5776 6655 1341 12105 0 10960 13197 10595 12705 4640 4510 10470 5122 1372 8083 15107 8716 8806 14673 17076 1763 5122 5809 20182 12372 13350 4728 19482 11331 10438 14070 11472 7390 4013 2151 5143 10653 11457 16930 12879 7819 15449 14053 10110 19695 4038 2372 11344 11119 20341 13908 17477 5060 2332 2587 16810 6261 14346 6381 6480 13062 1859 8086 9452 20763 3759 13580 7487 2953 7840 13860 13297 1568 6642
14807 8962 9032 15958 11457 9017 17309 2856 10673 7684 7011 4688 16914 14099 1672 11386 5085 9410 6177 14547 17968 11615 3958 15626 11285 19280 11412 5997 5963 12259 3400 10960 0 4042 10423 1759 14514 6879 10445 10734 10863 15656 8413 2243 4730 18754 18990 10935 7451 6892 12820 1983 4711 12919 13944 5716 1164 3578 701 8954 10668 11073 7746 16431 4566 12680 17851 5926 4491 3266 6286 12719 14493 8603 690 10594 13034 2963 7713 15073 13002 12082 12309 5157 12462 15132 9052 3362 12811 8301 2293 13292 7204 16356 15460 12987 8676 12270 11192 12362 10871
12943 4920 7502 15017 13593 5224 16668 3293 12434 3896 9629 8702 15655 11240 2370 7345 8364 10201 9757 13496 15886 8715 5838 14643 8987 17350 7921 9343 6823 14537 7067 13197 4042 0 8813 3899 15830 9890 8891 11330 12707 15902 4581 5399 8711 17353 16820 13633 8560 7841 8779 2218 764 13826 10045 3438 3498 5793 3394 8688 11660 13857 11160 15898 2338 9137 16860 6028 4699 2803 4802 8684 16101 11030 4450 8784 8993 3540 4289 16399 14865 14861 8726 6939 9717 15905 9180 6504 14939 7752 3943 9255 9592 14738 15885 15684 8220 9663 8587 14732 10904
4386 9195 1395 6312 10615 6889 8110 11694 9009 10639 9547 14064 6844 5135 9561 10424 10488 5803 12002 4776 7570 3853 7693 5926 1983 8858 5941 11120 5851 11617 13680 10595 10423 8813 0 11601 10402 10570 154 5849 9365 8477 7055 9486 12869 8554 8614 12040 6142 5826 11216 10009 8308 8050 9501 5380 9258 13742 10280 3251 6873 12422 12377 7468 6579 6698 8098 4986 13379 11418 4224 10529 11238 9770 11112 531 11308 11945 11695 10875 10870 13134 6702 7384 3753 9389 4127 13783 11545 2894 8231 11786 9027 5999 8756 13537 2917 3265 2819 11985 4434
15951 8598 10208 17379 13207 9122 18807 1322 12432 6927 8743 5233 18258 14835 2056 10959 6719 11097 7651 15931 19055 12311 5683 17035 12237 20428 11768 7585 7607 13997 3269 12705 1759 3899 11601 0 16265 8549 11641 12407 12622 17308 8480 3993 5832 20067 20049 12627 9155 8568 12388 1767 4660 14639 13920 6507 2633 2143 1440 10456 12386 12748 9270 17948 5261 13003 19270 7426 2748 1931 7382 12397 16252 10343 1415 11710 12608 1333 6713 16826 14760 13753 12601 6896 13240 16846 10634 2605 14559 9726 3854 12811 8954 17591 17136 14668 10131 13107 12018 14091 12457
11523 18550 10551 8576 4083 16608 8015 17151 3979 19158 8081 15069 10078 14905 14916 20316 10480 5678 10849 8627 13661 14237 10607 8628 12292 13802 16307 10164 9031 4191 16250 4640 14514 15830 10402 16265 0 8884 10251 4813 3910 4224 16532 12347 13212 11500 14576 6136 7303 8004 21320 15553 15778 2354 19897 13179 13747 17911 14899 7899 4197 6435 9762 7269 13712 17099 9529 9838 18932 17294 11717 20705 1187 6604 15017 10914 21442 17327 19925 570 2475 6270 17101 9380 13935 2164 7077 17083 3475 8882 12595 21905 7640 11168 3519 5889 8458 13420 13206 4514 5994
14334 14271 9583 13688 5079 13289 14350 9735 4960 13778 1117 6198 15053 15584 7998 16595 1856 5878 2024 12702 17450 13623 4234 13479 12316 18340 14608 1283 4910 5663 7610 4510 6879 9890 10570 8549 8884 0 10494 7027 4978 11481 12879 4714 4333 16919 18527 4089 4523 4744 17938 8573 10240 8127 17966 9056 6639 9691 7486 7512 6284 4200 1807 13406 8716 15809 15413 6097 11284 10120 8304 17595 8482 2280 7141 11013 18125 9831 14123 9376 6807 5206 15580 3592 14015 10213 6887 8604 6330 7677 5946 18491 1722 15204 11030 6120 7695 13611 12770 5680 8103
4372 9331 1435 6206 10485 7030 7992 11751 8879 10759 9465 14048 6764 5246 9605 10572 10436 5677 11943 4670 7566 4001 7666 5821 2119 8837 6095 11058 5799 11485 13690 10470 10445 8891 154 11641 10251 10494 0 5705 9235 8327 7190 9477 12838 8489 8615 11923 6051 5750 11368 10060 8396 7899 9654 5455 9282 13781 10313 3141 6734 12306 12299 7343 6645 6849 8002 4959 13444 11482 4271 10682 11089 9667 11135 673 11461 12001 11810 10723 10728 13012 6855 7334 3884 9236 4008 13807 11408 2822 8242 11938 8940 5952 8604 13409 2823 3392 2967 11854 4285
8158 13751 5793 6714 4996 11796 7336 13094 3440 14458 5926 12531 8143 10755 10777 15505 7958 1349 8979 5913 10981 9693 6808 6541 7818 11634 11621 8095 4808 5929 13134 5122 10734 11330 5849 12407 4813 7027 5705 0 3771 4939 11721 8805 10833 9971 12029 6793 3327 3843 16523 11397 11189 2556 15236 8454 9782 14294 10976 3088 1114 7193 8596 6392 9104 12498 8393 5312 14913 13125 6965 15921 5480 5241 11335 6378 16649 13299 15282 5349 5027 7706 12459 5706 9556 4576 2277 13735 5756 4070 8566 17108 5323 8557 4729 7940 3646 9049 8662 6320 1539
11922 16095 8991 10093 1251 14460 10254 13605 357 16315 4183 11159 11595 14416 11467 18122 6582 3579 6961 9532 14674 13119 7095 9992 11346 15216 14811 6256 5962 2259 12379 1372 10863 12707 9365 12622 3910 4978 9235 3771 0 6893 14251 8643 9302 13327 15704 3115 4292 5018 19283 12102 12787 3485 18421 10557 10212 14150 11313 6213 2657 3509 5987 9346 10814 15810 11555 7035 15340 13822 9247 18763 3649 2699 11315 9893 19434 13760 16948 4416 2171 3939 15712 5878 13118 5346 5291 13251 2347 6983 9137 19867 3778 12208 6338 4195 6696 12625 12109 2620 5301
8122 17529 9163 4614 7637 15309 3795 17934 6751 18641 10457 17336 6035 12014 15606 18897 12694 6285 13501 5113 9752 11978 11746 4760 10031 9710 14297 12674 9703 8088 18054 8083 15656 15902 8477 17308 4224 11481 8327 4939 6893 0 15398 13744 15573 7316 10589 9801 8265 8769 19681 16212 15650 3418 17701 12728 14677 19224 15872 7218 5285 10159 12784 3100 13590 14836 5326 10029 19755 17916 11224 18979 5408 9348 16266 8896 19767 18149 19578 4295 6429 10214 14938 10642 11406 2075 6769 18673 7477 8184 13456 20247 9890 7337 710 9980 7710 10908 11010 8462 4998
10216 2142 6239 13217 15362 653 15092 7769 13918 3929 12283 13093 13433 7425 6791 3873 11751 10985 13315 11704 12700 5100 8667 12825 6219 14265 3554 12698 8499 16388 11616 15107 8413 4581 7055 8480 16532 12879 7190 11721 14251 15398 0 9143 12806 14862 13493 16001 9995 9298 5105 6774 3822 14251 5532 3855 7573 10316 7842 8644 12429 16303 14454 14502 4272 4666 14868 7293 8829 7179 5006 4716 17107 13340 8921 6757 5279 8000 5083 17070 16240 17239 4234 9371 6191 15996 9457 11085 16598 7651 7435 5677 12038 12160 15586 17925 8084 6338 5442 16670 10737
13825 10135 8152 14492 9215 9673 15692 5077 8465 9278 4773 4600 15574 13752 3308 12547 3013 7459 4359 13163 17035 11392 2048 14186 10688 18240 11658 3980 4224 10016 4425 8716 2243 5399 9486 3993 12347 4714 9477 8805 8643 13744 9143 0 3748 17450 18090 8726 5479 5018 13955 3864 5887 10855 14595 5728 1961 5578 2791 7449 8621 8880 5789 14784 4896 12931 16373 4579 6733 5420 5735 13737 12283 6360 2675 9756 14158 5199 9507 12901 10772 9893 12609 3106 12095 13076 7369 4930 10568 6981 1716 14471 4962 15205 13495 10785 7280 11820 10791 10123 9142
17087 13607 11610 17192 9382 13360 18119 7154 9264 12414 5184 1868 18426 17392 6363 16036 2883 9535 2503 16010 20296 15084 5185 16930 14251 21390 15406 3051 7129 9872 3658 8806 4730 8711 12869 5832 13212 4333 12838 10833 9302 15573 12806 3748 0 20317 21368 8065 7726 7565 17463 6711 9320 12312 18299 9475 5275 6166 5427 10364 10291 8047 4066 17180 8609 16679 19016 7886 8253 7735 9407 17307 12809 6610 4555 13200 17673 7147 12405 13708 11124 8959 16356 5626 15739 14459 10024 4826 10581 10137 5449 17954 5710 18284 15180 9907 10337 15434 14433 9827 11598
4651 16870 9915 3260 14350 14479 3569 20234 13073 18740 15803 21811 1891 8431 18054 17318 17557 11042 18786 4311 3453 9944 15451 3440 8670 2623 12242 17879 13300 15014 21836 14673 18754 17353 8554 20067 11500 16919 8489 9971 13327 7316 14862 17450 20317 0 3817 16434 12628 12754 17588 18531 16817 10066 14705 13930 17606 22194 18698 10023 10917 16824 18552 4231 15133 12128 2006 12908 21933 19971 12746 16791 12686 15209 19440 8573 17592 20484 19865 11608 13487 17090 12430 14725 8916 9385 10293 22098 14511 10493 16481 18059 15197 2703 8024 17016 10171 8629 9425 15412 8824
4282 15273 9982 6009 16848 12989 7113 19965 15404 17414 17424 22648 4555 6202 17993 15221 18810 12821 20215 6180 1079 8397 16240 5951 7848 1313 10321 19306 14245 17642 22285 17076 18990 16820 8614 20049 14576 18527 8615 12029 15704 10589 13493 18090 21368 3817 0 18796 14023 13952 15220 18371 16176 12794 12053 13580 17827 22188 18794 11095 13101 19195 20275 7536 14835 9850 5622 13543 21517 19587 12713 14419 15739 17151 19677 8399 15183 20221 18572 14777 16275 19615 10232 15769 7308 12581 11642 22340 17245 11231 16835 15620 16838 3501 11270 19686 11047 7233 8267 18046 10617
14941 17640 11444 13206 2165 16310 13305 13790 3396 17460 4019 9898 14709 17165 11940 19843 5943 6295 5563 12633 17758 15636 7798 13107 13990 18327 17088 5210 7509 2027 11579 1763 10935 13633 12040 12627 6136 4089 11923 6793 3115 9801 16001 8726 8065 16434 18796 0 6207 6815 21104 12540 13879 6478 20636 12161 10591 13763 11516 8794 5700 400 4084 12413 12116 18179 14642 8739 15367 14145 11072 20665 5329 2668 11224 12554 21274 13896 17918 6481 3675 1244 18029 6774 15767 8026 7916 12629 2799 9386 9745 21678 4059 15305 9186 2065 9197 15295 14664 1847 8285
9813 11807 5327 9471 5368 10238 10425 9929 3978 12058 3447 9333 10741 11245 7650 13867 4929 1980 6214 8340 12945 9506 3500 9218 7992 13885 10881 5302 1738 6393 9817 5122 7451 8560 6142 9155 7303 4523 6051 3327 4292 8265 9995 5479 7726 12628 14023 6207 0 732 15062 8283 8570 5492 14434 6266 6556 10991 7740 2995 3241 6557 6308 9493 6555 11980 11289 2742 11735 10026 4992 14573 7542 3704 8034 6616 15220 10120 12738 7873 6384 7405 11824 2379 9745 7692 2389 10408 6627 3296 5361 15643 2898 10749 8025 8002 3228 9304 8569 6679 3873
9702 11090 4888 9656 6076 9556 10724 9294 4707 11326 3733 9087 10863 10869 6997 13168 4869 2531 6272 8445 12874 9025 2987 9381 7601 13882 10298 5368 1028 7095 9414 5809 6892 7841 5826 8568 8004 4744 5750 3843 5018 8769 9298 5018 7565 12754 13952 6815 732 0 14376 7627 7841 6130 13825 5546 5949 10455 7141 2858 3892 7152 6550 9804 5823 11423 11506 2022 11108 9367 4303 13900 8267 4239 7497 6273 14537 9492 12009 8574 7116 8030 11250 2002 9329 8310 2465 9941 7347 2934 4740 14956 3246 10757 8570 8659 2966 8906 8118 7372 4151
13104 3860 10786 16724 20419 4825 18670 11333 18944 5644 17375 17456 16542 9192 11148 1436 16718 15918 18243 15332 14717 7920 13708 16345 9740 16289 5506 17682 13599 21449 15657 20182 12820 8779 11216 12388 21320 17938 11368 16523 19283 19681 5105 13955 17463 17588 15220 21104 15062 14376 0 10928 8144 18991 3370 8956 12195 13784 12162 13441 17323 21407 19465 18251 9240 5465 18100 12385 11722 10656 10073 803 21982 18444 13195 10785 222 11506 6380 21839 21220 22341 5162 14463 8797 20556 14311 14874 21629 12492 12294 586 17140 15003 19972 23020 12887 9191 8768 21740 15379
14321 7084 8626 15946 12831 7408 17454 1745 11873 5704 8538 6528 16751 13080 638 9492 6863 10140 8081 14468 17391 10554 5008 15590 10538 18789 10011 7814 6613 13701 4851 12372 1983 2218 10009 1767 15553 8573 10060 11397 12102 16212 6774 3864 6711 18531 18371 12540 8283 7627 10928 0 2959 13757 12260 4796 1951 3844 1284 9165 11516 12714 9603 16621 3542 11252 17828 6194 3553 1743 5789 10871 15661 10070 2269 10084 11144 1981 5746 16121 14271 13727 10854 6230 11493 15929 9457 4347 14193 8355 2970 11383 8631 16008 16098 14605 8787 11373 10284 13843 11268
12357 4288 7037 14566 13722 4462 16257 4041 12500 3581 9904 9393 15149 10528 3045 6717 8793 10115 10237 13036 15256 8008 6094 14187 8365 16737 7161 9772 6844 14688 7809 13350 4711 764 8308 4660 15778 10240 8396 11189 12787 15650 3822 5887 9320 16817 16176 13879 8570 7841 8144 2959 0 13714 9303 2997 4057 6553 4089 8434 11588 14120 11587 15509 2085 8374 16390 5940 5375 3523 4451 8012 16105 11246 5158 8245 8354 4286 4168 16345 14928 15115 7963 7127 9025 15750 8989 7265 15055 7469 4326 8637 9822 14180 15665 15915 7942 8990 7922 14900 10664
9429 16295 8211 6919 4333 14305 6832 15418 3333 17010 7144 14116 8445 12627 13127 18008 9455 3637 10151 6669 11820 11889 8962 6888 9949 12153 13953 9350 7147 4948 15015 4728 12919 13826 8050 14639 2354 8127 7899 2556 3485 3418 14251 10855 12312 10066 12794 6478 5492 6130 18991 13757 13714 0 17543 11008 12047 16424 13230 5607 2253 6851 9374 5953 11631 14748 8207 7798 17226 15497 9521 18367 3252 5950 13478 8563 19110 15611 17824 2850 3481 7034 14747 7773 11609 2221 4831 15734 4471 6605 10852 19574 6602 9312 2908 6959 6166 11094 10857 5346 3641
10435 5596 9476 14252 19629 4946 16190 13078 18068 7928 17230 18625 13858 6293 12313 3992 17038 14886 18634 12981 11644 5736 13874 13892 7702 13185 3621 17950 13233 20663 17111 19482 13944 10045 9501 13920 19897 17966 9654 15236 18421 17701 5532 14595 18299 14705 12053 20636 14434 13825 3370 12260 9303 17543 0 8997 13097 15625 13365 12269 16169 20977 19641 15890 9699 2865 15439 11987 13849 12439 9684 2640 20697 18052 14443 9000 3273 13290 8917 20375 20172 21840 2799 14378 6340 18842 13188 16514 20724 11439 12879 3653 16890 12238 18083 22413 11751 6817 6740 20993 13908
9581 5544 4064 11586 11619 4234 13262 6397 10237 6005 8431 10116 12219 8392 4462 7682 8041 7512 9638 10061 12608 5900 4888 11210 5742 14029 5930 8960 4683 12633 9116 11331 5716 3438 5380 6507 13179 9056 5455 8454 10557 12728 3855 5728 9475 13930 13580 12161 6266 5546 8956 4796 2997 11008 8997 0 4623 8631 5366 5547 8992 12457 10677 12512 1255 7203 13424 3525 8024 6067 1510 8562 13628 9496 6364 5376 9133 6651 6869 13737 12617 13402 6884 5521 6767 12956 6195 8937 12892 4554 4042 9525 8184 11335 12781 14107 5028 6608 5520 12898 7777
13643 8344 7867 14835 10905 8151 16217 3406 9995 7344 6588 5569 15771 12982 1358 10771 4973 8480 6287 13413 16804 10513 3142 14500 10133 18116 10418 5941 4977 11762 4523 10438 1164 3498 9258 2633 13747 6639 9282 9782 10212 14677 7573 1961 5275 17606 17827 10591 6556 5949 12195 1951 4057 12047 13097 4623 0 4649 1195 7859 9795 10766 7748 15348 3532 11692 16729 4825 5190 3618 5126 12032 13802 8126 1854 9430 12404 3580 7547 14312 12375 11780 11334 4372 11339 14246 8006 4525 12267 7174 1221 12693 6689 15197 14510 12655 7560 11135 10061 11899 9830
18094 10135 12348 19474 14604 10968 20865 2553 13994 8160 10088 4938 20378 16915 4197 12385 7838 12962 8411 18038 21196 14387 7491 19134 14368 22571 13714 8567 9539 15311 2649 14070 3578 5793 13742 2143 17911 9691 13781 14294 14150 19224 10316 5578 6166 22194 22188 13763 10991 10455 13784 3844 6553 16424 15625 8631 4649 0 3503 12507 14182 13831 10061 19994 7379 14924 21367 9473 2403 3187 9524 13889 17799 11701 2959 13853 14006 2335 7670 18462 16235 14808 14509 8653 15335 18643 12629 1452 15928 11813 5849 14153 10393 19730 19014 15747 12206 15217 14128 15358 14448
14652 8308 8885 15972 11957 8458 17381 2301 11109 6987 7557 5308 16877 13755 1051 10727 5719 9671 6858 14535 17786 11251 4294 15632 11029 19130 10929 6647 6172 12784 3826 11472 701 3394 10280 1440 14899 7486 10313 10976 11313 15872 7842 2791 5427 18698 18794 11516 7740 7141 12162 1284 4089 13230 13365 5366 1195 3503 0 9026 10977 11667 8412 16518 4164 12190 17865 5994 4036 2634 6086 12078 14924 9131 1080 10418 12378 2447 7013 15462 13467 12678 11809 5519 12132 15432 9194 3575 13316 8313 2416 12628 7713 16253 15704 13574 8711 11965 10880 12901 11018
6849 10694 2796 7048 7452 8709 8358 10909 5857 11530 6442 11797 8139 8386 8592 12417 7723 2638 9124 5721 10016 6910 5432 6737 5196 11038 8648 8217 3278 8472 11863 7390 8954 8688 3251 10456 7899 7512 3141 3088 6213 7218 8644 7449 10364 10023 11095 8794 2995 2858 13441 9165 8434 5607 12269 5547 7859 12507 9026 0 3915 9175 9302 7492 6372 9607 8935 3034 12715 10819 4037 12848 8544 6534 9621 3760 13570 11139 12416 8431 7905 9903 9526 4739 6975 7435 924 12223 8474 1010 6663 14027 5888 7922 7239 10341 560 6501 5907 8826 2232
9267 14408 6696 7658 3882 12550 8102 13169 2330 14962 5219 12051 9122 11838 10884 16256 7410 1482 8283 6954 12059 10696 6711 7514 8852 12670 12549 7430 4916 4823 12834 4013 10668 11660 6873 12386 4197 6284 6734 1114 2657 5285 12429 8621 10291 10917 13101 5700 3241 3892 17323 11516 11588 2253 16169 8992 9795 14182 10977 3915 0 6100 7749 7163 9518 13468 9260 5648 14976 13257 7544 16745 4678 4328 11232 7403 17457 13361 15730 4761 4012 6594 13410 5528 10605 4464 3017 13519 4681 4832 8602 17909 4635 9617 4933 6827 4455 10102 9669 5211 2650
15340 17920 11812 13598 2525 16621 13682 13929 3794 17698 4229 9863 15103 17550 12120 20137 6041 6687 5554 13031 18157 16005 8030 13501 14369 18724 17437 5264 7822 2274 11601 2151 11073 13857 12422 12748 6435 4200 12306 7193 3509 10159 16303 8880 8047 16824 19195 400 6557 7152 21407 12714 14120 6851 20977 12457 10766 13831 11667 9175 6100 0 4019 12793 12384 18535 15025 9057 15482 14299 11391 20976 5587 2963 11340 12935 21579 14028 18137 6761 3964 1013 18380 7035 16146 8360 8300 12670 3040 9754 9951 21979 4315 15704 9537 1923 9572 15676 15036 2038 8684
16104 15732 11387 15303 5719 14895 15851 10539 6065 15053 2862 5852 16702 17390 9082 18097 2797 7533 1651 14381 19199 15410 5793 15113 14121 20052 16334 1817 6698 6014 7688 5143 7746 11160 12377 9270 9762 1807 12299 8596 5987 12784 14454 5789 4066 18552 20275 4084 6308 6550 19465 9603 11587 9374 19641 10677 7748 10061 8412 9302 7749 4019 0 14912 10226 17549 16982 7864 11924 11006 10021 19159 9168 3447 7862 12820 19658 10596 15294 10200 7458 4900 17307 5321 15816 11333 8649 8810 6763 9484 7263 20008 3438 16921 12276 5846 9497 15415 14567 5907 9772
5662 16636 8537 1762 10283 14287 944 18367 9129 18094 12312 18825 2991 9821 16064 17656 14321 7649 15370 2924 6755 10341 12736 2055 8536 6616 12750 14487 10565 10879 19203 10653 16431 15898 7468 17948 7269 13406 7343 6392 9346 3100 14502 14784 17180 4231 7536 12413 9493 9804 18251 16621 15509 5953 15890 12512 15348 19994 16518 7492 7163 12793 14912 0 13564 13059 2276 10524 20158 18233 11096 17499 8455 11484 17089 7746 18306 18601 19129 7383 9305 12982 13239 11800 9565 5159 7418 19655 10340 8267 14145 18789 11712 4463 3804 12852 7836 9116 9494 11271 5654
10823 5565 5230 12713 11798 4781 14342 5149 10516 5504 8230 9092 13400 9600 3225 7882 7493 8041 9046 11199 13862 7089 4482 12343 6997 15277 6888 8449 4852 12785 7956 11457 4566 2338 6579 5261 13712 8716 6645 9104 10814 13590 4272 4896 8609 15133 14835 12116 6555 5823 9240 3542 2085 11631 9699 1255 3532 7379 4164 6372 9518 12384 10226 13564 0 8163 14568 3877 6801 4840 2471 8943 14065 9454 5191 6603 9432 5403 6214 14278 12935 13359 7811 5350 7988 13665 6907 7720 13113 5423 3180 9785 8069 12558 13592 14119 5893 7846 6757 13019 8597
7699 5812 6819 11446 17037 4018 13391 12392 15454 8176 14985 17255 11141 3731 11161 5372 15083 12243 16695 10142 9284 2882 11902 11080 4850 10866 1276 15943 10949 18065 16014 16930 12680 9137 6698 13003 17099 15809 6849 12498 15810 14836 4666 12931 16679 12128 9850 18179 11980 11423 5465 11252 8374 14748 2865 7203 11692 14924 12190 9607 13468 18535 17549 13059 8163 0 12713 9724 13496 11822 7536 4666 17930 15660 13260 6185 5465 12630 9309 17568 17481 19357 448 12229 3494 15995 10531 15598 18081 8844 11240 5932 14592 9567 15221 19878 9114 3959 3901 18410 11128
5014 16954 9360 1893 12526 14560 1563 19560 11322 18642 14304 20591 1583 9169 17309 17675 16196 9564 17336 3369 5024 10235 14338 2238 8671 4547 12627 16439 12160 13144 20793 12879 17851 16860 8098 19270 9529 15413 8002 8393 11555 5326 14868 16373 19016 2006 5622 14642 11289 11506 18100 17828 16390 8207 15439 13424 16729 21367 17865 8935 9260 15025 16982 2276 14568 12713 0 11932 21312 19359 12115 17318 10716 13585 18527 8239 18128 19804 19731 9621 11579 15240 12961 13505 9304 7400 9050 21150 12613 9555 15559 18605 13699 3251 6036 15124 9176 8930 9545 13538 7419
9268 9068 3739 10039 8097 7576 11392 7929 6719 9360 5265 9105 11045 9664 5601 11160 5626 4179 7204 8652 12481 7561 2707 9713 6438 13664 8542 6371 1247 9114 8929 7819 5926 6028 4986 7426 9838 6097 4959 5312 7035 10029 7293 4579 7886 12908 13543 8739 2742 2022 12385 6194 5940 7798 11987 3525 4825 9473 5994 3034 5648 9057 7864 10524 3877 9724 11932 0 9745 7888 2335 11929 10194 6101 6598 5317 12550 8151 10090 10405 9113 9970 9509 2567 8043 9888 3264 9222 9368 2416 3633 12962 4904 10627 9945 10635 2758 7682 6761 9385 5075
17600 8262 12021 19438 15948 9478 20982 1820 15140 6085 11490 7241 20187 15894 4149 10366 9444 13635 10285 17944 20577 13380 8325 19077 13678 22030 12356 10286 10110 16744 4972 15449 4491 4699 13379 2748 18932 11284 13444 14913 15340 19755 8829 6733 8253 21933 21517 15367 11735 11108 11722 3553 5375 17226 13849 8024 5190 2403 4036 12715 14976 15482 11924 20158 6801 13496 21312 9745 0 1962 9208 11908 18957 13089 4143 13399 11943 1616 5437 19496 17486 16483 13061 9552 14400 19417 13006 3823 17302 11892 6374 12047 11695 19357 19627 17403 12329 14358 13285 16839 14820
15646 6957 10060 17488 14523 7832 19048 682 13598 5090 10170 7153 18227 14042 2379 9243 8346 11876 9422 15990 18639 11517 6731 17125 11743 20083 10640 9263 8351 15374 5100 14053 3266 2803 11418 1931 17294 10120 11482 13125 13822 17916 7179 5420 7735 19971 19587 14145 10026 9367 10656 1743 3523 15497 12439 6067 3618 3187 2634 10819 13257 14299 11006 18233 4840 11822 19359 7888 1962 0 7250 10728 17393 11729 3206 11440 10877 857 4796 17862 15987 15311 11399 7958 12518 17665 11152 4223 15884 9972 4704 11049 10299 17397 17816 16205 10417 12457 11378 15503 12954
8572 6885 2837 10252 10358 5254 11871 7489 8917 7506 7546 10309 10981 8018 5338 8878 7563 6071 9175 8745 11700 5677 4396 9885 5024 13050 6313 8409 3576 11384 9628 10110 6286 4802 4224 7382 11717 8304 4271 6965 9247 11224 5006 5735 9407 12746 12713 11072 4992 4303 10073 5789 4451 9521 9684 1510 5126 9524 6086 4037 7544 11391 10021 11096 2471 7536 12115 2335 9208 7250 0 9601 12204 8435 6970 4334 10234 7738 8379 12272 11259 12301 7286 4712 6361 11450 4697 9628 11594 3045 4229 10653 7217 10222 11272 12955 3519 6098 5057 11670 6267
12318 3799 10156 15958 19915 4355 17906 11398 18420 5831 16993 17385 15758 8390 11047 1564 16436 15359 17983 14577 13914 7160 13379 15581 9005 15486 4749 17392 13156 20948 15658 19695 12719 8684 10529 12397 20705 17595 10682 15921 18763 18979 4716 13737 17307 16791 14419 20665 14573 13900 803 10871 8012 18367 2640 8562 12032 13889 12078 12848 16745 20976 19159 17499 8943 4666 17318 11929 11908 10728 9601 0 21391 18014 13129 10087 810 11583 6673 21217 20670 21898 4369 14083 8018 19893 13729 14924 21106 11914 12054 1291 16736 14212 19283 22556 12297 8420 8029 21247 14744
12607 19079 11273 9747 3457 17223 9200 17205 3820 19553 7793 14677 11253 15879 15024 20931 10180 6134 10380 9748 14815 15090 10665 9789 13165 14979 17088 9763 9279 3313 15998 4038 14493 16101 11238 16252 1187 8482 11089 5480 3649 5408 17107 12283 12809 12686 15739 5329 7542 8267 21982 15661 16105 3252 20697 13628 13802 17799 14924 8544 4678 5587 9168 8455 14065 17930 10716 10194 18957 17393 12204 21391 0 6232 14957 11759 22113 17368 20269 1245 1709 5295 17910 9436 14845 3341 7674 16891 2550 9493 12691 22568 7420 12315 4701 4822 9096 14331 14056 3582 6804
13091 14972 9027 11951 2904 13659 12420 11430 2698 14827 1614 8471 13384 14900 9453 17177 3956 4333 4268 11122 16085 13209 5197 11783 11665 16835 14537 3560 4862 3656 9781 2372 8603 11030 9770 10343 6604 2280 9667 5241 2699 9348 13340 6360 6610 15209 17151 2668 3704 4239 18444 10070 11246 5950 18052 9496 8126 11701 9131 6534 4328 2963 3447 11484 9454 15660 13585 6101 13089 11729 8435 18014 6232 0 8976 10263 18616 11558 15319 7099 4583 3912 15489 4123 13430 7977 5734 10712 4231 6983 7194 19017 1446 13726 8858 4672 6863 12979 12269 3774 6542
15496 9348 9721 16634 11856 9538 17971 2683 11139 7926 7369 4261 17598 14754 2131 11759 5307 10003 6251 15228 18656 12262 4533 16304 11962 19970 11997 6170 6589 12626 2767 11344 690 4450 11112 1415 15017 7141 11135 11335 11315 16266 8921 2675 4555 19440 19677 11224 8034 7497 13195 2269 5158 13478 14443 6364 1854 2959 1080 9621 11232 11340 7862 17089 5191 13260 18527 6598 4143 3206 6970 13129 14957 8976 0 11282 13412 2734 7857 15573 13436 12344 12881 5705 13121 15695 9698 2672 13202 8980 2969 13652 7607 17046 16055 13261 9351 12936 11856 12710 11513
4241 8890 1604 6502 11142 6552 8346 11745 9537 10423 10002 14348 6921 4637 9660 10031 10873 6328 12404 4973 7374 3330 8015 6112 1454 8718 5460 11529 6242 12145 13889 11119 10594 8784 531 11710 10914 11013 673 6378 9893 8896 6757 9756 13200 8573 8399 12554 6616 6273 10785 10084 8245 8563 9000 5376 9430 13853 10418 3760 7403 12935 12820 7746 6603 6185 8239 5317 13399 11440 4334 10087 11759 10263 11282 0 10872 11997 11499 11383 11400 13653 6201 7768 3227 9866 4645 13949 12076 3341 8441 11351 9491 5959 9198 14062 3401 2744 2296 12513 4956
13126 4073 10901 16768 20574 4982 18715 11555 19094 5865 17556 17672 16567 9183 11362 1653 16914 16058 18442 15385 14695 7968 13897 16390 9806 16263 5556 17877 13767 21605 15877 20341 13034 8993 11308 12608 21442 18125 11461 16649 19434 19767 5279 14158 17673 17592 15183 21274 15220 14537 222 11144 8354 19110 3273 9133 12404 14006 12378 13570 17457 21579 19658 18306 9432 5465 18128 12550 11943 10877 10234 810 22113 18616 13412 10872 0 11727 6597 21959 21363 22510 5175 14644 8828 20660 14443 15095 21779 12626 12495 483 17317 15018 20064 23185 13017 9230 8831 21898 15494
16224 7813 10570 17923 14398 8653 19435 255 13554 5923 9972 6431 18714 14763 2550 10095 8015 12019 8981 16441 19257 12234 6720 17567 12373 20680 11435 8897 8495 15214 4311 13908 2963 3540 11945 1333 17327 9831 12001 13299 13760 18149 8000 5199 7147 20484 20221 13896 10120 9492 11506 1981 4286 15611 13290 6651 3580 2335 2447 11139 13361 14028 10596 18601 5403 12630 19804 8151 1616 857 7738 11583 17368 11558 2734 11997 11727 0 5569 17892 15914 15036 12210 7949 13217 17801 11408 3385 15755 10335 4759 11894 10149 17941 18016 15945 10766 13136 12051 15322 13225
15239 3506 10604 17997 17864 5591 19802 5461 16664 1160 13909 11945 18358 12463 6220 5110 12517 14251 13809 16463 17783 10183 10126 17608 11195 19346 8426 13487 11011 18817 9879 17477 7713 4289 11695 6713 19925 14123 11810 15282 16948 19578 5083 9507 12405 19865 18572 17918 12738 12009 6380 5746 4168 17824 8917 6869 7547 7670 7013 12416 15730 18137 15294 19129 6214 9309 19731 10090 5437 4796 8379 6673 20269 15319 7857 11499 6597 5569 0 20490 19094 19143 8862 11225 11275 19814 13045 8921 19204 11420 8194 6656 13881 17166 19647 19971 11894 11414 10486 19017 14645
11842 19095 11061 8769 4491 17139 8085 17717 4505 19719 8597 15569 10252 15306 15484 20845 10997 6241 11326 8911 13884 14699 11172 8844 12746 13963 16794 10658 9601 4492 16779 5060 15073 16399 10875 16826 570 9376 10723 5349 4416 4295 17070 12901 13708 11608 14777 6481 7873 8574 21839 16121 16345 2850 20375 13737 14312 18462 15462 8431 4761 6761 10200 7383 14278 17568 9621 10405 19496 17862 12272 21217 1245 7099 15573 11383 21959 17892 20490 0 2808 6521 17577 9944 14371 2224 7620 17622 3746 9419 13162 22422 8168 11404 3585 6067 8991 13856 13670 4787 6487
12823 18137 10697 10385 1751 16413 10132 15762 2432 18439 6173 12992 11911 15754 13636 20101 8539 5316 8682 10137 15297 14704 9264 10365 12843 15628 16551 8084 8089 1719 14364 2332 13002 14865 10870 14760 2475 6807 10728 5027 2171 6429 16240 10772 11124 13487 16275 3675 6384 7116 21220 14271 14928 3481 20172 12617 12375 16235 13467 7905 4012 3964 7458 9305 12935 17481 11579 9113 17486 15987 11259 20670 1709 4583 13436 11400 21363 15914 19094 2808 0 3824 17419 8048 14582 4491 6990 15285 1047 8777 11307 21806 5843 12789 5760 3556 8431 14075 13676 2059 6517
15861 18884 12593 13901 2768 17544 13845 14938 4266 18694 5235 10750 15419 18241 13133 21083 7040 7346 6482 13435 18593 16780 9029 13830 15097 19085 18280 6242 8744 2127 12544 2587 12082 14861 13134 13753 6270 5206 13012 7706 3939 10214 17239 9893 8959 17090 19615 1244 7405 8030 22341 13727 15115 7034 21840 13402 11780 14808 12678 9903 6594 1013 4900 12982 13359 19357 15240 9970 16483 15311 12301 21898 5295 3912 12344 13653 22510 15036 19143 6521 3824 0 19215 8015 16876 8313 9008 13629 2796 10538 10960 22916 5298 16115 9561 948 10327 16397 15797 1765 9229
7954 5366 6731 11651 16932 3584 13598 11974 15357 7728 14774 16902 11396 4076 10776 4991 14812 12156 16423 10317 9643 2959 11629 11279 4916 11228 973 15683 10743 17963 15631 16810 12309 8726 6702 12601 17101 15580 6855 12459 15712 14938 4234 12609 16356 12430 10232 18029 11824 11250 5162 10854 7963 14747 2799 6884 11334 14509 11809 9526 13410 18380 17307 13239 7811 448 12961 9509 13061 11399 7286 4369 17910 15489 12881 6201 5175 12210 8862 17577 17419 19215 0 11993 3685 16047 10449 15199 17997 8732 10912 5649 14395 9843 15305 19754 9021 4123 3947 18302 11116
11493 10898 6237 11650 6674 9750 12723 7778 5643 10707 2912 7094 12835 12210 5593 13156 3105 4357 4653 10414 14694 10127 1230 11370 8965 15766 11020 3807 1537 7602 7445 6261 5157 6939 7384 6896 9380 3592 7334 5706 5878 10642 9371 3106 5626 14725 15769 6774 2379 2002 14463 6230 7127 7773 14378 5521 4372 8653 5519 4739 5528 7035 5321 11800 5350 12229 13505 2567 9552 7958 4712 14083 9436 4123 5705 7768 14644 7949 11225 9944 8048 8015 11993 0 10599 9991 4457 8032 8030 4557 3261 15027 2720 12659 10389 8794 4723 10227 9323 7793 6148
4327 8053 4442 7965 14368 5711 9913 12964 12762 10118 13054 16667 7753 1657 11213 8414 13666 9556 15246 6648 6511 1091 10615 7595 1779 8083 3338 14406 9132 15368 15858 14346 12462 9717 3753 13240 13935 14015 3884 9556 13118 11406 6191 12095 15739 8916 7308 15767 9745 9329 8797 11493 9025 11609 6340 6767 11339 15335 12132 6975 10605 16146 15816 9565 7988 3494 9304 8043 14400 12518 6361 8018 14845 13430 13121 3227 8828 13217 11275 14371 14582 16876 3685 10599 0 12674 7870 15702 15284 6450 10563 9307 12574 6260 11824 17289 6581 516 1306 15738 8083
9813 18086 9808 6574 5879 15988 5870 17604 5284 18955 9276 16279 8043 13471 15302 19659 11622 5789 12231 6830 11707 13113 11174 6671 11145 11746 15325 11462 9316 6194 17226 6381 15132 15905 9389 16846 2164 10213 9236 4576 5346 2075 15996 13076 14459 9385 12581 8026 7692 8310 20556 15929 15750 2221 18842 12956 14246 18643 15432 7435 4464 8360 11333 5159 13665 15995 7400 9888 19417 17665 11450 19893 3341 7977 15695 9866 20660 17801 19814 2224 4491 8313 16047 9991 12674 0 6770 17953 5532 8444 13045 21133 8756 9245 1366 8005 7981 12162 12103 6549 5261
7456 11476 3718 7193 6532 9552 8322 11188 4935 12199 5789 11549 8402 9249 8859 13261 7285 1714 8603 5988 10564 7829 5322 6916 6091 11496 9568 7691 3147 7550 11792 6480 9052 9180 4127 10634 7077 6887 4008 2277 5291 6769 9457 7369 10024 10293 11642 7916 2389 2465 14311 9457 8989 4831 13188 6195 8006 12629 9194 924 3017 8300 8649 7418 6907 10531 9050 3264 13006 11152 4697 13729 7674 5734 9698 4645 14443 11408 13045 7620 6990 9008 10449 4457 7870 6770 0 12240 7550 1819 6789 14897 5212 8360 6710 9430 1442 7389 6822 7906 1824
18167 11134 12391 19259 13612 11727 20550 3543 13124 9308 9112 3495 20249 17320 4507 13456 6776 12388 7171 17870 21323 14808 6956 18935 14599 22641 14357 7420 9099 14263 1212 13062 3362 6504 13783 2605 17083 8604 13807 13735 13251 18673 11085 4930 4826 22098 22340 12629 10408 9941 14874 4347 7265 15734 16514 8937 4525 1452 3575 12223 13519 12670 8810 19655 7720 15598 21150 9222 3823 4223 9628 14924 16891 10712 2672 13949 15095 3385 8921 17622 15285 13629 15199 8032 15702 17953 12240 0 14910 11621 5616 15271 9474 19716 18416 14574 11979 15539 14454 14283 14037
13715 18434 11267 11388 1362 16807 11173 15617 2686 18603 5845 12443 12915 16511 13564 20469 8134 5841 8098 11088 16256 15348 9214 11357 13527 16623 17108 7580 8267 772 13939 1859 12811 14939 11545 14559 3475 6330 11408 5756 2347 7477 16598 10568 10581 14511 17245 2799 6627 7347 21629 14193 15055 4471 20724 12892 12267 15928 13316 8474 4681 3040 6763 10340 13113 18081 12613 9368 17302 15884 11594 21106 2550 4231 13202 12076 21779 15755 19204 3746 1047 2796 17997 8030 15284 5532 7550 14910 0 9288 11256 22213 5607 13752 6807 2514 8977 14782 14327 1042 7282
6950 9690 2058 7662 8200 7735 9101 10100 6630 10525 6662 11459 8632 7955 7804 11444 7642 3463 9130 6249 10160 6251 5038 7326 4696 11290 7828 8240 3023 9231 11345 8086 8301 7752 2894 9726 8882 7677 2822 4070 6983 8184 7651 6981 10137 10493 11231 9386 3296 2934 12492 8355 7469 6605 11439 4554 7174 11813 8313 1010 4832 9754 9484 8267 5423 8844 9555 2416 11892 9972 3045 11914 9493 6983 8980 3341 12626 10335 11420 9419 8777 10538 8732 4557 6450 8444 1819 11621 9288 0 6012 13078 6153 8229 8228 11036 474 6008 5290 9570 3225
12614 8502 6852 13666 9895 7959 15020 4569 8904 7834 5727 6118 14634 12218 2333 10898 4471 7270 5953 12260 15798 9806 2045 13336 9248 17075 9966 5450 3759 10788 5450 9452 2293 3943 8231 3854 12595 5946 8242 8566 9137 13456 7435 1716 5449 16481 16835 9745 5361 4740 12294 2970 4326 10852 12879 4042 1221 5849 2416 6663 8602 9951 7263 14145 3180 11240 15559 3633 6374 4704 4229 12054 12691 7194 2969 8441 12495 4759 8194 13162 11307 10960 10912 3261 10563 13045 6789 5616 11256 6012 0 12820 5748 14114 13293 11805 6383 10319 9266 10949 8612
13602 4349 11368 17249 21002 5408 19197 11729 19528 5994 17938 17911 17043 9644 11623 1924 17254 16505 18772 15868 15144 8451 14259 16872 10289 16709 6039 18220 14174 22032 16079 20763 13292 9255 11786 12811 21905 18491 11938 17108 19867 20247 5677 14471 17954 18059 15620 21678 15643 14956 586 11383 8637 19574 3653 9525 12693 14153 12628 14027 17909 21979 20008 18789 9785 5932 18605 12962 12047 11049 10653 1291 22568 19017 13652 11351 483 11894 6656 22422 21806 22916 5649 15027 9307 21133 14897 15271 22213 13078 12820 0 17708 15490 20542 23598 13473 9711 9315 22322 15961
12668 13612 8134 11967 4254 12386 12656 10014 3663 13403 606 7524 13331 14105 8012 15850 2870 4156 3661 10983 15762 12261 3755 11757 10840 16630 13432 2795 3659 5075 8611 3759 7204 9592 9027 8954 7640 1722 8940 5323 3778 9890 12038 4962 5710 15197 16838 4059 2898 3246 17140 8631 9822 6602 16890 8184 6689 10393 7713 5888 4635 4315 3438 11712 8069 14592 13699 4904 11695 10299 7217 16736 7420 1446 7607 9491 17317 10149 13881 8168 5843 5298 14395 2720 12574 8756 5212 9474 5607 6153 5748 17708 0 13496 9477 6095 6120 12148 11363 5212 6381
1954 14171 7386 2743 13348 11779 4344 17689 11911 16039 14091 19677 1686 5950 15557 14674 15624 9412 16963 2679 2509 7266 13262 2580 5971 3137 9597 16051 11171 14143 19531 13580 16356 14738 5999 17591 11168 15204 5952 8557 12208 7337 12160 15205 18284 2703 3501 15305 10749 10757 15003 16008 14180 9312 12238 11335 15197 19730 16253 7922 9617 15704 16921 4463 12558 9567 3251 10627 19357 17397 10222 14212 12315 13726 17046 5959 15018 17941 17166 11404 12789 16115 9843 12659 6260 9245 8360 19716 13752 8229 14114 15490 13496 0 7985 16187 7969 5949 6723 14546 7185
8689 17706 9348 5279 7023 15525 4504 17807 6219 18736 10031 16964 6721 12501 15484 19147 12309 6052 13053 5681 10420 12349 11523 5405 10389 10407 14635 12243 9534 7434 17759 7487 15460 15885 8756 17136 3519 11030 8604 4729 6338 710 15586 13495 15180 8024 11270 9186 8025 8570 19972 16098 15665 2908 18083 12781 14510 19014 15704 7239 4933 9537 12276 3804 13592 15221 6036 9945 19627 17816 11272 19283 4701 8858 16055 9198 20064 18016 19647 3585 5760 9561 15305 10389 11824 1366 6710 18416 6807 8228 13293 20542 9477 7985 0 9304 7754 11320 11364 7803 5006
16047 19616 13080 13875 2948 18208 13686 15843 4545 19496 6082 11696 15400 18607 14005 21783 7963 7734 7430 13512 18682 17247 9846 13831 15513 19098 18830 7180 9429 2046 13492 2953 12987 15684 13537 14668 5889 6120 13409 7940 4195 9980 17925 10785 9907 17016 19686 2065 8002 8659 23020 14605 15915 6959 22413 14107 12655 15747 13574 10341 6827 1923 5846 12852 14119 19878 15124 10635 17403 16205 12955 22556 4822 4672 13261 14062 23185 15945 19971 6067 3556 948 19754 8794 17289 8005 9430 14574 2514 11036 11805 23598 6095 16187 9304 0 10793 16801 16249 1643 9477
6775 10136 2296 7283 7926 8151 8681 10533 6340 10995 6651 11708 8299 8038 8228 11859 7773 3136 9225 5898 9972 6457 5300 6956 4808 11057 8133 8326 3209 8952 11669 7840 8676 8220 2917 10131 8458 7695 2823 3646 6696 7710 8084 7280 10337 10171 11047 9197 3228 2966 12887 8787 7942 6166 11751 5028 7560 12206 8711 560 4455 9572 9497 7836 5893 9114 9176 2758 12329 10417 3519 12297 9096 6863 9351 3401 13017 10766 11894 8991 8431 10327 9021 4723 6581 7981 1442 11979 8977 474 6383 13473 6120 7969 7754 10793 0 6121 5470 9299 2752
3999 8266 4028 7541 13876 5895 9488 12881 12270 10264 12636 16405 7394 1983 11068 8752 13307 9068 14879 6194 6384 1318 10287 7166 1313 7935 3698 14030 8744 14873 15658 13860 12270 9663 3265 13107 13420 13611 3392 9049 12625 10908 6338 11820 15434 8629 7233 15295 9304 8906 9191 11373 8990 11094 6817 6608 11135 15217 11965 6501 10102 15676 15415 9116 7846 3959 8930 7682 14358 12457 6098 8420 14331 12979 12936 2744 9230 13136 11414 13856 14075 16397 4123 10227 516 12162 7389 15539 14782 6008 10319 9711 12148 5949 11320 16801 6121 0 1089 15244 7573
4775 7454 3243 8022 13353 5059 9955 11797 11752 9346 11828 15365 8057 2962 9980 8180 12378 8530 13964 6584 7384 1034 9314 7635 981 8912 3296 13130 7872 14367 14583 13297 11192 8587 2819 12018 13206 12770 2967 8662 12109 11010 5442 10791 14433 9425 8267 14664 8569 8118 8768 10284 7922 10857 6740 5520 10061 14128 10880 5907 9669 15036 14567 9494 6757 3901 9545 6761 13285 11378 5057 8029 14056 12269 11856 2296 8831 12051 10486 13670 13676 15797 3947 9323 1306 12103 6822 14454 14327 5290 9266 9315 11363 6723 11364 16249 5470 1089 0 14726 7252
14408 18437 11594 12252 1374 16917 12121 15197 2976 18471 5350 11677 13776 17026 13223 20540 7523 6196 7327 11870 17040 15735 8929 12202 13966 17467 17392 6886 8223 403 13272 1568 12362 14732 11985 14091 4514 5680 11854 6320 2620 8462 16670 10123 9827 15412 18046 1847 6679 7372 21740 13843 14900 5346 20993 12898 11899 15358 12901 8826 5211 2038 5907 11271 13019 18410 13538 9385 16839 15503 11670 21247 3582 3774 12710 12513 21898 15322 19017 4787 2059 1765 18302 7793 15738 6549 7906 14283 1042 9570 10949 22322 5212 14546 7803 1643 9299 15244 14726 0 7859
6656 12824 4594 5620 6532 10746 6575 13003 4965 13746 6985 13198 6952 9239 10675 14433 8779 2239 9964 4610 9556 8286 7095 5389 6372 10301 10314 9058 4938 7468 13555 6642 10871 10904 4434 12457 5994 8103 4285 1539 5301 4998 10737 9142 11598 8824 10617 8285 3873 4151 15379 11268 10664 3641 13908 7777 9830 14448 11018 2232 2650 8684 9772 5654 8597 11128 7419 5075 14820 12954 6267 14744 6804 6542 11513 4956 15494 13225 14645 6487 6517 9229 11116 6148 8083 5261 1824 14037 7282 3225 8612 15961 6381 7185 5006 9477 2752 7573 7252 7859 0
1 9 5 5
2 8 8 3
3 9 8 3
4 7 10 2
5 9 10 8
6 12 9 7
7 5 8 5
8 6 9 3
9 7 6 6
10 7 12 5
11 7 11 3
12 7 13 3
13 7 7 5
14 12 4 1
15 11 10 7
16 11 5 8
17 13 7 5
18 8 6 5
19 3 6 11
20 6 7 3
21 11 7 9
22 12 6 4
23 10 9 2
24 7 10 6
25 5 3 1
26 5 7 4
27 15 7 4
28 10 8 2
29 11 5 5
30 11 9 4
31 11 7 1
32 11 6 0
33 8 9 8
34 10 14 3
35 7 8 3
36 9 9 5
37 9 8 7
38 9 9 3
39 10 10 3
40 8 9 3
41 9 8 4
42 10 6 3
43 13 6 5
44 4 7 4
45 12 10 5
46 8 7 4
47 8 8 2
48 13 12 2
49 7 10 2
50 9 5 5
51 10 4 6
52 6 5 4
53 9 7 3
54 6 7 4
55 7 7 3
56 10 7 3
57 12 11 5
58 8 12 6
59 10 7 7
60 12 8 3
61 10 4 3
62 8 4 3
63 10 9 3
64 9 8 5
65 8 4 7
66 7 10 3
67 10 9 4
68 5 10 10
69 11 11 7
70 7 9 3
71 11 12 5
72 6 7 6
73 10 10 1
74 5 11 5
75 9 10 5
76 11 3 5
77 6 7 6
78 13 10 5
79 9 12 7
80 6 8 5
81 6 10 3
82 10 10 3
83 12 5 4
84 11 10 11
85 8 8 0
86 15 3 5
87 6 8 2
88 6 7 9
89 7 10 6
90 8 7 6
91 6 10 1
92 9 6 6
93 8 5 3
94 9 9 3
95 8 7 6
96 8 10 3
97 6 3 9
98 3 6 6
99 3 5 5
100 8 13 2
