75 15 3
30 60 700 9.00
0 2 9 2
0 9 1 1
0 17 1 2
0 5 5 3
0 12 5 2
0 13 12 1
0 14 8 2
0 18 9 3
0 5 8 1
0 7 11 2
0 14 1 3
0 1 11 3
0 8 8 2
0 3 9 1
0 1 6 2
0 2 15 2
0 21 7 2
0 12 6 2
0 12 7 2
0 1 14 2
0 8 3 2
0 5 13 1
0 12 7 3
0 8 12 1
0 18 3 1
0 5 7 1
0 7 7 2
0 1 15 1
0 5 4 3
0 13 2 2
0 5 12 3
0 4 15 2
0 11 14 1
0 2 14 3
0 8 4 2
0 7 9 2
0 19 11 1
0 2 10 2
0 17 1 1
0 2 3 1
0 7 7 2
0 3 1 2
0 10 13 2
0 6 15 1
0 12 5 2
0 3 15 3
0 5 12 2
0 12 3 2
0 2 10 3
0 5 6 3
0 3 13 1
0 3 6 3
0 17 3 1
0 3 12 3
0 2 13 2
0 13 12 3
0 12 9 1
0 11 3 2
0 15 3 3
0 3 6 1
0 16 8 2
0 7 4 1
0 11 3 3
0 14 12 1
0 8 5 2
0 17 11 3
0 3 7 3
0 15 4 1
0 10 9 3
0 6 15 1
0 3 6 1
0 8 7 3
0 15 8 2
0 1 2 2
0 4 6 2
0 23123 1144 9239 18226 16319 9275 3365 8959 3224 13843 17408 5988 8205 9047 20242
23123 0 23408 15504 8985 15698 15041 21228 14389 21113 12460 11335 17518 20288 16395 4761
1144 23408 0 9026 18892 15784 9144 2788 9090 4263 14604 18183 6002 7412 9913 20334
9239 15504 9026 0 13934 7807 677 6347 2737 8993 11282 14367 3477 4992 9296 11743
18226 8985 18892 13934 0 18339 13271 17560 11543 15425 4661 2351 14081 18785 9604 10524
16319 15698 15784 7807 18339 0 8193 13012 10013 16686 17329 19592 11176 8819 16710 10947
9275 15041 9144 677 13271 8193 0 6541 2092 8791 10611 13691 3359 5604 8733 11403
3365 21228 2788 6347 17560 13012 6541 0 6845 5064 13613 17173 3732 4891 9430 17891
8959 14389 9090 2737 11543 10013 2092 6845 0 7767 8586 11775 3130 7257 6729 11283
3224 21113 4263 8993 15425 16686 8791 5064 7767 0 10904 14420 5528 9704 5979 18749
13843 12460 14604 11282 4661 17329 10611 13613 8586 10904 0 3584 10469 15688 4983 12383
17408 11335 18183 14367 2351 19592 13691 17173 11775 14420 3584 0 13935 19000 8449 12635
5988 17518 6002 3477 14081 11176 3359 3732 3130 5528 10469 13935 0 5500 7099 14332
8205 20288 7412 4992 18785 8819 5604 4891 7257 9704 15688 19000 5500 0 12597 16212
9047 16395 9913 9296 9604 16710 8733 9430 6729 5979 4983 8449 7099 12597 0 15081
20242 4761 20334 11743 10524 10947 11403 17891 11283 18749 12383 12635 14332 16212 15081 0
1 11 5 6
2 9 9 8
3 6 15 8
4 10 9 8
5 5 12 7
6 5 9 4
7 11 8 10
8 9 8 4
9 10 4 7
10 7 10 5
11 14 12 8
12 8 10 3
13 11 8 9
14 10 7 5
15 8 7 3
