75 15 3
30 60 700 9.00
0 5 7 2
0 4 9 2
0 12 14 3
0 22 11 3
0 1 10 2
0 8 6 2
0 5 2 3
0 6 14 1
0 4 6 1
0 12 12 3
0 17 1 2
0 13 6 3
0 5 4 3
0 1 1 3
0 12 3 2
0 6 14 2
0 18 15 3
0 10 10 1
0 17 6 2
0 20 13 2
0 9 11 2
0 5 5 2
0 3 8 2
0 8 10 3
0 1 8 2
0 3 7 3
0 1 14 1
0 10 3 3
0 2 10 2
0 13 6 3
0 6 2 3
0 7 2 2
0 3 9 1
0 7 13 2
0 12 13 2
0 7 14 2
0 2 11 2
0 10 6 2
0 1 3 1
0 8 2 1
0 12 15 3
0 9 12 1
0 14 10 3
0 18 13 3
0 1 5 2
0 3 6 2
0 1 4 1
0 12 5 2
0 24 14 3
0 4 13 3
0 5 1 1
0 1 4 3
0 2 13 1
0 2 5 1
0 1 5 3
0 10 14 1
0 4 2 2
0 9 8 1
0 1 2 3
0 10 11 1
1 7 6 1
1 1 6 3
1 7 4 3
1 22 3 2
1 4 2 1
1 7 13 2
1 5 10 2
1 9 10 3
1 8 6 3
1 18 13 3
1 19 11 1
1 18 14 1
1 1 15 1
1 7 6 1
1 19 3 2
0 20138 2067 4718 9865 11385 19142 16100 7456 13848 13950 11402 10088 7790 2813 15874
20138 0 20541 15626 10588 11857 10210 19722 17734 17089 6199 8992 10135 25143 20784 13481
2067 20541 0 4930 10712 12787 18480 14422 9417 12376 14440 11598 10406 5953 747 14832
4718 15626 4930 0 5954 8753 14638 13553 7774 10807 9510 6741 5494 10221 5257 11866
9865 10588 10712 5954 0 4013 13276 16606 7681 13544 4496 3742 2739 16174 11139 12570
11385 11857 12787 8753 4013 0 16798 20583 6196 17530 6884 7550 6734 18647 13369 16526
19142 10210 18480 14638 13276 16798 0 10942 20635 9223 10220 9564 10831 20909 18343 4876
16100 19722 14422 13553 16606 20583 10942 0 21320 3071 16485 13710 14012 13552 13876 6357
7456 17734 9417 7774 7681 6196 20635 21320 0 18520 12027 11146 9814 15242 10148 18961
13848 17089 12376 10807 13544 17530 9223 3071 18520 0 13493 10655 10941 12715 11930 4347
13950 6199 14440 9510 4496 6884 10220 16485 12027 13493 0 3271 4092 19346 14733 11117
11402 8992 11598 6741 3742 7550 9564 13710 11146 10655 3271 0 1413 16204 11808 9018
10088 10135 10406 5494 2739 6734 10831 14012 9814 10941 4092 1413 0 15263 10667 9834
7790 25143 5953 10221 16174 18647 20909 13552 15242 12715 19346 16204 15263 0 5302 16427
2813 20784 747 5257 11139 13369 18343 13876 10148 11930 14733 11808 10667 5302 0 14558
15874 13481 14832 11866 12570 16526 4876 6357 18961 4347 11117 9018 9834 16427 14558 0
1 8 8 7
2 6 10 5
3 3 4 4
4 9 5 3
5 9 5 4
6 5 10 2
7 6 8 3
8 7 11 2
9 6 7 5
10 10 6 4
11 5 6 5
12 10 9 6
13 9 6 4
14 7 5 8
15 7 8 4
