900 100 3
30 60 700 9.00
0 2 87 2
0 6 26 2
0 1 91 2
0 3 56 3
0 2 96 3
0 14 96 2
0 4 25 1
0 6 5 3
0 1 71 2
0 18 57 3
0 4 80 2
0 1 8 2
0 15 96 2
0 10 73 1
0 12 34 1
0 22 13 3
0 5 63 3
0 13 99 3
0 4 40 2
0 6 53 3
0 2 34 2
0 4 71 1
0 3 69 2
0 10 44 3
0 16 30 3
0 10 40 2
0 1 32 1
0 17 51 3
0 11 63 1
0 2 18 1
0 6 42 2
0 11 27 2
0 3 86 3
0 4 48 1
0 5 22 3
0 2 20 2
0 2 88 2
0 6 41 3
0 10 33 3
0 1 50 3
0 12 99 3
0 1 7 2
0 8 22 3
0 1 75 3
0 1 96 1
0 10 93 3
0 14 8 2
0 1 22 2
0 19 93 1
0 9 9 1
0 7 92 3
0 6 47 2
0 8 30 1
0 15 5 2
0 2 52 1
0 19 23 3
0 11 59 2
0 3 56 2
0 1 47 2
0 4 45 1
0 6 34 3
0 9 55 1
0 14 95 1
0 16 31 3
0 7 41 2
0 15 64 2
0 4 84 3
0 12 16 1
0 15 34 3
0 3 16 1
0 6 95 3
0 5 82 1
0 2 65 2
0 10 58 2
0 2 55 3
0 1 6 2
0 20 18 1
0 1 15 1
0 3 27 1
0 12 40 1
0 21 31 3
0 7 98 2
0 8 94 1
0 4 66 3
0 3 2 1
0 20 8 2
0 8 74 3
0 1 87 1
0 11 26 2
0 1 99 3
0 3 97 2
0 6 38 3
0 2 60 2
0 11 25 3
0 1 16 3
0 4 27 1
0 6 49 2
0 4 19 3
0 6 27 2
0 1 98 1
0 8 97 1
0 3 61 1
0 5 11 3
0 7 91 2
0 12 8 1
0 10 52 2
0 15 79 3
0 17 74 1
0 10 70 2
0 3 88 2
0 24 99 2
0 13 63 2
0 23 77 1
0 8 12 3
0 3 52 2
0 22 55 3
0 13 9 2
0 5 1 3
0 2 40 3
0 5 29 1
0 15 28 2
0 6 39 2
0 14 15 2
0 2 79 2
0 2 51 1
0 1 58 2
0 8 25 3
0 16 14 1
0 8 33 3
0 2 37 1
0 9 5 1
0 19 1 3
0 23 43 2
0 5 3 1
0 3 75 2
0 8 55 1
0 4 96 2
0 5 61 2
0 11 74 1
0 3 95 3
0 20 38 2
0 5 35 2
0 3 50 2
0 15 1 2
0 17 89 2
0 4 20 2
0 9 58 2
0 9 75 2
0 18 27 2
0 3 21 2
0 2 1 1
0 9 7 1
0 17 9 2
0 22 69 2
0 16 81 3
0 11 14 2
0 4 20 3
0 2 38 1
0 1 99 2
0 4 79 1
0 3 76 1
0 11 89 3
0 1 76 2
0 25 27 3
0 19 31 3
0 4 62 3
0 8 53 1
0 4 57 1
0 1 71 2
0 5 25 1
0 10 62 3
0 4 66 1
0 12 87 3
0 6 52 3
0 7 81 3
0 5 78 3
0 10 66 3
0 7 49 1
0 6 17 1
0 6 45 3
0 11 78 3
0 12 77 2
0 1 90 1
0 14 78 1
0 8 53 1
0 7 93 2
0 5 12 2
0 3 2 2
0 11 63 1
0 12 70 1
0 5 46 1
0 22 25 3
0 5 20 3
0 1 46 1
0 2 68 2
0 6 2 1
0 8 74 1
0 2 2 2
0 1 9 3
0 1 50 3
0 12 67 3
0 8 73 2
0 20 80 3
0 2 7 3
0 3 20 1
0 2 47 3
0 7 11 3
0 2 1 1
0 2 75 1
0 3 81 1
0 7 51 3
0 9 17 2
0 20 93 3
0 5 10 3
0 14 59 1
0 11 97 2
0 1 80 1
0 18 49 1
0 16 56 2
0 10 87 2
0 5 77 1
0 9 47 2
0 2 17 2
0 3 47 3
0 22 83 1
0 17 97 3
0 16 45 3
0 3 60 3
0 2 59 1
0 2 65 1
0 20 67 2
0 3 32 1
0 10 46 1
0 4 61 3
0 7 13 3
0 3 10 1
0 12 60 1
0 1 14 2
0 4 37 3
0 2 76 3
0 2 96 3
0 7 12 1
0 2 82 3
0 1 56 2
0 6 74 1
0 24 34 3
0 2 87 1
0 2 2 3
0 1 27 3
0 11 98 3
0 5 98 1
0 12 6 2
0 15 6 1
0 4 6 3
0 1 68 1
0 4 1 1
0 6 98 3
0 17 87 1
0 20 70 2
0 1 14 2
0 14 14 3
0 5 86 3
0 2 21 2
0 20 60 2
0 3 64 1
0 3 63 3
0 13 60 1
0 11 65 2
0 15 14 3
0 8 82 2
0 13 68 2
0 13 29 3
0 6 81 2
0 6 10 2
0 5 87 1
0 5 88 3
0 20 76 3
0 18 92 1
0 15 1 3
0 1 50 3
0 1 71 3
0 7 75 1
0 2 92 2
0 19 73 2
0 6 61 1
0 17 30 2
0 7 62 3
0 1 78 3
0 13 80 3
0 8 54 3
0 3 46 2
0 7 44 3
0 7 54 3
0 16 29 1
0 12 98 2
0 18 70 1
0 9 70 3
0 12 79 1
0 7 73 3
0 9 67 3
0 8 4 2
0 3 83 2
0 8 6 2
0 9 10 1
0 4 63 2
0 9 44 2
0 14 90 3
0 3 21 3
0 24 19 2
0 1 45 2
0 6 22 1
0 19 35 1
0 17 31 2
0 5 50 1
0 18 52 2
0 9 86 2
0 2 39 3
0 7 89 2
0 5 79 1
0 13 72 3
0 1 4 3
0 18 24 3
0 4 81 2
0 13 58 2
0 2 62 3
0 8 91 2
0 1 37 1
0 2 20 3
0 11 63 2
0 4 17 1
0 8 59 2
0 6 39 1
0 15 26 3
0 6 83 2
0 13 58 1
0 3 76 2
0 6 60 2
0 4 26 2
0 8 1 1
0 3 31 3
0 19 72 1
0 11 5 3
0 7 88 1
0 13 67 1
0 11 56 2
0 23 96 1
0 15 71 2
0 14 2 2
0 13 78 2
0 13 36 2
0 1 44 2
0 15 34 1
0 4 54 3
0 3 70 1
0 6 78 1
0 7 9 2
0 4 84 3
0 2 42 1
0 7 20 1
0 5 88 1
0 4 79 3
0 8 62 1
0 10 72 2
0 3 25 2
0 5 70 3
0 2 52 2
0 6 33 3
0 2 65 3
0 3 36 3
0 6 75 1
0 2 1 3
0 11 49 3
0 5 98 3
0 4 45 3
0 2 69 3
0 4 19 3
0 5 18 3
0 4 27 3
0 19 43 1
0 8 78 2
0 2 38 2
0 10 48 2
0 13 34 1
0 1 81 2
0 16 14 2
0 6 9 3
0 3 79 1
0 1 43 1
0 22 77 1
0 3 71 1
0 12 75 1
0 12 81 3
0 19 67 3
0 8 83 2
0 14 54 2
0 3 52 3
0 25 85 1
0 12 77 1
0 9 66 1
0 15 35 3
0 2 99 3
0 11 78 3
0 1 87 2
0 7 77 1
0 24 63 1
0 12 57 3
0 8 80 1
0 5 63 2
0 6 47 2
0 9 58 2
0 7 84 1
0 5 78 1
0 18 29 2
0 9 14 2
0 5 77 3
0 6 13 1
0 1 36 2
0 18 14 1
0 8 46 2
0 5 53 1
0 4 76 2
0 19 26 2
0 3 38 2
0 11 58 3
0 9 16 3
0 1 73 1
0 4 56 3
0 8 100 2
0 18 34 2
0 7 27 1
0 17 32 3
0 5 50 2
0 6 56 1
0 7 43 1
0 19 43 3
0 3 93 1
0 22 90 3
0 3 91 2
0 15 59 2
0 11 70 3
0 11 53 1
0 25 93 1
0 18 16 3
0 9 91 2
0 6 69 1
0 11 21 2
0 2 17 2
0 2 88 2
0 23 3 2
0 3 40 2
0 12 46 1
0 15 44 1
0 8 4 1
0 11 88 1
0 23 63 3
0 6 38 2
0 4 96 1
0 12 50 1
0 4 85 2
0 21 16 1
0 8 11 2
0 3 4 1
0 7 97 3
0 8 54 1
0 4 44 3
0 12 85 2
0 13 89 3
0 3 76 2
0 2 5 2
0 11 62 3
0 8 80 2
0 1 99 1
0 2 88 2
0 15 44 1
0 3 27 1
0 5 96 2
0 7 62 2
0 4 24 2
0 16 90 2
0 5 6 2
0 1 2 2
0 9 78 2
0 7 39 1
0 4 84 1
0 10 44 2
0 12 11 2
0 4 85 2
0 13 80 1
0 11 22 3
0 7 84 1
0 8 57 1
0 14 31 1
0 1 98 3
0 6 55 2
0 3 57 2
0 17 72 2
0 24 27 1
0 2 43 3
0 5 52 1
0 20 88 1
0 10 4 1
0 18 34 3
0 19 73 3
0 20 15 3
0 1 81 1
0 1 45 2
0 14 96 3
0 11 17 3
0 1 4 1
0 4 73 2
0 1 10 2
0 8 49 1
0 5 95 3
0 10 69 1
0 3 53 2
0 11 87 1
0 15 73 1
0 19 39 2
0 5 88 1
0 4 94 2
0 4 69 3
0 9 34 3
0 9 29 1
0 22 51 1
0 6 8 1
0 12 82 3
0 24 8 1
0 7 78 2
0 6 32 1
0 17 16 2
0 7 53 2
0 6 37 1
0 2 74 2
0 1 19 2
0 7 24 2
0 3 69 3
0 13 50 2
0 5 59 3
0 13 83 1
0 7 21 2
1 9 36 2
1 5 15 2
1 4 93 2
1 2 70 1
1 7 16 3
1 15 74 1
1 4 62 3
1 15 40 3
1 12 71 2
1 10 67 1
1 22 82 3
1 7 18 1
1 6 60 1
1 7 99 1
1 5 77 3
1 5 91 3
1 6 55 3
1 6 2 3
1 23 62 3
1 13 36 2
1 9 36 1
1 12 83 1
1 19 57 3
1 2 32 1
1 3 55 3
1 8 53 1
1 5 73 1
1 18 36 2
1 6 31 2
1 3 96 3
1 1 35 1
1 1 12 1
1 5 36 3
1 1 28 2
1 9 80 3
1 2 25 2
1 9 44 2
1 3 39 2
1 12 73 3
1 9 36 3
1 2 21 1
1 20 47 2
1 1 80 2
1 10 46 2
1 8 60 1
1 23 46 2
1 10 25 2
1 5 43 2
1 7 66 2
1 8 99 1
1 13 29 1
1 8 33 3
1 8 25 2
1 13 63 2
1 10 50 1
1 8 55 3
1 1 36 1
1 1 28 3
1 5 59 3
1 2 49 1
1 12 4 2
1 1 58 3
1 18 86 1
1 1 51 3
1 3 1 1
1 7 83 2
1 21 53 3
1 6 4 1
1 8 58 2
1 7 79 1
1 2 1 3
1 7 12 2
1 25 89 2
1 6 50 2
1 4 63 1
1 4 73 2
1 4 14 2
1 9 77 3
1 8 70 3
1 13 22 1
1 21 90 3
1 11 54 3
1 20 25 1
1 6 57 1
1 7 93 2
1 2 40 1
1 1 68 3
1 1 46 1
1 3 91 2
1 13 69 1
1 24 92 1
1 4 79 2
1 25 93 1
1 4 67 1
1 8 64 1
1 3 12 2
1 11 83 1
1 1 83 2
1 14 64 2
1 16 98 1
1 1 29 3
1 21 20 2
1 16 1 2
1 6 49 2
1 3 7 1
1 23 29 1
1 2 2 3
1 6 66 3
1 25 67 3
1 7 3 2
1 1 22 3
1 11 36 3
1 3 19 3
1 11 77 3
1 10 12 2
1 6 47 2
1 14 85 2
1 4 6 1
1 13 81 3
1 16 21 3
1 10 68 3
1 13 52 2
1 2 28 1
1 19 1 3
1 14 8 1
1 2 55 2
1 1 32 1
1 10 58 3
1 5 85 1
1 5 44 1
1 12 53 1
1 9 41 3
1 4 35 3
1 8 24 1
1 2 44 1
1 14 16 2
1 19 54 2
1 17 48 1
1 4 28 1
1 13 38 3
1 23 56 2
1 4 64 3
1 1 54 2
1 2 42 1
1 6 43 2
1 2 48 2
1 6 58 1
1 8 38 1
1 8 90 1
1 21 8 2
1 4 81 3
1 8 71 3
1 19 95 3
1 15 72 1
1 16 1 3
1 10 89 1
1 12 64 3
1 23 14 2
1 10 37 1
1 1 21 2
1 11 91 2
1 4 6 1
1 9 57 3
1 2 18 1
1 11 43 1
1 1 65 3
1 19 36 3
1 2 59 3
1 9 56 3
1 2 88 2
1 12 7 1
1 17 19 1
1 1 91 1
1 6 56 3
1 13 92 2
1 2 56 3
1 12 80 2
1 2 13 2
1 2 82 1
1 2 62 1
1 4 63 3
1 2 67 3
1 13 67 1
1 1 7 3
1 13 14 3
1 6 1 3
1 1 82 2
1 3 39 3
1 6 62 1
1 7 33 3
1 14 68 1
1 3 20 2
1 18 29 2
1 3 5 3
1 8 52 2
1 19 72 1
1 3 75 2
1 23 52 2
1 25 15 1
1 22 80 2
1 2 76 3
1 10 47 3
1 19 94 1
1 19 94 1
1 6 64 3
1 9 80 2
1 2 88 1
1 11 87 3
1 22 30 3
1 9 16 1
1 1 11 3
1 8 28 3
1 12 69 2
1 10 65 3
1 23 58 1
1 5 77 1
1 21 1 1
1 18 75 3
1 4 33 3
1 18 68 1
1 9 33 2
1 7 24 3
1 1 48 2
1 1 63 3
1 1 44 1
1 9 65 2
1 1 83 2
1 4 33 3
1 17 27 3
1 1 24 3
1 1 67 1
1 6 38 3
1 7 85 1
1 4 71 2
1 2 79 2
1 5 69 1
1 14 61 1
1 5 64 1
1 5 23 1
1 6 37 1
1 7 15 3
1 3 93 3
1 6 57 3
1 6 53 3
1 7 39 1
1 3 27 2
1 8 55 2
1 5 27 1
1 4 78 3
1 5 10 2
1 22 74 1
1 8 44 3
1 24 47 3
1 5 18 1
1 1 52 1
1 13 4 2
1 1 19 1
1 7 82 3
1 24 36 3
1 1 84 2
1 1 86 3
1 24 8 1
1 3 18 1
1 16 71 3
1 8 11 2
1 11 55 2
1 22 72 2
1 8 35 1
1 2 18 1
1 23 23 2
1 5 79 2
1 17 63 3
1 13 42 2
1 2 59 1
1 6 32 1
1 6 1 2
1 5 38 1
1 1 33 3
1 13 59 2
1 1 10 2
1 7 60 1
1 19 49 1
1 2 5 1
1 7 35 3
1 4 3 3
1 10 10 1
1 1 94 1
1 7 39 2
1 1 87 3
1 15 98 2
1 9 67 1
1 3 30 3
1 6 52 2
1 4 96 2
1 9 14 3
1 18 57 3
1 4 18 1
1 13 37 2
1 1 49 2
1 8 61 3
1 1 89 1
1 8 11 1
1 11 4 2
1 15 16 2
1 3 62 3
1 10 84 2
1 5 3 3
1 20 88 1
1 15 20 3
1 13 2 1
1 3 6 1
1 11 59 3
1 3 78 3
1 16 85 2
1 11 31 1
1 4 63 3
1 15 87 2
1 4 77 1
1 3 91 3
1 1 52 3
1 23 11 3
1 8 93 3
1 11 72 1
1 6 91 1
1 6 72 3
1 12 5 2
1 11 37 1
1 2 54 3
1 4 89 1
1 10 8 1
1 9 73 3
1 4 84 3
1 1 13 1
1 19 48 2
1 1 43 1
1 8 88 2
1 5 59 2
1 2 95 2
1 15 77 1
1 1 15 1
1 4 37 1
1 2 33 2
1 11 47 3
1 14 6 1
1 1 59 3
1 3 82 1
1 5 54 1
1 4 37 2
1 4 12 2
1 2 5 2
1 13 64 1
1 24 31 2
1 11 51 2
1 18 9 2
1 3 84 2
1 10 63 2
1 3 35 2
1 9 29 2
1 1 54 3
1 10 29 3
0 2147 3498 4458 12542 9390 7734 8935 9070 1365 11621 6756 7787 8962 10211 10081 14080 13511 9593 5742 13059 3822 4295 12107 13576 5108 10271 13380 4349 4909 8921 7589 7094 7708 5562 13718 11813 8391 8853 14281 5385 6130 13015 6325 11387 14855 14746 12911 8007 12028 10028 3078 2888 8678 10353 6243 12730 6205 1051 6502 9802 11964 1347 4016 8493 10070 13501 5033 10140 12352 508 10589 6671 6126 8250 6902 7085 6297 3411 9436 5448 12618 13293 10979 12584 12293 2245 4136 6084 11639 9495 7215 8683 3483 4948 8209 7612 17657 7448 5151 10886
2147 0 1739 5122 14096 11474 8750 10975 11215 2842 12835 8684 9777 7646 8376 11644 13766 15370 10260 4593 15037 4780 6179 11913 13356 5588 8471 14764 4706 2772 10763 6949 7395 9774 5933 15255 13437 9904 8906 14000 4075 6449 15006 4410 13420 14783 15366 14343 6304 13283 9689 5225 4655 7067 12200 8312 14181 7024 2531 8650 7952 13924 2588 2717 10493 12182 14050 3768 10553 10403 1714 11808 8765 6556 10191 8865 8784 4952 4641 9610 3592 13989 15161 9701 14371 10223 3931 3941 4209 12195 9950 9108 10479 1897 6757 8168 6543 17632 8627 6503 8901
3498 1739 0 4750 14126 12322 10487 11729 12406 3593 12544 10238 10457 5920 6733 11726 12362 15766 9565 5675 15626 6519 6828 10595 12007 5011 6808 14606 4147 1957 11203 5492 6538 11196 5235 15251 13556 9978 7808 12611 5074 5667 15620 2828 14130 13503 14538 14239 4593 13022 8328 6422 5293 5337 12620 9172 14100 6598 4150 9804 6318 14494 3282 3914 11178 13102 13186 2125 9659 8855 2992 11542 9678 8234 10783 10394 10445 3241 4806 8572 1951 13829 15571 7975 14678 8856 5558 5541 2587 11368 9102 9654 10863 3036 7283 7034 4895 16356 8423 6578 7395
4458 5122 4750 0 9425 8862 11888 8091 9916 3128 7808 9518 6758 6888 9428 7079 9935 11362 5193 9690 11502 8180 3693 7902 9360 726 9358 9856 735 6689 6990 4378 2695 9711 1223 10532 8912 5355 4550 10103 9193 1775 11537 6594 10272 10519 10344 9495 7157 8280 6053 5096 2886 7420 8321 6071 9361 1904 5484 7487 9130 10367 3113 7817 7428 9770 9070 4193 5682 11813 4291 6798 6645 10565 6872 9521 10420 5005 1507 5041 5831 9079 11188 8538 10189 12419 6305 8520 6296 7205 5038 5745 6579 7018 3702 4023 5262 13278 3676 2187 10651
12542 14096 14126 9425 0 6688 17340 6080 9579 11345 2860 12813 6076 14964 18111 2462 12532 3467 6555 18283 4964 15026 8390 11071 11782 9366 17963 1663 10110 16081 4310 12024 8867 11591 9365 1180 935 4192 9422 12454 17917 9216 5169 15935 5595 11579 7424 1105 16063 2480 11201 10596 9656 16049 3445 7693 903 7772 13217 9305 17912 4461 11548 16530 5784 7278 7371 13499 7701 20446 12686 3280 7771 17428 5404 12568 14374 14028 9462 8868 15225 1548 3482 15814 2331 21401 13119 16436 15643 6944 7583 5873 4266 15885 7677 9846 13519 12965 5794 7606 19550
9390 11474 12322 8862 6688 0 11521 893 2896 8759 8206 6669 2137 15736 18213 5399 16558 5279 9848 14558 4085 10300 5530 14645 15818 9306 18166 8301 9552 14110 3035 13045 10207 5151 9635 7598 5768 5398 11748 16592 14390 9884 3962 14911 2196 16234 13212 7699 15905 8204 13711 6438 7036 16251 3253 3166 7463 8386 9568 3505 17885 3249 9062 13163 1593 952 12646 12755 11135 20578 9767 7672 2721 12359 2291 6370 8258 13768 7848 11645 14036 7884 5040 17271 5073 20984 8815 12276 14620 11404 10648 3221 3448 12807 5230 11716 14109 18306 7069 6748 19314
7734 8750 10487 11888 17340 11521 0 11692 9224 8858 17507 4893 11301 16391 16855 15153 21757 16781 16599 7279 15553 3997 9682 19752 21219 12600 16996 18658 11958 10808 13040 15314 14582 6615 13088 18459 16433 13880 16428 21945 7659 13654 15401 12933 13657 22407 21582 18083 14970 17779 17736 7302 9287 15774 14163 9648 17858 13304 6712 8165 16419 14770 8980 7544 11726 11589 20481 12470 17403 18581 8124 16560 9597 2843 11971 5216 3369 13690 10500 16922 12225 18003 16541 18444 16374 17924 5603 5407 12791 18682 16745 11505 13083 8082 10350 15843 15202 25147 13867 11652 17030
8935 10975 11729 8091 6080 893 11692 0 3553 8205 7409 6924 1334 14944 17483 4599 15665 5124 8956 14266 4210 10163 4903 13753 14926 8507 17428 7651 8794 13557 2184 12221 9346 5548 8820 7061 5148 4510 10867 15700 14063 9050 4133 14260 2453 15349 12392 7046 15183 7436 12833 6091 6438 15502 2645 2706 6809 7535 9200 3538 17164 3213 8501 12797 709 1836 11795 12056 10242 19856 9283 6834 2385 12325 1400 6646 8515 13038 7151 10756 13394 7186 4884 16447 4703 20311 8561 12042 13966 10527 9756 2383 2576 12392 4527 10848 13319 17442 6181 5948 18617
9070 11215 12406 9916 9579 2896 9224 3553 0 8854 10933 4359 4185 16718 18808 8129 18651 7971 12057 13467 6496 8864 6233 16662 17936 10501 18805 11180 10510 13978 5681 14285 11805 2610 10915 10493 8655 7776 13534 18719 13420 11282 6317 15176 4668 18526 15871 10577 16496 10980 15433 6005 7447 16975 6137 3901 10340 9967 8923 2606 18439 5916 9165 12356 4049 2539 15195 13297 13287 21101 9532 10297 3339 10552 4682 4027 5859 14445 8607 13577 14282 10736 7740 18449 7925 21258 7835 11061 14904 13803 12734 5150 6008 12187 6271 13357 15112 20767 9087 8084 19723
1365 2842 3593 3128 11345 8759 8858 8205 8854 0 10304 7207 6972 8349 10014 8884 12899 12528 8231 6993 12215 5062 3350 10900 12367 3803 10036 12114 3103 5355 7921 6623 5798 7873 4274 12515 10653 7165 7599 13088 6588 4843 12190 6323 10635 13599 13384 11661 7727 10722 8887 2963 1815 8297 9358 5597 11488 4842 2361 6248 9630 11097 312 5194 7692 9520 12143 4570 8803 12268 1356 9271 6092 7438 7363 7296 7798 5801 2056 8147 5429 11347 12318 10301 11536 12413 3256 5497 6050 10283 8155 6270 7640 4544 3915 6990 6879 16382 6113 3844 10871
11621 12835 12544 7808 2860 8206 17507 7409 10933 10304 0 13407 6879 12516 15756 2811 9679 6264 3888 17282 7571 14653 7935 8219 8927 7558 15585 2260 8400 14459 5252 9622 6598 12498 7429 3455 3194 3632 6807 9607 16841 7150 7752 13985 7752 8789 5034 2173 13836 517 8476 10325 8854 13721 5146 8113 2184 5949 12456 9977 15595 6841 10444 15445 6886 8993 4688 11573 4923 18037 11654 1033 8383 17127 6288 13216 14871 11913 8269 6174 13362 1585 6244 13188 5023 19121 12663 15712 13705 4085 4894 6228 4950 14708 7225 7327 11171 10385 4213 6470 17254
6756 8684 10238 9518 12813 6669 4893 6924 4359 7207 13407 0 6745 15554 16965 10819 19303 11947 13309 9741 10668 5030 6270 17252 18666 10229 17027 14250 9872 11383 8518 13686 12014 1783 10720 13881 11885 9817 13901 19437 9825 11227 10513 13051 8776 19595 17925 13655 14758 13600 15557 4440 6632 15408 9493 5295 13422 10378 6154 3511 16553 9916 7467 9007 7058 6697 16985 11710 14338 19073 7263 12551 5081 6304 7414 335 1593 12965 8011 14199 12188 13657 11707 17505 11627 18883 4774 7319 12822 15317 13702 7190 8648 9082 6763 13489 14080 22152 10331 8466 17582
7787 9777 10457 6758 6076 2137 11301 1334 4185 6972 6879 6745 0 13616 16150 4145 14588 5874 7923 13259 5272 9367 3635 12638 13858 7180 16094 7510 7460 12309 1773 10909 8082 5645 7502 7168 5153 3591 9660 14639 13019 7748 5232 12953 3673 14376 11729 6912 13851 6995 11614 5099 5180 14168 2902 1753 6679 6255 8141 3235 15832 4183 7262 11719 721 3079 11016 10732 9182 18524 8106 6163 1704 11642 673 6510 8299 11705 5831 9599 12092 6940 5643 15136 5185 18992 7639 11113 12658 9622 8660 1093 1947 11265 3212 9600 11990 16583 5031 4621 17292
8962 7646 5920 6888 14964 15736 16391 14944 16718 8349 12516 15554 13616 0 3324 13025 7846 17604 8665 11024 18058 12404 10498 6726 7789 6438 3114 14776 6233 6273 13617 2946 6132 16153 6155 15869 14737 11537 5790 8144 10391 6036 18125 4133 17020 9457 12291 14631 2274 13031 4751 11244 9325 1576 14813 12935 14581 7628 9845 14197 3270 16949 8087 9549 14265 16652 10953 3948 7941 5524 8483 11754 13508 14139 13670 15645 16039 2703 8111 6551 4458 14077 17467 2055 16332 6756 11196 11407 4097 9560 7728 12571 13166 8737 10584 5192 1627 12134 9503 8996 4907
10211 8376 6733 9428 18111 18213 16855 17483 18808 10014 15756 16965 16150 3324 0 16059 10712 20583 11940 10440 20888 13033 12753 9879 10784 9140 292 18015 8706 6051 16388 6134 9245 17850 8966 19059 17820 14481 9096 11018 9842 8974 20936 3973 19700 12448 15584 17841 2317 16273 8039 12971 11380 2067 17667 15222 17778 10537 10874 16214 437 19761 9712 9419 16836 19088 14257 5515 11259 2388 9703 14953 15778 14284 16297 17113 17158 4445 10375 9869 4793 17301 20431 3903 19339 3432 12282 11515 4168 12885 11026 15164 15960 8783 12983 8465 4597 14971 12492 11614 1600
10081 11644 11726 7079 2462 5399 15153 4599 8129 8884 2811 10819 4145 13025 16059 0 11776 4601 5204 15823 5401 12649 5960 10054 11017 7095 15932 3512 7785 13683 2454 10084 6897 9790 7155 3637 1834 1751 7808 11756 15455 7087 5536 13649 5151 11165 7817 2955 13930 2862 9723 8223 7196 13992 2472 5554 2743 5555 10768 7332 15829 4460 9090 14068 4089 6205 7321 11221 6492 18425 10224 2345 5742 15077 3522 10605 12334 11842 7018 7411 12907 2854 4485 14082 3312 19273 10716 13997 13354 6295 6187 3660 2198 13425 5241 8088 11506 13024 3572 5170 17441
14080 13766 12362 9935 12532 16558 21757 15665 18651 12899 9679 19303 14588 7846 10712 11776 0 15931 6720 18018 17106 17902 13080 2051 759 9210 10432 11503 9800 13488 13627 6871 7305 19187 8713 12928 12819 11182 5413 307 17402 8163 17263 11677 16878 1858 6417 11692 10103 10061 4083 14971 12759 9408 14211 14866 11774 8947 15129 16686 10831 16229 12786 16274 14977 17490 5572 10300 5424 12224 13756 9548 15381 20128 14275 19260 20320 9545 11411 5136 11675 11101 15896 6845 14664 13905 16154 17688 11544 5599 5928 13538 13169 15394 12712 5923 7809 4290 9571 10894 12261
13511 15370 15766 11362 3467 5279 16781 5124 7971 12528 6264 11947 5874 17604 20583 4601 15931 0 9662 19100 1806 15219 9223 14380 15175 11500 20467 4913 12093 17700 4607 14670 11486 10409 11625 3581 3127 6102 12383 15866 18833 11616 2038 17945 3317 15035 10853 4487 18406 5930 14268 10968 10718 18519 3170 7615 4332 10046 13963 8657 20335 2057 12787 17503 5258 5434 10838 15555 10898 22960 13773 6451 7433 17434 5310 11649 13537 16284 10960 11937 17152 5005 240 18682 1307 23732 13513 16985 17647 10332 10678 6296 4909 16988 8614 12686 16064 16415 8106 9253 21923
9593 10260 9565 5193 6555 9848 16599 8956 12057 8231 3888 13309 7923 8665 11940 5204 6720 9662 0 14850 10604 13159 7085 4882 5974 4672 11757 6135 5556 11358 6908 5822 3084 12893 4354 7319 6561 4462 2920 6746 14332 3898 10739 10529 10202 6473 5156 6048 10122 4396 4647 9342 7325 9932 7562 8417 6030 3393 10581 10317 11804 9648 8266 12974 8274 10776 3923 8211 1308 14188 9469 3278 8885 15609 7573 13205 14544 8332 6248 2314 10015 5470 9583 9304 8356 15336 11193 13698 10267 2085 1029 6908 6449 12151 6546 3476 7392 8863 3028 4964 13467
5742 4593 5675 9690 18283 14558 7279 14266 13467 6993 17282 9741 13259 11024 10440 15823 18018 19100 14850 0 18471 4714 9972 16270 17678 10178 10642 19105 9298 4752 14561 11149 11976 11337 10525 19460 17546 14130 13418 18272 633 11037 18399 6954 16689 19177 19959 18645 9059 17708 14000 8179 8628 9937 15976 11577 18467 11581 5142 11222 10013 17424 6838 1876 13930 15075 18639 7720 15136 11773 5638 16249 11892 4438 13792 10032 9056 8608 9013 14150 6579 18339 18875 12985 18243 10862 5749 2430 6942 16787 14538 12832 14360 2722 10655 12659 10365 22031 13074 10836 10247
13059 15037 15626 11502 4964 4085 15553 4210 6496 12215 7571 10668 5272 18058 20888 5401 17106 1806 10604 18471 0 14346 8865 15440 16347 11748 20797 6537 12236 17517 4512 15168 12035 9036 11945 5295 4383 6565 13151 17067 18258 12022 232 17986 1900 16345 12381 6049 18648 7313 15092 10293 10406 18845 3245 6896 5864 10430 13385 7586 20611 1139 12496 16976 4569 3988 12241 15660 11888 23276 13375 7559 6595 16441 4855 10355 12240 16500 10871 12798 17155 6505 1651 19295 2633 23919 12772 16252 17688 11539 11586 5973 4930 16536 8347 13358 16472 17896 8609 9324 22151
3822 4780 6519 8180 15026 10300 3997 10163 8864 5062 14653 5030 9367 12404 13033 12649 17902 15219 13159 4714 14346 0 6740 15927 17396 8864 13154 16128 8148 7049 10917 11350 10860 6635 9336 16196 14187 11135 12654 18103 4805 9905 14244 9071 12488 18657 18268 15596 11056 14997 13848 4430 5902 11838 12242 7615 15389 9780 2775 6826 12600 13376 5133 4127 9962 10691 17081 8476 13827 14896 4169 13647 7796 2482 9982 5318 4490 9701 6919 13209 8317 15408 14984 14456 14539 14425 1999 2289 8906 15237 13173 9212 10827 4418 7462 12024 11205 21444 10681 8363 13353
4295 6179 6828 3693 8390 5530 9682 4903 6233 3350 7935 6270 3635 10498 12753 5960 13080 9223 7085 9972 8865 6740 0 11033 12425 4312 12724 9403 4278 8675 4626 8070 5859 6146 4756 9569 7607 4396 7715 13202 9658 5185 8841 9381 7307 13326 11923 8884 10437 8264 9484 2400 1546 10843 6060 2470 8684 4133 4850 3805 12410 7747 3633 8304 4356 6362 10874 7257 8073 15099 4551 6946 3032 9203 4013 6200 7460 8326 2400 7954 8507 8674 9008 12217 8291 15458 4774 8047 9090 9133 7433 2934 4394 7766 723 7388 8885 15894 4204 2198 13804
12107 11913 10595 7902 11071 14645 19752 13753 16662 10900 8219 17252 12638 6726 9879 10054 2051 14380 4882 16270 15440 15927 11033 0 1469 7179 9620 10228 7797 11869 11764 5164 5258 17147 6683 11603 11252 9310 3366 2202 15665 6128 15584 10220 15085 2920 5971 10332 8880 8651 2283 12924 10713 8297 12442 12852 10382 6901 13158 14657 9921 14512 10799 14485 13056 15585 4806 8598 3575 11689 11802 7932 13374 18189 12355 17210 18273 7989 9370 3102 10105 9731 14325 6240 13089 13233 14150 15806 10054 4197 4000 11575 11298 13604 10673 3910 6332 5767 7608 8850 11473
13576 13356 12007 9360 11782 15818 21219 14926 17936 12367 8927 18666 13858 7789 10784 11017 759 15175 5974 17678 16347 17396 12425 1469 0 8638 10512 10771 9264 13218 12879 6538 6700 18514 8143 12191 12062 10437 4814 785 17069 7585 16503 11486 16122 1671 5817 10950 10014 9313 3680 14360 12155 9364 13454 14168 11029 8294 14627 16000 10874 15470 12267 15908 14239 16749 4896 9980 4684 12414 13269 8788 14677 19655 13537 18616 19710 9300 10820 4472 11428 10357 15140 6978 13907 14049 15616 17259 11337 4844 5203 12814 12422 15027 12039 5377 7595 4418 8851 10233 12356
5108 5588 5011 726 9366 9306 12600 8507 10501 3803 7558 10229 7180 6438 9140 7095 9210 11500 4672 10178 11748 8864 4312 7179 8638 0 9050 9676 887 6904 7252 3791 1996 10386 498 10440 8917 5420 3831 9380 9660 1054 11797 6569 10608 9812 9793 9352 6916 8046 5333 5815 3601 7100 8530 6625 9233 1620 6146 8116 8867 10621 3761 8302 7827 10229 8495 4135 5055 11528 4904 6574 7199 11230 7237 10227 11143 4785 2226 4345 5867 8904 11336 7997 10291 12233 7009 9118 6277 6633 4423 6133 6820 7479 4242 3298 4814 12582 3572 2559 10431
10271 8471 6808 9358 17963 18166 16996 17428 18805 10036 15585 17027 16094 3114 292 15932 10432 20467 11757 10642 20797 13154 12724 9620 10512 9050 0 17845 8641 6203 16302 5964 9097 17886 8861 18902 17685 14368 8899 10739 10040 8853 20847 4084 19628 12174 15346 17678 2311 16101 7804 12997 11368 1952 17570 15194 17619 10423 10955 16216 639 19671 9736 9586 16777 19047 14024 5509 11055 2493 9764 14792 15753 14445 16230 17170 17246 4401 10339 9665 4880 17134 20318 3616 19218 3656 12364 11672 4264 12669 10834 15100 15870 8934 12938 8281 4445 14689 12370 11541 1854
13380 14764 14606 9856 1663 8301 18658 7651 11180 12114 2260 14250 7510 14776 18015 3512 11503 4913 6135 19105 6537 16128 9403 10228 10771 9676 17845 0 10489 16542 5740 11882 8837 13107 9589 1448 2539 5023 9054 11394 18699 9346 6751 16173 7257 10385 5966 605 16082 1744 10675 11713 10528 15978 5048 9032 842 8056 14137 10741 17852 6108 12286 17303 7297 8922 6108 13749 7106 20297 13469 3126 9173 18570 6848 14019 15788 14137 10134 8399 15524 778 4973 15420 3918 21376 14176 17388 15889 6031 7128 7154 5609 16607 8680 9586 13428 11546 6185 8282 19510
4349 4706 4147 735 10110 9552 11958 8794 10510 3103 8400 9872 7460 6233 8706 7785 9800 12093 5556 9298 12236 8148 4278 7797 9264 887 8641 10489 0 6060 7723 3860 2770 10174 1248 11205 9617 6071 4506 9987 8776 1801 12270 5872 10995 10510 10665 10146 6429 8882 5817 5432 3277 6709 9056 6703 10018 2451 5397 8035 8404 11100 3016 7422 8138 10452 9359 3462 5893 11089 4103 7404 7275 10473 7591 9897 10685 4276 1938 5094 5123 9714 11920 7945 10915 11685 6354 8290 5575 7499 5272 6459 7314 6595 4357 3887 4613 13308 4333 2917 9918
4909 2772 1957 6689 16081 14110 10808 13557 13978 5355 14459 11383 12309 6273 6051 13683 13488 17700 11358 4752 17517 7049 8675 11869 13218 6904 6203 16542 6060 0 13123 6707 8289 12533 7086 17204 15512 11935 9366 13758 4119 7474 17504 2238 15979 14788 16223 16183 4359 14942 9587 7977 7129 5227 14547 10946 16047 8509 5248 11401 5615 16389 5056 3410 13030 14855 14855 3321 11339 7848 4448 13464 11427 8245 12665 11580 11346 3952 6746 10165 1847 15766 17503 8239 16624 7502 6608 5470 2195 13075 10819 11545 12793 2732 9170 8577 5712 17624 10365 8533 6309
8921 10763 11203 6990 4310 3035 13040 2184 5681 7921 5252 8518 1773 13617 16388 2454 13627 4607 6908 14561 4512 10917 4626 11764 12879 7252 16302 5740 7723 13123 0 10770 7715 7384 7473 5419 3394 2454 9056 13646 14270 7593 4549 13491 3457 13229 10212 5141 14139 5314 11029 6534 6112 14352 1437 3406 4907 6009 9420 5008 16105 3377 8181 12926 1636 3916 9614 11151 8211 18776 9171 4650 3461 13257 1108 8282 10070 11990 6409 8850 12669 5186 4398 14954 3682 19406 9095 12524 13192 8382 7769 1734 476 12391 4007 9139 12015 15272 4353 4812 17640
7589 6949 5492 4378 12024 13045 15314 12221 14285 6623 9622 13686 10909 2946 6134 10084 6871 14670 5822 11149 15168 11350 8070 5164 6538 3791 5964 11882 3860 6707 10770 0 3188 14034 3415 12943 11791 8622 3081 7123 10536 3185 15244 5188 14203 8084 9946 11715 4341 10139 2881 9254 7134 4110 11923 10416 11658 4761 8602 11863 5983 14070 6430 9405 11527 13979 8572 3441 5268 8431 7190 8831 10989 13432 10903 13726 14405 2896 5794 3902 4969 11170 14536 4226 13394 9515 9798 10889 4986 6981 4950 9838 10310 8526 8033 2371 1573 10927 6581 6313 7646
7094 7395 6538 2695 8867 10207 14582 9346 11805 5798 6598 12014 8082 6132 9245 6897 7305 11486 3084 11976 12035 10860 5859 5258 6700 1996 9097 8837 2770 8289 7715 3188 0 12005 1533 9823 8607 5471 1892 7456 11429 969 12120 7471 11170 7825 8011 8622 7246 7113 3642 7666 5456 7185 8796 7911 8548 1845 8136 9597 9052 10953 5750 10107 8639 11156 6672 5129 3159 11582 6870 5734 8467 13220 7977 11984 13016 5326 4123 2349 6935 8100 11356 7262 10207 12560 8999 11058 7203 4836 2571 6990 7246 9256 5595 1552 4652 10587 3426 3746 10699
7708 9774 11196 9711 11591 5151 6615 5548 2610 7873 12498 1783 5645 16153 17850 9790 19187 10409 12893 11337 9036 6635 6146 17147 18514 10386 17886 13107 10174 12533 7384 14034 12005 0 10854 12603 10656 9023 13854 19295 11371 11313 8868 14023 7164 19310 17225 12504 15586 12634 15628 4920 6904 16171 8185 4518 12267 10254 7297 2591 17454 8357 8164 10448 5813 5047 16387 12443 14017 20044 8209 11720 4142 8073 6282 1448 3249 13669 8244 14051 13138 12570 10172 18028 10204 19991 6014 8907 13774 14817 13407 6306 7592 10422 6475 13533 14611 21750 9866 8301 18591
5562 5933 5235 1223 9365 9635 13088 8820 10915 4274 7429 10720 7502 6155 8966 7155 8713 11625 4354 10525 11945 9336 4756 6683 8143 498 8861 9589 1248 7086 7473 3415 1533 10854 0 10413 8961 5525 3340 8884 9994 570 12003 6593 10865 9330 9434 9291 6784 7927 4839 6310 4094 6909 8712 7027 9183 1602 6605 8559 8711 10826 4218 8650 8131 10566 8119 4162 4646 11349 5339 6469 7599 11688 7522 10714 11640 4687 2721 3876 5937 8822 11469 7639 10396 12123 7493 9536 6306 6263 4026 6438 7029 7814 4645 2800 4544 12108 3591 2897 10301
13718 15255 15251 10532 1180 7598 18459 7061 10493 12515 3455 13881 7168 15869 19059 3637 12928 3581 7319 19460 5295 16196 9569 11603 12191 10440 18902 1448 11205 17204 5419 12943 9823 12603 10413 0 2030 5354 10228 12824 19090 10233 5518 17000 6260 11831 7391 1283 17054 2975 11929 11767 10832 17005 4419 8820 1292 8832 14396 10380 18874 5029 12715 17703 6827 8104 7556 14564 8377 21374 13858 4115 8870 18592 6496 13627 15451 15048 10617 9620 16307 1881 3673 16622 2771 22381 14294 17615 16710 7414 8336 7023 5409 17052 8856 10706 14463 12973 6874 8758 20522
11813 13437 13556 8912 935 5768 16433 5148 8655 10653 3194 11885 5153 14737 17820 1834 12819 3127 6561 17546 4383 14187 7607 11252 12062 8917 17685 2539 9617 15512 3394 11791 8607 10656 8961 2030 0 3578 9342 12762 17197 8865 4569 15477 4787 11981 8046 1944 15718 2933 11192 9761 8926 15754 2519 6791 1713 7359 12452 8377 17602 3732 10869 15818 4850 6383 7858 13048 7780 20176 11982 3325 6852 16572 4481 11637 13448 13646 8828 8855 14740 2237 3079 15698 1845 21063 12299 15650 15182 7224 7584 4998 3381 15196 6904 9700 13247 13524 5369 6990 19224
8391 9904 9978 5355 4192 5398 13880 4510 7776 7165 3632 9817 3591 11537 14481 1751 11182 6102 4462 14130 6565 11135 4396 9310 10437 5420 14368 5023 6071 11935 2454 8622 5471 9023 5525 5354 3578 0 6660 11207 13747 5522 6655 11942 5841 10841 8205 4528 12309 3905 8628 6749 5518 12419 3336 4546 4342 3945 9120 6453 14234 5494 7361 12357 3846 6318 7434 9523 5761 16860 8512 2734 4881 13593 3152 9641 11257 10196 5272 6413 11187 4283 5950 12730 4873 17643 9168 12367 11646 6042 5315 2724 1989 11698 3673 6809 9977 12995 2045 3420 15826
8853 8906 7808 4550 9422 11748 16428 10867 13534 7599 6807 13901 9660 5790 9096 7808 5413 12383 2920 13418 13151 12654 7715 3366 4814 3831 8899 9054 4506 9366 9056 3081 1892 13854 3340 10228 9342 6660 0 5567 12842 2776 13262 8147 12493 6003 6930 8962 7419 7316 1974 9558 7347 7133 9973 9664 8937 3608 9902 11408 8988 12122 7522 11575 10159 12699 5552 6057 2189 11303 8586 6146 10207 14972 9473 13866 14907 5860 6006 829 7787 8388 12282 6397 11078 12515 10832 12702 7916 3903 1943 8571 8580 10704 7404 790 4642 8809 4712 5559 10650
14281 14000 12611 10103 12454 16592 21945 15700 18719 13088 9607 19437 14639 8144 11018 11756 307 15866 6746 18272 17067 18103 13202 2202 785 9380 10739 11394 9987 13758 13646 7123 7456 19295 8884 12824 12762 11207 5567 0 17658 8329 17226 11960 16873 1570 6213 11596 10399 9978 4311 15121 12913 9709 14201 14953 11684 9070 15331 16784 11137 16203 12981 16521 15015 17522 5415 10557 5461 12530 13964 9508 15462 20342 14313 19390 20471 9818 11572 5249 11948 11008 15837 7152 14606 14212 16341 17917 11825 5538 5986 13596 13191 15641 12820 6103 8086 3990 9634 11011 12568
5385 4075 5074 9193 17917 14390 7659 14063 13420 6588 16841 9825 13019 10391 9842 15455 17402 18833 14332 633 18258 4805 9658 15665 17069 9660 10040 18699 8776 4119 14270 10536 11429 11371 9994 19090 17197 13747 12842 17658 0 10497 18193 6324 16499 18575 19425 18249 8432 17275 13393 7973 8271 9309 15693 11363 18076 11091 4878 11111 9413 17196 6414 1397 13701 14940 18098 7103 14587 11223 5236 15809 11702 4836 13534 10105 9236 7978 8580 13582 5945 17930 18610 12353 17946 10364 5626 2531 6310 16250 13996 12547 14052 2181 10327 12078 9737 21429 12629 10419 9689
6130 6449 5667 1775 9216 9884 13654 9050 11282 4843 7150 11227 7748 6036 8974 7087 8163 11616 3898 11037 12022 9905 5185 6128 7585 1054 8853 9346 1801 7474 7593 3185 969 11313 570 10233 8865 5522 2776 8329 10497 0 12090 6835 11019 8761 8928 9079 6855 7656 4334 6834 4616 6908 8778 7383 8983 1592 7174 8975 8742 10914 4787 9164 8353 10824 7602 4430 4108 11346 5901 6220 7951 12256 7721 11213 12174 4816 3253 3307 6229 8588 11470 7402 10366 12200 8061 10090 6555 5753 3501 6669 7137 8320 5015 2266 4458 11538 3518 3208 10359
13015 15006 15620 11537 5169 3962 15401 4133 6317 12190 7752 10513 5232 18125 20936 5536 17263 2038 10739 18399 232 14244 8841 15584 16503 11797 20847 6751 12270 17504 4549 15244 12120 8868 12003 5518 4569 6655 13262 17226 18193 12090 0 18002 1768 16519 12581 6258 18689 7502 15208 10223 10385 18896 3324 6830 6070 10498 13324 7467 20654 1177 12474 16918 4522 3823 12427 15685 12027 23323 13338 7718 6513 16321 4839 10198 12081 16539 10878 12920 17166 6708 1881 19382 2840 23949 12689 16168 17704 11704 11716 5967 4977 16489 8337 13457 16535 18089 8696 9355 22188
6325 4410 2828 6594 15935 14911 12933 14260 15176 6323 13985 13051 12953 4133 3973 13649 11677 17945 10529 6954 17986 9071 9381 10220 11486 6569 4084 16173 5872 2238 13491 5188 7471 14023 6593 17000 15477 11942 8147 11960 6324 6835 18002 0 16603 13110 15076 15884 2121 14491 7977 9222 7895 2991 14866 11803 15776 8168 6924 12571 3545 16848 6012 5641 13665 15731 13697 2436 10268 6028 5819 13048 12332 10440 13207 13213 13194 2297 7136 8974 895 15410 17766 6038 16782 6098 8332 7663 299 12015 9832 12063 13108 4918 9741 7369 3893 15902 10141 8701 4571
11387 13420 14130 10272 5595 2196 13657 2453 4668 10635 7752 8776 3673 17020 19700 5151 16878 3317 10202 16689 1900 12488 7307 15085 16122 10608 19628 7257 10995 15979 3457 14203 11170 7164 10865 6260 4787 5841 12493 16873 16499 11019 1768 16603 0 16315 12757 6692 17421 7612 14464 8527 8851 17686 2680 5156 6472 9445 11645 5700 19398 1292 10927 15243 2952 2132 12411 14345 11510 22084 11732 7484 4799 14554 3410 8465 10353 15268 9469 12250 15749 7024 3092 18400 3508 22617 10962 14435 16308 11444 11119 4553 3929 14844 6868 12594 15407 18121 7803 8088 20891
14855 14783 13503 10519 11579 16234 22407 15349 18526 13599 8789 19595 14376 9457 12448 11165 1858 15035 6473 19177 16345 18657 13326 2920 1671 9812 12174 10385 10510 14788 13229 8084 7825 19310 9330 11831 11981 10841 6003 1570 18575 8761 16519 13110 16315 0 4861 10650 11676 9105 5203 15391 13217 11033 13635 14871 10761 9245 15905 16753 12542 15549 13525 17382 14686 17141 4283 11517 5294 14039 14579 8846 15350 20969 13989 19522 20720 10897 11926 5489 13019 10079 15026 8622 13811 15694 16821 18649 12952 4873 5908 13377 12792 16501 12872 6664 9217 2854 9483 11130 14016
14746 15366 14538 10344 7424 13212 21582 12392 15871 13384 5034 17925 11729 12291 15584 7817 6417 10853 5156 19959 12381 18268 11923 5971 5817 9793 15346 5966 10665 16223 10212 9946 8011 17225 9434 7391 8046 8205 6930 6213 19425 8928 12581 15076 12757 4861 0 6367 14209 5145 7545 14280 12386 13791 10178 12725 6532 8542 15728 14646 15561 11774 13422 18084 11828 14019 1378 12948 4886 17552 14625 5574 13084 20731 11190 17775 19285 12785 11383 6105 14706 5877 10892 12151 9753 19000 16285 18854 14846 3176 5440 10929 9863 17246 11294 7713 11447 5582 7720 9951 17182
12911 14343 14239 9495 1105 7699 18083 7046 10577 11661 2173 13655 6912 14631 17841 2955 11692 4487 6048 18645 6049 15596 8884 10332 10950 9352 17678 605 10146 16183 5141 11715 8622 12504 9291 1283 1944 4528 8962 11596 18249 9079 6258 15884 6692 10650 6367 0 15866 1693 10649 11174 10045 15793 4446 8449 237 7734 13647 10145 17665 5566 11842 16855 6693 8328 6399 13453 7095 20144 13015 2890 8581 18030 6249 13422 15196 13887 9704 8344 15214 601 4526 15352 3418 21180 13653 16893 15597 6150 7061 6577 5020 16172 8162 9456 13246 11929 5819 7845 19317
8007 6304 4593 7157 16063 15905 14970 15183 16496 7727 13836 14758 13851 2274 2317 13930 10103 18406 10122 9059 18648 11056 10437 8880 10014 6916 2311 16082 6429 4359 14139 4341 7246 15586 6784 17054 15718 12309 7419 10399 8432 6855 18689 2121 17421 11676 14209 15866 0 14352 6769 10689 9064 879 15442 12906 15787 8378 8737 13906 1981 17516 7429 7757 14542 16776 12845 3200 9608 4674 7501 12979 13461 12531 14014 14893 15033 2153 8062 8235 2745 15346 18246 3986 17180 5345 10141 9756 2199 11311 9284 12876 13719 7017 10675 6707 2780 14385 10358 9344 3518
12028 13283 13022 8280 2480 8204 17779 7436 10980 10722 517 13600 6995 13031 16273 2862 10061 5930 4396 17708 7313 14997 8264 8651 9313 8046 16101 1744 8882 14942 5314 10139 7113 12634 7927 2975 2933 3905 7316 9978 17275 7656 7502 14491 7612 9105 5145 1693 14352 0 8968 10641 9236 14238 5066 8307 1731 6433 12845 10142 16112 6642 10870 15879 6948 8958 4932 12076 5407 18553 12075 1482 8547 17466 6381 13399 15084 12425 8697 6674 13862 1095 5926 13692 4724 19638 13013 16104 14210 4486 5397 6410 5050 15150 7547 7842 11688 10591 4657 6880 17771
10028 9689 8328 6053 11201 13711 17736 12833 15433 8887 8476 15557 11614 4751 8039 9723 4083 14268 4647 14000 15092 13848 9484 2283 3680 5333 7804 10675 5817 9587 11029 2881 3642 15628 4839 11929 11192 8628 1974 4311 13393 4334 15208 7977 14464 5203 7545 10649 6769 8968 0 11148 8933 6275 11931 11545 10648 5468 11073 13237 8018 14075 8755 12229 12124 14662 6220 6316 3570 10063 9690 7925 12097 16050 11440 15546 16468 5723 7558 2338 7831 10059 14176 4811 12961 11460 12141 13606 7800 4970 3619 10523 10554 11348 9237 2096 4113 8048 6686 7388 9636
3078 5225 6422 5096 10596 6438 7302 6091 6005 2963 10325 4440 5099 11244 12971 8223 14971 10968 9342 8179 10293 4430 2400 12924 14360 5815 12997 11713 5432 7977 6534 9254 7666 4920 6310 11767 9761 6749 9558 15121 7973 6834 10223 9222 8527 15391 14280 11174 10689 10641 11148 0 2218 11256 7901 3398 10965 6153 3130 3425 12584 9246 3261 6725 5756 7054 13194 7529 10230 15208 3529 9342 3732 6857 5665 4472 5350 8750 3590 9925 8329 11002 10738 13147 10196 15277 2561 6017 8959 11416 9577 4810 6415 6385 3100 9100 9721 18044 6564 4378 13789
2888 4655 5293 2886 9656 7036 9287 6438 7447 1815 8854 6632 5180 9325 11380 7196 12759 10718 7325 8628 10406 5902 1546 10713 12155 3601 11368 10528 3277 7129 6112 7134 5456 6904 4094 10832 8926 5518 7347 12913 8271 4616 10385 7895 8851 13217 12386 10045 9064 9236 8933 2218 0 9528 7549 3908 9860 4021 3614 4883 11022 9285 2090 6894 5901 7838 11231 5865 8121 13700 3075 7830 4440 8381 5552 6640 7562 6998 1379 7737 7012 9773 10507 11147 9742 13987 3907 6872 7608 9411 7464 4455 5842 6303 2105 6882 7747 15904 4786 2462 12368
8678 7067 5337 7420 16049 16251 15774 15502 16975 8297 13721 15408 14168 1576 2067 13992 9408 18519 9932 9937 18845 11838 10843 8297 9364 7100 1952 15978 6709 5227 14352 4110 7185 16171 6909 17005 15754 12419 7133 9709 9309 6908 18896 2991 17686 11033 13791 15793 879 14238 6275 11256 9528 0 15618 13311 15727 8474 9453 14401 1875 17720 8008 8617 14846 17139 12440 3727 9316 4441 8176 12904 13875 13368 14292 15530 15739 2531 8447 7928 3562 15257 18368 3118 17273 5405 10849 10597 3050 10982 9044 13165 13918 7864 11030 6468 2550 13698 10426 9599 3536
10353 12200 12620 8321 3445 3253 14163 2645 6137 9358 5146 9493 2902 14813 17667 2472 14211 3170 7562 15976 3245 12242 6060 12442 13454 8530 17570 5048 9056 14547 1437 11923 8796 8185 8712 4419 2519 3336 9973 14201 15693 8778 3324 14866 2680 13635 10178 4446 15442 5066 11931 7901 7549 15618 0 4646 4210 7186 10835 6017 17397 2159 9618 14354 2442 3916 9765 12504 8867 20054 10607 4811 4583 14540 2262 9230 11074 13301 7819 9671 14055 4648 2962 16058 2298 20737 10461 13910 14567 8764 8503 3146 1762 13826 5444 10143 13230 15474 5373 6167 18953
6243 8312 9172 6071 7693 3166 9648 2706 3901 5597 8113 5295 1753 12935 15222 5554 14866 7615 8417 11577 6896 7615 2470 12852 14168 6625 15194 9032 6703 10946 3406 10416 7911 4518 7027 8820 6791 4546 9664 14953 11363 7383 6830 11803 5156 14871 12725 8449 12906 8307 11545 3398 3908 13311 4646 0 8221 6078 6496 1927 14878 5850 5902 10092 2367 3932 11869 9722 9583 17566 6608 7273 574 9894 2386 5104 6784 10796 4865 9753 10920 8406 7381 14606 6936 17893 5910 9390 11516 10308 8996 1900 3436 9690 2384 9463 11315 17256 5391 4184 16259
12730 14181 14100 9361 903 7463 17858 6809 10340 11488 2184 13422 6679 14581 17778 2743 11774 4332 6030 18467 5864 15389 8684 10382 11029 9233 17619 842 10018 16047 4907 11658 8548 12267 9183 1292 1713 4342 8937 11684 18076 8983 6070 15776 6472 10761 6532 237 15787 1731 10648 10965 9860 15727 4210 8221 0 7617 13458 9912 17597 5357 11672 16682 6456 8095 6525 13343 7105 20089 12840 2828 8349 17820 6015 13188 14965 13796 9541 8334 15098 682 4361 15332 3231 21108 13450 16701 15488 6213 7049 6353 4790 16005 7962 9415 13182 12085 5687 7680 19247
6205 7024 6598 1904 7772 8386 13304 7535 9967 4842 5949 10378 6255 7628 10537 5555 8947 10046 3393 11581 10430 9780 4133 6901 8294 1620 10423 8056 2451 8509 6009 4761 1845 10254 1602 8832 7359 3945 3608 9070 11091 1592 10498 8168 9445 9245 8542 7734 8378 6433 5468 6153 4021 8474 7186 6078 7617 0 7188 7800 10292 9322 4888 9711 6831 9333 7313 5732 4100 12915 6101 4958 6630 12221 6182 10323 11475 6288 2862 3823 7481 7284 9895 8958 8807 13719 7827 10323 7877 5460 3443 5165 5550 8919 3796 3392 6046 11894 1990 1954 11893
1051 2531 4150 5484 13217 9568 6712 9200 8923 2361 12456 6154 8141 9845 10874 10768 15129 13963 10581 5142 13385 2775 4850 13158 14627 6146 10955 14137 5397 5248 9420 8602 8136 7297 6605 14396 12452 9120 9902 15331 4878 7174 13324 6924 11645 15905 15728 13647 8737 12845 11073 3130 3614 9453 10835 6496 13458 7188 0 6441 10454 12318 2387 3599 8824 10173 14498 5897 11163 12932 1413 11428 6858 5085 8659 6340 6296 7154 4353 10480 6081 13385 13739 11880 13102 12738 1409 3259 6709 12639 10515 7691 9226 3282 5548 9260 8552 18705 8327 6004 11432
6502 8650 9804 7487 9305 3505 8165 3538 2606 6248 9977 3511 3235 14197 16214 7332 16686 8657 10317 11222 7586 6826 3805 14657 16000 8116 16216 10741 8035 11401 5008 11863 9597 2591 8559 10380 8377 6453 11408 16784 11111 8975 7467 12571 5700 16753 14646 10145 13906 10142 13237 3425 4883 14401 6017 1927 9912 7800 6441 0 15843 6693 6559 9965 3575 3873 13796 10708 11460 18500 6953 9167 1595 8855 3903 3278 5071 11871 6106 11555 11676 10158 8416 15977 8210 18653 5485 8878 12298 12228 10859 3753 5147 9722 4005 11142 12605 19168 7289 5854 17118
9802 7952 6318 9130 17912 17885 16419 17164 18439 9630 15595 16553 15832 3270 437 15829 10831 20335 11804 10013 20611 12600 12410 9921 10874 8867 639 17852 8404 5615 16105 5983 9052 17454 8711 18874 17602 14234 8988 11137 9413 8742 20654 3545 19398 12542 15561 17665 1981 16112 8018 12584 11022 1875 17397 14878 17597 10292 10454 15843 0 19480 9326 8983 16523 18754 14223 5159 11164 2693 9295 14776 15431 13847 15992 16704 16735 4130 10041 9774 4373 17131 20180 4079 19099 3533 11863 11078 3746 12811 10908 14856 15681 8347 12655 8335 4425 15105 12259 11318 1664
11964 13924 14494 10367 4461 3249 14770 3213 5916 11097 6841 9916 4183 16949 19761 4460 16229 2057 9648 17424 1139 13376 7747 14512 15470 10621 19671 6108 11100 16389 3377 14070 10953 8357 10826 5029 3732 5494 12122 16203 17196 10914 1177 16848 1292 15549 11774 5566 17516 6642 14075 9246 9285 17720 2159 5850 5357 9322 12318 6693 19480 0 11376 15901 3495 3381 11529 14522 10944 22148 12271 6711 5588 15526 3734 9614 11503 15367 9734 11800 16017 5950 1824 18214 2259 22782 11751 15233 16550 10704 10611 4843 3801 15445 7218 12301 15358 17222 7531 8187 21017
1347 2588 3282 3113 11548 9062 8980 8501 9165 312 10444 7467 7262 8087 9712 9090 12786 12787 8266 6838 12496 5133 3633 10799 12267 3761 9736 12286 3016 5056 8181 6430 5750 8164 4218 12715 10869 7361 7522 12981 6414 4787 12474 6012 10927 13525 13422 11842 7429 10870 8755 3261 2090 8008 9618 5902 11672 4888 2387 6559 9326 11376 0 5017 7982 9827 12167 4282 8794 11961 1223 9411 6400 7470 7642 7563 8019 5519 2175 8094 5117 11516 12579 10051 11782 12101 3393 5435 5739 10304 8151 6543 7892 4337 4179 6893 6634 16320 6240 4005 10561
4016 2717 3914 7817 16530 13163 7544 12797 12356 5194 15445 9007 11719 9549 9419 14068 16274 17503 12974 1876 16976 4127 8304 14485 15908 8302 9586 17303 7422 3410 12926 9405 10107 10448 8650 17703 15818 12357 11575 16521 1397 9164 16918 5641 15243 17382 18084 16855 7757 15879 12229 6725 6894 8617 14354 10092 16682 9711 3599 9965 8983 15901 5017 0 12410 13751 16766 6015 13266 11044 3845 14413 10456 4872 12217 9263 8615 7005 7183 12297 5105 16534 17283 11564 16595 10404 4522 2137 5567 14912 12665 11210 12697 881 8963 10823 8736 20236 11234 9023 9493
8493 10493 11178 7428 5784 1593 11726 709 4049 7692 6886 7058 721 14265 16836 4089 14977 5258 8274 13930 4569 9962 4356 13056 14239 7827 16777 7297 8138 13030 1636 11527 8639 5813 8131 6827 4850 3846 10159 15015 13701 8353 4522 13665 2952 14686 11828 6693 14542 6948 12124 5756 5901 14846 2442 2367 6456 6831 8824 3575 16523 3495 7982 12410 0 2542 11189 11434 9555 19214 8818 6256 2187 12195 702 6801 8636 12394 6538 10053 12806 6782 5022 15752 4664 19698 8277 11757 13371 9880 9061 1694 1967 11968 3924 10140 12641 16813 5477 5271 17991
10070 12182 13102 9770 7278 952 11589 1836 2539 9520 8993 6697 3079 16652 19088 6205 17490 5434 10776 15075 3988 10691 6362 15585 16749 10229 19047 8922 10452 14855 3916 13979 11156 5047 10566 8104 6383 6318 12699 17522 14940 10824 3823 15731 2132 17141 14019 8328 16776 8958 14662 7054 7838 17139 3916 3932 8095 9333 10173 3873 18754 3381 9827 13751 2542 0 13497 13612 12067 21447 10469 8513 3429 12636 3236 6379 8260 14646 8714 12593 14850 8561 5203 18205 5451 21816 9327 12747 15442 12297 11587 4168 4349 13440 6110 12667 15025 19175 8018 7674 20165
13501 14050 13186 9070 7371 12646 20481 11795 15195 12143 4688 16985 11016 10953 14257 7321 5572 10838 3923 18639 12241 17081 10874 4806 4896 8495 14024 6108 9359 14855 9614 8572 6672 16387 8119 7556 7858 7434 5552 5415 18098 7602 12427 13697 12411 4283 1378 6399 12845 4932 6220 13194 11231 12440 9765 11869 6525 7313 14498 13796 14223 11529 12167 16766 11189 13497 0 11575 3527 16261 13360 4987 12266 19531 10523 16852 18297 11407 10171 4727 13330 5844 10846 10893 9654 17680 15111 17589 13468 1865 4102 10141 9226 15922 10276 6335 10079 5710 6680 8829 15852
5033 3768 2125 4193 13499 12755 12470 12056 13297 4570 11573 11710 10732 3948 5515 11221 10300 15555 8211 7720 15660 8476 7257 8598 9980 4135 5509 13749 3462 3321 11151 3441 5129 12443 4162 14564 13048 9523 6057 10557 7103 4430 15685 2436 14345 11517 12948 13453 3200 12076 6316 7529 5865 3727 12504 9722 13343 5732 5897 10708 5159 14522 4282 6015 11434 13612 11575 0 8078 7844 4546 10626 10273 10320 10936 11823 12118 1264 4908 6865 1806 12983 15381 5990 14376 8273 7256 7656 2145 9823 7589 9792 10753 5145 7532 5267 2780 14364 7706 6341 6561
10140 10553 9659 5682 7701 11135 17403 10242 13287 8803 4923 14338 9182 7941 11259 6492 5424 10898 1308 15136 11888 13827 8073 3575 4684 5055 11055 7106 5893 11339 8211 5268 3159 14017 4646 8377 7780 5761 2189 5461 14587 4108 12027 10268 11510 5294 4886 7095 9608 5407 3570 10230 8121 9316 8867 9583 7105 4100 11163 11460 11164 10944 8794 13266 9555 12067 3527 8078 0 13430 9957 4461 10071 16238 8853 14253 15512 7999 6926 1391 9851 6501 10828 8348 9596 14685 11900 14173 10026 1749 658 8149 7750 12415 7591 2921 6831 7826 4207 5892 12824
12352 10403 8855 11813 20446 20578 18581 19856 21101 12268 18037 19073 18524 5524 2388 18425 12224 22960 14188 11773 23276 14896 15099 11689 12414 11528 2493 20297 11089 7848 18776 8431 11582 20044 11349 21374 20176 16860 11303 12530 11223 11346 23323 6028 22084 14039 17552 20144 4674 18553 10063 15208 13700 4441 20054 17566 20089 12915 12932 18500 2693 22148 11961 11044 19214 21447 16261 7844 13430 0 11847 17261 18118 15898 18679 19240 19161 6820 12733 12046 6907 19595 22810 5457 21711 1848 14334 13179 6271 14998 13245 17545 18347 10521 15348 10716 6931 16368 14863 13999 1551
508 1714 2992 4291 12686 9767 8124 9283 9532 1356 11654 7263 8106 8483 9703 10224 13756 13773 9469 5638 13375 4169 4551 11802 13269 4904 9764 13469 4103 4448 9171 7190 6870 8209 5339 13858 11982 8512 8586 13964 5236 5901 13338 5819 11732 14579 14625 13015 7501 12075 9690 3529 3075 8176 10607 6608 12840 6101 1413 6953 9295 12271 1223 3845 8818 10469 13360 4546 9957 11847 0 10621 7055 6391 8544 7410 7577 5809 3391 9197 4942 12702 13559 10507 12815 11800 2713 4230 5578 11495 9320 7485 8913 3228 5172 7919 7156 17395 7456 5199 10383
10589 11808 11542 6798 3280 7672 16560 6834 10297 9271 1033 12551 6163 11754 14953 2345 9548 6451 3278 16249 7559 13647 6946 7932 8788 6574 14792 3126 7404 13464 4650 8831 5734 11720 6469 4115 3325 2734 6146 9508 15809 6220 7718 13048 7484 8846 5574 2890 12979 1482 7925 9342 7830 12904 4811 7273 2828 4958 11428 9167 14776 6711 9411 14413 6256 8513 4987 10626 4461 17261 10621 0 7583 16124 5616 12372 13988 11015 7236 5590 12405 2371 6393 12542 5157 18290 11654 14683 12765 3993 4306 5417 4290 13678 6243 6596 10357 10683 3182 5438 16428
6671 8765 9678 6645 7771 2721 9597 2385 3339 6092 8383 5081 1704 13508 15778 5742 15381 7433 8885 11892 6595 7796 3032 13374 14677 7199 15753 9173 7275 11427 3461 10989 8467 4142 7599 8870 6852 4881 10207 15462 11702 7951 6513 12332 4799 15350 13084 8581 13461 8547 12097 3732 4440 13875 4583 574 8349 6630 6858 1595 15431 5588 6400 10456 2187 3429 12266 10273 10071 18118 7055 7583 0 10008 2375 4862 6616 11357 5430 10278 11447 8577 7195 15181 6843 18426 6177 9657 12046 10741 9493 2166 3567 10087 2957 10018 11888 17702 5868 4748 16803
6126 6556 8234 10565 17428 12359 2843 12325 10552 7438 17127 6304 11642 14139 14284 15077 20128 17434 15609 4438 16441 2482 9203 18189 19655 11230 14445 18570 10473 8245 13257 13432 13220 8073 11688 18592 16572 13593 14972 20342 4836 12256 16321 10440 14554 20969 20731 18030 12531 17466 16050 6857 8381 13368 14540 9894 17820 12221 5085 8855 13847 15526 7470 4872 12195 12636 19531 10320 16238 15898 6391 16124 10008 0 12279 6634 5177 11475 9361 15562 9808 17857 17196 16189 16828 15159 4481 2778 10332 17681 15587 11578 13197 5523 9923 14310 13098 23779 13162 10842 14349
8250 10191 10783 6872 5404 2291 11971 1400 4682 7363 6288 7414 673 13670 16297 3522 14275 5310 7573 13792 4855 9982 4013 12355 13537 7237 16230 6848 7591 12665 1108 10903 7977 6282 7522 6496 4481 3152 9473 14313 13534 7721 4839 13207 3410 13989 11190 6249 14014 6381 11440 5665 5552 14292 2262 2386 6015 6182 8659 3903 15992 3734 7642 12217 702 3236 10523 10936 8853 18679 8544 5616 2375 12279 0 7175 8970 11862 6071 9356 12359 6290 5083 15123 4557 19208 8219 11682 12910 9191 8360 1145 1339 11733 3500 9467 12049 16132 4782 4695 17481
6902 8865 10394 9521 12568 6370 5216 6646 4027 7296 13216 335 6510 15645 17113 10605 19260 11649 13205 10032 10355 5318 6200 17210 18616 10227 17170 14019 9897 11580 8282 13726 11984 1448 10714 13627 11637 9641 13866 19390 10105 11213 10198 13213 8465 19522 17775 13422 14893 13399 15546 4472 6640 15530 9230 5104 13188 10323 6340 3278 16704 9614 7563 9263 6801 6379 16852 11823 14253 19240 7410 12372 4862 6634 7175 0 1890 13074 8017 14146 12345 13436 11410 17582 11348 19077 4976 7606 12980 15201 13621 6991 8425 9317 6666 13471 14156 22058 10214 8398 17755
7085 8784 10445 10420 14374 8258 3369 8515 5859 7798 14871 1593 8299 16039 17158 12334 20320 13537 14544 9056 12240 4490 7460 18273 19710 11143 17246 15788 10685 11346 10070 14405 13016 3249 11640 15451 13448 11257 14907 20471 9236 12174 12081 13194 10353 20720 19285 15196 15033 15084 16468 5350 7562 15739 11074 6784 14965 11475 6296 5071 16735 11503 8019 8615 8636 8260 18297 12118 15512 19161 7577 13988 6616 5177 8970 1890 0 13382 8921 15268 12367 15181 13298 18040 13218 18817 4892 6707 12990 16585 14866 8684 10180 8843 8023 14438 14640 23338 11619 9621 17638
6297 4952 3241 5005 14028 13768 13690 13038 14445 5801 11913 12965 11705 2703 4445 11842 9545 16284 8332 8608 16500 9701 8326 7989 9300 4785 4401 14137 4276 3952 11990 2896 5326 13669 4687 15048 13646 10196 5860 9818 7978 4816 16539 2297 15268 10897 12785 13887 2153 12425 5723 8750 6998 2531 13301 10796 13796 6288 7154 11871 4130 15367 5519 7005 12394 14646 11407 1264 7999 6820 5809 11015 11357 11475 11862 13074 13382 0 5938 6688 2130 13387 16121 4755 15070 7448 8517 8769 2090 9743 7587 10725 11572 6160 8539 5088 1763 13716 8277 7192 5653
3411 4641 4806 1507 9462 7848 10500 7151 8607 2056 8269 8011 5831 8111 10375 7018 11411 10960 6248 9013 10871 6919 2400 9370 10820 2226 10339 10134 1938 6746 6409 5794 4123 8244 2721 10617 8828 5272 6006 11572 8580 3253 10878 7136 9469 11926 11383 9704 8062 8697 7558 3590 1379 8447 7819 4865 9541 2862 4353 6106 10041 9734 2175 7183 6538 8714 10171 4908 6926 12733 3391 7236 5430 9361 6071 8017 8921 5938 0 6437 6290 9362 10766 9871 9878 13162 4975 7546 6840 8321 6270 4927 6059 6472 2624 5516 6506 14648 4065 1861 11469
9436 9610 8572 5041 8868 11645 16922 10756 13577 8147 6174 14199 9599 6551 9869 7411 5136 11937 2314 14150 12798 13209 7954 3102 4472 4345 9665 8399 5094 10165 8850 3902 2349 14051 3876 9620 8855 6413 829 5249 13582 3307 12920 8974 12250 5489 6105 8344 8235 6674 2338 9925 7737 7928 9671 9753 8334 3823 10480 11555 9774 11800 8094 12297 10053 12593 4727 6865 1391 12046 9197 5590 10278 15562 9356 14146 15268 6688 6437 0 8606 7759 11848 7022 10630 13294 11346 13357 8742 3079 1287 8524 8377 11431 7576 1608 5456 8237 4577 5762 11433
5448 3592 1951 5831 15225 14036 12225 13394 14282 5429 13362 12188 12092 4458 4793 12907 11675 17152 10015 6579 17155 8317 8507 10105 11428 5867 4880 15524 5123 1847 12669 4969 6935 13138 5937 16307 14740 11187 7787 11948 5945 6229 17166 895 15749 13019 14706 15214 2745 13862 7831 8329 7012 3562 14055 10920 15098 7481 6081 11676 4373 16017 5117 5105 12806 14850 13330 1806 9851 6907 4942 12405 11447 9808 12359 12345 12367 2130 6290 8606 0 14755 16970 6460 16005 6988 7490 7040 636 11600 9378 11216 12295 4320 8882 6999 3878 15842 9434 7900 5462
12618 13989 13829 9079 1548 7884 18003 7186 10736 11347 1585 13657 6940 14077 17301 2854 11101 5005 5470 18339 6505 15408 8674 9731 10357 8904 17134 778 9714 15766 5186 11170 8100 12570 8822 1881 2237 4283 8388 11008 17930 8588 6708 15410 7024 10079 5877 601 15346 1095 10059 11002 9773 15257 4648 8406 682 7284 13385 10158 17131 5950 11516 16534 6782 8561 5844 12983 6501 19595 12702 2371 8577 17857 6290 13436 15181 13387 9362 7759 14755 0 5028 14772 3876 20650 13448 16639 15125 5552 6479 6514 5011 15834 7951 8895 12708 11417 5408 7511 18786
13293 15161 15571 11188 3482 5040 16541 4884 7740 12318 6244 11707 5643 17467 20431 4485 15896 240 9583 18875 1651 14984 9008 14325 15140 11336 20318 4973 11920 17503 4398 14536 11356 10172 11469 3673 3079 5950 12282 15837 18610 11470 1881 17766 3092 15026 10892 4526 18246 5926 14176 10738 10507 18368 2962 7381 4361 9895 13739 8416 20180 1824 12579 17283 5022 5203 10846 15381 10828 22810 13559 6393 7195 17196 5083 11410 13298 16121 10766 11848 16970 5028 0 18565 1236 23569 13281 16754 17468 10300 10595 6078 4709 16772 8404 12572 15921 16444 7965 9070 21763
10979 9701 7975 8538 15814 17271 18444 16447 18449 10301 13188 17505 15136 2055 3903 14082 6845 18682 9304 12985 19295 14456 12217 6240 6978 7997 3616 15420 7945 8239 14954 4226 7262 18028 7639 16622 15698 12730 6397 7152 12353 7402 19382 6038 18400 8622 12151 15352 3986 13692 4811 13147 11147 3118 16058 14606 15332 8958 11880 15977 4079 18214 10051 11564 15752 18205 10893 5990 8348 5457 10507 12542 15181 16189 15123 17582 18040 4755 9871 7022 6460 14772 18565 0 17387 7072 13219 13450 6044 9775 8295 14064 14489 10765 12228 6001 3427 11080 10686 10535 5422
12584 14371 14678 10189 2331 5073 16374 4703 7925 11536 5023 11627 5185 16332 19339 3312 14664 1307 8356 18243 2633 14539 8291 13089 13907 10291 19218 3918 10915 16624 3682 13394 10207 10204 10396 2771 1845 4873 11078 14606 17946 10366 2840 16782 3508 13811 9753 3418 17180 4724 12961 10196 9742 17273 2298 6936 3231 8807 13102 8210 19099 2259 11782 16595 4664 5451 9654 14376 9596 21711 12815 5157 6843 16828 4557 11348 13218 15070 9878 10630 16005 3876 1236 17387 0 22516 12756 16200 16484 9068 9372 5415 3902 16042 7644 11388 14803 15283 6849 8121 20697
12293 10223 8856 12419 21401 20984 17924 20311 21258 12413 19121 18883 18992 6756 3432 19273 13905 23732 15336 10862 23919 14425 15458 13233 14049 12233 3656 21376 11685 7502 19406 9515 12560 19991 12123 22381 21063 17643 12515 14212 10364 12200 23949 6098 22617 15694 19000 21180 5345 19638 11460 15277 13987 5405 20737 17893 21108 13719 12738 18653 3533 22782 12101 10404 19698 21816 17680 8273 14685 1848 11800 18290 18426 15159 19208 19077 18817 7448 13162 13294 6988 20650 23569 7072 22516 0 14109 12529 6381 16316 14438 18064 18998 10007 15784 11868 7953 18098 15702 14595 1869
2245 3931 5558 6305 13119 8815 5603 8561 7835 3256 12663 4774 7639 11196 12282 10716 16154 13513 11193 5749 12772 1999 4774 14150 15616 7009 12364 14176 6354 6608 9095 9798 8999 6014 7493 14294 12299 9168 10832 16341 5626 8061 12689 8332 10962 16821 16285 13653 10141 13013 12141 2561 3907 10849 10461 5910 13450 7827 1409 5485 11863 11751 3393 4522 8277 9327 15111 7256 11900 14334 2713 11654 6177 4481 8219 4976 4892 8517 4975 11346 7490 13448 13281 13219 12756 14109 0 3482 8118 13275 11244 7369 8968 4414 5497 10240 9857 19581 8682 6367 12830
4136 3941 5541 8520 16436 12276 5407 12042 11061 5497 15712 7319 11113 11407 11515 13997 17688 16985 13698 2430 16252 2289 8047 15806 17259 9118 11672 17388 8290 5470 12524 10889 11058 8907 9536 17615 15650 12367 12702 17917 2531 10090 16168 7663 14435 18649 18854 16893 9756 16104 13606 6017 6872 10597 13910 9390 16701 10323 3259 8878 11078 15233 5435 2137 11757 12747 17589 7656 14173 13179 4230 14683 9657 2778 11682 7606 6707 8769 7546 13357 7040 16639 16754 13450 16200 12529 3482 0 7557 15725 13540 10791 12368 2745 8759 11995 10433 21489 11568 9253 11628
6084 4209 2587 6296 15643 14620 12791 13966 14904 6050 13705 12822 12658 4097 4168 13354 11544 17647 10267 6942 17688 8906 9090 10054 11337 6277 4264 15889 5575 2195 13192 4986 7203 13774 6306 16710 15182 11646 7916 11825 6310 6555 17704 299 16308 12952 14846 15597 2199 14210 7800 8959 7608 3050 14567 11516 15488 7877 6709 12298 3746 16550 5739 5567 13371 15442 13468 2145 10026 6271 5578 12765 12046 10332 12910 12980 12990 2090 6840 8742 636 15125 17468 6044 16484 6381 8118 7557 0 11774 9582 11766 12809 4818 9447 7135 3742 15754 9849 8403 4830
11639 12195 11368 7205 6944 11404 18682 10527 13803 10283 4085 15317 9622 9560 12885 6295 5599 10332 2085 16787 11539 15237 9133 4197 4844 6633 12669 6031 7499 13075 8382 6981 4836 14817 6263 7414 7224 6042 3903 5538 16250 5753 11704 12015 11444 4873 3176 6150 11311 4486 4970 11416 9411 10982 8764 10308 6213 5460 12639 12228 12811 10704 10304 14912 9880 12297 1865 9823 1749 14998 11495 3993 10741 17681 9191 15201 16585 9743 8321 3079 11600 5552 10300 9775 9068 16316 13275 15725 11774 0 2266 8674 7956 14072 8567 4658 8532 6969 4987 7039 14464
9495 9950 9102 5038 7583 10648 16745 9756 12734 8155 4894 13702 8660 7728 11026 6187 5928 10678 1029 14538 11586 13173 7433 4000 5203 4423 10834 7128 5272 10819 7769 4950 2571 13407 4026 8336 7584 5315 1943 5986 13996 3501 11716 9832 11119 5908 5440 7061 9284 5397 3619 9577 7464 9044 8503 8996 7049 3443 10515 10859 10908 10611 8151 12665 9061 11587 4102 7589 658 13245 9320 4306 9493 15587 8360 13621 14866 7587 6270 1287 9378 6479 10595 8295 9372 14438 11244 13540 9582 2266 0 7611 7301 11820 6965 2580 6523 8473 3648 5247 12571
7215 9108 9654 5745 5873 3221 11505 2383 5150 6270 6228 7190 1093 12571 15164 3660 13538 6296 6908 12832 5973 9212 2934 11575 12814 6133 15100 7154 6459 11545 1734 9838 6990 6306 6438 7023 4998 2724 8571 13596 12547 6669 5967 12063 4553 13377 10929 6577 12876 6410 10523 4810 4455 13165 3146 1900 6353 5165 7691 3753 14856 4843 6543 11210 1694 4168 10141 9792 8149 17545 7485 5417 2166 11578 1145 6991 8684 10725 4927 8524 11216 6514 6078 14064 5415 18064 7369 10791 11766 8674 7611 0 1619 10694 2375 8507 10947 15643 3969 3579 16340
8683 10479 10863 6579 4266 3448 13083 2576 6008 7640 4950 8648 1947 13166 15960 2198 13169 4909 6449 14360 4930 10827 4394 11298 12422 6820 15870 5609 7314 12793 476 10310 7246 7592 7029 5409 3381 1989 8580 13191 14052 7137 4977 13108 3929 12792 9863 5020 13719 5050 10554 6415 5842 13918 1762 3436 4790 5550 9226 5147 15681 3801 7892 12697 1967 4349 9226 10753 7750 18347 8913 4290 3567 13197 1339 8425 10180 11572 6059 8377 12295 5011 4709 14489 3902 18998 8968 12368 12809 7956 7301 1619 0 12140 3742 8665 11567 14866 3877 4413 17224
3483 1897 3036 7018 15885 12807 8082 12392 12187 4544 14708 9082 11265 8737 8783 13425 15394 16988 12151 2722 16536 4418 7766 13604 15027 7479 8934 16607 6595 2732 12391 8526 9256 10422 7814 17052 15196 11698 10704 15641 2181 8320 16489 4918 14844 16501 17246 16172 7017 15150 11348 6385 6303 7864 13826 9690 16005 8919 3282 9722 8347 15445 4337 881 11968 13440 15922 5145 12415 10521 3228 13678 10087 5523 11733 9317 8843 6160 6472 11431 4320 15834 16772 10765 16042 10007 4414 2745 4818 14072 11820 10694 12140 0 8398 9949 7880 19355 10496 8327 8973
4948 6757 7283 3702 7677 5230 10350 4527 6271 3915 7225 6763 3212 10584 12983 5241 12712 8614 6546 10655 8347 7462 723 10673 12039 4242 12938 8680 4357 9170 4007 8033 5595 6475 4645 8856 6904 3673 7404 12820 10327 5015 8337 9741 6868 12872 11294 8162 10675 7547 9237 3100 2105 11030 5444 2384 7962 3796 5548 4005 12655 7218 4179 8963 3924 6110 10276 7532 7591 15348 5172 6243 2957 9923 3500 6666 8023 8539 2624 7576 8882 7951 8404 12228 7644 15784 5497 8759 9447 8567 6965 2375 3742 8398 0 7143 8960 15392 3596 1849 14093
8209 8168 7034 4023 9846 11716 15843 10848 13357 6990 7327 13489 9600 5192 8465 8088 5923 12686 3476 12659 13358 12024 7388 3910 5377 3298 8281 9586 3887 8577 9139 2371 1552 13533 2800 10706 9700 6809 790 6103 12078 2266 13457 7369 12594 6664 7713 9456 6707 7842 2096 9100 6882 6468 10143 9463 9415 3392 9260 11142 8335 12301 6893 10823 10140 12667 6335 5267 2921 10716 7919 6596 10018 14310 9467 13471 14438 5088 5516 1608 6999 8895 12572 6001 11388 11868 10240 11995 7135 4658 2580 8507 8665 9949 7143 0 3944 9495 4793 5296 9999
7612 6543 4895 5262 13519 14109 15202 13319 15112 6879 11171 14080 11990 1627 4597 11506 7809 16064 7392 10365 16472 11205 8885 6332 7595 4814 4445 13428 4613 5712 12015 1573 4652 14611 4544 14463 13247 9977 4642 8086 9737 4458 16535 3893 15407 9217 11447 13246 2780 11688 4113 9721 7747 2550 13230 11315 13182 6046 8552 12605 4425 15358 6634 8736 12641 15025 10079 2780 6831 6931 7156 10357 11888 13098 12049 14156 14640 1763 6506 5456 3878 12708 15921 3427 14803 7953 9857 10433 3742 8532 6523 10947 11567 7880 8960 3944 0 12013 7957 7371 6085
17657 17632 16356 13278 12965 18306 25147 17442 20767 16382 10385 22152 16583 12134 14971 13024 4290 16415 8863 22031 17896 21444 15894 5767 4418 12582 14689 11546 13308 17624 15272 10927 10587 21750 12108 12973 13524 12995 8809 3990 21429 11538 18089 15902 18121 2854 5582 11929 14385 10591 8048 18044 15904 13698 15474 17256 12085 11894 18705 19168 15105 17222 16320 20236 16813 19175 5710 14364 7826 16368 17395 10683 17702 23779 16132 22058 23338 13716 14648 8237 15842 11417 16444 11080 15283 18098 19581 21489 15754 6969 8473 15643 14866 19355 15392 9495 12013 0 11885 13717 16501
7448 8627 8423 3676 5794 7069 13867 6181 9087 6113 4213 10331 5031 9503 12492 3572 9571 8106 3028 13074 8609 10681 4204 7608 8851 3572 12370 6185 4333 10365 4353 6581 3426 9866 3591 6874 5369 2045 4712 9634 12629 3518 8696 10141 7803 9483 7720 5819 10358 4657 6686 6564 4786 10426 5373 5391 5687 1990 8327 7289 12259 7531 6240 11234 5477 8018 6680 7706 4207 14863 7456 3182 5868 13162 4782 10214 11619 8277 4065 4577 9434 5408 7965 10686 6849 15702 8682 11568 9849 4987 3648 3969 3877 10496 3596 4793 7957 11885 0 2330 13869
5151 6503 6578 2187 7606 6748 11652 5948 8084 3844 6470 8466 4621 8996 11614 5170 10894 9253 4964 10836 9324 8363 2198 8850 10233 2559 11541 8282 2917 8533 4812 6313 3746 8301 2897 8758 6990 3420 5559 11011 10419 3208 9355 8701 8088 11130 9951 7845 9344 6880 7388 4378 2462 9599 6167 4184 7680 1954 6004 5854 11318 8187 4005 9023 5271 7674 8829 6341 5892 13999 5199 5438 4748 10842 4695 8398 9621 7192 1861 5762 7900 7511 9070 10535 8121 14595 6367 9253 8403 7039 5247 3579 4413 8327 1849 5296 7371 13717 2330 0 12835
10886 8901 7395 10651 19550 19314 17030 18617 19723 10871 17254 17582 17292 4907 1600 17441 12261 21923 13467 10247 22151 13353 13804 11473 12356 10431 1854 19510 9918 6309 17640 7646 10699 18591 10301 20522 19224 15826 10650 12568 9689 10359 22188 4571 20891 14016 17182 19317 3518 17771 9636 13789 12368 3536 18953 16259 19247 11893 11432 17118 1664 21017 10561 9493 17991 20165 15852 6561 12824 1551 10383 16428 16803 14349 17481 17755 17638 5653 11469 11433 5462 18786 21763 5422 20697 1869 12830 11628 4830 14464 12571 16340 17224 8973 14093 9999 6085 16501 13869 12835 0
1 8 5 1
2 7 9 3
3 9 4 4
4 7 3 6
5 5 3 2
6 1 13 5
7 6 6 1
8 5 7 6
9 7 9 2
10 7 2 3
11 8 4 3
12 5 0 4
13 3 3 5
14 7 4 1
15 6 8 3
16 2 4 3
17 10 9 6
18 2 5 6
19 2 8 2
20 7 5 4
21 6 2 2
22 10 10 5
23 4 6 6
24 3 10 5
25 7 5 8
26 11 5 5
27 7 7 3
28 8 8 2
29 1 8 0
30 3 10 4
31 4 7 7
32 7 10 5
33 9 6 2
34 5 6 5
35 5 7 1
36 5 0 0
37 4 9 5
38 8 12 6
39 4 8 2
40 8 10 4
41 2 5 4
42 6 4 4
43 4 8 2
44 7 6 2
45 6 7 3
46 5 5 5
47 8 0 2
48 6 2 5
49 6 7 2
50 7 7 7
51 8 8 2
52 8 3 1
53 6 6 1
54 5 1 2
55 3 2 0
56 8 5 0
57 8 8 3
58 3 6 0
59 5 5 1
60 0 5 5
61 4 9 0
62 6 8 0
63 7 11 1
64 3 7 5
65 3 4 2
66 8 3 3
67 6 9 4
68 4 5 1
69 3 6 5
70 7 6 0
71 11 7 2
72 2 4 4
73 6 5 1
74 5 7 6
75 6 8 3
76 9 3 5
77 4 7 1
78 10 1 2
79 3 5 0
80 13 5 7
81 11 6 3
82 3 7 4
83 7 9 7
84 8 3 4
85 10 7 6
86 5 7 7
87 14 7 0
88 5 8 1
89 4 5 3
90 8 12 0
91 3 9 4
92 9 3 8
93 7 4 2
94 9 5 5
95 7 8 3
96 8 7 5
97 6 12 5
98 7 7 2
99 6 7 5
100 12 7 3
