75 15 3
30 60 700 9.00
0 11 9 3
0 4 15 3
0 6 2 1
0 5 1 1
0 1 6 3
0 7 3 3
0 9 6 3
0 9 14 2
0 20 5 3
0 20 1 1
0 3 5 2
0 1 12 1
0 5 8 3
0 3 4 1
0 2 4 3
0 3 12 1
0 2 14 1
0 7 15 2
0 9 4 1
0 19 7 3
0 9 14 1
0 9 7 1
0 9 3 1
0 3 15 2
0 9 9 3
0 7 3 1
0 5 7 2
0 6 14 2
0 16 11 3
0 20 6 1
0 13 8 1
0 19 14 1
0 4 12 2
0 5 6 3
0 7 11 3
0 3 15 3
0 14 7 1
0 5 2 1
0 17 10 1
0 1 7 2
0 3 4 3
0 4 8 3
0 3 11 1
0 3 8 3
0 8 4 1
1 2 7 2
1 16 14 3
1 1 4 2
1 23 7 2
1 2 3 2
1 7 1 2
1 4 2 1
1 13 15 1
1 5 1 3
1 7 6 2
1 17 4 2
1 11 5 1
1 10 4 3
1 8 6 1
1 3 1 1
1 10 3 3
1 16 15 3
1 2 10 3
1 23 1 1
1 3 15 3
1 17 5 3
1 19 4 3
1 17 8 1
1 20 15 1
1 6 10 1
1 4 11 3
1 7 7 2
1 2 12 1
1 12 9 1
1 18 11 2
0 4989 16524 10885 15459 15158 13437 5993 10227 15358 14442 8883 9951 17831 10638 16742
4989 0 12037 8856 10551 11484 8480 5975 7486 10394 9720 4256 5863 14870 7877 11942
16524 12037 0 9196 8438 4067 5318 12841 8034 7421 10063 7783 6626 7542 7823 2481
10885 8856 9196 0 14084 5794 10189 5171 1833 13315 14570 6776 5063 7119 1709 10925
15459 10551 8438 14084 0 11537 3978 14928 12290 1017 2044 8108 9127 15604 12377 6228
15158 11484 4067 5794 11537 0 7728 10365 5244 10563 12774 7557 5640 4152 4897 6394
13437 8480 5318 10189 3978 7728 0 11663 8430 3133 5047 4915 5389 11863 8482 3938
5993 5975 12841 5171 14928 10365 11663 0 5121 14443 14693 6846 6557 12288 5475 13865
10227 7486 8034 1833 12290 5244 8430 5121 0 11542 12740 4980 3231 7634 415 9502
15358 10394 7421 13315 1017 10563 3133 14443 11542 0 2892 7597 8435 14612 11607 5224
14442 9720 10063 14570 2044 12774 5047 14693 12740 2892 0 8100 9509 16910 12890 8028
8883 4256 7783 6776 8108 7557 4915 6846 4980 7597 8100 0 2064 11323 5241 7865
9951 5863 6626 5063 9127 5640 5389 6557 3231 8435 9509 2064 0 9283 3405 7331
17831 14870 7542 7119 15604 4152 11863 12288 7634 14612 16910 11323 9283 0 7219 10022
10638 7877 7823 1709 12377 4897 8482 5475 415 11607 12890 5241 3405 7219 0 9377
16742 11942 2481 10925 6228 6394 3938 13865 9502 5224 8028 7865 7331 10022 9377 0
1 7 7 3
2 3 10 6
3 7 7 3
4 8 11 5
5 9 7 5
6 7 8 3
7 12 5 4
8 9 7 4
9 9 4 6
10 10 4 6
11 13 2 4
12 6 9 4
13 2 8 6
14 9 8 2
15 3 11 2
