105 15 3
30 60 700 9.00
0 1 14 2
0 3 14 1
0 8 14 3
0 8 6 3
0 3 3 3
0 4 9 1
0 22 3 2
0 1 9 3
0 18 15 1
0 17 5 1
0 4 2 2
0 1 15 2
0 1 11 3
0 17 4 3
0 10 13 3
0 5 6 2
0 5 11 1
0 8 10 3
0 3 10 2
0 7 4 3
0 14 8 2
0 19 11 2
0 13 14 2
0 24 3 1
0 12 8 2
0 3 8 3
0 10 11 1
0 9 5 3
0 4 12 2
0 13 8 3
0 7 4 1
0 11 8 3
0 2 13 3
0 4 5 1
0 6 8 2
0 6 15 2
0 5 15 3
0 2 2 1
0 24 14 3
0 4 5 1
0 11 9 2
0 9 14 1
0 9 11 3
0 20 14 1
0 17 15 2
0 25 10 1
0 4 11 3
0 4 1 1
0 7 14 3
0 5 5 1
0 1 11 2
0 12 4 3
0 3 6 2
0 21 15 2
0 9 3 3
0 4 6 3
0 3 9 2
0 13 6 3
0 7 14 1
0 11 14 3
0 8 9 1
0 14 8 3
0 1 14 3
0 4 5 3
0 19 9 1
0 16 6 2
0 2 8 2
0 3 9 1
0 18 14 1
0 17 10 3
0 16 2 3
0 10 10 1
0 4 2 1
0 24 5 2
0 1 2 3
0 20 3 3
0 12 2 1
0 7 5 2
0 7 9 2
0 17 6 1
0 1 2 3
0 9 14 2
0 7 4 3
0 17 2 1
0 4 5 1
0 15 6 3
0 19 15 3
0 1 3 2
0 19 7 3
0 23 12 3
0 16 14 1
0 10 5 3
0 21 9 1
0 1 11 1
0 4 12 1
0 1 6 1
0 2 10 2
0 9 10 1
0 4 8 3
0 2 1 1
0 10 12 2
0 22 1 2
0 11 5 3
0 5 13 3
0 6 11 1
0 8403 8299 208 3101 6770 11589 9407 16102 5402 10313 9586 10408 11260 5572 6597
8403 0 10099 8280 8355 1652 13575 5585 12342 3629 3959 8840 13248 14086 5429 12586
8299 10099 0 8427 11148 8998 19543 14552 21800 10044 13883 16399 18511 19389 11726 14861
208 8280 8427 0 2914 6652 11411 9208 15895 5234 10136 9379 10240 11095 5370 6498
3101 8355 11148 2914 0 6957 8507 7421 13489 4752 9008 6757 7380 8250 3711 4433
6770 1652 8998 6652 6957 0 12985 5811 12943 2444 4897 8568 12490 13357 4508 11299
11589 13575 19543 11411 8507 12985 0 8757 9358 10657 11405 5064 1516 1316 8543 6700
9407 5585 14552 9208 7421 5811 8757 0 7252 4620 2650 3698 8868 9576 3861 10257
16102 12342 21800 15895 13489 12943 9358 7252 0 11844 8432 6829 10506 10663 10644 14541
5402 3629 10044 5234 4752 2444 10657 4620 11844 0 4940 6552 10088 10964 2116 8961
10313 3959 13883 10136 9008 4897 11405 2650 8432 4940 0 6344 11498 12219 5307 12440
9586 8840 16399 9379 6757 8568 5064 3698 6829 6552 6344 0 5310 5948 4673 7941
10408 13248 18511 10240 7380 12490 1516 8868 10506 10088 11498 5310 0 894 7984 5200
11260 14086 19389 11095 8250 13357 1316 9576 10663 10964 12219 5948 894 0 8856 5811
5572 5429 11726 5370 3711 4508 8543 3861 10644 2116 5307 4673 7984 8856 0 7366
6597 12586 14861 6498 4433 11299 6700 10257 14541 8961 12440 7941 5200 5811 7366 0
1 9 6 6
2 11 11 3
3 7 5 7
4 15 11 8
5 10 7 7
6 13 5 10
7 11 9 6
8 6 11 7
9 9 12 7
10 8 9 6
11 11 12 4
12 10 7 4
13 7 11 6
14 9 7 4
15 12 8 11
