500 100 3
30 60 700 9.00
0 12 53 1
0 22 65 2
0 15 22 2
0 6 24 1
0 3 36 3
0 7 97 1
0 2 18 2
0 3 44 3
0 1 97 3
0 9 60 3
0 12 85 3
0 8 93 3
0 6 75 3
0 7 45 3
0 10 65 3
0 2 75 3
0 9 18 1
0 1 28 1
0 6 38 1
0 14 15 2
0 11 6 3
0 4 40 1
0 1 72 3
0 13 2 2
0 5 60 1
0 18 68 2
0 10 61 2
0 4 41 3
0 12 95 1
0 15 79 3
0 1 91 1
0 7 37 1
0 6 61 1
0 7 24 1
0 10 18 3
0 8 59 2
0 7 70 2
0 3 74 3
0 2 30 3
0 3 86 2
0 3 99 1
0 7 62 3
0 8 34 3
0 8 38 3
0 1 94 1
0 13 65 2
0 1 40 3
0 23 33 2
0 6 65 1
0 17 45 2
0 7 45 1
0 6 40 1
0 6 52 3
0 3 9 2
0 17 75 2
0 22 60 3
0 3 22 3
0 12 88 3
0 5 59 2
0 2 30 3
0 15 84 2
0 3 76 2
0 1 49 3
0 1 76 2
0 15 69 1
0 2 70 3
0 6 95 1
0 7 46 3
0 19 47 2
0 15 14 2
0 23 21 3
0 10 90 2
0 2 49 2
0 1 96 3
0 4 20 1
0 17 61 2
0 5 66 2
0 3 19 3
0 7 42 2
0 3 21 3
0 5 48 3
0 2 91 1
0 9 28 3
0 14 43 2
0 4 65 2
0 3 64 3
0 2 76 1
0 8 86 2
0 6 59 3
0 8 37 3
0 5 97 2
0 1 23 1
0 11 48 3
0 16 73 1
0 13 86 3
0 3 3 2
0 1 4 2
0 7 54 1
0 11 29 3
0 18 86 1
0 6 100 3
0 6 80 1
0 13 73 2
0 9 89 3
0 8 62 3
0 3 76 1
0 8 2 1
0 3 29 2
0 16 2 3
0 23 4 3
0 17 20 2
0 1 55 1
0 3 76 1
0 4 41 3
0 10 48 2
0 21 18 3
0 1 62 2
0 21 18 1
0 3 22 1
0 4 32 1
0 1 85 1
0 3 82 3
0 5 51 1
0 3 96 1
0 1 50 3
0 9 49 2
0 12 58 3
0 8 88 3
0 7 83 3
0 14 6 2
0 10 12 2
0 5 62 3
0 6 89 2
0 2 84 2
0 12 98 1
0 7 23 3
0 14 15 3
0 5 77 1
0 9 25 2
0 11 11 1
0 14 88 2
0 6 87 3
0 24 25 2
0 16 7 2
0 5 63 3
0 10 70 3
0 12 13 3
0 8 2 3
0 19 64 1
0 24 81 3
0 8 89 3
0 2 96 1
0 3 10 2
0 3 48 2
0 4 59 3
0 8 19 2
0 1 12 3
0 12 75 3
0 4 83 2
0 2 97 3
0 7 86 1
0 8 68 1
0 5 94 2
0 4 95 3
0 3 72 1
0 1 96 2
0 2 15 3
0 4 93 2
0 1 98 1
0 5 34 3
0 10 98 3
0 22 54 1
0 5 42 3
0 5 37 2
0 6 54 1
0 21 84 1
0 3 34 2
0 8 93 1
0 2 89 2
0 3 47 3
0 5 52 1
0 18 76 3
0 6 89 3
0 3 29 1
0 3 98 1
0 5 100 2
0 5 29 1
0 8 4 3
0 4 60 2
0 9 24 1
0 20 80 3
0 2 79 1
0 3 34 1
0 22 100 3
0 6 13 2
0 19 87 2
0 1 74 2
0 18 68 2
0 13 61 1
0 22 30 2
0 3 61 2
0 10 56 2
0 6 56 2
0 1 62 3
0 5 37 3
0 10 46 1
0 17 82 1
0 19 55 1
0 2 15 2
0 6 87 3
0 3 68 1
0 19 15 2
0 12 34 2
0 3 71 2
0 6 16 1
0 1 62 1
0 2 84 2
0 3 55 2
0 12 55 1
0 2 93 3
0 2 33 3
0 12 6 3
0 4 44 3
0 2 100 3
0 5 45 1
0 6 79 3
0 6 15 2
0 18 7 1
0 9 20 1
0 8 89 3
0 8 33 2
0 3 27 2
0 1 61 1
0 13 24 3
0 19 36 2
0 10 24 2
0 2 10 1
0 7 14 3
0 3 73 3
0 2 28 2
0 7 54 2
0 5 3 2
0 14 29 3
0 17 78 1
0 3 55 1
0 15 98 1
0 5 73 3
0 4 80 3
0 18 57 1
0 10 64 3
0 1 31 3
0 11 48 1
0 21 72 3
0 2 19 1
0 1 53 1
0 5 70 3
0 1 32 3
0 1 48 2
0 1 20 3
0 3 53 2
0 11 9 3
0 3 63 1
0 20 46 2
0 5 11 2
0 11 66 2
0 7 26 2
0 5 61 3
0 1 38 1
0 5 75 2
0 4 59 1
0 8 44 2
0 4 1 3
0 25 3 1
0 4 26 1
0 7 39 1
0 12 39 1
0 21 67 2
0 5 80 3
0 1 98 1
0 2 64 3
0 4 96 1
0 4 39 1
0 14 56 3
0 15 1 1
0 5 22 1
0 2 67 2
0 2 84 2
0 11 46 2
0 23 92 2
0 6 53 2
0 11 5 2
0 2 53 2
0 10 18 1
0 1 69 3
0 16 59 2
0 1 43 2
0 6 81 2
0 1 71 2
0 1 89 2
0 9 13 3
0 4 82 1
0 15 63 2
0 16 74 2
0 18 39 2
0 15 41 1
0 6 23 1
0 10 29 3
0 24 71 2
0 9 49 2
0 12 71 1
0 8 3 3
0 1 16 2
0 2 31 2
0 22 94 2
0 10 92 3
0 1 67 3
0 1 11 2
0 15 34 1
0 8 17 2
0 11 83 1
0 3 23 3
0 21 73 1
0 16 91 2
0 1 99 1
0 1 1 2
0 2 54 1
0 18 70 3
0 11 56 2
0 6 22 3
0 1 71 3
0 2 70 2
0 4 54 2
0 1 10 1
0 8 47 3
0 6 18 3
0 7 49 2
0 12 21 3
0 1 20 2
0 7 75 3
0 5 12 1
0 1 74 1
0 4 47 1
0 15 81 2
0 11 20 2
0 10 35 3
0 4 37 2
0 1 88 1
0 6 17 3
0 8 41 2
0 15 36 3
0 4 45 2
0 1 84 1
0 3 20 3
0 11 19 1
0 8 76 3
0 3 18 1
0 4 3 1
0 6 22 2
0 10 26 3
0 3 10 1
0 2 1 1
0 11 57 2
0 9 87 3
0 3 40 1
0 17 51 1
0 3 14 3
0 22 21 3
0 12 34 1
0 11 3 1
0 15 33 3
0 10 63 3
0 1 44 2
0 6 73 1
0 24 74 2
0 1 80 3
0 2 3 1
0 7 67 1
0 5 100 2
0 11 15 1
0 2 47 3
0 25 24 2
0 1 52 2
0 18 56 3
0 3 76 1
0 2 15 1
0 7 57 1
0 4 20 1
0 1 8 3
0 9 42 2
0 2 76 3
0 6 44 3
0 6 32 3
0 6 2 3
0 8 57 2
0 11 61 3
0 15 62 1
0 24 35 3
0 4 61 2
0 2 76 1
0 8 54 3
1 8 21 1
1 3 3 1
1 13 54 2
1 11 56 3
1 7 50 1
1 20 63 1
1 16 91 3
1 11 38 3
1 4 15 2
1 1 24 1
1 21 92 3
1 3 17 2
1 22 79 1
1 23 37 2
1 6 72 1
1 7 35 2
1 18 91 2
1 1 92 3
1 2 31 3
1 16 46 1
1 6 47 3
1 4 88 2
1 1 68 1
1 4 38 3
1 4 46 3
1 11 42 2
1 15 18 3
1 7 68 1
1 3 44 2
1 20 83 3
1 4 2 2
1 5 45 2
1 7 59 1
1 15 34 3
1 3 81 1
1 5 65 1
1 10 70 2
1 11 74 2
1 8 28 2
1 2 67 1
1 19 64 3
1 6 42 1
1 1 58 3
1 6 53 1
1 15 39 2
1 7 37 3
1 10 77 2
1 5 47 3
1 15 67 3
1 19 93 3
1 4 17 1
1 7 90 1
1 11 48 3
1 1 44 3
1 2 35 1
1 22 64 2
1 16 92 1
1 18 80 2
1 12 94 3
1 10 50 1
1 6 32 1
1 12 96 2
1 2 3 1
1 3 42 3
1 1 38 2
1 12 87 2
1 1 31 1
1 11 21 3
1 11 79 3
1 8 43 3
1 7 98 2
1 10 5 1
1 4 37 2
1 3 72 2
1 3 62 2
1 10 61 1
1 16 62 3
1 11 77 2
1 1 42 2
1 8 9 2
1 1 14 3
1 4 17 3
1 4 50 2
1 3 66 2
1 5 56 1
1 4 28 3
1 12 75 3
1 25 87 3
1 1 86 1
1 3 28 1
1 12 21 1
1 1 32 1
1 7 27 1
1 11 32 2
1 8 65 3
1 4 100 2
1 20 74 3
1 2 29 1
1 8 2 1
1 3 21 3
0 8275 5698 21554 14256 13929 13287 9871 10195 21360 7257 8375 2244 14758 20632 17230 15131 10361 15595 6764 9894 8114 14264 5055 12242 10951 8196 17755 14854 14371 13623 10095 21164 13266 15329 11961 8357 10988 12973 13230 14732 18155 16062 17212 16111 5627 14838 571 11309 2405 16575 13237 4218 6504 8740 14378 15233 11289 15216 19102 21438 20799 19274 18915 19654 19638 2267 4284 8533 4475 18685 3801 3572 10437 18724 11808 10530 11568 15547 18174 6311 11884 16460 14762 16952 15227 6694 5373 15219 14946 4786 17061 11830 8189 9410 19876 13567 7080 18231 22079 6230
8275 0 9163 15049 7100 7094 14755 2112 10090 13766 8754 1014 9573 6515 13988 9807 13609 4910 8222 6643 9121 9580 10428 6622 6693 4398 2761 9756 7729 7832 13349 10086 13623 11399 9265 5305 1231 11395 5777 10196 10548 11448 10018 10554 7964 2930 11599 8638 6878 8872 9330 7689 4915 6172 6409 8647 8956 3237 8349 10828 14732 13728 11191 10962 12615 11852 8079 5496 6010 4319 10449 8958 5732 7530 10473 9271 3723 5976 10459 12886 5391 10285 10070 10603 9634 8565 4045 9449 7921 14432 6151 8830 12081 4657 10122 12567 5709 1259 11087 15070 2298
5698 9163 0 18316 16238 11795 7604 9643 4884 19265 2014 8613 7855 14508 17573 18967 9791 8178 13733 3226 4951 2599 10007 9856 15220 9337 10683 16560 12837 11905 8052 4763 19010 8207 12333 10116 8459 5423 14903 8713 10601 15351 12951 19635 16777 6422 10199 6210 8075 8099 14456 10239 8009 10934 12815 11290 17895 11023 12900 19005 18380 18130 18158 19919 17033 17932 3435 3859 12493 5211 18935 2004 7889 6538 18879 7303 9266 14476 11843 14312 10419 6906 13569 10612 14869 17617 5377 596 13326 9370 9395 16566 6244 5967 3931 17527 12597 8499 15837 19268 6962
21554 15049 18316 0 16774 7975 17012 12938 14366 4581 16402 14297 23523 10851 1114 16860 12008 11220 7048 15400 13727 16297 8693 21609 19110 10912 17460 7736 7347 7326 14056 14490 4319 11609 6226 9893 14179 14951 16405 10125 8026 3603 5501 19160 13249 16389 9227 22087 10395 23087 5933 8335 19641 21211 21044 7199 19148 12107 6701 11307 755 2343 7897 14988 2895 5892 20058 17302 20676 17189 12377 19732 20353 11779 12068 11298 11501 18740 6523 4489 20436 12280 5122 8039 5758 18280 14865 18907 7254 13813 21104 9870 14750 13374 15385 3667 9806 16152 4288 1939 15971
14256 7100 16238 16774 0 10403 21586 7394 16871 13594 15831 7814 14772 5953 15672 2987 19611 10637 10105 13706 15842 16626 15649 10380 3197 9434 6063 9245 10297 11265 19826 16887 13615 17495 12825 9718 8011 18186 1339 15923 15509 13551 13392 3508 3950 9855 16987 14440 12564 13879 11074 12276 10081 8981 7193 12755 2463 6680 11112 7391 16192 14722 9858 5214 13890 11527 14723 12474 7058 11185 6369 15840 10841 13817 6597 15389 8904 3393 14718 16471 8624 16622 12989 15573 11130 1708 11112 16492 10082 20751 10235 7198 18790 11413 17051 13310 7671 7786 12517 15952 9283
13929 7094 11795 7975 10403 0 13589 4991 9366 7554 10213 6322 15763 4976 6937 11654 10089 3705 1965 8586 8380 10495 5691 13634 11993 3006 9609 5062 1045 871 11061 9451 7325 8325 2456 1978 6206 10472 9614 6465 5371 4389 3116 13545 8077 8522 7043 14431 4060 15256 2702 2372 11685 13265 13264 2410 12861 4379 1305 8493 7706 6889 6612 10991 5744 6139 12734 9827 12882 9467 8949 12765 12417 5884 8756 6634 3544 11483 4332 6193 12484 8022 2999 5434 3105 12095 7305 12334 1562 11606 13130 5921 10727 6025 10101 5959 2759 8177 4302 8196 8057
13287 14755 7604 17012 21586 13589 0 14214 4716 19677 6527 13875 15389 17979 16689 23869 5142 11239 15409 8322 5755 5564 8699 17284 21410 12596 17017 18590 14511 13191 2955 4700 19367 5589 12662 12819 13662 3403 20342 7412 9335 15278 12912 25095 20872 12759 7834 13780 9715 15691 15616 11265 15255 18189 19818 11788 23663 15190 14135 22035 17382 17811 20062 24039 16959 19079 11033 10752 19456 11975 22359 9504 15289 8035 22205 6954 12940 20675 11038 12524 17578 5568 13743 9299 15998 23186 10795 7918 15052 3514 16785 19444 2899 10185 4671 17797 15647 14596 16320 18565 13081
9871 2112 9643 12938 7394 4991 14214 0 9499 11750 8793 1524 11391 5021 11876 9702 12383 3373 6133 6683 8461 9484 8801 8720 7858 2483 4674 7899 5618 5749 12447 9522 11594 10213 7220 3276 1515 10812 6202 8788 8831 9336 7963 10896 7144 4250 10055 10295 5384 10756 7232 5795 6914 8277 8356 6672 9596 1456 6238 9512 12620 11630 9404 10312 10513 9890 9278 6425 7965 5535 9330 9863 7703 6447 9297 8080 1809 7215 8553 10894 7499 9260 7978 8890 7546 9036 4268 10034 5822 13413 8237 7263 11400 4111 9751 10491 3740 3275 8988 12971 3642
10195 10090 4884 14366 16871 9366 4716 9499 0 16181 2972 9186 12433 13425 13791 19167 4953 6607 11289 3986 1058 2307 5691 13361 16773 7975 12460 14428 10363 9133 3584 131 15890 3358 8988 8312 8970 1316 15630 4270 6350 11905 9430 20379 16242 8327 5542 10752 5323 12501 11696 7206 11196 14057 15478 7989 18962 10502 10135 17632 14565 14633 15970 19426 13635 15252 7991 6734 15099 7771 17865 6833 11391 3519 17732 3103 8271 16046 7878 10052 13381 2177 10192 6342 12103 18474 6224 5437 10903 4871 12828 15046 2013 5479 1066 14327 11140 10028 12711 15609 8566
21360 13766 19265 4581 13594 7554 19677 11750 16181 0 17566 13262 23070 8101 3927 13090 15071 11259 5767 16091 15330 17710 10978 20343 16339 10433 15709 4432 6555 7360 16799 16289 321 14088 7193 9453 13212 17055 13527 12307 10346 4402 6802 15460 9747 15807 11940 21839 11249 22480 4853 9111 18658 19638 19004 8203 15793 10541 6372 7146 3826 2363 3845 10890 2786 2091 20274 17351 18678 16886 8295 20314 19453 12980 7980 13118 10830 16113 8642 7796 18917 14364 6002 10384 4451 14906 14828 19820 6150 16862 19898 6395 17067 13579 17080 1880 8058 14998 3478 2873 15267
7257 8754 2014 16402 15831 10213 6527 8793 2972 17566 0 8027 9486 13406 15693 18405 7924 6754 12174 2131 2939 963 8008 10790 15208 8027 10712 15126 11258 10230 6377 2862 17300 6233 10520 8685 7839 3754 14521 6702 8612 13538 11104 19304 15905 6379 8186 7807 6318 9597 12815 8471 8730 11663 13319 9475 17690 10064 11240 17846 16495 16318 16719 19090 15241 16341 5030 4225 12964 5471 17884 3880 8796 4661 17799 5299 8080 14464 9901 12334 11053 4909 11760 8621 13230 17319 4718 2604 11768 7698 10281 15335 4601 4778 2160 15788 11335 8351 14107 17422 6790
8375 1014 8613 14297 7814 6322 13875 1524 9186 13262 8027 0 9867 6422 13253 10398 12607 3909 7606 5898 8198 8812 9422 7313 7646 3496 3766 9418 7037 7016 12390 9188 13101 10399 8398 4454 223 10497 6520 9182 9551 10706 9157 11305 8239 2781 10587 8788 5867 9233 8689 6744 5425 7009 7389 7733 9791 2915 7605 10863 14012 13078 10912 11334 11951 11413 7901 5137 6988 4121 10591 8614 6201 6532 10584 8268 2841 6940 9510 11971 6220 9302 9260 9607 9017 9347 3318 8948 7279 13456 6812 8704 11163 3718 9274 11970 5264 1858 10436 14414 2152
2244 9573 7855 23523 14772 15763 15389 11391 12433 23070 9486 9867 0 16077 22572 17756 17373 12303 17332 8985 12138 10327 16446 4624 12375 12759 8863 19278 16643 16266 15840 12331 22891 15508 17311 13785 9890 13202 13565 15443 16897 20065 18056 17436 17084 7270 17054 1682 13396 932 18355 15251 4849 6179 8445 16391 15403 12745 17063 20266 23371 22652 20748 19692 21507 21269 4465 6402 8334 6335 19740 5891 4020 12617 19812 14026 12278 11771 17646 20279 6265 14125 18408 16928 18717 15526 8681 7479 16972 17163 4606 18394 14042 10226 11633 21665 15130 8320 20050 23953 7804
14758 6515 14508 10851 5953 4976 17979 5021 13425 8101 13406 6422 16077 0 9743 6717 14963 6840 4215 11391 12372 13957 10636 12686 8334 5477 7852 3686 4574 5756 15698 13482 8054 13061 7204 5163 6479 14668 5571 11268 10344 7602 7669 8740 3102 9203 11995 15141 8284 15350 5131 7228 11326 11784 10945 7378 8379 3567 5366 4509 10296 8885 4855 6114 7987 6018 14294 11444 10634 10532 4484 14866 12162 9954 4393 11152 5328 8047 9244 10682 11115 12522 7163 10407 5177 7537 9194 14940 4258 16382 12304 2318 15080 8636 13934 7496 2366 7760 6576 10166 8570
20632 13988 17573 1114 15672 6937 16689 11876 13791 3927 15693 13253 22572 9743 0 15806 11790 10277 5943 14594 13096 15640 8181 20565 17997 9902 16373 6684 6269 6325 13742 13912 3631 11193 5336 8877 13141 14455 15293 9605 7512 2548 4649 18094 12176 15400 8858 21159 9573 22115 4824 7466 18619 20141 19946 6345 18053 11017 5649 10346 813 1565 6950 13994 1826 4960 19193 16400 19581 16237 11391 18926 19342 11042 11085 10697 10475 17626 5913 4246 19369 11758 4172 7533 4645 17187 13939 18159 6157 13602 20064 8812 14311 12473 14788 2699 8700 15105 3175 1876 14967
17230 9807 18967 16860 2987 11654 23869 9702 19167 13090 18405 10398 17756 6717 15806 0 21428 12687 10862 16274 18118 19149 17229 13335 5813 11377 9034 9125 11290 12461 21893 19197 13182 19405 13922 11432 10576 20472 4260 17708 16989 14013 14372 2380 3714 12661 18589 17422 14477 16860 11643 13801 13065 11905 10002 14065 3415 8689 12075 6113 16201 14632 9246 2816 13981 11160 17629 15274 9910 14020 4938 18688 13827 15921 5239 17366 10954 6200 15955 17342 11584 18672 13824 17053 11592 2713 13714 19256 10951 22716 13208 6994 21014 13810 19453 13226 8926 10622 12796 15732 12063
15131 13609 9791 12008 19611 10089 5142 12383 4953 15071 7924 12607 17373 14963 11790 21428 0 9020 11621 8636 5303 7192 4456 17967 20187 10177 16263 14725 10821 9467 2305 5062 14752 2213 8510 9998 12386 4480 18519 3720 4944 10703 8553 23032 18038 12560 3211 15691 7049 17408 11549 7747 15746 18479 19621 7861 21928 12932 10258 18498 12435 13033 16051 21054 12293 14779 12941 11452 19227 12308 19028 11768 16050 6083 18824 4340 10723 19507 6565 7555 17750 3474 9394 4891 11884 21303 10326 10317 11328 1812 17418 15970 3794 9084 5861 13215 12610 13899 11899 13659 12636
10361 4910 8178 11220 10637 3705 11239 3373 6607 11259 6754 3909 12303 6840 10277 12687 9020 0 5587 4952 5550 7194 5523 10787 11223 1369 7671 8396 4721 4027 9221 6658 11029 6869 5016 1942 3708 7876 9509 5416 5643 7795 5770 14103 9640 5258 6726 10884 2017 11880 6407 3040 8655 10744 11294 4148 12916 4009 4930 11166 11080 10467 9993 12820 9325 9790 9050 6171 10892 5969 11309 9064 9291 3235 11194 4752 1742 10568 5722 8286 9954 6002 6107 5698 6810 12314 3671 8696 5182 10115 10246 8618 8356 2320 7095 9636 4627 5604 7956 11730 4940
15595 8222 13733 7048 10105 1965 15409 6133 11289 5767 12174 7606 17332 4215 5943 10862 11621 5587 0 10515 10318 12459 7166 14844 12157 4671 10471 3181 930 2220 12789 11378 5570 10018 3236 3710 7533 12364 9544 8134 6724 3539 3549 12948 7160 10063 8462 16077 6009 16768 1128 4147 13031 14303 14012 3761 12556 5118 1371 6889 6624 5511 4684 9781 4416 4204 14529 11598 13650 11120 7509 14642 13804 7831 7278 8471 5067 11744 5340 6482 13545 9847 2962 6783 1413 11729 9078 14264 407 13230 14368 4426 12577 7894 12048 4364 2758 9408 2880 6856 9541
6764 6643 3226 15400 13706 8586 8322 6683 3986 16091 2131 5898 8985 11391 14594 16274 8636 4952 10515 0 3344 2940 7548 9396 13169 6124 8716 13336 9625 8737 7563 3930 15842 6613 9286 6889 5709 5153 12400 6467 8057 12283 9945 17185 13813 4438 8074 7335 5021 8890 11262 7161 7215 10072 11543 8255 15593 7986 9719 15865 15406 15050 14934 16991 13936 14717 4828 2816 11172 3786 15853 4333 7443 3763 15781 5044 6094 12428 9063 11640 9401 5231 10507 8081 11674 15206 2599 3749 10108 8831 8857 13392 5956 2771 3662 14381 9406 6315 12689 16229 4774
9894 9121 4951 13727 15842 8380 5755 8461 1058 15330 2939 8198 12138 12372 13096 18118 5303 5550 10318 3344 0 2592 5153 12725 15813 6918 11553 13438 9389 8188 4329 1110 15044 3376 8147 7269 7980 2354 14611 3795 5784 11110 8636 19349 15184 7511 5249 10461 4323 12129 10770 6282 10525 13335 14664 7127 17955 9448 9199 16596 13883 13864 14991 18368 12838 14330 7765 6157 14280 7081 16817 6782 10782 2502 16686 2446 7214 15091 7206 9518 12636 2006 9370 5786 11179 17455 5345 5537 9928 5544 12182 14013 2966 4481 1753 13490 10094 9124 11853 14886 7701
8114 9580 2599 16297 16626 10495 5564 9484 2307 17710 963 8812 10327 13957 15640 19149 7192 7194 12459 2940 2592 0 7744 11750 16095 8515 11616 15483 11533 10433 5514 2182 17434 5660 10580 9092 8617 2875 15327 6373 8376 13579 11117 20113 16546 7295 7767 8654 6494 10478 13029 8600 9694 12626 14272 9541 18533 10701 11449 18351 16433 16350 17066 19739 15299 16580 5862 5188 13916 6424 18441 4583 9755 4730 18343 5037 8634 15352 9774 12110 12014 4414 11816 8378 13444 18140 5535 3136 12057 6837 11243 15811 3716 5399 1333 15900 11816 9236 14235 17408 7682
14264 10428 10007 8693 15649 5691 8699 8801 5691 10978 8008 9422 16446 10636 8181 17229 4456 5523 7166 7548 5153 7744 0 15893 16636 6370 13187 10276 6375 5026 5848 5817 10668 3110 4086 5932 9215 6274 14664 1432 669 6580 4232 18974 13734 10238 1361 14832 3572 16242 7123 3428 13672 16063 16783 3407 18045 9032 5803 14046 8933 9169 11629 16683 8273 10456 12373 10059 16382 10468 14596 11680 14173 3829 14386 2715 7010 16010 2345 4372 15284 3588 5073 654 7472 17356 8121 10602 6876 6105 15338 11529 6152 6578 6730 9098 8319 11034 7639 10034 10101
5055 6622 9856 21609 10380 13634 17284 8720 13361 20343 10790 7313 4624 12686 20565 13335 17967 10787 14844 9396 12725 11750 15893 0 7793 10746 4891 16195 14331 14313 16945 13294 20213 15847 15638 11741 7432 14441 9259 15229 16189 18019 16402 12859 13120 5657 16814 4936 12416 3693 15950 13814 2239 1555 3830 14884 10816 9808 14917 16505 21322 20348 17525 15463 19232 18382 6746 6635 3710 5659 15834 8350 1995 12274 15948 13962 10124 7226 16503 19072 1758 14502 16555 16235 16257 10989 7815 9734 14541 18224 557 14957 15274 9319 12861 19187 12293 5462 17707 21690 5858
12242 6693 15220 19110 3197 11993 21410 7858 16773 16339 15208 7646 12375 8334 17997 5813 20187 11223 12157 13169 15813 16095 16636 7793 0 10268 4538 11914 12139 12861 20035 16764 16325 17993 14445 10836 7868 18072 2817 16639 16621 15693 15101 5066 7004 8861 17908 12324 13239 11450 13225 13465 8039 6280 4222 14160 3029 7727 12936 10523 18591 17214 12735 8346 16285 14249 13129 11360 4178 10009 9541 14453 8682 14148 9755 15853 9628 746 16124 18186 6110 16938 14845 16682 13359 3243 10622 15367 12044 21097 7770 10006 18770 11349 16752 15830 9470 6859 14823 18500 8418
10951 4398 9337 10912 9434 3006 12596 2483 7975 10433 8027 3496 12759 5477 9902 11377 10177 1369 4671 6124 6918 8515 6370 10746 10268 0 7102 7243 3904 3587 10516 8026 10226 8074 4906 1029 3343 9241 8363 6496 6364 7362 5668 12867 8277 5517 7659 11445 3134 12250 5625 3319 8731 10505 10782 4249 11767 2756 4309 9836 10683 9894 8839 11454 8750 8819 9865 6930 10386 6479 9952 10054 9442 4572 9842 5998 683 9650 6085 8488 9715 7295 5818 6424 6004 11128 4415 9828 4284 11361 10226 7309 9708 3372 8457 8927 3309 5340 7293 11202 5065
8196 2761 10683 17460 6063 9609 17017 4674 12460 15709 10712 3766 8863 7852 16373 9034 16263 7671 10471 8716 11553 11616 13187 4891 4538 7102 0 11441 10116 10400 15854 12440 15605 14050 11891 7949 3974 13736 4778 12921 13308 13865 12631 9164 8284 4339 14347 8397 9631 8012 11599 10415 4059 3942 3684 11336 7291 5359 10805 11622 17084 15959 12706 10832 14884 13692 8746 6824 3291 5474 10983 9984 4857 10183 11084 11940 6420 3793 13185 15565 3265 12880 12609 13364 11858 7143 6240 10840 10222 16989 4575 10094 14473 7203 12347 14710 7772 2432 13348 17303 3942
17755 9756 16560 7736 9245 5062 18590 7899 14428 4432 15126 9418 19278 3686 6684 9125 14725 8396 3181 13336 13438 15483 10276 16195 11914 7243 11441 0 4086 5401 15961 14513 4410 13186 6228 6453 9412 15527 9107 11300 9791 5130 6331 11429 5538 12128 11535 18189 9116 18614 3227 7326 14667 15383 14626 6898 11529 6537 4493 3998 7085 5539 1598 7406 4859 2341 16969 14035 14310 13346 4869 17277 15487 10939 4585 11649 7433 11681 8281 8822 14688 13027 5559 9847 2968 10648 11578 17063 3543 16369 15781 2137 15754 10610 15151 4124 4192 11014 3791 6721 11534
14854 7729 12837 7347 10297 1045 14511 5618 10363 6555 11258 7037 16643 4574 6269 11290 10821 4721 930 9625 9389 11533 6375 14331 12139 3904 10116 4086 0 1358 11920 10451 6337 9159 2636 2903 6943 11445 9626 7280 5976 3750 3110 13290 7629 9379 7697 15347 5079 16107 1721 3246 12449 13873 13721 2975 12760 4773 815 7680 7004 6050 5608 10400 4917 5096 13719 10799 13348 10382 8227 13785 13202 6901 8013 7565 4368 11679 4709 6174 13103 8945 2715 6036 2107 11959 8275 13373 543 12398 13841 5154 11669 7039 11118 5025 2676 8872 3417 7380 8884
14371 7832 11905 7326 11265 871 13191 5749 9133 7360 10230 7016 16266 5756 6325 12461 9467 4027 2220 8737 8188 10433 5026 14313 12861 3587 10400 5401 1358 0 10573 9227 7107 7807 1586 2574 6885 10175 10485 5926 4647 3800 2262 14382 8849 9075 6356 14887 3939 15794 2597 1940 12318 14000 14066 1644 13724 5223 1017 9037 7115 6440 6882 11699 5298 6154 13067 10198 13681 9940 9570 12994 13027 5734 9361 6261 4190 12347 3498 5327 13215 7632 2244 4709 3011 12953 7694 12461 1881 11041 13800 6504 10366 6315 9933 5652 3605 8874 3961 7709 8646
13623 13349 8052 14056 19826 11061 2955 12447 3584 16799 6377 12390 15840 15698 13742 21893 2305 9221 12789 7563 4329 5514 5848 16945 20035 10516 15854 15961 11920 10573 0 3652 16485 2781 9891 10562 12169 2639 18649 4664 6459 12397 10080 23311 18694 11838 4897 14167 7446 15974 12896 8694 14778 17627 18992 9081 22036 13229 11471 19554 14430 14887 17384 21809 14059 16294 11376 10316 18608 11347 19967 10056 14974 6009 19790 4553 10962 19324 8161 9569 16942 3221 10919 6419 13264 21482 9671 8527 12453 1323 16411 16976 1808 8694 4217 14922 13335 13430 13487 15619 12027
10095 10086 4763 14490 16887 9451 4700 9522 131 16289 2862 9188 12331 13482 13912 19197 5062 6658 11378 3930 1110 2182 5817 13294 16764 8026 12440 14513 10451 9227 3652 0 15998 3486 9096 8377 8973 1310 15643 4398 6475 12018 9543 20395 16289 8290 5673 10650 5403 12406 11794 7303 11135 14002 15437 8094 18969 10539 10231 17701 14687 14749 16057 19475 13749 15350 7885 6664 15060 7715 17927 6717 11322 3594 17795 3221 8313 16036 8000 10180 13330 2307 10303 6468 12201 18486 6200 5314 10991 4947 12762 15117 2043 5487 935 14436 11203 10008 12818 15728 8538
21164 13623 19010 4319 13615 7325 19367 11594 15890 321 17300 13101 22891 8054 3631 13182 14752 11029 5570 15842 15044 17434 10668 20213 16325 10226 15605 4410 6337 7107 16485 15998 0 13778 6902 9239 13046 16757 13517 12000 10034 4089 6500 15546 9795 15624 11623 21647 10982 22310 4625 8839 18506 19529 18930 7917 15838 10406 6126 7284 3564 2066 3940 11026 2465 2088 20054 17136 18600 16689 8423 20077 19297 12704 8107 12822 10637 16085 8330 7475 18803 14063 5704 10071 4230 14952 14612 19567 5946 16543 19763 6421 16762 13348 16793 1574 7921 14850 3199 2671 15091
13266 11399 8207 11609 17495 8325 5589 10213 3358 14088 6233 10399 15508 13061 11193 19405 2213 6869 10018 6613 3376 5660 3110 15847 17993 8074 14050 13186 9159 7807 2781 3486 13778 0 7115 7987 10177 3461 16378 1886 3750 9690 7329 20941 16100 10382 2405 13833 4942 15478 10115 5954 13617 16312 17418 6300 19785 10827 8694 16814 11917 12251 14603 19174 11377 13525 11141 9414 17023 10194 17261 10111 13955 3871 17076 2140 8591 17309 5451 7146 15576 1386 8164 3717 10484 19178 8146 8774 9688 3324 15295 14246 3146 6875 4403 12208 10695 11688 10738 13062 10439
15329 9265 12333 6226 12825 2456 12662 7220 8988 7193 10520 8398 17311 7204 5336 13922 8510 5016 3236 9286 8147 10580 4086 15638 14445 4906 11891 6228 2636 1586 9891 9096 6902 7115 0 3960 8249 9884 12065 5252 3568 3019 764 15896 10265 10244 5310 15863 4270 16897 3040 2132 13580 15407 15570 1045 15286 6788 1887 10094 6148 5800 7545 12998 4723 6417 13857 11078 15180 10980 10744 13613 14255 5869 10510 5934 5559 13928 2104 3746 14618 7216 1240 3623 3386 14507 8642 12911 3033 10190 15112 7661 9947 7149 9894 5344 5155 10246 3728 6946 9870
11961 5305 10116 9893 9718 1978 12819 3276 8312 9453 8685 4454 13785 5163 8877 11432 9998 1942 3710 6889 7269 9092 5932 11741 10836 1029 7949 6453 2903 2574 10562 8377 9239 7987 3960 0 4316 9529 8740 6279 5828 6335 4713 13072 8133 6547 7269 12460 3125 13279 4623 2630 9748 11455 11632 3407 12114 3129 3281 9332 9657 8867 8051 11255 7723 7897 10823 7899 11240 7494 9559 10943 10465 4809 9421 6009 1618 10254 5325 7619 10667 7368 4814 5891 5009 11425 5375 10629 3313 11308 11226 6757 9920 4203 8898 7916 2833 6310 6273 10173 6092
8357 1231 8459 14179 8011 6206 13662 1515 8970 13212 7839 223 9890 6479 13141 10576 12386 3708 7533 5709 7980 8617 9215 7432 7868 3343 3974 9412 6943 6885 12169 8973 13046 10177 8249 4316 0 10282 6722 8965 9351 10594 9010 11506 8365 2741 10375 8780 5657 9272 8608 6568 5507 7165 7586 7568 10002 2943 7495 10938 13905 12990 10919 11473 11860 11380 7824 5029 7185 4054 10687 8501 6271 6310 10675 8046 2699 7162 9330 11804 6374 9079 9128 9406 8942 9553 3139 8803 7200 13233 6924 8748 10945 3499 9065 11897 5243 1997 10350 14323 2127
10988 11395 5423 14951 18186 10472 3403 10812 1316 17055 3754 10497 13202 14668 14455 20472 4480 7876 12364 5153 2354 2875 6274 14441 18072 9241 13736 15527 11445 10175 2639 1310 16757 3461 9884 9529 10282 0 16946 4850 6944 12716 10260 21694 17516 9557 5843 11529 6478 13344 12700 8235 12312 15204 16691 8923 20276 11800 11161 18822 15207 15394 17047 20694 14440 16236 8737 7809 16317 8920 19088 7425 12456 4720 18947 3956 9559 17343 8570 10536 14547 2709 11054 6925 13099 19790 7495 5912 11988 3962 13917 16232 847 6794 1599 15185 12362 11305 13609 16302 9824
12973 5777 14903 16405 1339 9614 20342 6202 15630 13527 14521 6520 13565 5571 15293 4260 18519 9509 9544 12400 14611 15327 14664 9259 2817 8363 4778 9107 9626 10485 18649 15643 13517 16378 12065 8740 6722 16946 0 14858 14565 13057 12675 4786 4288 8517 15986 13173 11472 12683 10575 11342 8823 7924 6323 11905 3408 5635 10437 7838 15863 14454 9921 6207 13553 11438 13395 11135 6133 9847 6934 14502 9599 12648 7119 14257 7796 2711 13878 15767 7502 15460 12340 14627 10678 2844 9803 15154 9472 19606 9077 7190 17567 10158 15780 13060 6954 6447 12119 15727 7946
13230 10196 8713 10125 15923 6465 7412 8788 4270 12307 6702 9182 15443 11268 9605 17708 3720 5416 8134 6467 3795 6373 1432 15229 16639 6496 12921 11300 7280 5926 4664 4398 12000 1886 5252 6279 8965 4850 14858 0 2099 7925 5513 19327 14332 9613 1618 13801 3404 15300 8236 4096 12992 15527 16425 4417 18263 9244 6809 14944 10361 10561 12720 17372 9636 11669 11252 9117 16025 9672 15412 10456 13429 2957 15221 1438 7072 15980 3728 5782 14763 2157 6338 2085 8609 17620 7414 9306 7807 5142 14673 12383 4768 5957 5318 10427 8908 10651 8915 11452 9561
14732 10548 10601 8026 15509 5371 9335 8831 6350 10346 8612 9551 16897 10344 7512 16989 4944 5643 6724 8057 5784 8376 669 16189 16621 6364 13308 9791 5976 4647 6459 6475 10034 3750 3568 5828 9351 6944 14565 2099 0 5944 3641 18790 13446 10535 1744 15299 3785 16665 6606 3233 13981 16300 16936 3005 17926 8954 5354 13613 8264 8511 11107 16344 7626 9878 12885 10498 16535 10841 14201 12240 14510 4304 13983 3339 7025 16012 1704 3734 15516 4256 4485 64 6941 17217 8468 11197 6457 6647 15636 11123 6815 6904 7384 8467 8063 11219 7036 9366 10362
18155 11448 15351 3603 13551 4389 15278 9336 11905 4402 13538 10706 20065 7602 2548 14013 10703 7795 3539 12283 11110 13579 6580 18019 15693 7362 13865 5130 3750 3800 12397 12018 4089 9690 3019 6335 10594 12716 13057 7925 5944 0 2476 16213 10309 12869 7547 18675 7280 19593 2483 5124 16073 17608 17464 4064 15980 8519 3102 9094 3321 2781 5933 12516 1730 4249 16784 13951 17093 13736 9999 16602 16799 8882 9715 8812 7930 15283 4241 3803 16834 10012 1781 5982 2438 15134 11466 15927 3695 12483 17517 7113 12692 10036 12846 2525 6278 12558 1392 3957 12427
16062 10018 12951 5501 13392 3116 12912 7963 9430 6802 11104 9157 18056 7669 4649 14372 8553 5770 3549 9945 8636 11117 4232 16402 15101 5668 12631 6331 3110 2262 10080 9543 6500 7329 764 4713 9010 10260 12675 5513 3641 2476 0 16397 10687 11005 5345 16599 4924 17649 3105 2834 14344 16165 16306 1700 15855 7485 2304 10276 5461 5234 7540 13321 4206 6237 14561 11803 15918 11728 10993 14278 15018 6443 10745 6341 6317 14598 1993 3093 15376 7564 843 3688 3387 15062 9381 13533 3422 10283 15877 7924 10266 7876 10370 4927 5731 11007 3409 6320 10634
17212 10554 19635 19160 3508 13545 25095 10896 20379 15460 19304 11305 17436 8740 18094 2380 23032 14103 12948 17185 19349 20113 18974 12859 5066 12867 9164 11429 13290 14382 23311 20395 15546 20941 15896 13072 11506 21694 4786 19327 18790 16213 16397 0 5923 13219 20325 17328 16000 16514 13798 15565 12994 11340 9212 15941 2049 10114 14093 8489 18514 16957 11615 5036 16271 13512 17910 15826 9214 14508 7312 19118 13683 17302 7616 18849 12364 5674 17876 19422 11171 20100 15902 18853 13779 2027 14587 19860 12997 24215 12831 9292 22295 14921 20556 15546 10786 11140 15039 18079 12674
16111 7964 16777 13249 3950 8077 20872 7144 16242 9747 15905 8239 17084 3102 12176 3714 18038 9640 7160 13813 15184 16546 13734 13120 7004 8277 8284 5538 7629 8849 18694 16289 9795 16100 10265 8133 8365 17516 4288 14332 13446 10309 10687 5923 0 10882 15093 16412 11251 16263 7929 10319 12235 11932 10549 10477 6046 5845 8400 3551 12614 11077 5951 3196 10356 7719 16042 13370 10324 12269 2720 16849 13065 12841 2864 14141 7985 6994 12326 13634 11400 15493 10119 13509 7883 5159 11401 17149 7266 19423 12846 3408 17980 11148 16662 9661 5429 9063 9117 12242 10241
5627 2930 6422 16389 9855 8522 12759 4250 8327 15807 6379 2781 7270 9203 15400 12661 12560 5258 10063 4438 7511 7295 10238 5657 8861 5517 4339 12128 9379 9075 11838 8290 15624 10382 10244 6547 2741 9557 8517 9613 10535 12869 11005 13219 10882 0 11181 6067 6769 6734 11088 8295 3449 5937 7155 9404 11475 5684 9826 13630 16189 15406 13649 13892 14263 14037 5165 2619 6774 1390 13319 6042 4037 6673 13326 8401 5012 8115 10914 13516 5194 9091 11269 10580 11448 11198 2237 6643 9702 13047 5102 11485 10333 3670 8098 14397 7942 2079 12792 16718 643
14838 11599 10199 9227 16987 7043 7834 10055 5542 11940 8186 10587 17054 11995 8858 18589 3211 6726 8462 8074 5249 7767 1361 16814 17908 7659 14347 11535 7697 6356 4897 5673 11623 2405 5310 7269 10375 5843 15986 1618 1744 7547 5345 20325 15093 11181 0 15409 4724 16917 8346 4789 14579 17074 17901 4722 19375 10351 7093 15350 9562 9991 12844 18033 9182 11576 12840 10735 17499 11279 15924 11995 15030 4558 15709 3031 8282 17271 3361 4750 16304 3368 6186 1688 8676 18694 9000 10786 8187 4948 16258 12850 5548 7514 6609 10071 9680 12130 8706 10733 11102
571 8638 6210 22087 14440 14431 13780 10295 10752 21839 7807 8788 1682 15141 21159 17422 15691 10884 16077 7335 10461 8654 14832 4936 12324 11445 8397 18189 15347 14887 14167 10650 21647 13833 15863 12460 8780 11529 13173 13801 15299 18675 16599 17328 16412 6067 15409 0 11862 1941 17067 13777 4362 6435 8697 14918 15332 11700 15722 19452 21964 21308 19698 19171 20163 20098 2794 4838 8513 4966 19009 4278 3646 11005 19056 12379 11010 11666 16103 18732 6311 12452 16988 15329 17441 15359 7223 5862 15704 15490 4725 17450 12370 8731 9956 20371 14007 7423 18732 22594 6655
11309 6878 8075 10395 12564 4060 9715 5384 5323 11249 6318 5867 13396 8284 9573 14477 7049 2017 6009 5021 4323 6494 3572 12416 13239 3134 9631 9116 5079 3939 7446 5403 10982 4942 4270 3125 5657 6478 11472 3404 3785 7280 4924 16000 11251 6769 4724 11862 0 13085 6535 2164 10218 12517 13213 3235 14880 5889 4955 12346 10385 10057 10672 14380 8958 10089 9681 7025 12811 7179 12644 9353 10773 1824 12492 2896 3677 12585 4252 6886 11735 4244 5500 3834 6950 14254 4782 8649 5614 8240 11864 9755 6819 3204 6041 9473 5937 7463 7790 11216 6579
2405 8872 8099 23087 13879 15256 15691 10756 12501 22480 9597 9233 932 15350 22115 16860 17408 11880 16768 8890 12129 10478 16242 3693 11450 12250 8012 18614 16107 15794 15974 12406 22310 15478 16897 13279 9272 13344 12683 15300 16665 19593 17649 16514 16263 6734 16917 1941 13085 0 17810 14869 4049 5247 7514 16002 14479 12077 16560 19485 22908 22140 20063 18830 20997 20645 4664 6189 7403 5933 18933 6202 3211 12423 19012 13902 11740 10852 17334 19967 5343 14093 17965 16700 18163 14609 8321 7777 16416 17295 3684 17666 14190 9889 11757 21117 14493 7613 19522 23452 7228
16575 9330 14456 5933 11074 2702 15616 7232 11696 4853 12815 8689 18355 5131 4824 11643 11549 6407 1128 11262 10770 13029 7123 15950 13225 5625 11599 3227 1721 2597 12896 11794 4625 10115 3040 4623 8608 12700 10575 8236 6606 2483 3105 13798 7929 11088 8346 17067 6535 17810 0 4491 14113 15426 15139 3828 13509 6244 1580 7181 5497 4398 4506 10346 3292 3561 15430 12514 14777 12102 7940 15464 14877 8328 7682 8755 6077 12829 5060 5762 14666 10097 2350 6660 415 12668 9991 15003 1411 13228 15470 4909 12841 8727 12518 3310 3878 10505 1759 5741 10583
13237 7689 10239 8335 12276 2372 11265 5795 7206 9111 8471 6744 15251 7228 7466 13801 7747 3040 4147 7161 6282 8600 3428 13814 13465 3319 10415 7326 3246 1940 8694 7303 8839 5954 2132 2630 6568 8235 11342 4096 3233 5124 2834 15565 10319 8295 4789 13777 2164 14869 4491 0 11694 13710 14091 1142 14696 5756 2930 10862 8278 7896 8820 13308 6794 8050 11730 8971 13694 8938 11316 11484 12330 3872 11126 4324 4002 12879 2771 5261 12918 5701 3347 3296 4899 13984 6570 10812 3786 9237 13276 8293 8430 5048 8032 7318 4895 8538 5641 9069 7977
4218 4915 8009 19641 10081 11685 15255 6914 11196 18658 8730 5425 4849 11326 18619 13065 15746 8655 13031 7215 10525 9694 13672 2239 8039 8731 4059 14667 12449 12318 14778 11135 18506 13617 13580 9748 5507 12312 8823 12992 13981 16073 14344 12994 12235 3449 14579 4362 10218 4049 14113 11694 0 2942 4865 12785 11019 8151 12984 15436 19391 18496 16082 14882 17366 16763 5259 4516 4580 3445 14893 6756 839 10036 14968 11723 8144 7355 14348 16937 2419 12277 14547 14026 14442 11011 5579 7976 12704 16045 1683 13640 13137 7094 10748 17394 10612 3665 15857 19829 3719
6504 6172 10934 21211 8981 13265 18189 8277 14057 19638 11663 7009 6179 11784 20141 11905 18479 10744 14303 10072 13335 12626 16063 1555 6280 10505 3942 15383 13873 14000 17627 14002 19529 16312 15407 11455 7165 15204 7924 15527 16300 17608 16165 11340 11932 5937 17074 6435 12517 5247 15426 13710 2942 0 2279 14731 9293 9193 14514 15388 20875 19811 16639 14126 18718 17630 8014 7440 2157 6288 14653 9579 3113 12601 14786 14336 9849 5744 16453 18962 792 15006 16240 16350 15705 9498 8172 10874 14029 18876 1719 14003 16021 9569 13655 18593 11653 5175 17183 21156 5972
8740 6409 12815 21044 7193 13264 19818 8356 15478 19004 13319 7389 8445 10945 19946 10002 19621 11294 14012 11543 14664 14272 16783 3830 4222 10782 3684 14626 13721 14066 18992 15437 18930 17418 15570 11632 7586 16691 6323 16425 16936 17464 16306 9212 10549 7155 17901 8697 13213 7514 15139 14091 4865 2279 0 15019 7164 8947 14434 14086 20636 19444 15735 12406 18399 16940 10105 9123 402 7849 13239 11620 5243 13592 13408 15354 10101 3814 16862 19249 2471 16177 16262 16990 15370 7463 9339 12818 13790 20192 3972 13019 17479 10549 15195 18149 11269 5775 16869 20782 6995
14378 8647 11290 7199 12755 2410 11788 6672 7989 8203 9475 7733 16391 7378 6345 14065 7861 4148 3761 8255 7127 9541 3407 14884 14160 4249 11336 6898 2975 1644 9081 8094 7917 6300 1045 3407 7568 8923 11905 4417 3005 4064 1700 15941 10477 9404 4722 14918 3235 16002 3828 1142 12785 14731 15019 0 15202 6438 2407 10639 7158 6845 8303 13343 5767 7321 12861 10112 14625 10073 11202 12586 13435 4825 10987 4967 4926 13606 1974 4240 13939 6284 2285 3066 4210 14454 7710 11869 3469 9474 14350 8128 9027 6189 8877 6367 5158 9556 4727 7983 9066
15233 8956 17895 19148 2463 12861 23663 9596 18962 15793 17690 9791 15403 8379 18053 3415 21928 12916 12556 15593 17955 18533 18045 10816 3029 11767 7291 11529 12760 13724 22036 18969 15838 19785 15286 12114 10002 20276 3408 18263 17926 15980 15855 2049 6046 11475 19375 15332 14880 14479 13509 14696 11019 9293 7164 15202 0 9030 13575 9185 18548 17049 11988 6218 16256 13758 16016 14054 7165 12718 8057 17275 11687 16042 8331 17662 11205 3667 17169 18934 9138 18856 15449 17989 13551 886 12999 18089 12540 23007 10798 9428 20918 13482 19061 15633 10133 9406 14914 18250 10963
11289 3237 11023 12107 6680 4379 15190 1456 10502 10541 10064 2915 12745 3567 11017 8689 12932 4009 5118 7986 9448 10701 9032 9808 7727 2756 5359 6537 4773 5223 13229 10539 10406 10827 6788 3129 2943 11800 5635 9244 8954 8519 7485 10114 5845 5684 10351 11700 5889 12077 6244 5756 8151 9193 8947 6438 9030 0 5495 8065 11725 10619 8008 9038 9533 8615 10734 7877 8575 6986 7917 11306 8963 7238 7872 8738 2269 7169 8398 10533 8443 10010 7353 9016 6513 8376 5666 11432 4864 14105 9357 5810 12327 5303 10856 9405 2485 4487 7997 11965 5063
15216 8349 12900 6701 11112 1305 14135 6238 10135 6372 11240 7605 17063 5366 5649 12075 10258 4930 1371 9719 9199 11449 5803 14917 12936 4309 10805 4493 815 1017 11471 10231 6126 8694 1887 3281 7495 11161 10437 6809 5354 3102 2304 14093 8400 9826 7093 15722 4955 16560 1580 2930 12984 14514 14434 2407 13575 5495 0 8259 6410 5589 5927 11111 4444 5138 13980 11087 14058 10760 8873 13954 13718 6749 8645 7230 4846 12468 3988 5359 13737 8590 1909 5413 1995 12773 8570 13452 1146 11881 14416 5789 11330 7241 10945 4706 3485 9456 3028 6893 9362
19102 10828 19005 11307 7391 8493 22035 9512 17632 7146 17846 10863 20266 4509 10346 6113 18498 11166 6889 15865 16596 18351 14046 16505 10523 9836 11622 3998 7680 9037 19554 17701 7284 16814 10094 9332 10938 18822 7838 14944 13613 9094 10276 8489 3551 13630 15350 19452 12346 19485 7181 10862 15436 15388 14086 10639 9185 8065 8259 0 10591 8981 3412 3745 8564 5418 18761 15936 13851 14983 1180 19370 16274 14116 874 15095 9775 10541 12185 12817 14818 16485 9530 13672 6954 8321 13702 19444 7171 20075 16195 2592 19150 13099 18228 7653 6539 12030 7723 9928 12990
21438 14732 18380 755 16192 7706 17382 12620 14565 3826 16495 14012 23371 10296 813 16201 12435 11080 6624 15406 13883 16433 8933 21322 18591 10683 17084 7085 7004 7115 14430 14687 3564 11917 6148 9657 13905 15207 15863 10361 8264 3321 5461 18514 12614 16189 9562 21964 10385 22908 5497 8278 19391 20875 20636 7158 18548 11725 6410 10591 0 1611 7179 14285 2310 5173 20005 17209 20274 17037 11672 19738 20119 11847 11362 11476 11249 18240 6688 4880 20106 12517 4979 8282 5284 17675 14744 18967 6861 14245 20824 9222 15045 13282 15568 2979 9373 15860 3788 1279 15749
20799 13728 18130 2343 14722 6889 17811 11630 14633 2363 16318 13078 22652 8885 1565 14632 13033 10467 5511 15050 13864 16350 9169 20348 17214 9894 15959 5539 6050 6440 14887 14749 2066 12251 5800 8867 12990 15394 14454 10561 8511 2781 5234 16957 11077 15406 9991 21308 10057 22140 4398 7896 18496 19811 19444 6845 17049 10619 5589 8981 1611 0 5569 12680 1145 3563 19499 16637 19092 16348 10066 19360 19252 11661 9755 11532 10404 16896 6834 5584 19056 12686 4561 8540 4106 16172 14132 18705 5808 14840 19867 7673 15320 12744 15591 1417 8191 14900 2642 1345 14925
19274 11191 18158 7897 9858 6612 20062 9404 15970 3845 16719 10912 20748 4855 6950 9246 16051 9993 4684 14934 14991 17066 11629 17525 12735 8839 12706 1598 5608 6882 17384 16057 3940 14603 7545 8051 10919 17047 9921 12720 11107 5933 7540 11615 5951 13649 12844 19698 10672 20063 4506 8820 16082 16639 15735 8303 11988 8008 5927 3412 7179 5569 0 7126 5193 2006 18536 15606 15439 14888 4512 18866 16910 12495 4198 13143 9017 12581 9527 9730 15969 14511 6722 11160 4168 11102 13161 18661 5066 17733 17132 2742 17248 12207 16712 4251 5741 12450 4541 6543 13045
18915 10962 19919 14988 5214 10991 24039 10312 19426 10890 19090 11334 19692 6114 13994 2816 21054 12820 9781 16991 18368 19739 16683 15463 8346 11454 10832 7406 10400 11699 21809 19475 11026 19174 12998 11255 11473 20694 6207 17372 16344 12516 13321 5036 3196 13892 18033 19171 14380 18830 10346 13308 14882 14126 12406 13343 6218 9038 11111 3745 14285 12680 7126 0 12186 9123 19021 16433 12262 15281 2615 19909 15688 16005 2928 17259 11178 8606 15097 16103 13707 18623 12661 16406 10203 5464 14550 20275 9966 22494 15266 5439 21144 14341 19857 11322 8480 11977 11195 13663 13259
19654 12615 17033 2895 13890 5744 16959 10513 13635 2786 15241 11951 21507 7987 1826 13981 12293 9325 4416 13936 12838 15299 8273 19232 16285 8750 14884 4859 4917 5298 14059 13749 2465 11377 4723 7723 11860 14440 13553 9636 7626 1730 4206 16271 10356 14263 9182 20163 8958 20997 3292 6794 17366 18718 18399 5767 16256 9533 4444 8564 2310 1145 5193 12186 0 3247 18362 15496 18042 15203 9590 18238 18118 10592 9286 10542 9264 15940 5928 5039 17958 11735 3484 7661 3030 15386 12989 17606 4695 14089 18747 6987 14404 11607 14576 1042 7131 13779 1536 2464 13786
19638 11852 17932 5892 11527 6139 19079 9890 15252 2091 16341 11413 21269 6018 4960 11160 14779 9790 4204 14717 14330 16580 10456 18382 14249 8819 13692 2341 5096 6154 16294 15350 2088 13525 6417 7897 11380 16236 11438 11669 9878 4249 6237 13512 7719 14037 11576 20098 10089 20645 3561 8050 16763 17630 16940 7321 13758 8615 5138 5418 5173 3563 2006 9123 3247 0 18680 15742 16619 15179 6508 18839 17570 11887 6196 12282 9140 14022 8216 8030 16920 13604 5394 9925 3151 12873 13234 18466 4610 16519 17950 4335 16345 12094 16079 2263 6156 13098 2912 4575 13472
2267 8079 3435 20058 14723 12734 11033 9278 7991 20274 5030 7901 4465 14294 19193 17629 12941 9050 14529 4828 7765 5862 12373 6746 13129 9865 8746 16969 13719 13067 11376 7885 20054 11141 13857 10823 7824 8737 13395 11252 12885 16784 14561 17910 16042 5165 12840 2794 9681 4664 15430 11730 5259 8014 10105 12861 16016 10734 13980 18761 20005 19499 18536 19021 18362 18680 0 2940 9835 3786 18479 1623 4901 8586 18481 9816 9559 12410 13843 16443 7637 9769 15040 12909 15825 15888 5451 3141 14135 12699 6354 16537 9577 6755 7170 18684 12797 7055 17006 20738 5808
4284 5496 3859 17302 12474 9827 10752 6425 6734 17351 4225 5137 6402 11444 16400 15274 11452 6171 11598 2816 6157 5188 10059 6635 11360 6930 6824 14035 10799 10198 10316 6664 17136 9414 11078 7899 5029 7809 11135 9117 10498 13951 11803 15826 13370 2619 10735 4838 7025 6189 12514 8971 4516 7440 9123 10112 14054 7877 11087 15936 17209 16637 15606 16433 15496 15742 2940 0 8778 1352 15715 3479 4658 6235 15699 7732 6619 10616 11265 13895 6828 8036 12231 10531 12906 13802 2524 4037 11207 11603 6108 13656 8640 3929 6236 15784 9870 4691 14115 17896 3212
8533 6010 12493 20676 7058 12882 19456 7965 15099 18678 12964 6988 8334 10634 19581 9910 19227 10892 13650 11172 14280 13916 16382 3710 4178 10386 3291 14310 13348 13681 18608 15060 18600 17023 15180 11240 7185 16317 6133 16025 16535 17093 15918 9214 10324 6774 17499 8513 12811 7403 14777 13694 4580 2157 402 14625 7165 8575 14058 13851 20274 19092 15439 12262 18042 16619 9835 8778 0 7493 13025 11333 5004 13194 13187 14956 9705 3711 16464 18856 2227 15785 15880 16589 15013 7418 8951 12508 13423 19805 3799 12732 17102 10152 14827 17803 10911 5374 16511 20431 6604
4475 4319 5211 17189 11185 9467 11975 5535 7771 16886 5471 4121 6335 10532 16237 14020 12308 5969 11120 3786 7081 6424 10468 5659 10009 6479 5474 13346 10382 9940 11347 7715 16689 10194 10980 7494 4054 8920 9847 9672 10841 13736 11728 14508 12269 1390 11279 4966 7179 5933 12102 8938 3445 6288 7849 10073 12718 6986 10760 14983 17037 16348 14888 15281 15203 15179 3786 1352 7493 0 14693 4669 3771 6721 14695 8354 6057 9266 11419 14049 5628 8844 12072 10880 12478 12483 2398 5372 10744 12606 5111 12796 9734 3975 7383 15406 9154 3402 13767 17640 2029
18685 10449 18935 12377 6369 8949 22359 9330 17865 8295 17884 10591 19740 4484 11391 4938 19028 11309 7509 15853 16817 18441 14596 15834 9541 9952 10983 4869 8227 9570 19967 17927 8423 17261 10744 9559 10687 19088 6934 15412 14201 9999 10993 7312 2720 13319 15924 19009 12644 18933 7940 11316 14893 14653 13239 11202 8057 7917 8873 1180 11672 10066 4512 2615 9590 6508 18479 15715 13025 14693 0 19179 15727 14369 315 15458 9810 9609 12848 13658 14118 16843 10285 14262 7756 7202 13582 19348 7748 20553 15553 3083 19463 13109 18403 8712 6727 11607 8653 11051 12675
3801 8958 2004 19732 15840 12765 9504 9863 6833 20314 3880 8614 5891 14866 18926 18688 11768 9064 14642 4333 6782 4583 11680 8350 14453 10054 9984 17277 13785 12994 10056 6717 20077 10111 13613 10943 8501 7425 14502 10456 12240 16602 14278 19118 16849 6042 11995 4278 9353 6202 15464 11484 6756 9579 11620 12586 17275 11306 13954 19370 19738 19360 18866 19909 18238 18839 1623 3479 11333 4669 19179 0 6469 8020 19156 9023 9851 13722 13356 15899 9162 8775 14830 12257 15871 17091 5721 1588 14239 11374 7942 17041 8248 6748 5916 18646 13172 8068 16955 20553 6662
3572 5732 7889 20353 10841 12417 15289 7703 11391 19453 8796 6201 4020 12162 19342 13827 16050 9291 13804 7443 10782 9755 14173 1995 8682 9442 4857 15487 13202 13027 14974 11322 19297 13955 14255 10465 6271 12456 9599 13429 14510 16799 15018 13683 13065 4037 15030 3646 10773 3211 14877 12330 839 3113 5243 13435 11687 8963 13718 16274 20119 19252 16910 15688 18118 17570 4901 4658 5004 3771 15727 6469 0 10473 15804 12123 8872 8020 14948 17553 2778 12597 15247 14552 15212 11717 6052 7794 13470 16259 1507 14476 13291 7605 10872 18167 11416 4476 16615 20581 4388
10437 7530 6538 11779 13817 5884 8035 6447 3519 12980 4661 6532 12617 9954 11042 15921 6083 3235 7831 3763 2502 4730 3829 12274 14148 4572 10183 10939 6901 5734 6009 3594 12704 3871 5869 4809 6310 4720 12648 2957 4304 8882 6443 17302 12841 6673 4558 11005 1824 12423 8328 3872 10036 12601 13592 4825 16042 7238 6749 14116 11847 11661 12495 16005 10592 11887 8586 6235 13194 6721 14369 8020 10473 0 14228 1763 4969 13456 5338 7886 11845 2814 7108 4331 8740 15476 4461 7128 7437 6972 11718 11529 5140 3050 4218 11172 7642 7837 9506 12761 6656
18724 10473 18879 12068 6597 8756 22205 9297 17732 7980 17799 10584 19812 4393 11085 5239 18824 11194 7278 15781 16686 18343 14386 15948 9755 9842 11084 4585 8013 9361 19790 17795 8107 17076 10510 9421 10675 18947 7119 15221 13983 9715 10745 7616 2864 13326 15709 19056 12492 19012 7682 11126 14968 14786 13408 10987 8331 7872 8645 874 11362 9755 4198 2928 9286 6196 18481 15699 13187 14695 315 19156 15804 14228 0 15291 9720 9806 12612 13388 14240 16679 10029 14043 7489 7471 13537 19299 7526 20362 15658 2859 19310 13029 18284 8404 6592 11644 8364 10737 12683
11808 9271 7303 11298 15389 6634 6954 8080 3103 13118 5299 8268 14026 11152 10697 17366 4340 4752 8471 5044 2446 5037 2715 13962 15853 5998 11940 11649 7565 6261 4553 3221 12822 2140 5934 6009 8046 3956 14257 1438 3339 8812 6341 18849 14141 8401 3031 12379 2896 13902 8755 4324 11723 14336 15354 4967 17662 8738 7230 15095 11476 11532 13143 17259 10542 12282 9816 7732 14956 8354 15458 9023 12123 1763 15291 0 6486 15170 4788 7073 13585 1390 7118 3342 9151 17066 6173 7898 8107 5367 13406 12506 4106 4808 4092 11254 8792 9600 9661 12508 8407
10530 3723 9266 11501 8904 3544 12940 1809 8271 10830 8080 2841 12278 5328 10475 10954 10723 1742 5067 6094 7214 8634 7010 10124 9628 683 6420 7433 4368 4190 10962 8313 10637 8591 5559 1618 2699 9559 7796 7072 7025 7930 6317 12364 7985 5012 8282 11010 3677 11740 6077 4002 8144 9849 10101 4926 11205 2269 4846 9775 11249 10404 9017 11178 9264 9140 9559 6619 9705 6057 9810 9851 8872 4969 9720 6486 0 9001 6768 9164 9060 7744 6431 7085 6440 10587 4145 9732 4698 11851 9610 7302 10068 3325 8680 9386 3339 4694 7782 11724 4522
11568 5976 14476 18740 3393 11483 20675 7215 16046 16113 14464 6940 11771 8047 17626 6200 19507 10568 11744 12428 15091 15352 16010 7226 746 9650 3793 11681 11679 12347 19324 16036 16085 17309 13928 10254 7162 17343 2711 15980 16012 15283 14598 5674 6994 8115 17271 11666 12585 10852 12829 12879 7355 5744 3814 13606 3667 7169 12468 10541 18240 16896 12581 8606 15940 14022 12410 10616 3711 9266 9609 13722 8020 13456 9806 15170 9001 0 15562 17673 5511 16239 14373 16073 12982 3763 9885 14625 11611 20395 7168 9841 18045 10634 16015 15525 9026 6116 14460 18196 7674
15547 10459 11843 6523 14718 4332 11038 8553 7878 8642 9901 9510 17646 9244 5913 15955 6565 5722 5340 9063 7206 9774 2345 16503 16124 6085 13185 8281 4709 3498 8161 8000 8330 5451 2104 5325 9330 8570 13878 3728 1704 4241 1993 17876 12326 10914 3361 16103 4252 17334 5060 2771 14348 16453 16862 1974 17169 8398 3988 12185 6688 6834 9527 15097 5928 8216 13843 11265 16464 11419 12848 13356 14948 5338 12612 4788 6768 15562 0 2634 15662 5864 2830 1742 5365 16415 9021 12438 5131 8307 15959 9765 8488 7447 8880 6763 7090 11289 5350 7740 10646
18174 12886 14312 4489 16471 6193 12524 10894 10052 7796 12334 11971 20279 10682 4246 17342 7555 8286 6482 11640 9518 12110 4372 19072 18186 8488 15565 8822 6174 5327 9569 10180 7475 7146 3746 7619 11804 10536 15767 5782 3734 3803 3093 19422 13634 13516 4750 18732 6886 19967 5762 5261 16937 18962 19249 4240 18934 10533 5359 12817 4880 5584 9730 16103 5039 8030 16443 13895 18856 14049 13658 15899 17553 7886 13388 7073 9164 17673 2634 0 18170 7913 3521 3732 5906 18132 11652 14908 6427 9366 18532 10664 10292 10079 11098 6057 8820 13787 5192 6108 13225
6311 5391 10419 20436 8624 12484 17578 7499 13381 18917 11053 6220 6265 11115 19369 11584 17750 9954 13545 9401 12636 12014 15284 1758 6110 9715 3265 14688 13103 13215 16942 13330 18803 15576 14618 10667 6374 14547 7502 14763 15516 16834 15376 11171 11400 5194 16304 6311 11735 5343 14666 12918 2419 792 2471 13939 9138 8443 13737 14818 20106 19056 15969 13707 17958 16920 7637 6828 2227 5628 14118 9162 2778 11845 14240 13585 9060 5511 15662 18170 0 14279 15456 15566 14950 9271 7431 10394 13266 18180 1660 13356 15357 8806 13010 17847 10911 4384 16424 20401 5203
11884 10285 6906 12280 16622 8022 5568 9260 2177 14364 4909 9302 14125 12522 11758 18672 3474 6002 9847 5231 2006 4414 3588 14502 16938 7295 12880 13027 8945 7632 3221 2307 14063 1386 7216 7368 9079 2709 15460 2157 4256 10012 7564 20100 15493 9091 3368 12452 4244 14093 10097 5701 12277 15006 16177 6284 18856 10010 8590 16485 12517 12686 14511 18623 11735 13604 9769 8036 15785 8844 16843 8775 12597 2814 16679 1390 7744 16239 5864 7913 14279 0 8366 4242 10488 18285 6860 7483 9486 4163 13952 13896 2744 5678 3243 12490 10167 10488 10931 13600 9184
16460 10070 13569 5122 12989 2999 13743 7978 10192 6002 11760 9260 18408 7163 4172 13824 9394 6107 2962 10507 9370 11816 5073 16555 14845 5818 12609 5559 2715 2244 10919 10303 5704 8164 1240 4814 9128 11054 12340 6338 4485 1781 843 15902 10119 11269 6186 16988 5500 17965 2350 3347 14547 16240 16262 2285 15449 7353 1909 9530 4979 4561 6722 12661 3484 5394 15040 12231 15880 12072 10285 14830 15247 7108 10029 7118 6431 14373 2830 3521 15456 8366 0 4532 2595 14638 9767 14146 2915 11126 16040 7237 11080 8306 11113 4136 5391 11118 2577 5723 10861
14762 10603 10612 8039 15573 5434 9299 8890 6342 10384 8621 9607 16928 10407 7533 17053 4891 5698 6783 8081 5786 8378 654 16235 16682 6424 13364 9847 6036 4709 6419 6468 10071 3717 3623 5891 9406 6925 14627 2085 64 5982 3688 18853 13509 10580 1688 15329 3834 16700 6660 3296 14026 16350 16990 3066 17989 9016 5413 13672 8282 8540 11160 16406 7661 9925 12909 10531 16589 10880 14262 12257 14552 4331 14043 3342 7085 16073 1742 3732 15566 4242 4532 0 6994 17280 8509 11208 6517 6597 15682 11184 6789 6947 7378 8505 8127 11272 7080 9389 10410
16952 9634 14869 5758 11130 3105 15998 7546 12103 4451 13230 9017 18717 5177 4645 11592 11884 6810 1413 11674 11179 13444 7472 16257 13359 6004 11858 2968 2107 3011 13264 12201 4230 10484 3386 5009 8942 13099 10678 8609 6941 2438 3387 13779 7883 11448 8676 17441 6950 18163 415 4899 14442 15705 15370 4210 13551 6513 1995 6954 5284 4106 4168 10203 3030 3151 15825 12906 15013 12478 7756 15871 15212 8740 7489 9151 6440 12982 5365 5906 14950 10488 2595 6994 0 12702 10382 15415 1747 13575 15781 4766 13232 9130 12928 2956 4102 10821 1499 5452 10935
15227 8565 17617 18280 1708 12095 23186 9036 18474 14906 17319 9347 15526 7537 17187 2713 21303 12314 11729 15206 17455 18140 17356 10989 3243 11128 7143 10648 11959 12953 21482 18486 14952 19178 14507 11425 9553 19790 2844 17620 17217 15134 15062 2027 5159 11198 18694 15359 14254 14609 12668 13984 11011 9498 7463 14454 886 8376 12773 8321 17675 16172 11102 5464 15386 12873 15888 13802 7418 12483 7202 17091 11717 15476 7471 17066 10587 3763 16415 18132 9271 18285 14638 17280 12702 0 12607 17838 11725 22424 10926 8544 20411 13001 18616 14755 9353 9120 14054 17369 10658
6694 4045 5377 14865 11112 7305 10795 4268 6224 14828 4718 3318 8681 9194 13939 13714 10326 3671 9078 2599 5345 5535 8121 7815 10622 4415 6240 11578 8275 7694 9671 6200 14612 8146 8642 5375 3139 7495 9803 7414 8468 11466 9381 14587 11401 2237 9000 7223 4782 8321 9991 6570 5579 8172 9339 7710 12999 5666 8570 13702 14744 14132 13161 14550 12989 13234 5451 2524 8951 2398 13582 5721 6052 4461 13537 6173 4145 9885 9021 11652 7431 6860 9767 8509 10382 12607 0 5768 8686 10855 7259 11332 8237 1578 6130 13263 7452 3810 11596 15400 2356
5373 9449 596 18907 16492 12334 7918 10034 5437 19820 2604 8948 7479 14940 18159 19256 10317 8696 14264 3749 5537 3136 10602 9734 15367 9828 10840 17063 13373 12461 8527 5314 19567 8774 12911 10629 8803 5912 15154 9306 11197 15927 13533 19860 17149 6643 10786 5862 8649 7777 15003 10812 7976 10874 12818 11869 18089 11432 13452 19444 18967 18705 18661 20275 17606 18466 3141 4037 12508 5372 19348 1588 7794 7128 19299 7898 9732 14625 12438 14908 10394 7483 14146 11208 15415 17838 5768 0 13857 9838 9293 17024 6720 6456 4459 18090 13069 8721 16399 19849 7210
15219 7921 13326 7254 10082 1562 15052 5822 10903 6150 11768 7279 16972 4258 6157 10951 11328 5182 407 10108 9928 12057 6876 14541 12044 4284 10222 3543 543 1881 12453 10991 5946 9688 3033 3313 7200 11988 9472 7807 6457 3695 3422 12997 7266 9702 8187 15704 5614 16416 1411 3786 12704 14029 13790 3469 12540 4864 1146 7171 6861 5808 5066 9966 4695 4610 14135 11207 13423 10744 7748 14239 13470 7437 7526 8107 4698 11611 5131 6427 13266 9486 2915 6517 1747 11725 8686 13857 0 12918 14059 4667 12211 7491 11654 4703 2588 9094 3166 7149 9188
14946 14432 9370 13813 20751 11606 3514 13413 4871 16862 7698 13456 17163 16382 13602 22716 1812 10115 13230 8831 5544 6837 6105 18224 21097 11361 16989 16369 12398 11041 1323 4947 16543 3324 10190 11308 13233 3962 19606 5142 6647 12483 10283 24215 19423 13047 4948 15490 8240 17295 13228 9237 16045 18876 20192 9474 23007 14105 11881 20075 14245 14840 17733 22494 14089 16519 12699 11603 19805 12606 20553 11374 16259 6972 20362 5367 11851 20395 8307 9366 18180 4163 11126 6597 13575 22424 10855 9838 12918 0 17687 17521 3127 9796 5538 15001 14017 14577 13654 15471 13208
4786 6151 9395 21104 10235 13130 16785 8237 12828 19898 10281 6812 4606 12304 20064 13208 17418 10246 14368 8857 12182 11243 15338 557 7770 10226 4575 15781 13841 13800 16411 12762 19763 15295 15112 11226 6924 13917 9077 14673 15636 17517 15877 12831 12846 5102 16258 4725 11864 3684 15470 13276 1683 1719 3972 14350 10798 9357 14416 16195 20824 19867 17132 15266 18747 17950 6354 6108 3799 5111 15553 7942 1507 11718 15658 13406 9610 7168 15959 18532 1660 13952 16040 15682 15781 10926 7259 9293 14059 17687 0 14589 14748 8764 12340 18718 11842 4969 17225 21207 5313
17061 8830 16566 9870 7198 5921 19444 7263 15046 6395 15335 8704 18394 2318 8812 6994 15970 8618 4426 13392 14013 15811 11529 14957 10006 7309 10094 2137 5154 6504 16976 15117 6421 14246 7661 6757 8748 16232 7190 12383 11123 7113 7924 9292 3408 11485 12850 17450 9755 17666 4909 8293 13640 14003 13019 8128 9428 5810 5789 2592 9222 7673 2742 5439 6987 4335 16537 13656 12732 12796 3083 17041 14476 11529 2859 12506 7302 9841 9765 10664 13356 13896 7237 11184 4766 8544 11332 17024 4667 17521 14589 0 16559 10621 15656 6258 4000 10077 5836 8834 10856
11830 12081 6244 14750 18790 10727 2899 11400 2013 17067 4601 11163 14042 15080 14311 21014 3794 8356 12577 5956 2966 3716 6152 15274 18770 9708 14473 15754 11669 10366 1808 2043 16762 3146 9947 9920 10945 847 17567 4768 6815 12692 10266 22295 17980 10333 5548 12370 6819 14190 12841 8430 13137 16021 17479 9027 20918 12327 11330 19150 15045 15320 17248 21144 14404 16345 9577 8640 17102 9734 19463 8248 13291 5140 19310 4106 10068 18045 8488 10292 15357 2744 11080 6789 13232 20411 8237 6720 12211 3127 14748 16559 0 7446 2445 15189 12748 12040 13652 16174 10579
8189 4657 5967 13374 11413 6025 10185 4111 5479 13579 4778 3718 10226 8636 12473 13810 9084 2320 7894 2771 4481 5399 6578 9319 11349 3372 7203 10610 7039 6315 8694 5487 13348 6875 7149 4203 3499 6794 10158 5957 6904 10036 7876 14921 11148 3670 7514 8731 3204 9889 8727 5048 7094 9569 10549 6189 13482 5303 7241 13099 13282 12744 12207 14341 11607 12094 6755 3929 10152 3975 13109 6748 7605 3050 13029 4808 3325 10634 7447 10079 8806 5678 8306 6947 9130 13001 1578 6456 7491 9796 8764 10621 7446 0 5650 11947 6637 4816 10263 13987 3609
9410 10122 3931 15385 17051 10101 4671 9751 1066 17080 2160 9274 11633 13934 14788 19453 5861 7095 12048 3662 1753 1333 6730 12861 16752 8457 12347 15151 11118 9933 4217 935 16793 4403 9894 8898 9065 1599 15780 5318 7384 12846 10370 20556 16662 8098 6609 9956 6041 11757 12518 8032 10748 13655 15195 8877 19061 10856 10945 18228 15568 15591 16712 19857 14576 16079 7170 6236 14827 7383 18403 5916 10872 4218 18284 4092 8680 16015 8880 11098 13010 3243 11113 7378 12928 18616 6130 4459 11654 5538 12340 15656 2445 5650 0 15238 11700 9927 13603 16593 8411
19876 12567 17527 3667 13310 5959 17797 10491 14327 1880 15788 11970 21665 7496 2699 13226 13215 9636 4364 14381 13490 15900 9098 19187 15830 8927 14710 4124 5025 5652 14922 14436 1574 12208 5344 7916 11897 15185 13060 10427 8467 2525 4927 15546 9661 14397 10071 20371 9473 21117 3310 7318 17394 18593 18149 6367 15633 9405 4706 7653 2979 1417 4251 11322 1042 2263 18684 15784 17803 15406 8712 18646 18167 11172 8404 11254 9386 15525 6763 6057 17847 12490 4136 8505 2956 14755 13263 18090 4703 15001 18718 6258 15189 11947 15238 0 6942 13765 1693 2671 13889
13567 5709 12597 9806 7671 2759 15647 3740 11140 8058 11335 5264 15130 2366 8700 8926 12610 4627 2758 9406 10094 11816 8319 12293 9470 3309 7772 4192 2676 3605 13335 11203 7921 10695 5155 2833 5243 12362 6954 8908 8063 6278 5731 10786 5429 7942 9680 14007 5937 14493 3878 4895 10612 11653 11269 5158 10133 2485 3485 6539 9373 8191 5741 8480 7131 6156 12797 9870 10911 9154 6727 13172 11416 7642 6592 8792 3339 9026 7090 8820 10911 10167 5391 8127 4102 9353 7452 13069 2588 14017 11842 4000 12748 6637 11700 6942 0 6948 5600 9533 7356
7080 1259 8499 16152 7786 8177 14596 3275 10028 14998 8351 1858 8320 7760 15105 10622 13899 5604 9408 6315 9124 9236 11034 5462 6859 5340 2432 11014 8872 8874 13430 10008 14850 11688 10246 6310 1997 11305 6447 10651 11219 12558 11007 11140 9063 2079 12130 7423 7463 7613 10505 8538 3665 5175 5775 9556 9406 4487 9456 12030 15860 14900 12450 11977 13779 13098 7055 4691 5374 3402 11607 8068 4476 7837 11644 9600 4694 6116 11289 13787 4384 10488 11118 11272 10821 9120 3810 8721 9094 14577 4969 10077 12040 4816 9927 13765 6948 0 12258 16240 1565
18231 11087 15837 4288 12517 4302 16320 8988 12711 3478 14107 10436 20050 6576 3175 12796 11899 7956 2880 12689 11853 14235 7639 17707 14823 7293 13348 3791 3417 3961 13487 12818 3199 10738 3728 6273 10350 13609 12119 8915 7036 1392 3409 15039 9117 12792 8706 18732 7790 19522 1759 5641 15857 17183 16869 4727 14914 7997 3028 7723 3788 2642 4541 11195 1536 2912 17006 14115 16511 13767 8653 16955 16615 9506 8364 9661 7782 14460 5350 5192 16424 10931 2577 7080 1499 14054 11596 16399 3166 13654 17225 5836 13652 10263 13603 1693 5600 12258 0 3983 12301
22079 15070 19268 1939 15952 8196 18565 12971 15609 2873 17422 14414 23953 10166 1876 15732 13659 11730 6856 16229 14886 17408 10034 21690 18500 11202 17303 6721 7380 7709 15619 15728 2671 13062 6946 10173 14323 16302 15727 11452 9366 3957 6320 18079 12242 16718 10733 22594 11216 23452 5741 9069 19829 21156 20782 7983 18250 11965 6893 9928 1279 1345 6543 13663 2464 4575 20738 17896 20431 17640 11051 20553 20581 12761 10737 12508 11724 18196 7740 6108 20401 13600 5723 9389 5452 17369 15400 19849 7149 15471 21207 8834 16174 13987 16593 2671 9533 16240 3983 0 16245
6230 2298 6962 15971 9283 8057 13081 3642 8566 15267 6790 2152 7804 8570 14967 12063 12636 4940 9541 4774 7701 7682 10101 5858 8418 5065 3942 11534 8884 8646 12027 8538 15091 10439 9870 6092 2127 9824 7946 9561 10362 12427 10634 12674 10241 643 11102 6655 6579 7228 10583 7977 3719 5972 6995 9066 10963 5063 9362 12990 15749 14925 13045 13259 13786 13472 5808 3212 6604 2029 12675 6662 4388 6656 12683 8407 4522 7674 10646 13225 5203 9184 10861 10410 10935 10658 2356 7210 9188 13208 5313 10856 10579 3609 8411 13889 7356 1565 12301 16245 0
1 7 4 2
2 4 5 1
3 6 6 2
4 9 3 8
5 2 11 3
6 7 2 7
7 7 7 5
8 8 8 1
9 5 6 1
10 7 4 4
11 6 6 2
12 4 8 4
13 5 4 3
14 10 8 3
15 5 2 8
16 3 5 6
17 4 2 4
18 9 6 5
19 6 8 2
20 8 4 4
21 4 6 0
22 8 4 4
23 6 7 3
24 4 4 5
25 7 7 4
26 4 2 4
27 5 7 1
28 4 5 2
29 4 4 2
30 4 5 4
31 6 6 7
32 0 2 2
33 7 8 1
34 5 6 0
35 5 7 6
36 7 5 5
37 6 6 0
38 7 4 0
39 12 2 5
40 8 5 4
41 5 8 4
42 6 3 4
43 7 6 5
44 2 7 3
45 6 3 7
46 4 9 1
47 8 10 3
48 7 4 4
49 5 3 1
50 3 3 4
51 5 8 3
52 13 4 5
53 6 8 3
54 9 7 6
55 5 5 3
56 5 9 3
57 4 3 4
58 5 9 4
59 4 5 2
60 11 7 3
61 3 8 2
62 7 4 6
63 8 4 4
64 7 3 0
65 4 4 5
66 8 3 3
67 6 7 2
68 6 7 6
69 8 4 2
70 5 3 1
71 6 2 5
72 6 5 5
73 5 4 5
74 4 4 4
75 12 3 1
76 4 2 7
77 5 4 5
78 7 7 5
79 6 5 0
80 10 5 4
81 5 11 3
82 5 5 3
83 5 9 2
84 5 6 3
85 6 2 4
86 6 5 8
87 7 2 4
88 4 3 4
89 5 6 5
90 7 5 3
91 6 7 3
92 4 6 3
93 9 9 2
94 4 4 3
95 7 5 4
96 9 6 3
97 3 6 5
98 3 8 4
99 7 4 4
100 7 5 1
