900 100 3
30 60 700 9.00
0 11 70 1
0 6 79 2
0 1 42 2
0 24 95 3
0 8 68 1
0 1 52 1
0 5 63 1
0 5 54 2
0 16 63 1
0 11 70 2
0 4 54 3
0 14 10 3
0 8 32 2
0 9 97 1
0 9 37 1
0 12 44 1
0 12 87 2
0 21 91 1
0 1 35 3
0 3 47 3
0 16 79 1
0 7 80 3
0 20 35 2
0 7 53 2
0 4 92 2
0 8 48 1
0 7 60 1
0 22 73 3
0 25 40 2
0 11 43 2
0 17 48 3
0 15 41 1
0 13 17 1
0 8 8 2
0 6 69 1
0 12 9 2
0 21 16 2
0 1 99 2
0 23 75 1
0 16 18 1
0 11 17 1
0 24 65 2
0 16 47 3
0 3 77 2
0 5 77 3
0 23 54 3
0 9 29 2
0 5 54 1
0 20 46 2
0 4 10 2
0 9 43 2
0 2 53 1
0 10 37 1
0 18 30 3
0 1 20 2
0 7 2 1
0 6 60 2
0 5 56 2
0 13 26 3
0 3 84 1
0 17 40 1
0 5 97 2
0 21 39 2
0 7 27 3
0 10 78 3
0 13 14 2
0 9 22 1
0 1 5 1
0 20 48 2
0 20 35 1
0 21 31 1
0 1 46 1
0 6 14 2
0 5 42 3
0 4 59 3
0 10 75 2
0 14 8 3
0 4 31 1
0 3 13 1
0 14 40 2
0 5 95 3
0 8 14 3
0 24 57 3
0 4 56 1
0 1 15 2
0 7 52 2
0 3 59 3
0 5 85 2
0 18 15 2
0 12 74 2
0 7 57 1
0 25 12 2
0 4 97 1
0 15 20 3
0 2 69 3
0 7 9 1
0 4 54 2
0 13 22 3
0 14 13 3
0 6 98 3
0 9 52 1
0 11 36 3
0 6 72 3
0 1 84 1
0 5 27 2
0 2 3 2
0 23 47 3
0 1 95 2
0 4 68 2
0 2 6 3
0 17 27 2
0 10 16 3
0 9 68 1
0 13 89 3
0 21 39 1
0 6 90 2
0 18 71 1
0 5 46 3
0 2 85 1
0 14 94 1
0 6 1 2
0 10 98 1
0 16 51 3
0 9 8 2
0 1 73 2
0 12 75 2
0 2 89 3
0 15 11 1
0 15 37 1
0 21 89 3
0 24 12 2
0 5 55 2
0 17 8 1
0 4 35 2
0 10 83 2
0 7 2 3
0 3 54 2
0 5 98 2
0 12 27 1
0 23 18 3
0 5 73 1
0 1 87 2
0 5 100 1
0 9 33 3
0 22 83 2
0 18 11 3
0 12 76 2
0 22 77 3
0 12 70 1
0 1 64 1
0 12 40 2
0 3 47 1
0 11 50 3
0 15 57 2
0 4 71 1
0 1 61 2
0 20 3 1
0 2 72 3
0 4 34 3
0 5 86 3
0 21 98 1
0 24 96 2
0 3 17 1
0 2 60 1
0 1 63 2
0 23 20 1
0 23 23 1
0 4 37 1
0 13 21 1
0 1 43 1
0 1 11 2
0 8 27 3
0 10 90 3
0 10 41 1
0 1 71 1
0 11 60 3
0 11 81 2
0 10 83 1
0 23 95 1
0 14 48 2
0 19 58 2
0 4 65 2
0 3 3 2
0 7 3 3
0 20 50 1
0 17 100 1
0 3 36 2
0 16 8 2
0 2 6 2
0 6 79 2
0 6 99 3
0 6 34 3
0 9 57 3
0 1 85 2
0 6 61 3
0 25 35 2
0 13 76 2
0 4 51 1
0 8 40 2
0 9 83 2
0 15 93 1
0 10 73 1
0 8 83 3
0 24 53 1
0 7 57 2
0 11 75 1
0 6 82 1
0 4 80 1
0 3 36 2
0 8 30 3
0 10 18 3
0 7 25 2
0 7 11 3
0 3 62 2
0 15 79 3
0 2 34 3
0 16 81 1
0 19 34 3
0 5 44 2
0 6 14 1
0 8 67 2
0 16 86 1
0 18 3 1
0 2 20 2
0 5 84 2
0 3 84 2
0 1 3 1
0 12 64 2
0 5 100 2
0 5 69 3
0 15 30 1
0 8 10 1
0 18 7 2
0 20 7 3
0 8 13 3
0 3 6 3
0 1 99 1
0 1 56 3
0 24 80 3
0 6 37 2
0 13 95 3
0 3 59 2
0 3 46 2
0 12 57 3
0 2 38 3
0 15 29 1
0 9 69 3
0 13 53 1
0 2 12 3
0 6 32 1
0 6 82 3
0 3 92 1
0 23 31 3
0 16 14 3
0 1 56 3
0 10 56 3
0 7 12 3
0 7 52 3
0 1 74 1
0 2 47 1
0 3 30 1
0 1 40 1
0 18 85 3
0 1 56 1
0 11 85 1
0 12 68 3
0 6 100 3
0 18 62 3
0 3 57 2
0 6 93 1
0 22 69 3
0 18 41 2
0 8 24 1
0 1 59 3
0 12 66 2
0 21 54 3
0 4 34 1
0 4 47 3
0 16 82 3
0 2 38 2
0 1 35 2
0 10 13 2
0 19 93 2
0 4 23 1
0 3 25 2
0 2 4 3
0 17 13 3
0 3 100 3
0 23 91 3
0 6 56 1
0 19 1 1
0 19 80 2
0 7 94 1
0 13 18 1
0 2 68 2
0 7 60 1
0 1 73 2
0 4 19 2
0 2 41 1
0 13 88 3
0 2 96 3
0 7 41 3
0 9 29 3
0 9 50 3
0 4 18 3
0 6 56 3
0 1 39 2
0 14 41 1
0 16 97 1
0 5 11 2
0 24 87 3
0 3 9 3
0 1 25 1
0 16 1 1
0 1 65 3
0 1 50 3
0 3 82 3
0 2 89 3
0 2 72 2
0 23 22 2
0 12 76 3
0 2 22 1
0 7 53 3
0 9 79 2
0 1 28 2
0 7 23 1
0 20 92 2
0 6 42 1
0 4 37 3
0 2 72 3
0 12 84 1
0 4 22 3
0 12 64 2
0 8 70 3
0 13 13 3
0 6 87 3
0 3 2 3
0 8 16 1
0 17 16 3
0 4 86 1
0 11 46 1
0 9 85 2
0 9 54 2
0 9 27 2
0 6 51 1
0 1 13 1
0 11 60 3
0 3 89 1
0 17 81 3
0 15 94 1
0 2 33 2
0 7 73 1
0 11 32 3
0 5 70 3
0 9 84 2
0 20 96 2
0 4 9 1
0 18 25 2
0 1 98 1
0 24 32 2
0 2 35 2
0 7 79 1
0 1 93 3
0 13 87 3
0 16 85 3
0 1 87 3
0 1 79 3
0 3 100 1
0 3 96 2
0 7 51 2
0 8 57 2
0 16 26 1
0 12 12 2
0 9 19 2
0 13 45 3
0 9 22 1
0 1 12 2
0 10 34 2
0 4 41 3
0 5 98 2
0 2 6 3
0 9 50 3
0 3 69 1
0 10 60 1
0 2 35 1
0 12 12 3
0 15 45 1
0 19 67 1
0 15 47 3
0 8 67 3
0 3 99 2
0 8 71 1
0 3 2 2
0 3 51 3
0 12 99 3
0 4 52 3
0 2 9 2
0 13 44 3
0 2 64 3
0 18 65 2
0 18 19 2
0 3 84 3
0 2 80 1
0 15 70 1
0 8 59 2
0 15 61 1
0 18 3 2
0 5 24 1
0 2 36 2
0 11 49 2
0 13 99 2
0 6 12 2
0 2 80 3
0 3 90 2
0 6 58 1
0 6 25 1
0 15 88 3
0 7 59 1
0 16 37 1
0 19 26 1
0 19 90 3
0 1 40 2
0 15 82 1
0 1 22 1
0 20 50 2
0 4 17 2
0 5 34 1
0 7 86 1
0 2 90 2
0 7 5 3
0 9 78 3
0 3 80 3
0 12 23 3
0 13 37 1
0 12 32 1
0 12 73 1
0 4 23 2
0 12 14 2
0 20 75 1
0 5 32 1
0 2 80 1
0 7 69 3
0 15 5 2
0 19 94 1
0 14 59 2
0 2 52 3
0 3 47 3
0 5 8 2
0 3 80 3
0 21 98 3
0 7 20 2
0 9 60 3
0 7 63 1
0 22 99 2
0 9 2 1
0 7 4 2
0 1 7 1
0 25 66 2
0 5 91 2
0 4 99 3
0 16 56 2
0 2 99 3
0 9 32 2
0 1 90 2
0 1 18 3
0 17 28 1
0 8 44 1
0 1 31 3
0 17 38 1
0 13 60 3
0 2 39 2
0 25 87 1
0 6 82 2
0 3 73 2
0 21 93 3
0 6 90 2
0 12 56 3
0 20 9 3
0 21 2 1
0 2 21 1
0 6 54 2
0 6 33 2
0 10 21 1
0 20 82 3
0 7 45 1
0 6 75 2
0 8 99 2
0 6 85 2
0 25 27 1
0 16 96 1
0 1 76 3
0 10 73 1
0 11 55 2
0 3 78 3
0 3 93 3
0 3 84 3
0 3 45 1
0 3 85 3
0 4 79 1
0 11 72 2
0 2 29 3
0 11 35 2
0 15 76 1
0 5 17 1
0 11 56 2
0 9 79 2
0 15 59 1
0 2 84 2
0 3 34 3
0 2 60 2
0 6 39 3
0 5 35 3
0 5 29 1
0 14 4 2
0 10 38 2
0 11 13 2
0 3 65 3
0 2 38 2
0 15 64 2
0 5 36 2
0 1 40 1
0 17 39 2
0 12 35 3
0 15 64 1
0 1 56 2
0 14 21 2
0 15 4 3
0 6 78 3
0 9 9 2
0 7 81 1
0 8 58 2
0 1 56 2
0 6 87 1
0 2 72 3
0 4 47 1
0 1 81 3
0 4 83 3
0 7 39 1
0 24 87 2
0 1 34 3
1 22 36 3
1 9 24 1
1 10 51 1
1 7 45 2
1 2 9 2
1 1 90 3
1 4 1 1
1 2 36 1
1 2 88 2
1 14 4 1
1 14 89 2
1 7 72 1
1 4 73 2
1 8 51 2
1 10 83 2
1 10 98 2
1 9 36 2
1 4 45 2
1 25 61 2
1 12 93 2
1 18 91 2
1 10 46 2
1 3 52 2
1 9 83 2
1 4 78 2
1 5 33 3
1 12 46 1
1 1 75 2
1 5 18 2
1 18 81 2
1 1 100 1
1 2 38 1
1 11 96 2
1 13 30 1
1 3 19 3
1 16 84 1
1 5 61 3
1 14 61 2
1 3 35 3
1 15 45 1
1 7 36 3
1 3 96 1
1 6 95 1
1 15 24 3
1 3 38 3
1 8 72 1
1 9 97 3
1 12 23 1
1 8 37 3
1 9 5 2
1 6 93 2
1 11 26 2
1 4 86 2
1 6 96 1
1 7 88 2
1 2 24 3
1 11 14 3
1 7 58 2
1 5 81 2
1 9 70 2
1 9 80 1
1 2 22 3
1 8 78 1
1 2 87 2
1 7 60 3
1 2 7 1
1 1 35 2
1 3 58 3
1 8 27 2
1 23 92 3
1 3 90 1
1 2 59 2
1 4 26 2
1 16 75 2
1 1 13 3
1 3 68 1
1 4 44 2
1 7 93 3
1 11 27 1
1 2 73 2
1 9 47 1
1 2 51 3
1 1 53 1
1 17 58 2
1 10 93 2
1 8 69 2
1 4 24 3
1 11 15 1
1 5 79 2
1 11 23 3
1 19 63 3
1 4 95 3
1 5 37 2
1 21 35 1
1 5 72 2
1 16 86 2
1 25 39 2
1 2 65 2
1 6 100 3
1 2 74 3
1 9 43 3
1 15 98 2
1 5 55 3
1 6 44 1
1 4 6 1
1 2 9 3
1 14 77 2
1 8 41 1
1 4 16 3
1 19 83 3
1 1 14 3
1 1 58 3
1 16 91 3
1 17 8 1
1 16 39 2
1 6 2 3
1 4 18 3
1 11 63 3
1 11 98 1
1 15 51 2
1 7 88 1
1 1 39 2
1 1 83 1
1 6 46 2
1 24 28 2
1 11 5 3
1 7 69 1
1 2 10 1
1 14 46 2
1 19 40 1
1 17 66 2
1 11 89 1
1 11 61 2
1 12 21 3
1 24 8 2
1 8 77 1
1 6 82 3
1 5 58 2
1 8 9 3
1 22 45 3
1 7 93 3
1 10 31 2
1 6 8 3
1 2 90 3
1 10 19 3
1 18 95 1
1 3 61 3
1 1 69 1
1 6 8 2
1 9 10 2
1 1 15 2
1 17 49 1
1 5 13 1
1 13 31 2
1 3 82 3
1 1 46 1
1 9 85 1
1 2 9 3
1 1 87 2
1 11 6 1
1 14 68 3
1 1 6 2
1 13 62 3
1 1 25 3
1 5 86 1
1 1 95 2
1 7 84 3
1 3 52 2
1 11 33 1
1 2 79 1
1 1 42 3
1 4 58 1
1 6 40 3
1 5 62 3
1 1 100 3
1 8 36 3
1 7 75 2
1 1 64 3
1 10 9 1
1 5 61 2
1 5 99 3
1 19 96 1
1 15 76 1
1 3 46 2
1 4 52 2
1 8 15 1
1 19 71 2
1 13 55 2
1 1 33 1
1 15 59 2
1 5 80 1
1 5 60 1
1 1 12 1
1 9 34 3
1 17 34 2
1 1 15 2
1 2 73 3
1 7 27 3
1 1 13 1
1 2 41 2
1 3 54 3
1 1 45 3
1 1 10 1
1 1 13 3
1 10 39 3
1 5 74 2
1 6 77 3
1 9 28 2
1 3 64 3
1 6 78 1
1 11 5 3
1 2 9 1
1 4 75 2
1 2 17 3
1 3 55 1
1 4 16 3
1 4 61 1
1 5 63 2
1 9 83 3
1 3 10 3
1 13 26 2
1 20 72 1
1 1 99 1
1 8 12 3
1 21 13 2
1 3 21 2
1 2 99 3
1 1 12 3
1 1 1 3
1 19 22 1
1 14 50 1
1 11 81 1
1 6 76 3
1 3 36 2
1 4 83 2
1 3 25 1
1 3 91 1
1 7 75 3
1 18 25 2
1 6 80 1
1 14 12 1
1 7 44 1
1 16 31 3
1 5 77 2
1 13 22 2
1 3 72 1
1 12 45 1
1 2 98 2
1 9 27 2
1 5 95 2
1 5 96 2
1 4 8 1
1 6 68 3
1 2 36 3
1 5 4 2
1 6 17 1
1 2 24 2
1 3 17 2
1 4 99 1
1 20 92 2
1 2 34 1
1 5 90 3
1 18 95 3
1 10 21 1
1 16 96 3
1 14 25 3
1 3 9 1
1 1 50 1
1 21 53 1
1 8 77 3
1 23 54 3
1 19 65 2
1 2 54 2
1 1 18 1
1 21 69 3
1 22 70 3
1 12 77 3
1 9 86 2
1 14 38 2
1 17 53 3
1 2 3 1
1 1 2 2
1 10 93 3
1 16 46 2
1 19 97 3
1 5 4 3
1 13 71 2
1 8 72 2
1 1 99 3
1 7 6 1
1 14 25 3
1 7 53 2
1 7 48 3
1 1 18 2
1 12 37 1
1 11 46 2
1 11 18 1
1 2 85 2
1 11 42 1
1 8 76 2
1 2 60 3
1 9 79 3
1 10 1 2
1 19 17 3
1 3 56 1
1 6 58 1
1 1 16 1
1 2 20 1
1 7 45 2
1 2 94 1
1 4 74 2
1 11 44 2
1 2 48 2
1 5 100 1
1 6 47 1
1 5 37 3
1 2 93 1
1 20 50 3
1 6 51 3
1 4 72 3
1 11 90 3
1 23 75 1
1 10 18 3
1 5 19 1
1 16 25 2
1 5 49 3
1 4 49 2
1 5 27 3
1 9 85 2
1 15 67 1
1 8 83 2
1 8 1 3
1 8 63 1
1 6 62 1
1 4 8 2
1 2 63 3
1 13 63 1
1 20 70 2
1 1 75 3
1 10 27 2
1 13 74 3
1 5 3 2
1 1 76 2
1 20 93 2
1 10 55 3
1 5 19 1
1 10 48 1
1 17 56 2
1 7 29 3
1 10 8 1
1 5 8 3
1 18 21 3
1 17 53 3
1 14 9 2
1 1 63 1
1 12 52 2
1 12 59 1
1 2 71 3
1 5 2 3
1 20 86 1
0 18004 13783 19098 7186 9531 7905 13957 16287 19709 3637 2275 17050 18771 17270 8443 12056 20738 6045 18850 20029 20831 19736 14060 11489 8675 16467 1093 18880 16479 13045 13352 2322 11104 16876 19591 8170 8677 10261 19717 14804 4229 13544 23941 21965 16355 15212 2926 18169 18793 16419 15446 21092 21834 20697 17858 8760 3098 10812 22433 17347 5546 13194 15058 10607 14279 11620 4279 14600 17037 6866 726 13270 1657 2625 16801 8440 15309 19916 8461 555 16297 21673 13682 22495 10115 15053 8748 4193 14002 9542 10398 8828 13053 9597 18206 12420 24322 16501 17570 8020
18004 0 10133 6146 12922 8497 12565 9089 6935 7369 14787 16315 10569 15384 4800 9827 6027 3935 14354 17687 4258 2876 12426 17406 12967 16372 9060 17695 7797 5276 10090 17098 18927 6968 11557 2338 10748 13212 10667 6360 7890 14741 4721 6870 5952 7337 2847 15103 8040 1482 4380 11625 7632 8050 3259 6045 11819 16649 7460 8320 3113 13558 11469 3154 12152 11351 6575 16712 6103 15811 16886 17774 4818 16352 15950 16033 9989 4953 13143 14278 18295 6701 3782 5362 8980 10516 14883 11664 16019 8239 8508 8012 11057 4978 8615 8794 8360 7137 1525 8843 10980
13783 10133 0 15369 6608 7485 5896 1045 14433 16558 12310 13320 17663 21975 13372 9770 6942 14068 13927 23604 14245 12524 20305 21077 16320 17413 16204 14121 16512 13222 14883 20496 15722 8476 18307 10018 6136 14677 13310 15794 2347 9555 6690 16877 16068 14795 8127 11727 16348 11594 5936 17591 17272 17828 13334 5701 5023 14312 9267 18204 7381 12500 16146 7585 15033 16711 8973 15111 4039 21453 16782 13982 7173 12374 13112 21494 10189 5181 20900 15528 14287 4057 13434 10645 18756 13018 19799 5040 14385 13940 7319 5929 5074 8305 6623 16931 2655 17088 9435 4047 6174
19098 6146 15369 0 16087 10820 15978 14367 3051 1235 15487 16990 5480 10008 2108 10809 9207 3953 13917 12524 2707 6213 6549 13667 10300 14537 4368 18462 1831 2685 7253 13580 19291 8835 6549 8062 13792 11837 9352 620 13384 16945 8789 5939 3568 3189 7253 16247 2429 4910 10240 7243 2098 2810 4881 12141 15476 16873 8703 3374 9175 13729 8211 7801 10087 7556 8153 16481 11448 10979 15692 18656 8438 17583 16606 11293 10723 10466 7285 12760 19222 12551 6255 5780 3627 9376 10663 15291 15946 5521 10926 11250 14598 7613 11410 3162 13070 6364 6107 14842 14027
7186 12922 6608 16087 0 5299 720 6864 13991 17045 6297 6984 16223 19577 13996 6308 7122 16415 8629 20579 16074 15776 19088 16924 12683 12303 15082 7596 16561 13448 12498 16253 9207 7273 16508 13928 2301 10277 10026 16657 7856 2959 8209 19613 18085 14229 10117 5428 16083 14079 10163 15372 18184 18878 16054 11173 1601 8104 7576 19400 11361 7181 13372 9767 11398 14259 7964 9095 8093 18462 11209 7427 8218 5849 6848 18379 6655 9041 19513 10826 7700 9506 16697 10332 19713 9744 16543 1629 8438 12429 5179 5004 1973 8627 4683 16420 5604 19932 11604 10486 2063
9531 8497 7485 10820 5299 0 5288 6959 8705 11753 6538 8000 11167 14967 8746 2358 2530 11539 7044 16347 11035 11351 14003 13591 8849 10200 9919 9303 11263 8163 7760 13013 10652 1985 11583 10076 3047 7273 5852 11401 7046 6363 4052 14773 13043 8957 5683 6665 10798 9394 7280 10612 12918 13622 11348 9137 4986 8547 2325 14159 7974 5816 8884 5531 7554 9598 2671 8912 5947 14188 9924 9348 3740 7875 7660 14187 2761 6268 14484 8195 9850 7916 12219 5045 14442 5556 12434 4795 8166 7317 172 1596 4109 3641 903 11162 4934 15125 7016 9917 3270
7905 12565 5896 15978 720 5288 0 6178 13990 16969 6948 7682 16358 19843 13876 6548 6894 16136 9191 20921 15846 15402 19215 17385 13056 12862 15170 8315 16529 13365 12711 16722 9926 7224 16686 13475 2242 10729 10323 16537 7204 3679 7879 19314 17852 14245 9793 6117 16082 13766 9639 15592 18069 18752 15734 10563 924 8789 7603 19262 10875 7732 13642 9416 11759 14498 7915 9758 7537 18791 11822 8147 7938 6566 7537 18722 6918 8524 19662 11323 8420 8881 16328 10261 19603 10036 16894 997 9089 12535 5151 4776 1509 8439 4582 16450 5004 19623 11289 9796 2027
13957 9089 1045 14367 6864 6959 6178 0 13510 15562 12222 13325 16798 21178 12385 9293 6133 13024 13645 22871 13207 11488 19405 20513 15722 17049 15322 14218 15541 12262 14144 19951 15802 7756 17471 9000 6033 14219 12709 14783 1357 9753 5748 15836 15025 13879 7117 11738 15398 10551 4904 16804 16255 16803 12290 4829 5265 14259 8574 17174 6350 12248 15436 6572 14452 15958 8209 14988 2997 20727 16525 14104 6258 12484 13092 20782 9707 4136 20012 15109 14443 3136 12400 9762 17733 12420 19116 5244 14250 13118 6799 5368 5136 7420 6140 15995 2024 16049 8404 3624 6111
16287 6935 14433 3051 13991 8705 13990 13510 0 3429 12654 14126 3661 8469 2316 8222 7672 6366 10926 10753 5165 8123 5931 11014 7309 11498 2129 15596 2640 1660 4229 10845 16349 6780 4624 9216 11752 8792 6337 3643 12755 14471 7765 8877 6533 410 6781 13496 2093 6219 10180 4797 4848 5588 7038 12333 13619 13934 6417 6199 9469 10831 5294 7297 7039 4801 6095 13487 10834 8914 12642 15809 7260 14826 13745 9160 8069 10071 6581 9709 16376 12321 8452 3875 6209 6381 8191 13428 12976 2473 8839 9482 12730 6159 9433 2527 11907 9303 6196 14724 11975
19709 7369 16558 1235 17045 11753 16969 15562 3429 0 16078 17555 4936 9180 3210 11553 10277 4875 14329 11741 3692 7253 5544 13311 10322 14643 4125 19024 1139 3603 7384 13287 19771 9773 5977 9235 14761 12111 9730 1112 14596 17759 9942 6315 4002 3419 8456 16902 1974 6101 11474 6883 1459 2181 5876 13374 16501 17358 9563 2799 10408 14260 8163 9004 10265 7380 9083 16886 12657 10336 15917 19236 9566 18235 17173 10676 11430 11687 6278 12977 19803 13782 7193 6714 2789 9791 10229 16314 16390 5841 11868 12282 15618 8683 12388 2532 14225 6727 7337 16076 14994
3637 14787 12310 15487 6297 6538 6948 12222 12654 16078 0 1546 13483 15532 13696 5003 9038 17283 2895 15896 16517 17553 16215 11485 8195 6345 12848 2999 15243 12888 9461 10777 4145 7819 13367 16550 6195 5370 6658 16107 12801 3965 10579 20457 18425 12719 12081 1250 14532 15454 13765 11965 17468 18209 17312 15469 7564 2066 7406 18811 14512 1967 9716 12003 7178 10788 8259 2825 12192 13952 4983 3170 10214 2333 1169 13762 4931 12707 16434 5431 3735 14058 18360 10178 18863 6498 11950 7474 2142 10366 6593 7732 7265 9810 6849 14576 10401 20847 13264 15695 6138
2275 16315 13320 16990 6984 8000 7682 13325 14126 17555 1546 0 14783 16534 15221 6547 10518 18828 3784 16697 18057 19090 17461 12033 9231 6694 14228 1472 16696 14407 10786 11321 2654 9349 14601 18049 7310 6411 8016 17610 13999 4236 12051 22000 19959 14176 13592 1593 15970 16996 15166 13171 18954 19696 18857 16799 8409 1234 8950 20301 15962 3313 10919 13499 8332 12004 9799 2453 13516 14840 5027 1693 11706 1572 384 14617 6476 14090 17641 6247 2259 15337 19900 11721 20334 7882 12847 8347 2104 11800 8043 9108 8246 11337 8243 15983 11588 22391 14794 16863 7216
17050 10569 17663 5480 16223 11167 16358 16798 3661 4936 13483 14783 0 4815 5817 9990 10740 9394 11140 7176 8137 11471 2867 8414 6166 10498 1549 16190 3815 5304 4028 8441 16606 9464 1070 12817 14138 8588 6841 5830 16160 16099 11122 11246 8909 3252 10356 14535 3061 9741 13785 2101 6223 6800 10241 15964 16146 14291 8864 7367 13122 11523 4033 10852 6588 2988 8844 13554 14277 5507 12051 16464 10565 15798 14425 5815 9707 13599 3318 9217 17020 15866 11650 7041 6955 7033 5302 15955 13212 3853 11324 12262 15274 9379 12007 2404 15056 11661 9853 18279 14338
18771 15384 21975 10008 19577 14967 19843 21178 8469 9180 15532 16534 4815 0 10618 13295 15047 13959 12756 2593 12715 16166 3913 6336 7338 10683 6342 17766 8196 10119 7208 6763 17750 13540 3869 17623 17725 10166 9563 10228 20663 18835 15645 15347 13138 8062 15064 16734 7616 14525 18507 4389 10156 10535 14878 20710 19796 15730 12811 10980 17905 13619 6205 15539 8432 5374 13006 14715 18833 2164 12554 18095 15058 17836 16231 2569 12929 18243 3319 10316 18602 20515 16262 11562 10332 9839 3834 19611 14611 8075 15137 16279 18969 13841 15860 6856 19327 15735 14647 22928 17895
17270 4800 13372 2108 13996 8746 13876 12385 2316 3210 13696 15221 5817 10618 0 8887 7100 4178 12355 12983 3069 5807 7655 13300 9383 13402 4359 16690 3204 892 6290 13105 17609 6765 6839 7005 11698 10496 7913 2662 11462 14938 6735 6992 4780 2678 5314 14384 3281 3933 8503 7112 4193 4882 4757 10538 13368 15197 6689 5412 7592 12020 7489 5862 8929 7087 6090 14907 9517 11199 14370 16863 6357 15718 14837 11457 8840 8599 8364 11486 17425 10764 6162 3734 5728 7885 10506 13183 14327 4379 8847 9143 12491 5506 9315 4016 11016 7410 4358 13114 11934
8443 9827 9770 10809 6308 2358 6548 9293 8222 11553 5003 6547 9990 13295 8887 0 4403 12305 4834 14439 11587 12562 12856 11350 6706 7850 8962 7976 10862 8140 6191 10749 9119 2887 10217 11696 4470 4925 3814 11422 9403 6259 5929 15500 13533 8380 7204 5527 10257 10453 9380 9064 12864 13599 12311 11356 6543 6822 2404 14179 9885 3784 7096 7200 5395 7955 3264 6956 8238 12293 7667 8103 5464 6853 6172 12249 422 8441 13248 5837 8651 10220 13360 5243 14331 3520 10445 6364 6238 6298 2507 3950 5760 4874 3157 10470 7270 15883 8301 12267 4622
12056 6027 6942 9207 7122 2530 6894 6133 7672 10277 9038 10518 10740 15047 7100 4403 0 9307 9236 16758 8957 8899 13434 14727 9898 12054 9309 11832 9998 6711 8038 14223 13167 1822 11365 7546 4851 8940 6941 9737 5742 8720 1548 12521 10966 8003 3186 9196 9694 7032 4990 10671 11273 11933 9006 7043 6307 11017 2675 12421 5511 8143 9366 3003 8703 9837 2111 11297 4152 14623 12046 11879 1218 10399 10172 14694 4709 4110 14006 9957 12379 6107 9786 3801 12809 6677 13073 6126 10561 6998 2514 2122 5447 1595 2597 10199 4317 12852 4588 8370 5090
20738 3935 14068 3953 16415 11539 16136 13024 6366 4875 17283 18828 9394 13959 4178 12305 9307 0 16267 16477 1256 2479 10417 17365 13561 17548 8151 20273 5766 5057 10466 17210 21329 9707 10463 4923 14157 14581 11973 3773 11820 17902 8284 3234 2055 6659 6384 17813 6372 2485 8272 11025 4470 4643 1068 9685 15457 18948 9926 4742 6914 15765 11639 6830 13086 11160 9136 18781 10036 14900 18440 20407 8201 19124 18448 15203 12352 8889 11152 15594 20956 10559 2319 7118 5507 11913 14458 15290 18157 8557 11592 11414 14646 7907 11863 7115 12225 3595 4886 12569 14396
6045 14354 13927 13917 8629 7044 9191 13645 10926 14329 2895 3784 11140 12756 12355 4834 9236 16267 0 13017 15349 16935 13749 8611 5447 3674 10729 5097 13385 11488 7220 7907 5497 7630 10886 16371 7877 2634 4600 14529 13972 6731 10753 19316 17134 10911 11904 4145 12611 14758 14213 9439 15769 16505 16469 16164 9631 3150 6963 17120 14696 1466 7196 11959 4595 8285 7849 2564 12991 11103 2894 5399 10266 5109 3475 10898 4537 13262 13899 2539 5936 14956 17656 9231 17065 4546 9103 9503 2087 8490 7161 8547 9130 9547 7664 12534 11677 19726 12845 16878 7901
18850 17687 23604 12524 20579 16347 20921 22871 10753 11741 15896 16697 7176 2593 12983 14439 16758 16477 13017 0 15226 18631 6496 5195 7923 10324 8636 17794 10731 12413 8727 5810 17543 15129 6144 19966 18908 10598 10625 12772 22467 19484 17517 17935 15714 10354 17128 17137 10109 16913 20562 6221 12745 13128 17371 22792 20980 15755 14342 13572 20065 14091 7474 17574 9185 6924 14663 14631 20704 2159 12230 18143 16913 18116 16435 2200 14042 20207 5873 10483 18610 22469 18767 13501 12918 10919 4041 20802 14660 9966 16519 17767 20196 15690 17249 9362 20950 18325 16846 24870 19055
20029 4258 14245 2707 16074 11035 15846 13207 5165 3692 16517 18057 8137 12715 3069 11587 8957 1256 15349 15226 0 3563 9213 16138 12416 16470 6903 19515 4531 3961 9318 15996 20511 9130 9207 5722 13788 13557 10964 2580 12071 17379 8109 3969 2013 5441 6278 17114 5119 2796 8628 9780 3503 3826 2189 10252 15218 18112 9253 4064 7362 14927 10455 6777 11996 9942 8517 17885 10211 13644 17428 19666 7934 18437 17674 13947 11599 9107 9949 14553 20222 10955 3548 6348 4746 10923 13214 15044 17282 7428 11104 11078 14380 7462 11444 5865 12229 4377 4841 13088 14027
20831 2876 12524 6213 15776 11351 15402 11488 8123 7253 17553 19090 11471 16166 5807 12562 8899 2479 16935 18631 3563 0 12756 19080 14947 18663 10105 20489 8043 6577 11915 18856 21680 9748 12528 2701 13618 15565 12964 6142 10197 17616 7590 4397 4347 8474 5723 17920 8551 2192 6590 12911 6947 7112 1413 7624 14635 19367 10166 7174 5149 16234 13204 6017 14293 12879 9298 19358 8595 16944 19342 20581 7694 19183 18720 17219 12690 7419 13493 16617 21108 8734 934 7735 7959 12852 16313 14485 18685 9989 11368 10886 13892 7779 11490 9316 11022 4574 4337 10525 13849
19736 12426 20305 6549 19088 14003 19215 19405 5931 5544 16215 17461 2867 3913 7655 12856 13434 10417 13749 6496 9213 12756 0 9467 8496 12640 4133 18837 4729 7401 6823 9699 19145 12255 2864 14522 16991 11140 9623 6644 18681 18943 13673 11514 9378 5544 12693 17302 4386 11362 16054 4319 6342 6664 11402 18157 18987 16890 11690 7085 15233 14248 6553 13217 9155 5464 11616 16070 16764 5622 14339 19126 13147 18542 17113 6029 12570 15994 737 11641 19674 18235 12736 9662 6422 9833 6392 18797 15790 6687 14158 15048 18112 12000 14832 3639 17733 11891 11969 20630 17193
14060 17406 21077 13667 16924 13591 17385 20513 11014 13311 11485 12033 8414 6336 13300 11350 14727 17365 8611 5195 16138 19080 9467 0 4829 5387 9299 12977 12174 12504 7325 712 12549 12924 7446 19742 15632 6656 7821 14110 20400 15329 15852 19574 17209 10707 16039 12732 11363 17043 19274 6438 14634 15211 18049 21501 17629 10976 12069 15770 19139 9907 5937 16369 6065 6214 12659 9783 18876 4171 7250 13338 15240 13541 11821 3770 10928 18660 9144 6152 13762 20805 19460 12336 15311 8104 3149 17470 9936 9176 13758 15159 16952 14086 14461 10792 18499 19995 16222 23097 15731
11489 12967 16320 10300 12683 8849 13056 15722 7309 10322 8195 9231 6166 7338 9383 6706 9898 13561 5447 7923 12416 14947 8496 4829 0 4367 6255 10517 9227 8511 3097 4341 10685 8095 5675 15272 11127 2831 3013 10849 15577 11596 11043 16185 13836 7116 11342 9399 8385 12811 14498 4205 11769 12456 14084 16713 13180 8510 7241 13067 14443 6290 2190 11637 1312 3178 7835 7607 14047 5856 5891 10832 10434 10501 8915 5728 6291 13851 8561 3152 11358 15981 15452 7707 12821 3303 3884 13009 7392 5008 9019 10391 12438 9299 9736 8068 13716 16612 11673 18268 11255
8675 16372 17413 14537 12303 10200 12862 17049 11498 14643 6345 6694 10498 10683 13402 7850 12054 17548 3674 10324 16470 18663 12640 5387 4367 0 10612 7591 13565 12511 7287 4681 7220 10284 9912 18572 11465 3187 5712 15107 17243 10298 13471 20338 18020 11352 14276 7559 12727 16477 17011 8468 16098 16795 17954 19096 13281 5600 9485 17408 17272 5130 6556 14444 4477 7523 10301 4396 16063 8715 1907 7952 12916 8235 6513 8416 7466 16164 12597 2124 8375 18048 19265 11016 17181 5856 6849 13147 4591 9072 10342 11779 12744 11982 10939 12432 15043 20762 14942 20116 11507
16467 9060 16204 4368 15082 9919 15170 15322 2129 4125 12848 14228 1549 6342 4359 8962 9309 8151 10729 8636 6903 10105 4133 9299 6255 10612 0 15670 3000 3785 3522 9221 16227 8132 2497 11330 12935 8311 6213 4823 14652 15176 9619 10286 7918 1724 8811 13826 2155 8292 12238 2883 5547 6215 8932 14415 14904 13854 7596 6821 11576 10922 4072 9309 6364 3255 7488 13232 12758 6846 11998 15921 9073 15125 13858 7115 8721 12063 4698 9080 16484 14328 10350 5560 6569 6352 6315 14713 12816 2667 10070 10922 14023 7903 10730 1836 13616 10710 8310 16739 13144
1093 17695 14121 18462 7596 9303 8315 14218 15596 19024 2999 1472 16190 17766 16690 7976 11832 20273 5097 17794 19515 20489 18837 12977 10517 7591 15670 0 18161 15878 12210 12270 1611 10741 15974 19377 8289 7728 9457 19082 14984 4665 13351 23453 21423 15643 14944 2656 17431 18411 16370 14532 20426 21168 20285 17916 9122 2044 10375 21772 17224 4773 12286 14828 9687 13373 11214 3194 14638 16004 5774 367 13034 1750 1856 15760 7923 15276 18995 7450 841 16403 21309 13174 21803 9332 14026 9087 3158 13261 9333 10311 9086 12720 9471 17433 12579 23842 16178 17805 8165
18880 7797 16512 1831 16561 11263 16529 15541 2640 1139 15243 16696 3815 8196 3204 10862 9998 5766 13385 10731 4531 8043 4729 12174 9227 13565 3000 18161 0 3308 6339 12147 18853 9305 4867 9819 14300 11103 8788 2048 14650 17108 9834 7432 5096 2525 8509 16112 846 6656 11696 5744 2548 3230 6711 13695 16114 16448 9007 3843 10733 13389 7057 9056 9224 6251 8614 15931 12706 9256 14879 18384 9404 17440 16316 9588 10708 11802 5464 11943 18952 13966 8077 6290 3685 8868 9098 15924 15458 4909 11389 11924 15226 8423 11952 1415 14091 7848 7544 16310 14528
16479 5276 13222 2685 13448 8163 13365 12262 1660 3603 12888 14407 5304 10119 892 8140 6711 5057 11488 12413 3961 6577 7401 12504 8511 12511 3785 15878 3308 0 5423 12288 16770 6179 6282 7559 11161 9606 7027 3290 11415 14261 6536 7880 5647 2061 5322 13608 3152 4595 8654 6416 4773 5494 5593 10766 12902 14355 6019 6057 7867 11185 6652 5858 8039 6305 5492 14043 9475 10564 13480 16058 6096 14944 14023 10802 8070 8633 8084 10595 16622 10852 6985 3118 6285 7003 9770 12714 13472 3503 8274 8686 12017 5127 8786 3808 10784 8298 4591 13237 11394
13045 10090 14883 7253 12498 7760 12711 14144 4229 7384 9461 10786 4028 7208 6290 6191 8038 10466 7220 8727 9318 11915 6823 7325 3097 7287 3522 12210 6339 5423 0 7010 12716 6408 4061 12422 10554 4794 2814 7820 13765 12137 8888 13103 10762 4066 8801 10508 5519 9810 12140 2881 8843 9554 11008 14384 12616 10356 5638 10171 11881 7507 1418 9174 2884 1843 5938 9711 12048 6586 8540 12474 8276 11773 10423 6659 5860 11650 7135 5604 13033 13880 12388 5073 10008 3011 5104 12429 9306 1929 7929 9095 11778 7062 8653 5348 12228 13529 8900 16255 10732
13352 17098 20496 13580 16253 13013 16722 19951 10845 13287 10777 11321 8441 6763 13105 10749 14223 17210 7907 5810 15996 18856 9699 712 4341 4681 9221 12270 12147 12288 7010 0 11857 12411 7518 19428 14994 6000 7292 14044 19868 14629 15384 19508 17138 10555 15639 12024 11323 16790 18833 6406 14639 15238 17861 21051 16981 10267 11555 15808 18742 9213 5659 15952 5528 6054 12172 9076 18375 4610 6551 12630 14774 12829 11109 4227 10327 18191 9423 5461 13057 20315 19266 11957 15381 7568 3310 16823 9225 8899 13178 14589 16314 13636 13875 10786 17932 19931 15878 22590 15089
2322 18927 15722 19291 9207 10652 9926 15802 16349 19771 4145 2654 16606 17750 17609 9119 13167 21329 5497 17543 20511 21680 19145 12549 10685 7220 16227 1611 18853 16770 12716 11857 0 11959 16290 20691 9842 8023 10069 19908 16543 6275 14703 24472 22377 16359 16225 4130 18091 19567 17813 14826 21197 21937 21402 19417 10729 2418 11519 22548 18615 5590 12615 16142 10022 13700 12382 3079 16135 15875 5318 1822 14351 3360 2995 15598 9009 16732 19243 7537 1780 17930 22477 14211 22526 9986 13943 10692 3411 13946 10697 11751 10676 13952 10892 18029 14134 24869 17404 19379 9727
11104 6968 8476 8835 7273 1985 7224 7756 6780 9773 7819 9349 9464 13540 6765 2887 1822 9707 7630 15129 9130 9748 12255 12924 8095 10284 8132 10741 9305 6179 6408 12411 11959 0 9980 8809 4997 7145 5124 9417 7494 8253 3190 12936 11128 7053 4317 8183 8869 7689 6727 9152 10933 11638 9602 8835 6840 9696 857 12177 7078 6666 7681 4333 6888 8239 691 9838 5969 12980 10375 10835 2655 9466 8983 13028 3109 5907 12775 8175 11366 7928 10575 3061 12457 4857 11364 6649 9124 5624 2096 2798 5952 1994 2654 9269 5821 13301 5446 10178 5227
16876 11557 18307 6549 16508 11583 16686 17471 4624 5977 13367 14601 1070 3869 6839 10217 11365 10463 10886 6144 9207 12528 2864 7446 5675 9912 2497 15974 4867 6282 4061 7518 16290 9980 0 13825 14492 8278 6819 6893 16891 16193 11856 12292 9963 4221 11204 14468 4127 10770 14645 1471 7227 7777 11306 16844 16530 14027 9322 8329 14037 11399 3689 11685 6291 2601 9394 13218 15034 4437 11552 16263 11282 15697 14254 4744 9902 14406 3085 8803 16811 16678 12717 7763 7869 7043 4308 16341 12929 4374 11746 12768 15671 10076 12448 3452 15677 12704 10782 19092 14683
19591 2338 10018 8062 13928 10076 13475 9000 9216 9235 16550 18049 12817 17623 7005 11696 7546 4923 16371 19966 5722 2701 14522 19742 15272 18572 11330 19377 9819 7559 12422 19428 20691 8809 13825 0 11911 15395 12890 8156 7673 16057 6048 7071 6933 9612 4492 16742 10158 3163 4119 13943 9224 9507 3911 4927 12647 18484 9411 9655 2695 15473 13805 4550 14422 13688 8524 18645 6244 18117 18990 19424 6344 17935 17697 18347 11906 5095 15250 16462 19923 6112 3521 7611 10401 12723 17218 12514 17932 10577 10055 9288 11981 6836 10019 10925 8793 7216 3635 7826 12129
8170 10748 6136 13792 2301 3047 2242 6033 11752 14761 6195 7310 14138 17725 11698 4470 4851 14157 7877 18908 13788 13618 16991 15632 11127 11465 12935 8289 14300 11161 10554 14994 9842 4997 14492 11911 0 9008 8283 14360 6701 4207 6028 17367 15800 12004 7916 5734 13844 11854 8368 13434 15888 16580 13830 9692 2075 8226 5361 17100 9442 6424 11545 7602 9817 12361 5689 8981 6450 16763 10690 8215 5982 6598 7066 16717 4867 7241 17448 9727 8611 8130 14529 8048 17419 7989 14908 1895 8251 10306 2914 2751 1320 6332 2383 14208 4292 17694 9385 9554 239
8677 13212 14677 11837 10277 7273 10729 14219 8792 12111 5370 6411 8588 10166 10496 4925 8940 14581 2634 10598 13557 15565 11140 6656 2831 3187 8311 7728 11103 9606 4794 6000 8023 7145 8278 15395 9008 0 2614 12434 14298 8896 10322 17485 15215 8714 11089 6586 10297 13374 13865 6822 13567 14291 14921 15978 10982 5753 6330 14909 14093 3498 4594 11261 2000 5682 7128 4966 13011 8604 3875 8033 9757 7670 6090 8433 4514 13047 11273 1068 8569 14994 16201 7870 14784 2713 6604 10826 4650 6318 7427 8869 10326 8801 8080 10141 12196 17904 11769 17131 9096
10261 10667 13310 9352 10026 5852 10323 12709 6337 9730 6658 8016 6841 9563 7913 3814 6941 11973 4600 10625 10964 12964 9623 7821 3013 5712 6213 9457 8788 7027 2814 7292 10069 5124 6819 12890 8283 2614 0 9959 12580 9397 8170 14905 12659 6312 8695 7694 8022 10775 11680 5506 11172 11907 12307 13863 10356 7672 4268 12523 11761 4715 3369 8925 1765 4338 4931 7156 11093 8481 6468 9708 7572 8962 7647 8435 3419 10964 9904 3653 10272 13045 13590 5307 12466 298 6636 10178 6670 3890 6023 7382 9574 6503 6746 7982 10703 15323 9256 15301 8432
19717 6360 15794 620 16657 11401 16537 14783 3643 1112 16107 17610 5830 10228 2662 11422 9737 3773 14529 12772 2580 6142 6644 14110 10849 15107 4823 19082 2048 3290 7820 14044 19908 9417 6893 8156 14360 12434 9959 0 13769 17548 9261 5465 3100 3755 7667 16865 2774 5044 10552 7673 1536 2222 4766 12393 16021 17490 9302 2769 9434 14348 8739 8211 10667 8047 8738 17093 11841 11299 16283 19276 8932 18201 17226 11626 11339 10832 7380 13349 19841 12875 6092 6369 3073 9987 11073 15837 16561 6115 11504 11796 15146 8146 11977 3452 13535 5888 6455 15134 14596
14804 7890 2347 13384 7856 7046 7204 1357 12755 14596 12801 13999 16160 20663 11462 9403 5742 11820 13972 22467 12071 10197 18681 20400 15577 17243 14652 14984 14650 11415 13765 19868 16543 7494 16891 7673 6701 14298 12580 13769 0 10655 5038 14566 13841 13137 6149 12432 14566 9365 3608 16323 15212 15734 11049 3513 6280 14861 8343 16079 5048 12627 15105 5600 14342 15544 7853 15504 1945 20343 16866 14897 5609 13275 13741 20424 9800 2965 19313 15238 15269 1800 11102 9130 16667 12301 18815 6229 14757 12588 6902 5465 6002 6822 6322 15196 2411 14767 7331 2913 6819
4229 14741 9555 16945 2959 6363 3679 9753 14471 17759 3965 4236 16099 18835 14938 6259 8720 17902 6731 19484 17379 17616 18943 15329 11596 10298 15176 4665 17108 14261 12137 14629 6275 8253 16193 16057 4207 8896 9397 17548 10655 0 10072 21136 19381 14637 11894 2830 16515 15728 12575 14903 19028 19753 17693 13832 4532 5436 8250 20317 13636 5441 12733 11642 10413 13734 8889 6555 10629 17451 8926 4478 9922 2934 4182 17305 6462 11448 19272 9189 4741 12217 18506 11206 20520 9157 15465 4524 5991 12526 6313 6778 4654 10000 6126 16724 8307 21487 13306 13374 4016
13544 4721 6690 8789 8209 4052 7879 5748 7765 9942 10579 12051 11122 15645 6735 5929 1548 8284 10753 17517 8109 7590 13673 15852 11043 13471 9619 13351 9834 6536 8888 15384 14703 3190 11856 6048 6028 10322 8170 9261 5038 10072 0 11440 10084 8137 1914 10707 9659 5888 3542 11332 10778 11390 7856 5694 7175 12564 3993 11827 3965 9685 10273 1576 9910 10613 3240 12842 3192 15416 13541 13389 615 11888 11709 15523 6217 2808 14292 11359 13882 4994 8502 4094 12298 7925 13988 7011 12108 7581 4018 3304 6377 1829 3979 10248 4283 11745 3413 7368 6259
23941 6870 16877 5939 19613 14773 19314 15836 8877 6315 20457 22000 11246 15347 6992 15500 12521 3234 19316 17935 3969 4397 11514 19574 16185 20338 10286 23453 7432 7880 13103 19508 24472 12936 12292 7071 17367 17485 14905 5465 14566 21136 11440 0 2371 9081 9527 21019 8219 5555 10959 13136 5191 4871 3614 11995 18612 22076 13134 4552 9527 18890 14133 9937 15862 13494 12358 21854 12899 16633 21359 23596 11395 22334 21618 16981 15530 11727 12210 18464 24148 13130 3554 10279 5344 14875 16524 18449 21251 11267 14825 14620 17816 11139 15088 8843 15228 426 8027 14889 17605
21965 5952 16068 3568 18085 13043 17852 15025 6533 4002 18425 19959 8909 13138 4780 13533 10966 2055 17134 15714 2013 4347 9378 17209 13836 18020 7918 21423 5096 5647 10762 17138 22377 11128 9963 6933 15800 15215 12659 3100 13841 19381 10084 2371 0 6723 8224 19058 5866 4477 10313 10773 3057 2961 3022 11736 17216 19968 11224 2887 8965 16787 11770 8705 13549 11123 10506 19686 12030 14337 19088 21585 9931 20386 19576 14676 13525 10895 10094 16177 22143 12608 3876 8291 3702 12646 14170 17043 19106 8952 13114 13088 16382 9475 13457 6511 14144 2796 6754 14622 16040
16355 7337 14795 3189 14229 8957 14245 13879 410 3419 12719 14176 3252 8062 2678 8380 8003 6659 10911 10354 5441 8474 5544 10707 7116 11352 1724 15643 2525 2061 4066 10555 16359 7053 4221 9612 12004 8714 6312 3755 13137 14637 8137 9081 6723 0 7181 13588 1879 6598 10586 4438 4864 5597 7362 12741 13893 13949 6653 6213 9878 10872 5056 7695 6915 4502 6373 13467 11220 8530 12545 15863 7624 14915 13796 8782 8208 10467 6187 9608 16431 12720 8779 4202 6168 6375 7847 13702 12974 2422 9095 9779 13004 6508 9703 2218 12257 9508 6605 15124 12225
15212 2847 8127 7253 10117 5683 9793 7117 6781 8456 12081 13592 10356 15064 5314 7204 3186 6384 11904 17128 6278 5723 12693 16039 11342 14276 8811 14944 8509 5322 8801 15639 16225 4317 11204 4492 7916 11089 8695 7667 6149 11894 1914 9527 8224 7181 0 12328 8467 3974 3443 10909 9148 9717 5942 5664 9085 13999 4942 10117 3103 10982 10219 549 10343 10364 4061 14155 4205 15099 14573 15008 1973 13556 13235 15254 7418 3311 13357 12153 15519 5542 6623 3728 10641 8493 13865 8922 13441 7199 5684 5172 8291 2357 5769 9129 5960 9831 1501 7943 8150
2926 15103 11727 16247 5428 6665 6117 11738 13496 16902 1250 1593 14535 16734 14384 5527 9196 17813 4145 17137 17114 17920 17302 12732 9399 7559 13826 2656 16112 13608 10508 12024 4130 8183 14468 16742 5734 6586 7694 16865 12432 2830 10707 21019 19058 13588 12328 0 15429 15872 13716 13087 18264 19004 17772 15289 6825 2678 7888 19598 14569 3118 10846 12196 8343 11907 8695 3736 12008 15182 6108 2683 10403 1337 1420 14997 5544 12626 17545 6679 3192 13801 18756 10769 19691 7510 13180 6760 3161 11284 6689 7656 6653 10141 6815 15516 10021 21399 13594 15287 5634
18169 8040 16348 2429 16083 10798 16082 15398 2093 1974 14532 15970 3061 7616 3281 10257 9694 6372 12611 10109 5119 8551 4386 11363 8385 12727 2155 17431 846 3152 5519 11323 18091 8869 4127 10158 13844 10297 8022 2774 14566 16515 9659 8219 5866 1879 8467 15429 0 7007 11752 4926 3393 4072 7265 13814 15704 15691 8508 4682 10872 12658 6213 9006 8402 5407 8182 15150 12627 8551 14056 17661 9192 16752 15592 8869 10081 11777 5104 11122 18228 13982 8658 5921 4489 8115 8306 15514 14689 4170 10931 11552 14815 8147 11522 771 13872 8638 7627 16355 14068
18793 1482 11594 4910 14079 9394 13766 10551 6219 6101 15454 16996 9741 14525 3933 10453 7032 2485 14758 16913 2796 2192 11362 17043 12811 16477 8292 18411 6656 4595 9810 16790 19567 7689 10770 3163 11854 13374 10775 5044 9365 15728 5888 5555 4477 6598 3974 15872 7007 0 5861 11007 6230 6611 1977 7461 13057 17234 8050 6859 4569 14087 11131 4385 12123 10877 7198 17196 7558 15127 17150 18516 5872 17154 16623 15378 10562 6419 12091 14426 19051 8178 2913 5546 7537 10660 14363 12895 16531 7896 9427 9103 12265 5766 9624 7776 9745 5858 2477 10292 12090
16419 4380 5936 10240 10163 7280 9639 4904 10180 11474 13765 15166 13785 18507 8503 9380 4990 8272 14213 20562 8628 6590 16054 19274 14498 17011 12238 16370 11696 8654 12140 18833 17813 6727 14645 4119 8368 13865 11680 10552 3608 12575 3542 10959 10313 10586 3443 13716 11752 5861 0 14342 11920 12385 7462 2244 8764 15802 7535 12683 1445 13071 13552 2991 13404 13761 6766 16190 2163 18520 17035 16360 4118 14787 14848 18667 9696 1129 16733 14900 16812 2333 7498 7099 13319 11443 17234 8651 15445 10614 7200 6062 8190 5199 6924 12449 4760 11159 4154 4614 8561
15446 11625 17591 7243 15372 10612 15592 16804 4797 6883 11965 13171 2101 4389 7112 9064 10671 11025 9439 6221 9780 12911 4319 6438 4205 8468 2883 14532 5744 6416 2881 6406 14826 9152 1471 13943 13434 6822 5506 7673 16323 14903 11332 13136 10773 4438 10909 13087 4926 11007 14342 0 8236 8846 11781 16573 15494 12574 8428 9426 13871 9999 2253 11353 4845 1180 8620 11752 14524 4211 10088 14826 10735 14297 12828 4411 8725 13995 4472 7333 15370 16260 13199 7287 9042 5750 3434 15307 11472 3756 10780 11896 14652 9513 11498 4382 14941 13557 10683 18667 13613
21092 7632 17272 2098 18184 12918 18069 16255 4848 1459 17468 18954 6223 10156 4193 12864 11273 4470 15769 12745 3503 6947 6342 14634 11769 16098 5547 20426 2548 4773 8843 14639 21197 10933 7227 9224 15888 13567 11172 1536 15212 19028 10778 5191 3057 4864 9148 18264 3393 6230 11920 8236 0 742 5534 13675 17557 18782 10792 1351 10740 15670 9604 9688 11724 8794 10251 18328 13295 11484 17375 20631 10460 19600 18572 11842 12762 12260 7051 14436 21198 14251 6703 7878 1537 11226 11522 17372 17823 7285 13024 13332 16681 9682 13505 3854 15046 5581 7882 16466 16123
21834 8050 17828 2810 18878 13622 18752 16803 5588 2181 18209 19696 6800 10535 4882 13599 11933 4643 16505 13128 3826 7112 6664 15211 12456 16795 6215 21168 3230 5494 9554 15238 21937 11638 7777 9507 16580 14291 11907 2222 15734 19753 11390 4871 2961 5597 9717 19004 4072 6611 12385 8846 742 0 5709 14072 18228 19522 11513 618 11163 16411 10283 10251 12437 9449 10959 19063 13830 11955 18091 21373 11091 20340 19314 12323 13500 12773 7349 15153 21940 14717 6774 8588 935 11963 12084 18044 18561 8019 13725 14004 17355 10346 14197 4474 15643 5237 8407 16893 16816
20697 3259 13334 4881 16054 11348 15734 12290 7038 5876 17312 18857 10241 14878 4757 12311 9006 1068 16469 17371 2189 1413 11402 18049 14084 17954 8932 20285 6711 5593 11008 17861 21402 9602 11306 3911 13830 14921 12307 4766 11049 17693 7856 3614 3022 7362 5942 17772 7265 1977 7462 11781 5534 5709 0 8748 15017 19046 9910 5793 6063 15877 12241 6334 13524 11834 9079 18948 9327 15739 18751 20401 7848 19065 18480 16029 12394 8161 12138 15954 20941 9709 1419 7244 6566 12223 15205 14856 18301 9082 11386 11079 14231 7711 11596 8022 11619 3896 4450 11644 14066
17858 6045 5701 12141 11173 9137 10563 4829 12333 13374 15469 16799 15964 20710 10538 11356 7043 9685 16164 22792 10252 7624 18157 21501 16713 19096 14415 17916 13695 10766 14384 21051 19417 8835 16844 4927 9692 15978 13863 12393 3513 13832 5694 11995 11736 12741 5664 15289 13814 7461 2244 16573 13675 14072 8748 0 9644 17529 9665 14307 2967 14952 15795 5230 15600 16004 8933 18012 3283 20757 19021 17871 6292 16266 16503 20907 11698 2933 18848 16999 18288 1718 8441 9342 14997 13619 19478 9569 17262 12852 9035 7752 9239 7416 8646 14530 5569 12127 6189 2902 9852
8760 11819 5023 15476 1601 4986 924 5265 13619 16501 7564 8409 16146 19796 13368 6543 6307 15457 9631 20980 15218 14635 18987 17629 13180 13281 14904 9122 16114 12902 12616 16981 10729 6840 16530 12647 2075 10982 10356 16021 6280 4532 7175 18612 17216 13893 9085 6825 15704 13057 8764 15494 17557 18228 15017 9644 0 9475 7308 18723 10024 8165 13620 8684 11872 14428 7523 10389 6646 18836 12344 8970 7285 7372 8238 18787 6937 7656 19461 11644 9265 7959 15565 9825 19093 10062 16975 191 9698 12300 4834 4226 889 7883 4191 16108 4093 18912 10587 8886 1927
3098 16649 14312 16873 8104 8547 8789 14259 13934 17358 2066 1234 14291 15730 15197 6822 11017 18948 3150 15755 18112 19367 16890 10976 8510 5600 13854 2044 16448 14355 10356 10267 2418 9696 14027 18484 8226 5753 7672 17490 14861 5436 12564 22076 19968 13949 13999 2678 15691 17234 15802 12574 18782 19522 19046 17529 9475 0 9203 20133 16514 3186 10339 13952 7736 11428 10079 1246 14255 13960 3854 2389 12173 2790 1262 13716 6676 14753 17024 5417 2874 16124 20147 11832 20117 7580 11984 9401 1121 11539 8612 9785 9246 11690 8899 15646 12458 22476 15123 17750 8156
10812 7460 9267 8703 7576 2325 7603 8574 6417 9563 7406 8950 8864 12811 6689 2404 2675 9926 6963 14342 9253 10166 11690 12069 7241 9485 7596 10375 9007 6019 5638 11555 11519 857 9322 9411 5361 6330 4268 9302 8343 8250 3993 13134 11224 6653 4942 7888 8508 8050 7535 8428 10792 11513 9910 9665 7308 9203 0 12071 7816 6099 6878 5022 6031 7478 889 9258 6825 12188 9650 10494 3430 9200 8575 12226 2531 6743 12182 7369 11039 8782 10958 2962 12297 4002 10543 7116 8561 5011 2474 3468 6427 2585 3143 8850 6617 13512 5936 11035 5578
22433 8320 18204 3374 19400 14159 19262 17174 6199 2799 18811 20301 7367 10980 5412 14179 12421 4742 17120 13572 4064 7174 7085 15770 13067 17408 6821 21772 3843 6057 10171 15808 22548 12177 8329 9655 17100 14909 12523 2769 16079 20317 11827 4552 2887 6213 10117 19598 4682 6859 12683 9426 1351 618 5793 14307 18723 20133 12071 0 11426 17018 10891 10645 13054 10048 11501 19678 14190 12456 18708 21976 11549 20934 19918 12830 14086 13115 7752 15770 22542 15012 6760 9135 824 12577 12636 18540 19175 8635 14259 14504 17854 10839 14717 5065 16063 4893 8770 17151 17337
17347 3113 7381 9175 11361 7974 10875 6350 9469 10408 14512 15962 13122 17905 7592 9885 5511 6914 14696 20065 7362 5149 15233 19139 14443 17272 11576 17224 10733 7867 11881 18742 18615 7078 14037 2695 9442 14093 11761 9434 5048 13636 3965 9527 8965 9878 3103 14569 10872 4569 1445 13871 10740 11163 6063 2967 10024 16514 7816 11426 0 13649 13299 2838 13431 13396 6975 16807 3549 18078 17452 17240 4430 15699 15628 18254 10160 2407 15931 15149 17714 3648 6054 6812 12093 11548 16917 9900 16072 10219 7921 6951 9397 5292 7758 11598 6110 9721 3276 5730 9649
5546 13558 12500 13729 7181 5816 7732 12248 10831 14260 1967 3313 11523 13619 12020 3784 8143 15765 1466 14091 14927 16234 14248 9907 6290 5130 10922 4773 13389 11185 7507 9213 5590 6666 11399 15473 6424 3498 4715 14348 12627 5441 9685 18890 16787 10872 10982 3118 12658 14087 13071 9999 15670 16411 15877 14952 8165 3186 6099 17018 13649 0 7751 10984 5227 8821 6985 3173 11736 12101 4283 5006 9239 4299 2938 11931 3573 12081 14467 3756 5572 13682 16999 8651 17035 4572 10102 8037 2463 8488 5917 7254 7669 8641 6360 12670 10301 19290 12035 15539 6442
13194 11469 16146 8211 13372 8884 13642 15436 5294 8163 9716 10919 4033 6205 7489 7096 9366 11639 7196 7474 10455 13204 6553 5937 2190 6556 4072 12286 7057 6652 1418 5659 12615 7681 3689 13805 11545 4594 3369 8739 15105 12733 10273 14133 11770 5056 10219 10846 6213 11131 13552 2253 9604 10283 12241 15795 13620 10339 6878 10891 13299 7751 0 10590 2602 1089 7256 9549 13417 5316 8032 12577 9658 12049 10576 5348 6726 13047 6725 5184 13123 15267 13637 6491 10633 3638 3717 13437 9243 3243 9056 10293 12807 8452 9786 5879 13494 14560 10305 17633 11709
15058 3154 7585 7801 9767 5531 9416 6572 7297 9004 12003 13499 10852 15539 5862 7200 3003 6830 11959 17574 6777 6017 13217 16369 11637 14444 9309 14828 9056 5858 9174 15952 16142 4333 11685 4550 7602 11261 8925 8211 5600 11642 1576 9937 8705 7695 549 12196 9006 4385 2991 11353 9688 10251 6334 5230 8684 13952 5022 10645 2838 10984 10590 0 10602 10774 4161 14156 3656 15530 14672 14879 1794 13401 13148 15677 7441 2778 13877 12320 15381 5024 6933 4115 11177 8710 14257 8526 13433 7624 5516 4880 7909 2462 5535 9662 5452 10230 1952 7432 7833
10607 12152 15033 10087 11398 7554 11759 14452 7039 10265 7178 8332 6588 8432 8929 5395 8703 13086 4595 9185 11996 14293 9155 6065 1312 4477 6364 9687 9224 8039 2884 5528 10022 6888 6291 14422 9817 2000 1765 10667 14342 10413 9910 15862 13549 6915 10343 8343 8402 12123 13404 4845 11724 12437 13524 15600 11872 7736 6031 13054 13431 5227 2602 10602 0 3691 6678 6966 12855 7087 5655 9982 9308 9507 7995 6985 4979 12711 9311 2721 10525 14805 14858 6812 12889 2041 5146 11700 6642 4597 7723 9107 11127 8211 8437 8200 12441 16286 10795 17065 9946
14279 11351 16711 7556 14259 9598 14498 15958 4801 7380 10788 12004 2988 5374 7087 7955 9837 11160 8285 6924 9942 12879 5464 6214 3178 7523 3255 13373 6251 6305 1843 6054 13700 8239 2601 13688 12361 5682 4338 8047 15544 13734 10613 13494 11123 4502 10364 11907 5407 10877 13761 1180 8794 9449 11834 16004 14428 11428 7478 10048 13396 8821 1089 10774 3691 0 7749 10632 13793 4804 9064 13664 10005 13120 11659 4916 7604 13337 5647 6248 14210 15587 13246 6662 9741 4589 3540 14243 10331 3177 9767 10937 13598 8784 10492 4991 14056 13919 10291 17978 12534
11620 6575 8973 8153 7964 2671 7915 8209 6095 9083 8259 9799 8844 13006 6090 3264 2111 9136 7849 14663 8517 9298 11616 12659 7835 10301 7488 11214 8614 5492 5938 12172 12382 691 9394 8524 5689 7128 4931 8738 7853 8889 3240 12358 10506 6373 4061 8695 8182 7198 6766 8620 10251 10959 9079 8933 7523 10079 889 11501 6975 6985 7256 4161 6678 7749 0 10146 6225 12523 10518 11323 2648 9995 9427 12589 3414 6034 12148 8179 11862 8146 10101 2375 11773 4685 10962 7333 9447 5024 2785 3435 6634 1708 3341 8590 6322 12729 5051 10452 5918
4279 16712 15111 16481 9095 8912 9758 14988 13487 16886 2825 2453 13554 14715 14907 6956 11297 18781 2564 14631 17885 19358 16070 9783 7607 4396 13232 3194 15931 14043 9711 9076 3079 9838 13218 18645 8981 4966 7156 17093 15504 6555 12842 21854 19686 13467 14155 3736 15150 17196 16190 11752 18328 19063 18948 18012 10389 1246 9258 19678 16807 3173 9549 14156 6966 10632 10146 0 14762 12887 2612 3556 12406 4023 2395 12628 6741 15176 16165 4461 3988 16675 20104 11704 19614 7108 10931 10300 751 11045 8998 10267 10083 11811 9370 15049 13122 22261 15191 18411 8938
14600 6103 4039 11448 8093 5947 7537 2997 10834 12657 12192 13516 14277 18833 9517 8238 4152 10036 12991 20704 10211 8595 16764 18876 14047 16063 12758 14638 12706 9475 12048 18375 16135 5969 15034 6244 6450 13011 11093 11841 1945 10629 3192 12899 12030 11220 4205 12008 12627 7558 2163 14524 13295 13830 9327 3283 6646 14255 6825 14190 3549 11736 13417 3656 12855 13793 6225 14762 0 18597 15870 14598 3790 12998 13221 18697 8605 1176 17402 13999 15022 1985 9521 7274 14762 10827 17134 6543 14011 10773 5831 4496 6124 5014 5393 13261 2601 13128 5423 4228 6622
17037 15811 21453 10979 18462 14188 18791 20727 8914 10336 13952 14840 5507 2164 11199 12293 14623 14900 11103 2159 13644 16944 5622 4171 5856 8715 6846 16004 9256 10564 6586 4610 15875 12980 4437 18117 16763 8604 8481 11299 20343 17451 15416 16633 14337 8530 15099 15182 8551 15127 18520 4211 11484 11955 15739 20757 18836 13960 12188 12456 18078 12101 5316 15530 7087 4804 12523 12887 18597 0 10610 16344 14809 16212 14558 419 11900 18130 5172 8594 16831 20384 17151 11434 11882 8774 2002 18658 12849 7907 14360 15609 18047 13587 15091 7847 18800 17038 14893 22779 16913
6866 16886 16782 15692 11209 9924 11822 16525 12642 15917 4983 5027 12051 12554 14370 7667 12046 18440 2894 12230 17428 19342 14339 7250 5891 1907 11998 5774 14879 13480 8540 6551 5318 10375 11552 18990 10690 3875 6468 16283 16866 8926 13541 21359 19088 12545 14573 6108 14056 17150 17035 10088 17375 18091 18751 19021 12344 3854 9650 18708 17452 4283 8032 14672 5655 9064 10518 2612 15870 10610 0 6139 13029 6596 4905 10317 7339 16108 14340 2939 6533 17839 20007 11609 18542 6531 8722 12230 2972 10172 10045 11438 11908 12226 10557 13834 14566 21778 15404 19772 10695
726 17774 13982 18656 7427 9348 8147 14104 15809 19236 3170 1693 16464 18095 16863 8103 11879 20407 5399 18143 19666 20581 19126 13338 10832 7952 15921 367 18384 16058 12474 12630 1822 10835 16263 19424 8215 8033 9708 19276 14897 4478 13389 23596 21585 15863 15008 2683 17661 18516 16360 14826 20631 21373 20401 17871 8970 2389 10494 21976 17240 5006 12577 14879 9982 13664 11323 3556 14598 16344 6139 0 13085 1622 2069 16103 8068 15260 19292 7780 567 16341 21409 13321 22017 9575 14364 8943 3495 13491 9372 10309 8968 12805 9481 17676 12497 23982 16262 17701 8082
13270 4818 7173 8438 8218 3740 7938 6258 7260 9566 10214 11706 10565 15058 6357 5464 1218 8201 10266 16913 7934 7694 13147 15240 10434 12916 9073 13034 9404 6096 8276 14774 14351 2655 11282 6344 5982 9757 7572 8932 5609 9922 615 11395 9931 7624 1973 10403 9192 5872 4118 10735 10460 11091 7848 6292 7285 12173 3430 11549 4430 9239 9658 1794 9308 10005 2648 12406 3790 14809 13029 13085 0 11613 11356 14914 5730 3420 13757 10799 13589 5609 8588 3526 11989 7330 13374 7113 11678 6989 3729 3231 6455 1224 3797 9760 4688 11716 3407 7979 6218
1657 16352 12374 17583 5849 7875 6566 12484 14826 18235 2333 1572 15798 17836 15718 6853 10399 19124 5109 18116 18437 19183 18542 13541 10501 8235 15125 1750 17440 14944 11773 12829 3360 9466 15697 17935 6598 7670 8962 18201 13275 2934 11888 22334 20386 14915 13556 1337 16752 17154 14787 14297 19600 20340 19065 16266 7372 2790 9200 20934 15699 4299 12049 13401 9507 13120 9995 4023 12998 16212 6596 1622 11613 0 1723 16006 6879 13682 18766 7634 2026 14727 20028 12095 21024 8790 14212 7339 3652 12599 7885 8753 7349 11407 7946 16828 10876 22712 14851 16079 6462
2625 15950 13112 16606 6848 7660 7537 13092 13745 17173 1169 384 14425 16231 14837 6172 10172 18448 3475 16435 17674 18720 17113 11821 8915 6513 13858 1856 16316 14023 10423 11109 2995 8983 14254 17697 7066 6090 7647 17226 13741 4182 11709 21618 19576 13796 13235 1420 15592 16623 14848 12828 18572 19314 18480 16503 8238 1262 8575 19918 15628 2938 10576 13148 7995 11659 9427 2395 13221 14558 4905 2069 11356 1723 0 14342 6096 13778 17300 5966 2636 15056 19528 11340 19953 7509 12562 8169 1940 11422 7707 8795 8039 10973 7924 15609 11331 22009 14429 16615 6982
16801 16033 21494 11293 18379 14187 18722 20782 9160 10676 13762 14617 5815 2569 11457 12249 14694 15203 10898 2200 13947 17219 6029 3770 5728 8416 7115 15760 9588 10802 6659 4227 15598 13028 4744 18347 16717 8433 8435 11626 20424 17305 15523 16981 14676 8782 15254 14997 8869 15378 18667 4411 11842 12323 16029 20907 18787 13716 12226 12830 18254 11931 5348 15677 6985 4916 12589 12628 18697 419 10317 16103 14914 16006 14342 0 11850 18253 5587 8376 16584 20501 17443 11571 12265 8730 1844 18611 12609 8056 14359 15628 18008 13694 15090 8175 18842 17387 15087 22890 16862
8440 9989 10189 10723 6655 2761 6918 9707 8069 11430 4931 6476 9707 12929 8840 422 4709 12352 4537 14042 11599 12690 12570 10928 6291 7466 8721 7923 10708 8070 5860 10327 9009 3109 9902 11906 4867 4514 3419 11339 9800 6462 6217 15530 13525 8208 7418 5544 10081 10562 9696 8725 12762 13500 12394 11698 6937 6676 2531 14086 10160 3573 6726 7441 4979 7604 3414 6741 8605 11900 7339 8068 5730 6879 6096 11850 0 8776 12947 5438 8623 10589 13474 5253 14215 3127 10042 6760 6036 6066 2914 4356 6164 5070 3573 10266 7683 15919 8464 12656 5013
15309 4953 5181 10466 9041 6268 8524 4136 10071 11687 12707 14090 13599 18243 8599 8441 4110 8889 13262 20207 9107 7419 15994 18660 13851 16164 12063 15276 11802 8633 11650 18191 16732 5907 14406 5095 7241 13047 10964 10832 2965 11448 2808 11727 10895 10467 3311 12626 11777 6419 1129 13995 12260 12773 8161 2933 7656 14753 6743 13115 2407 12081 13047 2778 12711 13337 6034 15176 1176 18130 16108 15260 3420 13682 13778 18253 8776 0 16652 14067 15707 2272 8345 6708 13707 10714 16755 7539 14428 10241 6178 4983 7068 4599 5858 12439 3703 11953 4380 4686 7433
19916 13143 20900 7285 19513 14484 19662 20012 6581 6278 16434 17641 3318 3319 8364 13248 14006 11152 13899 5873 9949 13493 737 9144 8561 12597 4698 18995 5464 8084 7135 9423 19243 12775 3085 15250 17448 11273 9904 7380 19313 19272 14292 12210 10094 6187 13357 17545 5104 12091 16733 4472 7051 7349 12138 18848 19461 17024 12182 7752 15931 14467 6725 13877 9311 5647 12148 16165 17402 5172 14340 19292 13757 18766 17300 5587 12947 16652 0 11713 19834 18899 13471 10255 7067 10127 6142 19271 15916 7171 14642 15572 18591 12597 15325 4350 18314 12584 12663 21298 17646
8461 14278 15528 12760 10826 8195 11323 15109 9709 12977 5431 6247 9217 10316 11486 5837 9957 15594 2539 10483 14553 16617 11641 6152 3152 2124 9080 7450 11943 10595 5604 5461 7537 8175 8803 16462 9727 1068 3653 13349 15238 9189 11359 18464 16177 9608 12153 6679 11122 14426 14900 7333 14436 15153 15954 16999 11644 5417 7369 15770 15149 3756 5184 12320 2721 6248 8179 4461 13999 8594 2939 7780 10799 7634 5966 8376 5438 14067 11713 0 8287 15984 17243 8932 15610 3771 6600 11496 4296 7243 8343 9786 11034 9858 8972 10916 13091 18885 12837 18090 9796
555 18295 14287 19222 7700 9850 8420 14443 16376 19803 3735 2259 17020 18602 17425 8651 12379 20956 5936 18610 20222 21108 19674 13762 11358 8375 16484 841 18952 16622 13033 13057 1780 11366 16811 19923 8611 8569 10272 19841 15269 4741 13882 24148 22143 16431 15519 3192 18228 19051 16812 15370 21198 21940 20941 18288 9265 2874 11039 22542 17714 5572 13123 15381 10525 14210 11862 3988 15022 16831 6533 567 13589 2026 2636 16584 8623 15707 19834 8287 0 16741 21940 13875 22585 10140 14857 9248 3992 14058 9869 10772 9309 13330 9956 18241 12877 24533 16785 18051 8468
16297 6701 4057 12551 9506 7916 8881 3136 12321 13782 14058 15337 15866 20515 10764 10220 6107 10559 14956 22469 10955 8734 18235 20805 15981 18048 14328 16403 13966 10852 13880 20315 17930 7928 16678 6112 8130 14994 13045 12875 1800 12217 4994 13130 12608 12720 5542 13801 13982 8178 2333 16260 14251 14717 9709 1718 7959 16124 8782 15012 3648 13682 15267 5024 14805 15587 8146 16675 1985 20384 17839 16341 5609 14727 15056 20501 10589 2272 18899 15984 16741 0 9610 8974 15651 12783 18981 7891 15924 12505 7795 6428 7592 6817 7323 14659 3916 13302 6447 2415 8277
21673 3782 13434 6255 16697 12219 16328 12400 8452 7193 18360 19900 11650 16262 6162 13360 9786 2319 17656 18767 3548 934 12736 19460 15452 19265 10350 21309 8077 6985 12388 19266 22477 10575 12717 3521 14529 16201 13590 6092 11102 18506 8502 3554 3876 8779 6623 18756 8658 2913 7498 13199 6703 6774 1419 8441 15565 20147 10958 6760 6054 16999 13637 6933 14858 13246 10101 20104 9521 17151 20007 21409 8588 20028 19528 17443 13474 8345 13471 17243 21940 9610 0 8430 7568 13493 16623 15414 19442 10459 12240 11792 14818 8623 12381 9410 11955 3696 5206 11335 14761
13682 5362 10645 5780 10332 5045 10261 9762 3875 6714 10178 11721 7041 11562 3734 5243 3801 7118 9231 13501 6348 7735 9662 12336 7707 11016 5560 13174 6290 3118 5073 11957 14211 3061 7763 7611 8048 7870 5307 6369 9130 11206 4094 10279 8291 4202 3728 10769 5921 5546 7099 7287 7878 8588 7244 9342 9825 11832 2962 9135 6812 8651 6491 4115 6812 6662 2375 11704 7274 11434 11609 13321 3526 12095 11340 11571 5253 6708 10255 8932 13875 8974 8430 0 9398 5163 10144 9636 11062 3534 5156 5638 8937 2343 5679 6402 8073 10670 3983 11382 8280
22495 8980 18756 3627 19713 14442 19603 17733 6209 2789 18863 20334 6955 10332 5728 14331 12809 5507 17065 12918 4746 7959 6422 15311 12821 17181 6569 21803 3685 6285 10008 15381 22526 12457 7869 10401 17419 14784 12466 3073 16667 20520 12298 5344 3702 6168 10641 19691 4489 7537 13319 9042 1537 935 6566 14997 19093 20117 12297 824 12093 17035 10633 11177 12889 9741 11773 19614 14762 11882 18542 22017 11989 21024 19953 12265 14215 13707 7067 15610 22585 15651 7568 9398 0 12540 12166 18909 19135 8580 14549 14868 18217 11218 15037 4756 16559 5672 9339 17823 17654
10115 10516 13018 9376 9744 5556 10036 12420 6381 9791 6498 7882 7033 9839 7885 3520 6677 11913 4546 10919 10923 12852 9833 8104 3303 5856 6352 9332 8868 7003 3011 7568 9986 4857 7043 12723 7989 2713 298 9987 12301 9157 7925 14875 12646 6375 8493 7510 8115 10660 11443 5750 11226 11963 12223 13619 10062 7580 4002 12577 11548 4572 3638 8710 2041 4589 4685 7108 10827 8774 6531 9575 7330 8790 7509 8730 3127 10714 10127 3771 10140 12783 13493 5163 12540 0 6932 9884 6599 3960 5727 7089 9278 6278 6449 8102 10413 15290 9090 15031 8139
15053 14883 19799 10663 16543 12434 16894 19116 8191 10229 11950 12847 5302 3834 10506 10445 13073 14458 9103 4041 13214 16313 6392 3149 3884 6849 6315 14026 9098 9770 5104 3310 13943 11364 4308 17218 14908 6604 6636 11073 18815 15465 13988 16524 14170 7847 13865 13180 8306 14363 17234 3434 11522 12084 15205 19478 16975 11984 10543 12636 16917 10102 3717 14257 5146 3540 10962 10931 17134 2002 8722 14364 13374 14212 12562 1844 10042 16755 6142 6600 14857 18981 16623 10144 12166 6932 0 16800 10869 6709 12606 13904 16205 12164 13335 7699 17155 16942 13830 21349 15048
8748 11664 5040 15291 1629 4795 997 5244 13428 16314 7474 8347 15955 19611 13183 6364 6126 15290 9503 20802 15044 14485 18797 17470 13009 13147 14713 9087 15924 12714 12429 16823 10692 6649 16341 12514 1895 10826 10178 15837 6229 4524 7011 18449 17043 13702 8922 6760 15514 12895 8651 15307 17372 18044 14856 9569 191 9401 7116 18540 9900 8037 13437 8526 11700 14243 7333 10300 6543 18658 12230 8943 7113 7339 8169 18611 6760 7539 19271 11496 9248 7891 15414 9636 18909 9884 16800 0 9604 12110 4642 4041 699 7701 4000 15917 4008 18751 10423 8867 1754
4193 16019 14385 15946 8438 8166 9089 14250 12976 16390 2142 2104 13212 14611 14327 6238 10561 18157 2087 14660 17282 18685 15790 9936 7392 4591 12816 3158 15458 13472 9306 9225 3411 9124 12929 17932 8251 4650 6670 16561 14757 5991 12108 21251 19106 12974 13441 3161 14689 16531 15445 11472 17823 18561 18301 17262 9698 1121 8561 19175 16072 2463 9243 13433 6642 10331 9447 751 14011 12849 2972 3495 11678 3652 1940 12609 6036 14428 15916 4296 3992 15924 19442 11062 19135 6599 10869 9604 0 10555 8251 9516 9370 11102 8619 14619 12378 21656 14497 17664 8213
14002 8239 13940 5521 12429 7317 12535 13118 2473 5841 10366 11800 3853 8075 4379 6298 6998 8557 8490 9966 7428 9989 6687 9176 5008 9072 2667 13261 4909 3503 1929 8899 13946 5624 4374 10577 10306 6318 3890 6115 12588 12526 7581 11267 8952 2422 7199 11284 4170 7896 10614 3756 7285 8019 9082 12852 12300 11539 5011 8635 10219 8488 3243 7624 4597 3177 5024 11045 10773 7907 10172 13491 6989 12599 11422 8056 6066 10241 7171 7243 14058 12505 10459 3534 8580 3960 6709 12110 10555 0 7474 8420 11426 5768 8155 4237 11305 11691 7125 14911 10511
9542 8508 7319 10926 5179 172 5151 6799 8839 11868 6593 8043 11324 15137 8847 2507 2514 11592 7161 16519 11104 11368 14158 13758 9019 10342 10070 9333 11389 8274 7929 13178 10697 2096 11746 10055 2914 7427 6023 11504 6902 6313 4018 14825 13114 9095 5684 6689 10931 9427 7200 10780 13024 13725 11386 9035 4834 8612 2474 14259 7921 5917 9056 5516 7723 9767 2785 8998 5831 14360 10045 9372 3729 7885 7707 14359 2914 6178 14642 8343 9869 7795 12240 5156 14549 5727 12606 4642 8251 7474 0 1443 3954 3687 731 11302 4775 15174 7035 9779 3139
10398 8012 5929 11250 5004 1596 4776 5368 9482 12282 7732 9108 12262 16279 9143 3950 2122 11414 8547 17767 11078 10886 15048 15159 10391 11779 10922 10311 11924 8686 9095 14589 11751 2798 12768 9288 2751 8869 7382 11796 5465 6778 3304 14620 13088 9779 5172 7656 11552 9103 6062 11896 13332 14004 11079 7752 4226 9785 3468 14504 6951 7254 10293 4880 9107 10937 3435 10267 4496 15609 11438 10309 3231 8753 8795 15628 4356 4983 15572 9786 10772 6428 11792 5638 14868 7089 13904 4041 9516 8420 1443 0 3350 3668 897 11996 3345 14944 6635 8351 2987
8828 11057 5074 14598 1973 4109 1509 5136 12730 15618 7265 8246 15274 18969 12491 5760 5447 14646 9130 20196 14380 13892 18112 16952 12438 12744 14023 9086 15226 12017 11778 16314 10676 5952 15671 11981 1320 10326 9574 15146 6002 4654 6377 17816 16382 13004 8291 6653 14815 12265 8190 14652 16681 17355 14231 9239 889 9246 6427 17854 9397 7669 12807 7909 11127 13598 6634 10083 6124 18047 11908 8968 6455 7349 8039 18008 6164 7068 18591 11034 9309 7592 14818 8937 18217 9278 16205 699 9370 11426 3954 3350 0 7015 3304 15219 3677 18123 9790 8743 1240
13053 4978 8305 7613 8627 3641 8439 7420 6159 8683 9810 11337 9379 13841 5506 4874 1595 7907 9547 15690 7462 7779 12000 14086 9299 11982 7903 12720 8423 5127 7062 13636 13952 1994 10076 6836 6332 8801 6503 8146 6822 10000 1829 11139 9475 6508 2357 10141 8147 5766 5199 9513 9682 10346 7711 7416 7883 11690 2585 10839 5292 8641 8452 2462 8211 8784 1708 11811 5014 13587 12226 12805 1224 11407 10973 13694 5070 4599 12597 9858 13330 6817 8623 2343 11218 6278 12164 7701 11102 5768 3687 3668 7015 0 3982 8679 5749 11488 3458 9197 6572
9597 8615 6623 11410 4683 903 4582 6140 9433 12388 6849 8243 12007 15860 9315 3157 2597 11863 7664 17249 11444 11490 14832 14461 9736 10939 10730 9471 11952 8786 8653 13875 10892 2654 12448 10019 2383 8080 6746 11977 6322 6126 3979 15088 13457 9703 5769 6815 11522 9624 6924 11498 13505 14197 11596 8646 4191 8899 3143 14717 7758 6360 9786 5535 8437 10492 3341 9370 5393 15091 10557 9481 3797 7946 7924 15090 3573 5858 15325 8972 9956 7323 12381 5679 15037 6449 13335 4000 8619 8155 731 897 3304 3982 0 11917 4119 15427 7185 9219 2620
18206 8794 16931 3162 16420 11162 16450 15995 2527 2532 14576 15983 2404 6856 4016 10470 10199 7115 12534 9362 5865 9316 3639 10792 8068 12432 1836 17433 1415 3808 5348 10786 18029 9269 3452 10925 14208 10141 7982 3452 15196 16724 10248 8843 6511 2218 9129 15516 771 7776 12449 4382 3854 4474 8022 14530 16108 15646 8850 5065 11598 12670 5879 9662 8200 4991 8590 15049 13261 7847 13834 17676 9760 16828 15609 8175 10266 12439 4350 10916 18241 14659 9410 6402 4756 8102 7699 15917 14619 4237 11302 11996 15219 8679 11917 0 14423 9257 8341 17042 14427
12420 8360 2655 13070 5604 4934 5004 2024 11907 14225 10401 11588 15056 19327 11016 7270 4317 12225 11677 20950 12229 11022 17733 18499 13716 15043 13616 12579 14091 10784 12228 17932 14134 5821 15677 8793 4292 12196 10703 13535 2411 8307 4283 15228 14144 12257 5960 10021 13872 9745 4760 14941 15046 15643 11619 5569 4093 12458 6617 16063 6110 10301 13494 5452 12441 14056 6322 13122 2601 18800 14566 12497 4688 10876 11331 18842 7683 3703 18314 13091 12877 3916 11955 8073 16559 10413 17155 4008 12378 11305 4775 3345 3677 5749 4119 14423 0 15485 7394 5294 4415
24322 7137 17088 6364 19932 15125 19623 16049 9303 6727 20847 22391 11661 15735 7410 15883 12852 3595 19726 18325 4377 4574 11891 19995 16612 20762 10710 23842 7848 8298 13529 19931 24869 13301 12704 7216 17694 17904 15323 5888 14767 21487 11745 426 2796 9508 9831 21399 8638 5858 11159 13557 5581 5237 3896 12127 18912 22476 13512 4893 9721 19290 14560 10230 16286 13919 12729 22261 13128 17038 21778 23982 11716 22712 22009 17387 15919 11953 12584 18885 24533 13302 3696 10670 5672 15290 16942 18751 21656 11691 15174 14944 18123 11488 15427 9257 15485 0 8334 15014 17931
16501 1525 9435 6107 11604 7016 11289 8404 6196 7337 13264 14794 9853 14647 4358 8301 4588 4886 12845 16846 4841 4337 11969 16222 11673 14942 8310 16178 7544 4591 8900 15878 17404 5446 10782 3635 9385 11769 9256 6455 7331 13306 3413 8027 6754 6605 1501 13594 7627 2477 4154 10683 7882 8407 4450 6189 10587 15123 5936 8770 3276 12035 10305 1952 10795 10291 5051 15191 5423 14893 15404 16262 3407 14851 14429 15087 8464 4380 12663 12837 16785 6447 5206 3983 9339 9090 13830 10423 14497 7125 7035 6635 9790 3458 7185 8341 7394 8334 0 8768 9621
17570 8843 4047 14842 10486 9917 9796 3624 14724 16076 15695 16863 18279 22928 13114 12267 8370 12569 16878 24870 13088 10525 20630 23097 18268 20116 16739 17805 16310 13237 16255 22590 19379 10178 19092 7826 9554 17131 15301 15134 2913 13374 7368 14889 14622 15124 7943 15287 16355 10292 4614 18667 16466 16893 11644 2902 8886 17750 11035 17151 5730 15539 17633 7432 17065 17978 10452 18411 4228 22779 19772 17701 7979 16079 16615 22890 12656 4686 21298 18090 18051 2415 11335 11382 17823 15031 21349 8867 17664 14911 9779 8351 8743 9197 9219 17042 5294 15014 8768 0 9655
8020 10980 6174 14027 2063 3270 2027 6111 11975 14994 6138 7216 14338 17895 11934 4622 5090 14396 7901 19055 14027 13849 17193 15731 11255 11507 13144 8165 14528 11394 10732 15089 9727 5227 14683 12129 239 9096 8432 14596 6819 4016 6259 17605 16040 12225 8150 5634 14068 12090 8561 13613 16123 16816 14066 9852 1927 8156 5578 17337 9649 6442 11709 7833 9946 12534 5918 8938 6622 16913 10695 8082 6218 6462 6982 16862 5013 7433 17646 9796 8468 8277 14761 8280 17654 8139 15048 1754 8213 10511 3139 2987 1240 6572 2620 14427 4415 17931 9621 9655 0
1 7 7 5
2 12 10 4
3 14 10 7
4 8 10 0
5 6 7 4
6 9 9 5
7 10 5 6
8 12 6 1
9 6 10 5
10 10 4 3
11 8 9 5
12 7 11 4
13 2 7 2
14 6 11 3
15 3 8 8
16 11 9 3
17 9 11 3
18 7 7 2
19 9 13 2
20 5 8 4
21 8 10 4
22 14 5 2
23 5 10 4
24 11 9 2
25 14 10 4
26 7 10 3
27 10 9 4
28 7 5 8
29 6 6 4
30 8 14 5
31 6 6 4
32 11 8 3
33 3 10 1
34 6 8 2
35 14 9 2
36 4 5 2
37 7 10 3
38 8 9 5
39 14 6 3
40 3 7 1
41 5 8 4
42 8 7 4
43 9 10 5
44 5 7 5
45 9 3 6
46 4 4 8
47 11 8 6
48 10 6 5
49 10 7 3
50 6 12 3
51 11 8 0
52 5 6 8
53 9 7 3
54 12 3 2
55 5 7 4
56 6 9 3
57 9 9 5
58 3 6 4
59 7 7 3
60 9 9 3
61 8 3 10
62 5 9 2
63 2 9 5
64 9 7 5
65 14 8 8
66 3 11 5
67 4 13 10
68 11 8 2
69 9 6 4
70 16 10 5
71 11 11 1
72 7 12 3
73 5 3 3
74 11 8 2
75 4 7 2
76 11 8 3
77 9 4 6
78 9 5 4
79 11 10 2
80 11 9 3
81 9 9 5
82 10 6 5
83 10 5 2
84 9 12 3
85 13 9 6
86 7 2 3
87 8 7 8
88 10 9 7
89 12 11 7
90 8 6 1
91 10 8 3
92 10 6 5
93 14 3 0
94 7 8 0
95 6 8 4
96 4 6 5
97 10 6 6
98 5 7 4
99 10 10 5
100 9 8 5
