75 15 3
30 60 700 9.00
0 16 12 2
0 3 12 2
0 11 1 3
0 5 4 1
0 7 11 1
0 6 13 2
0 21 12 2
0 5 3 1
0 11 15 2
0 2 9 1
0 11 15 1
0 10 8 3
0 17 7 1
0 13 2 1
0 8 1 2
0 4 7 3
0 1 1 3
0 13 7 2
0 11 6 1
0 12 3 3
0 2 12 1
0 4 8 1
0 7 12 2
0 8 14 2
0 5 13 1
0 5 15 3
0 1 15 3
0 8 15 3
0 7 4 2
0 14 13 1
0 9 2 2
0 13 9 3
0 4 3 1
0 7 6 1
0 3 10 1
0 3 13 3
0 24 2 1
0 10 7 3
0 4 2 1
0 1 15 3
0 14 2 3
0 4 15 3
0 5 9 2
0 3 12 3
0 14 1 3
1 2 10 3
1 1 7 3
1 3 5 1
1 17 1 2
1 18 8 3
1 3 1 1
1 3 13 3
1 4 13 3
1 2 13 3
1 7 11 1
1 4 15 2
1 13 3 3
1 12 10 3
1 9 2 1
1 7 12 2
1 12 15 1
1 3 3 1
1 14 8 3
1 4 4 1
1 16 5 1
1 3 8 3
1 3 7 3
1 2 1 2
1 10 1 2
1 4 10 3
1 8 11 2
1 20 13 2
1 9 10 1
1 6 8 2
1 12 12 3
0 9136 3398 4955 10698 6012 10527 10172 9664 6419 3247 9266 7874 7662 5947 9231
9136 0 11897 12992 18368 11765 18232 19103 17913 15429 6458 13309 11423 16775 8879 14929
3398 11897 0 1624 7308 8312 10808 8864 6296 5342 5456 7321 6519 5926 9107 6506
4955 12992 1624 0 5759 9867 11787 9207 4944 6047 6548 6291 5871 6211 10729 5081
10698 18368 7308 5759 0 14956 14823 10637 1921 9250 12071 7418 8460 8311 16314 4831
6012 11765 8312 9867 14956 0 6678 9211 13399 6716 8411 15192 13878 8338 3242 14792
10527 18232 10808 11787 14823 6678 0 4908 12923 5843 13679 18052 17320 6513 9912 16712
10172 19103 8864 9207 10637 9211 4908 0 8722 3762 13370 15338 15078 2996 12209 13496
9664 17913 6296 4944 1921 13399 12923 8722 0 7427 11485 8307 8986 6412 15003 5839
6419 15429 5342 6047 9250 6716 5843 3762 7427 0 9608 12337 11795 1638 9250 10878
3247 6458 5456 6548 12071 8411 13679 13370 11485 9608 0 8395 6621 10741 7095 9270
9266 13309 7321 6291 7418 15192 18052 15338 8307 12337 8395 0 1894 12376 15016 2590
7874 11423 6519 5871 8460 13878 17320 15078 8986 11795 6621 1894 0 12082 13430 3894
7662 16775 5926 6211 8311 8338 6513 2996 6412 1638 10741 12376 12082 0 10882 10629
5947 8879 9107 10729 16314 3242 9912 12209 15003 9250 7095 15016 13430 10882 0 15173
9231 14929 6506 5081 4831 14792 16712 13496 5839 10878 9270 2590 3894 10629 15173 0
1 9 3 3
2 14 9 3
3 8 8 4
4 9 8 5
5 4 7 4
6 4 10 7
7 11 9 7
8 9 6 5
9 10 4 3
10 9 8 2
11 8 7 5
12 8 8 7
13 9 13 3
14 14 8 4
15 9 12 5
