500 100 3
30 60 700 9.00
0 2 52 1
0 2 47 1
0 15 19 2
0 7 67 2
0 13 60 1
0 15 4 2
0 1 79 1
0 7 80 3
0 6 57 1
0 1 18 2
0 25 5 1
0 4 59 3
0 5 66 3
0 16 43 1
0 2 10 1
0 4 7 3
0 4 9 2
0 3 18 3
0 3 62 1
0 9 48 3
0 1 98 2
0 3 9 2
0 5 17 2
0 6 13 3
0 9 85 1
0 2 78 2
0 11 77 2
0 8 71 3
0 9 84 1
0 16 73 3
0 20 49 2
0 16 10 3
0 1 43 1
0 2 38 3
0 10 16 2
0 17 26 1
0 3 22 2
0 19 29 1
0 2 52 3
0 1 20 1
0 1 6 2
0 21 11 3
0 3 64 3
0 5 26 3
0 2 19 3
0 3 89 3
0 13 93 3
0 21 77 1
0 16 19 1
0 6 2 3
0 2 31 1
0 14 83 1
0 4 48 2
0 16 12 3
0 17 67 1
0 19 35 3
0 1 66 2
0 12 80 1
0 3 54 2
0 3 15 2
0 3 90 2
0 25 32 2
0 2 87 2
0 5 81 2
0 18 43 3
0 2 20 3
0 12 17 2
0 2 54 3
0 9 96 1
0 3 55 3
0 8 42 3
0 3 15 2
0 10 50 3
0 5 40 2
0 15 86 1
0 8 94 3
0 6 90 2
0 3 41 2
0 11 90 3
0 22 59 1
0 6 61 1
0 3 52 3
0 14 45 3
0 22 70 1
0 3 93 1
0 20 59 1
0 2 26 1
0 12 62 2
0 4 28 3
0 6 60 1
0 4 95 3
0 4 2 1
0 10 90 1
0 5 47 1
0 4 95 3
0 5 58 1
0 13 98 2
0 6 44 3
0 1 36 1
0 5 95 2
0 1 55 3
0 12 54 2
0 5 75 1
0 6 42 2
0 4 77 3
0 5 8 2
0 2 24 3
0 19 54 1
0 1 86 1
0 12 44 2
0 12 85 3
0 1 63 2
0 5 2 3
0 20 72 2
0 3 14 2
0 5 94 1
0 16 76 1
0 16 89 1
0 3 76 3
0 2 77 2
0 19 36 2
0 11 17 2
0 6 87 1
0 25 15 3
0 10 84 2
0 6 98 1
0 5 51 1
0 5 83 1
0 5 11 2
0 4 43 1
0 1 42 2
0 4 87 3
0 10 2 3
0 22 4 2
0 5 69 3
0 1 53 3
0 6 30 2
0 1 33 3
0 22 98 2
0 14 56 2
0 17 4 2
0 8 79 1
0 11 81 1
0 13 48 2
0 5 38 3
0 4 90 2
0 8 15 3
0 7 90 1
0 23 36 1
0 20 38 1
0 8 93 3
0 3 75 1
0 5 30 2
0 15 21 3
0 16 73 1
0 10 94 3
0 1 90 3
0 13 8 1
0 1 10 1
0 8 68 1
0 5 48 2
0 25 90 3
0 9 55 1
0 17 71 2
0 12 20 3
0 1 29 3
0 16 40 3
0 24 16 1
0 5 85 1
0 5 11 1
0 23 39 1
0 6 84 2
0 14 31 3
0 3 23 3
0 2 49 2
0 8 55 3
0 5 52 1
0 4 5 1
0 4 30 3
0 11 15 2
0 16 86 3
0 3 7 1
0 7 25 3
0 7 61 3
0 11 57 1
0 15 44 1
0 6 37 1
0 5 96 2
0 4 84 2
0 2 48 1
0 4 83 3
0 9 15 2
0 20 75 1
0 4 18 1
0 4 43 3
0 5 43 2
0 10 50 2
0 3 82 1
0 9 17 1
0 12 1 3
0 19 28 1
0 11 11 3
0 15 69 2
0 9 61 2
0 3 11 2
0 2 62 2
0 2 43 1
0 3 84 3
0 1 77 3
0 23 15 3
0 17 84 3
0 8 82 2
0 17 50 3
0 5 56 3
0 6 4 2
0 5 1 2
0 6 25 3
0 2 99 1
0 6 1 1
0 6 49 2
0 15 90 2
0 7 74 1
0 15 18 1
0 4 23 2
0 1 17 2
0 6 20 2
0 1 77 1
0 11 8 1
0 1 26 3
0 11 20 1
0 5 26 1
0 17 78 2
0 2 37 1
0 20 79 1
0 4 65 2
0 1 3 3
0 15 50 3
0 7 39 2
0 4 84 2
0 8 7 1
0 17 62 1
0 7 42 1
0 4 72 1
0 1 78 1
0 8 38 1
0 5 51 2
0 19 58 2
0 12 80 3
0 13 23 2
0 1 2 1
0 6 30 3
0 7 44 1
0 16 15 1
0 8 27 2
0 14 95 1
0 4 56 1
0 11 1 2
0 9 72 1
0 12 83 2
0 12 31 2
0 6 50 3
0 11 76 3
0 3 28 2
0 7 90 3
0 2 92 1
0 21 94 3
0 2 68 2
0 6 55 3
0 4 33 3
0 3 62 2
0 2 74 1
0 7 25 3
0 18 64 1
0 7 45 2
0 8 54 1
0 14 56 2
0 13 36 3
0 4 6 3
0 10 9 1
0 8 19 3
0 6 70 2
0 11 1 1
0 7 2 1
0 1 69 3
0 13 37 2
0 8 52 2
0 4 16 1
0 4 31 3
0 7 42 3
0 1 83 2
0 7 56 3
0 10 56 1
0 3 33 2
0 13 46 2
0 5 1 1
0 4 68 2
0 7 94 2
0 2 99 2
0 2 52 3
0 2 33 2
0 6 51 2
0 4 21 1
0 7 3 3
0 5 55 3
0 19 89 2
0 4 30 1
0 4 39 2
0 23 99 3
0 4 57 1
0 6 52 1
0 5 42 2
0 6 31 2
0 1 74 1
0 25 4 3
0 7 49 1
0 9 69 2
0 7 58 1
0 3 19 3
0 8 30 2
0 2 20 2
0 13 22 1
0 17 1 3
0 9 6 2
0 1 77 2
0 1 84 3
0 4 32 1
0 16 72 3
0 7 87 1
0 2 96 1
0 6 97 2
0 23 68 2
0 18 48 3
0 1 59 1
0 8 22 3
0 18 58 2
0 11 43 3
0 11 90 2
0 6 69 3
0 9 36 2
0 19 9 2
0 1 86 2
0 8 76 2
0 9 37 1
0 12 72 3
0 4 61 3
0 14 31 2
0 19 38 3
0 1 5 1
0 17 50 2
0 15 30 1
0 1 42 2
0 1 9 2
0 7 19 1
0 2 40 2
0 4 44 3
0 3 13 3
0 15 57 3
0 10 69 1
0 8 57 3
0 5 78 2
0 1 32 1
0 7 12 1
0 6 19 3
0 2 99 2
0 2 1 1
0 4 42 3
0 14 87 2
0 5 74 1
0 1 46 2
0 25 23 3
0 21 70 1
0 4 12 2
0 7 84 3
0 10 86 1
0 4 33 3
0 1 55 2
0 4 91 3
0 23 28 3
0 1 80 1
0 3 18 1
0 3 11 2
0 1 77 2
0 19 14 1
0 1 13 3
0 1 78 2
0 12 44 2
0 1 10 3
0 3 20 2
0 14 43 2
0 1 46 3
0 2 39 2
0 13 67 2
0 14 72 1
0 2 57 3
0 12 90 2
0 19 86 3
0 7 60 1
0 5 100 1
0 11 74 3
0 5 58 3
1 22 48 2
1 2 26 1
1 21 20 1
1 8 47 2
1 5 16 1
1 13 33 2
1 8 58 2
1 3 75 3
1 4 12 3
1 16 37 1
1 15 92 1
1 8 9 2
1 10 66 2
1 11 71 1
1 2 5 3
1 3 25 1
1 5 4 1
1 8 73 2
1 3 8 1
1 4 94 3
1 12 33 2
1 14 20 2
1 25 19 2
1 5 25 1
1 1 93 2
1 4 64 2
1 4 52 1
1 3 17 2
1 9 3 1
1 7 90 2
1 24 7 1
1 6 24 1
1 10 80 3
1 2 33 2
1 19 87 3
1 8 51 3
1 20 18 1
1 4 27 3
1 12 32 1
1 15 63 3
1 5 52 1
1 6 48 2
1 6 71 3
1 9 95 2
1 4 36 2
1 9 66 2
1 11 18 3
1 1 33 1
1 3 86 2
1 16 3 2
1 1 72 2
1 16 96 2
1 8 59 1
1 1 17 1
1 2 54 3
1 22 18 2
1 19 20 3
1 7 51 2
1 2 85 1
1 11 62 3
1 5 98 3
1 4 76 1
1 7 93 1
1 2 39 3
1 2 16 2
1 10 39 2
1 22 34 1
1 10 66 2
1 10 6 2
1 6 73 3
1 11 29 1
1 10 52 1
1 18 9 1
1 22 90 1
1 7 11 3
1 11 5 1
1 17 34 3
1 12 49 2
1 2 45 3
1 6 4 1
1 1 9 2
1 24 65 3
1 23 96 3
1 8 37 2
1 24 20 2
1 5 59 2
1 20 100 2
1 2 52 3
1 6 59 1
1 4 81 2
1 1 23 3
1 8 50 3
1 1 77 3
1 10 90 1
1 16 91 3
1 8 42 3
1 25 2 2
1 6 53 2
1 1 1 1
1 3 13 1
0 14141 5433 19041 10605 12764 1430 16322 5282 15193 10397 11263 7562 2671 13100 13053 12721 12511 16567 12707 14416 9318 5195 11256 13631 10752 15672 17029 17027 3461 14635 12418 6493 5187 12820 12803 10269 14236 21227 13590 16993 17086 5063 17862 3643 12250 19131 16140 10381 17512 3087 7352 15553 11520 13354 10529 14835 16891 10923 2674 15033 291 3338 731 5181 18634 10517 16695 4288 5685 7561 12162 5792 5290 5182 15572 3546 5221 18637 13442 10870 12050 10885 11236 14451 14012 9104 9899 7923 9442 16583 18309 11814 4394 18104 14652 16712 10477 7431 5793 5973
14141 0 15252 17130 13244 13500 14814 7254 14809 8003 6626 6386 6946 11488 16361 4458 3175 3190 11809 8247 16070 5573 10663 3848 627 3402 4900 16439 8012 11311 542 9733 7824 11395 12174 5188 8530 2307 8073 9054 7907 4794 9176 18548 16448 9981 6397 14755 6848 18045 13413 10405 10498 18394 18681 6589 16361 8562 9257 16521 6253 14290 10900 13663 16377 11639 8530 3842 14596 11474 10966 13446 14090 10083 11138 12337 16645 18459 15728 6801 15830 9965 3361 5817 7618 1286 9582 11566 16707 11094 6512 13408 12103 15675 8477 953 12943 7851 8640 10726 13065
5433 15252 0 14663 6370 8590 4173 14850 443 13312 13758 10235 8411 6348 8083 12573 12845 12684 13445 10657 9634 11949 9661 13535 14906 12261 15028 12514 15372 7838 15636 9738 9228 9972 9150 12048 8368 14500 20821 11206 15372 16741 6898 12958 3074 9465 18692 11976 9357 12670 2780 5268 12767 6087 7965 13885 10032 15005 8544 4672 13813 5181 5812 4925 1430 15924 8565 16678 1186 3802 12282 7953 1367 5261 4128 12126 3476 4427 14585 11973 5744 9273 12583 14347 12670 14667 13424 6457 2514 6296 15436 14929 8114 1405 16471 15445 13220 8888 6695 4531 2408
19041 17130 14663 0 8464 6277 18270 10575 14518 9246 21061 11553 15026 18123 7033 12722 14121 14193 5435 9197 5231 18749 20554 18814 17345 16800 12840 2200 10173 19406 17053 8131 17878 21272 6477 12049 10427 14896 16247 8204 10272 14241 16331 3338 17734 8055 14927 2975 11733 3119 16012 12066 6655 10914 9055 21126 4915 9413 9429 19248 11071 18898 16986 18327 15916 7005 10237 15058 15364 13450 22787 6883 13635 14561 14085 4840 18137 18868 1599 10360 9245 8190 17276 20911 9525 15856 22765 9251 13255 9801 11624 4406 7360 16062 10568 16489 4211 10791 13070 13579 13140
10605 13244 6370 8464 0 2234 9806 10028 6160 8263 14704 6914 8217 9959 3352 9241 10162 10096 7323 5914 4002 12414 12770 13227 13151 11351 11059 6424 10313 11365 13438 4457 10658 13399 2925 8516 4716 11641 16542 5951 10346 12878 8637 7444 9394 4125 14538 5649 6400 7041 7554 4202 6926 5459 5437 14802 4422 9762 4109 10830 9395 10451 8876 9900 7728 9958 4734 13178 6943 5162 15242 1601 5222 6609 5866 5878 9793 10751 8240 7612 2722 3999 11810 14885 7822 12231 15655 1711 5636 2282 10878 8643 1992 7734 11336 13037 6923 5400 5836 5471 4675
12764 13500 8590 6277 2234 0 12014 9081 8391 7288 15894 7144 9484 11931 3112 9185 10329 10311 5484 5450 2604 13562 14555 14096 13510 12124 10542 4330 9200 13273 13607 3867 12161 15231 1465 8430 5238 11627 15653 5077 9252 12321 10346 5709 11625 3573 13769 3417 6896 5250 9741 5937 5404 6604 5810 15980 2946 8553 4329 13063 8738 12622 10812 12050 9930 8190 5147 12786 9177 7196 16930 637 7457 8437 7855 3932 12025 12946 6006 7158 4024 3556 12601 15949 7027 12364 17159 3088 7645 3692 10044 6581 1475 9963 10128 13139 4874 5833 7247 7384 6884
1430 14814 4173 18270 9806 12014 0 16365 4088 15114 11551 11339 8010 3631 12073 13309 13126 12925 16163 12545 13483 10287 6519 12172 14337 11471 15923 16203 17029 4718 15287 12082 7413 6573 12217 12983 10089 14700 21587 13353 17003 17428 5638 16897 2237 11883 19468 15423 10434 16570 2317 6995 15233 10236 12137 11684 13897 16830 10635 1710 15127 1140 3924 1334 3777 18363 10331 17117 3100 5226 8953 11394 4746 5312 4883 15066 2191 3967 17970 13447 9787 11681 11653 12344 14389 14571 10440 9301 6612 8909 16714 17844 11187 3021 18122 15253 16202 10385 7438 5518 5131
16322 7254 14850 10575 10028 9081 16365 0 14461 1796 12934 5059 9166 14138 12186 3853 5060 5245 5161 4255 11197 11009 14969 10157 7660 8443 2413 10475 837 14736 7010 5572 11724 15787 7627 3725 6495 4967 6575 4089 757 3670 11584 12723 17178 5904 4724 8826 5945 12241 14257 9683 4160 15435 14889 12948 11347 1316 6370 17959 1381 16344 13112 15644 16252 4395 6288 4498 14740 11420 16310 9358 13485 11076 11552 6252 17504 19045 9033 2929 12696 6038 8814 12404 2234 6003 15492 8858 15223 8759 1062 6419 8166 15839 1797 6419 6432 6048 8932 10930 12452
5282 14809 443 14518 6160 8391 4088 14461 0 12938 13360 9816 7971 6033 8042 12146 12408 12246 13155 10282 9544 11531 9346 13105 14464 11822 14609 12385 14992 7536 15193 9396 8826 9682 8892 11627 7972 14063 20403 10852 14990 16317 6487 12903 3234 9128 18273 11792 8934 12602 2483 4852 12448 6265 8074 13486 9948 14636 8175 4749 13411 5042 5448 4733 1792 15608 8173 16247 996 3362 11974 7754 1011 4824 3686 11860 3635 4728 14395 11576 5725 8935 12145 13939 12288 14226 13079 6150 2773 5959 15035 14666 7851 1577 16092 15003 12962 8482 6256 4089 2008
15193 8003 13312 9246 8263 7288 15114 1796 12938 0 12999 4112 8414 13173 10395 3859 5266 5400 3834 2656 9442 10897 14364 10360 8300 8473 3636 8910 2085 13924 7868 3821 11165 15177 5832 3398 5060 5715 8370 2311 2103 5235 10684 11140 15770 4149 6494 7231 4895 10649 12932 8258 2613 13651 13095 13031 9608 1721 4770 16657 1825 15190 12093 14494 14729 4041 4831 5913 13285 10033 15951 7563 11945 9904 10244 4660 16110 17586 7776 1904 10915 4295 8900 12595 754 6718 15336 7162 13546 7115 2773 5414 6379 14365 3168 7291 5036 4732 7763 9611 10938
10397 6626 13758 21061 14704 15894 11551 12934 13360 12999 0 9554 6487 7939 18053 9189 7878 7701 16343 11948 18429 2336 5482 2858 6007 4530 10930 19782 13767 6954 7141 12937 4539 5948 14957 9604 10771 8329 14664 13013 13677 11314 6901 21554 13669 13041 13020 18250 9332 21073 11162 10665 14974 18701 19714 132 18809 14121 11764 13067 11641 10640 8041 10220 14411 17018 10923 10428 12731 10698 4669 15579 13046 8863 10040 16304 13714 15518 19932 11239 16688 12927 4127 1011 12369 7442 3008 13071 15933 12454 12486 18171 14429 13567 14493 7548 17211 10310 8877 9997 12297
11263 6386 10235 11553 6914 7144 11339 5059 9816 4112 9554 0 4310 9113 9975 2433 3253 3203 6850 2395 9735 7284 10277 7273 6369 5256 4793 10463 5780 9815 6542 3540 7115 11087 5882 1821 2231 4745 10587 3470 5740 6518 6591 12436 12291 3729 8457 8845 912 11937 9297 4968 5502 12224 12339 9611 10047 5723 2871 12961 3788 11287 8065 10588 11578 8019 2181 6557 9948 6576 11987 7063 8904 6033 6602 6757 12595 14219 10381 2235 9570 3674 5735 9360 3361 5322 11559 5285 11091 4894 5381 8712 5724 11067 6846 6125 7660 1548 3904 6001 7837
7562 6946 8411 15026 8217 9484 8010 9166 7971 8414 6487 4310 0 5098 11567 5587 5159 4950 10916 6451 11978 4208 5976 5319 6545 3852 8180 13540 9948 5570 7379 6983 2904 6783 8678 5469 4605 6697 13665 7526 9894 9529 2524 15184 9517 7002 11574 12108 3642 14715 6469 4256 9631 12472 13307 6585 12366 9980 5597 9718 7804 7656 4225 6981 9464 12315 4807 9139 7676 4752 7852 9132 7357 3164 4288 10494 9729 11529 14079 6519 10282 6851 4193 6704 7667 6577 7749 6591 10145 5971 9245 12792 8043 8740 10960 7287 11531 4336 2404 3988 6409
2671 11488 6348 18123 9959 11931 3631 14138 6033 13173 7939 9113 5098 0 12896 10677 10217 10002 15007 10845 13944 6682 3314 8601 10970 8093 13277 16260 14885 1527 11988 10831 3832 3691 11691 10507 8506 11682 18719 11818 14841 14605 2580 17400 5733 10721 16646 15157 8281 17000 3569 6063 13874 12140 13691 8072 14366 14828 9306 5233 12805 2853 1154 2319 6675 16839 8754 14159 5190 4801 5943 11386 6107 3604 4094 14202 5775 7589 17515 11341 10889 10529 8216 8716 12420 11404 7120 8877 8800 8323 14300 16826 10764 5816 15934 12023 15328 8574 5530 4549 5807
13100 16361 8083 7033 3352 3112 12073 12186 8042 10395 18053 9975 11567 12896 0 12157 13218 13177 8231 8505 1818 15766 15886 16556 16317 14656 13636 4840 12278 14367 16510 6923 13953 16466 4576 11407 7877 14598 18753 8186 12335 15423 11850 4879 11119 6612 16880 5030 9580 4617 10021 7479 8390 4016 2740 18152 2120 11612 7104 12756 11843 12902 11882 12446 9177 10924 7847 15866 8994 8141 18420 2961 7333 9771 8880 6645 11517 12015 7458 10228 2353 6564 15121 18236 10138 15278 18931 5030 6319 5626 13155 8923 4305 9476 13176 16069 7347 8536 9180 8588 7194
13053 4458 12573 12722 9241 9185 13309 3853 12146 3859 9189 2433 5587 10677 12157 0 1424 1543 7502 3813 11711 7179 11191 6505 4625 4661 2620 11980 4687 11104 4476 5346 7944 12007 7805 755 4640 2443 8328 4597 4609 4187 8096 14094 14457 5618 6194 10297 3238 13591 11409 7327 6152 14614 14623 9214 11982 4953 5134 14979 2493 13116 9742 12423 13883 7836 4558 4134 12205 8840 12459 9202 11263 8027 8767 7903 14738 16422 11365 2362 11932 5629 5068 8746 3316 3232 11658 7663 13516 7305 3708 9216 7854 13327 5572 3973 8571 3968 6016 8203 10194
12721 3175 12845 14121 10162 10329 13126 5060 12408 5266 7878 3253 5159 10217 13218 1424 0 222 8925 5094 12896 5982 10340 5135 3259 3389 3283 13320 5894 10460 3292 6560 7129 11146 8999 2075 5454 1655 8508 5956 5807 4390 7670 15403 14466 6806 6429 11646 3831 14900 11392 7720 7572 15421 15591 7895 13186 6248 6118 14825 3769 12814 9383 12136 14087 9202 5428 3991 12352 9050 11389 10289 11588 7972 8860 9292 14716 16462 12779 3766 12798 6791 3754 7383 4740 2069 10459 8513 14024 8084 4700 10639 8943 13467 6674 2876 9985 4767 6156 8352 10529
12511 3190 12684 14193 10096 10311 12925 5245 12246 5400 7701 3203 4950 10002 13177 1543 222 0 9027 5125 12886 5782 10119 4976 3232 3198 3501 13360 6081 10240 3342 6567 6907 10926 8996 2147 5383 1822 8721 6012 5995 4607 7458 15430 14278 6805 6645 11691 3738 14927 11204 7580 7669 15331 15530 7719 13181 6421 6073 14625 3941 12606 9173 11928 13918 9357 5366 4194 12178 8886 11178 10257 11434 7784 8685 9359 14526 16276 12865 3852 12720 6783 3574 7222 4855 2143 10262 8438 13890 7997 4906 10755 8914 13292 6874 2956 10071 4697 5991 8183 10376
16567 11809 13445 5435 7323 5484 16163 5161 13155 3834 16343 6850 10916 15007 8231 7502 8925 9027 0 4494 6807 14114 16829 13867 12072 11895 7405 5418 4839 16038 11694 4179 13814 17614 4397 6897 6531 9537 11209 3406 4931 8831 12774 7666 16297 4320 9675 3870 7306 7203 13854 9218 1372 12045 10947 16391 6834 4074 5703 17499 5653 16499 13860 15838 14861 2712 6289 9627 13754 10944 18750 6013 12150 11445 11387 1587 16678 17872 3942 5189 9507 4519 12352 16055 4203 10525 18405 7013 12958 7296 6219 1877 5382 14712 5424 11119 1279 6613 9505 10775 11314
12707 8247 10657 9197 5914 5450 12545 4255 10282 2656 11948 2395 6451 10845 8505 3813 5094 5125 4494 0 7924 9678 12405 9618 8352 7607 5172 8240 4718 11741 8287 1585 9337 13201 4027 3065 2456 6230 10652 1089 4722 6984 8464 10309 13128 1894 8627 6580 2819 9806 10328 5625 3181 11372 11088 12004 8182 4364 2124 14055 3482 12685 9727 11995 12073 5995 2215 7366 10634 7409 14263 5550 9291 7429 7662 4377 13473 14933 7992 1728 8630 1961 8081 11737 2029 7042 13920 4620 10969 4504 5006 6368 4233 11711 5814 7784 5265 2271 5331 7028 8282
14416 16070 9634 5231 4002 2604 13483 11197 9544 9442 18429 9735 11978 13944 1818 11711 12896 12886 6807 7924 0 16104 16769 16689 16096 14723 12882 3032 11183 15363 16161 6365 14564 17401 3906 10956 7837 14146 17698 7394 11250 14617 12616 3463 12701 6097 15921 3306 9500 3096 11331 8170 7187 5806 4253 18519 423 10474 6933 14291 11041 14238 12872 13734 10809 9438 7751 15159 10456 9142 19225 2849 8748 10608 9857 5257 13103 13709 5652 9590 4036 6105 15199 18514 9303 14915 19570 5418 8049 6045 12213 7279 4071 11038 12000 15679 5796 8437 9670 9474 8445
9318 5573 11949 18749 12414 13562 10287 11009 11531 10897 2336 7284 4208 6682 15766 7179 5982 5782 14114 9678 16104 0 5148 1985 4959 2620 9200 17449 11847 6090 6115 10619 2880 5847 12621 7507 8435 6767 13575 10753 11763 9873 5063 19219 12261 10717 11742 15924 7016 18737 9513 8441 12752 16582 17501 2419 16482 12131 9430 11916 9669 9523 6488 8997 12747 14936 8589 9102 11003 8645 5507 13255 11111 6841 8036 14014 12363 14202 17644 9080 14474 10599 2369 2512 10234 6044 4483 10765 13986 10152 10679 15959 12096 11930 12656 6373 14943 7981 6611 7914 10285
5195 10663 9661 20554 12770 14555 6519 14969 9346 14364 5482 10277 5976 3314 15886 11191 10340 10119 16829 12405 16769 5148 0 7100 10064 7401 13610 18842 15780 1849 11201 12770 3248 818 14080 11246 10355 11506 18519 13467 15716 14609 4226 20183 8747 12734 16579 17583 9612 19755 6881 8628 15574 15411 16885 5609 17186 15881 11289 7842 13589 5468 4076 5215 9922 18291 10585 13959 8497 7755 2636 14068 9384 6161 7013 16272 8706 10416 19768 12461 14006 12560 7324 6427 13622 10953 3921 11469 12111 10865 14896 18699 13254 9066 16739 11397 17352 10216 7499 7312 8986
11256 3848 13535 18814 13227 14096 12172 10157 13105 10360 2858 7273 5319 8601 16556 6505 5135 4976 13867 9618 16689 1985 7100 0 3221 2018 8091 17715 10984 8071 4381 10789 4770 7769 13002 7002 8860 5474 11920 10640 10891 8464 6759 19622 14083 10943 10206 16114 7252 19128 11237 9528 12496 17773 18502 2846 17042 11376 9806 13825 8900 11452 8309 10904 14432 14333 8967 7595 12660 10029 7133 13869 12591 8307 9493 13992 14207 16049 17590 8690 15496 10858 1539 2249 9774 4587 5747 11528 15426 10945 9662 15651 12621 13638 11672 4738 14822 8299 7637 9271 11690
13631 627 14906 17345 13151 13510 14337 7660 14464 8300 6007 6369 6545 10970 16317 4625 3259 3232 12072 8352 16096 4959 10064 3221 0 2878 5352 16579 8438 10749 1165 9796 7268 10790 12217 5325 8452 2695 8699 9209 8335 5370 8703 18660 16013 10030 7012 14903 6754 18157 12995 10155 10743 18225 18584 5973 16398 8958 9226 16040 6593 13786 10416 13167 16002 12024 8471 4438 14216 11149 10340 13427 13772 9701 10782 12528 16200 18022 15970 6987 15698 10002 2791 5212 7870 1661 8958 11458 16431 10964 6968 13713 12092 15284 8954 1545 13178 7783 8352 10394 12760
10752 3402 12261 16800 11351 12124 11471 8443 11822 8473 4530 5256 3852 8093 14656 4661 3389 3198 11895 7607 14723 2620 7401 2018 2878 0 6580 15700 9279 7924 3915 8773 4434 8169 11003 5083 6886 4180 11121 8637 9192 7298 5846 17618 13191 8930 9215 14096 5252 17123 10206 7848 10523 16082 16692 4559 15069 9604 7816 13171 7127 10907 7547 10291 13286 12488 6982 6581 11497 8588 8105 11919 11203 7005 8141 11983 13365 15195 15587 6742 13710 8848 482 4160 7854 3553 7078 9642 13963 9078 8072 13698 10652 12539 10058 4027 12826 6307 5965 7823 10237
15672 4900 15028 12840 11059 10542 15923 2413 14609 3636 10930 4793 8180 13277 13636 2620 3283 3501 7405 5172 12882 9200 13610 8091 5352 6580 0 12541 3123 13646 4622 6731 10383 14419 9083 2995 6805 2677 5794 5492 3017 1819 10699 14764 17028 7054 3665 10857 5683 14271 13994 9759 6246 16515 16253 10929 13087 3726 7035 17588 1858 15736 12356 15043 16370 6800 6662 2293 14727 11354 14653 10699 13693 10631 11330 8292 17317 18978 11332 3451 13781 7132 6884 10308 3592 3693 13646 9638 15784 9388 1616 8792 9399 15849 3613 4032 8643 6197 8585 10749 12627
17029 16439 12514 2200 6424 4330 16203 10475 12385 8910 19782 10463 13540 16260 4840 11980 13320 13360 5418 8240 3032 17449 18842 17715 16579 15700 12541 0 10236 17596 16429 6928 16322 19532 4862 11258 9019 14301 16621 7385 10324 14113 14620 2252 15588 6775 15080 1694 10490 1786 13974 10250 6327 8760 6980 19858 2728 9476 8021 17127 10698 16874 15140 16324 13746 7647 8860 14823 13252 11517 21166 4891 11525 12753 12183 4250 15991 16685 2842 9652 7047 6872 16181 19722 9017 15197 21282 7401 11058 7988 11537 5137 5592 13917 10838 15892 4158 9479 11434 11713 11085
17027 8012 15372 10173 10313 9200 17029 837 14992 2085 13767 5780 9948 14885 12278 4687 5894 6081 4839 4718 11183 11847 15780 10984 8438 9279 3123 10236 0 15516 7744 5893 12537 16598 7770 4534 7062 5744 6515 4370 108 4125 12342 12488 17775 6218 4845 8627 6648 12017 14890 10264 4019 15662 15004 13780 11303 765 6841 18604 2204 17042 13845 16343 16784 3705 6844 5040 15311 12022 17142 9526 14005 11761 12189 6084 18108 19617 8603 3588 12937 6370 9648 13229 2705 6777 16329 9246 15631 9198 1570 5904 8396 16401 1104 7154 6117 6665 9613 11561 12988
3461 11311 7838 19406 11365 13273 4718 14736 7536 13924 6954 9815 5570 1527 14367 11104 10460 10240 16038 11741 15363 6090 1849 8071 10749 7924 13646 17596 15516 0 11834 11891 3490 2164 12942 11034 9507 11805 18876 12760 15462 14834 3278 18809 6931 11811 16855 16432 9047 18399 5060 7350 14848 13666 15213 7086 15784 15528 10373 6135 13373 3718 2493 3396 8073 17720 9750 14292 6667 6238 4445 12749 7633 4847 5510 15333 6910 8657 18728 12047 12394 11626 7959 7821 13171 11398 5749 10196 10308 9618 14794 17884 12051 7217 16530 11944 16443 9484 6540 5904 7321
14635 542 15636 17053 13438 13607 15287 7010 15193 7868 7141 6542 7379 11988 16510 4476 3292 3342 11694 8287 16161 6115 11201 4381 1165 3915 4622 16429 7744 11834 0 9804 8344 11936 12257 5223 8723 2159 7541 9047 7638 4360 9651 18562 16893 10064 5896 14740 7062 18059 13848 10725 10404 18642 18872 7102 16441 8325 9409 16995 6084 14780 11380 14148 16782 11405 8708 3379 15004 11847 11504 13578 14455 10497 11533 12288 17096 18905 15626 6777 16051 10059 3893 6314 7529 1247 10107 11774 17039 11321 6217 13251 12231 16090 8153 591 12853 8038 8992 11105 13422
12418 9733 9738 8131 4457 3867 12082 5572 9396 3821 12937 3540 6983 10831 6923 5346 6560 6567 4179 1585 6365 10619 12770 10789 9796 8773 6731 6928 5893 11891 9804 0 9878 13538 2460 4591 2416 7781 12092 1528 5918 8534 8645 8903 12408 333 10110 5331 3605 8402 9794 5092 3151 9888 9522 13005 6638 5396 1526 13490 4985 12360 9683 11690 11167 6295 2191 8944 9870 6857 14826 3972 8387 7266 7249 3515 12773 14113 7102 3306 7144 481 9254 12823 3366 8557 14674 3386 9764 3443 6427 5998 2670 10898 6946 9316 4582 2672 5351 6627 7446
6493 7824 9228 17878 10658 12161 7413 11724 8826 11165 4539 7115 2904 3832 13953 7944 7129 6907 13814 9337 14564 2880 3248 4770 7268 4434 10383 16322 12537 3490 8344 9878 0 4065 11472 8003 7484 8379 15440 10417 12472 11451 2366 17868 9384 9887 13450 14940 6519 17411 6689 6474 12518 14248 15388 4664 14967 12653 8466 9055 10344 6684 3619 6135 9938 15131 7695 10858 8225 6229 4949 11751 8511 4394 5543 13393 9484 11322 16966 9262 12382 9730 4479 5134 10430 7924 5006 9148 11397 8522 11649 15690 10761 9108 13491 8455 14433 7239 4914 5569 7791
5187 11395 9972 21272 13399 15231 6573 15787 9682 15177 5948 11087 6783 3691 16466 12007 11146 10926 17614 13201 17401 5847 818 7769 10790 8169 14419 19532 16598 2164 11936 13538 4065 0 14796 12064 11124 12293 19290 14259 16534 15401 4944 20829 8810 13494 17363 18299 10414 20408 7200 9294 16365 15830 17369 6070 17820 16698 12048 7763 14407 5472 4593 5320 10122 19098 11356 14739 8793 8325 2381 14730 9797 6805 7587 17032 8732 10377 20511 13275 14532 13318 8074 6926 14435 11722 3994 12143 12455 11546 15711 19481 13952 9275 17556 12148 18119 11002 8241 7928 9472
12820 12174 9150 6477 2925 1465 12217 7627 8892 5832 14957 5882 8678 11691 4576 7805 8999 8996 4397 4027 3906 12621 14080 13002 12217 11003 9083 4862 7770 12942 12257 2460 11472 14796 0 7050 4188 10241 14201 3612 7819 10858 9856 6624 12093 2194 12307 3504 5751 6134 9905 5630 4086 7936 7263 15036 4187 7141 3206 13413 7274 12708 10545 12092 10547 7044 4050 11334 9574 7142 16344 1766 7906 8106 7721 2981 12485 13571 5840 5719 5262 2215 11484 14940 5563 11011 16422 2924 8561 3397 8583 5779 1044 10466 8722 11774 4071 4704 6611 7177 7170
12803 5188 12048 12049 8516 8430 12983 3725 11627 3398 9604 1821 5469 10507 11407 755 2075 2147 6897 3065 10956 7507 11246 7002 5325 5083 2995 11258 4534 11034 5223 4591 8003 12064 7050 0 3966 3198 8784 3883 4470 4698 7933 13360 14038 4863 6650 9579 2693 12857 11013 6783 5534 13908 13884 9638 11228 4688 4407 14634 2348 12851 9525 12153 13381 7431 3867 4760 11733 8360 12657 8450 10721 7676 8340 7217 14331 15984 10719 1710 11215 4874 5518 9223 2774 3977 11961 6958 12901 6623 3794 8654 7103 12854 5507 4726 7926 3310 5601 7756 9654
10269 8530 8368 10427 4716 5238 10089 6495 7972 5060 10771 2231 4605 8506 7877 4640 5454 5383 6531 2456 7837 8435 10355 8860 8452 6886 6805 9019 7062 9507 8723 2416 7484 11124 4188 3966 0 6975 12554 3331 7052 8593 6246 10804 10716 2403 10449 7530 1703 10317 7879 3203 5368 9993 10152 10849 8184 6781 1002 11605 5453 10240 7369 9553 9762 8376 249 8725 8251 4973 12426 5048 7007 5011 5207 5926 11053 12557 9482 3606 7346 2247 7363 10757 4365 7521 12339 3060 8979 2666 7072 8380 3766 9346 8166 8330 6998 688 2981 4572 5964
14236 2307 14500 14896 11641 11627 14700 4967 14063 5715 8329 4745 6697 11682 14598 2443 1655 1822 9537 6230 14146 6767 11506 5474 2695 4180 2677 14301 5744 11805 2159 7781 8379 12293 10241 3198 6975 0 7071 6932 5641 3119 9173 16451 16090 8058 5075 12609 5417 15949 13016 9367 8246 16968 17045 8320 14411 6268 7548 16405 3948 14343 10904 13673 15740 9341 6921 2488 14000 10704 12273 11644 13243 9598 10507 10140 16334 18091 13468 4655 14312 8072 4401 7664 5371 1037 11131 10029 15662 9632 4289 11110 10296 15114 6289 1596 10694 6289 7810 10004 12182
21227 8073 20821 16247 16542 15653 21587 6575 20403 8370 14664 10587 13665 18719 18753 8328 8508 8721 11209 10652 17698 13575 18519 11920 8699 11121 5794 16621 6515 18876 7541 12092 15440 19290 14201 8784 12554 7071 0 10648 6447 4160 16178 18860 22786 12425 2136 15067 11476 18406 19735 15553 10528 21979 21463 14617 17817 7236 12676 23273 7184 21316 17890 20634 22164 9254 12394 4584 20514 17142 19029 15931 19484 16340 17094 12567 23065 24749 14648 9033 19236 12543 11241 13796 8727 7569 17645 15255 21516 15068 5665 11841 14723 21636 5785 7209 12462 11969 14343 16524 18419
13590 9054 11206 8204 5951 5077 13353 4089 10852 2311 13013 3470 7526 11818 8186 4597 5956 6012 3406 1089 7394 10753 13467 10640 9209 8637 5492 7385 4370 12760 9047 1528 10417 14259 3612 3883 3331 6932 10648 0 4399 7252 9483 9519 13805 1849 8712 5701 3902 9017 11098 6371 2107 11346 10854 13067 7610 3869 2733 14817 3666 13553 10688 12870 12633 5047 3082 7765 11281 8159 15348 5297 9847 8341 8477 3365 14162 15552 6950 2277 8607 2009 9107 12781 1952 7813 15008 4909 11291 4929 4996 5281 4078 12331 5418 8517 4199 3276 6289 7845 8879
16993 7907 15372 10272 10346 9252 17003 757 14990 2103 13677 5740 9894 14841 12335 4609 5807 5995 4931 4722 11250 11763 15716 10891 8335 9192 3017 10324 108 15462 7638 5918 12472 16534 7819 4470 7052 5641 6447 4399 0 4019 12295 12576 17763 6245 4759 8711 6612 12104 14871 10253 4094 15703 15058 13689 11374 861 6846 18583 2133 17009 13804 16310 16783 3813 6836 4932 15303 12008 17067 9573 14005 11731 12168 6164 18094 19608 8704 3558 12976 6395 9559 13135 2702 6675 16246 9265 15648 9209 1461 6009 8435 16394 1120 7048 6210 6646 9583 11542 12985
17086 4794 16741 14241 12878 12321 17428 3670 16317 5235 11314 6518 9529 14605 15423 4187 4390 4607 8831 6984 14617 9873 14609 8464 5370 7298 1819 14113 4125 14834 4360 8534 11451 15401 10858 4698 8593 3119 4160 7252 4019 0 12049 16354 18637 8859 2045 12447 7384 15867 15581 11479 7786 18334 18054 11292 14806 4859 8851 19114 3585 17169 13750 16484 18063 7771 8459 1039 16391 13025 15380 12496 15418 12183 12953 9869 18912 20607 12691 5267 15599 8942 7504 10569 5316 3879 14185 11454 17568 11195 2618 10025 11204 17514 4141 3842 10100 7969 10201 12391 14350
5063 9176 6898 16331 8637 10346 5638 11584 6487 10684 6901 6591 2524 2580 11850 8096 7670 7458 12774 8464 12616 5063 4226 6759 8703 5846 10699 14620 12342 3278 9651 8645 2366 4944 9856 7933 6246 9173 16178 9483 12295 12049 0 16002 7370 8582 14093 13359 5793 15565 4479 4447 11574 11914 13128 7024 13030 12314 7137 7345 10241 5175 1739 4518 7693 14447 6486 11635 5941 3911 6609 9874 6146 2106 3202 12116 7528 9364 15571 8825 10148 8401 6056 7452 9930 8967 7122 7264 9032 6654 11724 14627 9030 6887 13381 9629 13215 6207 3309 3304 5435
17862 18548 12958 3338 7444 5709 16897 12723 12903 11140 21554 12436 15184 17400 4879 14094 15403 15430 7666 10309 3463 19219 20183 19622 18660 17618 14764 2252 12488 18809 18562 8903 17868 20829 6624 13360 10804 16451 18860 9519 12576 16354 16002 0 15997 8709 17332 3909 12370 503 14775 11559 8570 8260 6196 21637 3041 11728 9829 17630 12915 17678 16320 17185 14052 9814 10673 17051 13840 12599 22605 6132 12152 14027 13309 6485 16396 16853 4645 11796 7230 8777 18100 21560 11218 17323 22867 8746 11144 9367 13784 7248 7143 14353 13081 18036 6400 11327 12954 12910 11896
3643 16448 3074 17734 9394 11625 2237 17178 3234 15770 13669 12291 9517 5733 11119 14457 14466 14278 16297 13128 12701 12261 8747 14083 16013 13191 17028 15588 17775 6931 16893 12408 9384 8810 12093 14038 10716 16090 22786 13805 17763 18637 7370 15997 0 12163 20651 15026 11381 15722 3074 7514 15517 8684 10732 13801 13095 17488 11080 1736 16028 3353 5778 3535 2022 18682 10940 18430 2545 5758 11190 10988 4191 6494 5699 15047 403 2012 17629 14253 8768 11965 13422 14423 15081 16076 12668 9286 5084 9024 17647 17854 11050 1672 18879 16801 16159 11130 8445 6291 4986
12250 9981 9465 8055 4125 3573 11883 5904 9128 4149 13041 3729 7002 10721 6612 5618 6806 6805 4320 1894 6097 10717 12734 10943 10030 8930 7054 6775 6218 11811 10064 333 9887 13494 2194 4863 2403 8058 12425 1849 6245 8859 8582 8709 12163 0 10442 5209 3720 8210 9587 4907 3363 9555 9199 13112 6381 5713 1446 13270 5315 12186 9569 11521 10894 6522 2195 9259 9622 6656 14828 3656 8118 7139 7073 3538 12532 13851 7079 3621 6811 202 9412 12952 3700 8818 14720 3081 9450 3170 6760 6108 2345 10640 7267 9583 4634 2739 5276 6457 7192
19131 6397 18692 14927 14538 13769 19468 4724 18273 6494 13020 8457 11574 16646 16880 6194 6429 6645 9675 8627 15921 11742 16579 10206 7012 9215 3665 15080 4845 16855 5896 10110 13450 17363 12307 6650 10449 5075 2136 8712 4759 2045 14093 17332 20651 10442 0 13469 9342 16861 17602 13424 8835 19991 19564 12985 16070 5605 10609 21150 5145 19214 15795 18529 20031 8074 10296 2640 18378 15007 17238 14009 17357 14211 14959 10916 20931 22613 13337 6969 17246 10549 9380 12210 6766 5699 15953 13202 19422 12992 3726 10561 12766 19500 4369 5473 10951 9854 12208 14388 16292
16140 14755 11976 2975 5649 3417 15423 8826 11792 7231 18250 8845 12108 15157 5030 10297 11646 11691 3870 6580 3306 15924 17583 16114 14903 14096 10857 1694 8627 16432 14740 5331 14940 18299 3504 9579 7530 12609 15067 5701 8711 12447 13359 3909 15026 5209 13469 0 8926 3420 13141 9096 4667 9043 7556 18321 3200 7872 6528 16479 9011 16007 14017 15420 13290 6311 7353 13143 12592 10513 19833 4048 10869 11589 11135 2578 15427 16289 2614 7963 6912 5325 14577 18154 7325 13509 19856 6296 10827 6835 9886 3998 4393 13359 9284 14201 2677 7943 10107 10618 10297
10381 6848 9357 11733 6400 6896 10434 5945 8934 4895 9332 912 3642 8281 9580 3238 3831 3738 7306 2819 9500 7016 9612 7252 6754 5252 5683 10490 6648 9047 7062 3605 6519 10414 5751 2693 1703 5417 11476 3902 6612 7384 5793 12370 11381 3720 9342 8926 0 11876 8385 4096 6000 11593 11837 9400 9836 6550 2571 12052 4693 10399 7213 9700 10688 8696 1753 7371 9047 5674 11445 6737 8035 5133 5690 7025 11684 13312 10651 3070 8990 3619 5733 9233 4141 5881 11145 4718 10291 4260 6291 9182 5435 10167 7724 6694 8002 1063 2997 5091 6966
17512 18045 12670 3119 7041 5250 16570 12241 12602 10649 21073 11937 14715 17000 4617 13591 14900 14927 7203 9806 3096 18737 19755 19128 18157 17123 14271 1786 12017 18399 18059 8402 17411 20408 6134 12857 10317 15949 18406 9017 12104 15867 15565 503 15722 8210 16861 3420 11876 0 14427 11128 8085 8152 6141 21155 2677 11257 9339 17339 12420 17334 15913 16830 13793 9398 10184 16559 13528 12202 22164 5692 11829 13603 12906 5998 16122 16626 4316 11294 6968 8280 17604 21072 10720 16820 22407 8304 10921 8922 13302 6850 6672 14070 12623 17533 5944 10836 12497 12496 11541
3087 13413 2780 16012 7554 9741 2317 14257 2483 12932 11162 9297 6469 3569 10021 11409 11392 11204 13854 10328 11331 9513 6881 11237 12995 10206 13994 13974 14890 5060 13848 9794 6689 7200 9905 11013 7879 13016 19735 11098 14871 15581 4479 14775 3074 9587 17602 13141 8385 14427 0 4727 12944 8704 10410 11292 11750 14653 8369 3727 13064 2908 3126 2425 3251 16085 8115 15359 1625 2941 9502 9129 2761 3420 2706 12749 3332 5078 15674 11329 7817 9385 10465 11819 12220 13011 10664 6986 5256 6592 14673 15528 8877 2419 15990 13742 13885 8226 5413 3329 2894
7352 10405 5268 12066 4202 5937 6995 9683 4852 8258 10665 4968 4256 6063 7479 7327 7720 7580 9218 5625 8170 8441 8628 9528 10155 7848 9759 10250 10264 7350 10725 5092 6474 9294 5630 6783 3203 9367 15553 6371 10253 11479 4447 11559 7514 4907 13424 9096 4096 11128 4727 0 8242 8249 9061 10771 8583 9977 3643 8448 8582 7281 4921 6622 6624 11368 3427 11451 5058 1789 11056 5440 3939 2504 2170 8243 7852 9362 11462 6768 6033 4706 8260 10949 7567 9654 11459 2850 6320 2268 10207 10960 4706 6162 11367 10457 9380 3650 1893 1572 2871
15553 10498 12767 6655 6926 5404 15233 4160 12448 2613 14974 5502 9631 13874 8390 6152 7572 7669 1372 3181 7187 12752 15574 12496 10743 10523 6246 6327 4019 14848 10404 3151 12518 16365 4086 5534 5368 8246 10528 2107 4094 7786 11574 8570 15517 3363 8835 4667 6000 8085 12944 8242 0 11997 11130 15022 7292 3293 4630 16633 4434 15501 12735 14827 14195 3165 5120 8513 12974 10008 17442 5833 11437 10354 10394 2092 15889 17176 5230 3824 9346 3564 10981 14683 2880 9218 17061 6315 12521 6500 5218 3211 4934 13977 4815 9837 2449 5374 8347 9769 10537
11520 18394 6087 10914 5459 6604 10236 15435 6265 13651 18701 12224 12472 12140 4016 14614 15421 15331 12045 11372 5806 16582 15411 17773 18225 16082 16515 8760 15662 13666 18642 9888 14248 15830 7936 13908 9993 16968 21979 11346 15703 18334 11914 8260 8684 9555 19991 9043 11593 8152 8704 8249 11997 0 2180 18816 6045 15062 9521 10419 14850 11267 11359 10996 6668 14758 10058 18614 7244 8019 18044 6172 6033 9856 8712 10465 9045 9023 11457 13070 2745 9443 16502 19091 13253 17473 18944 6951 3636 7339 16315 12893 7272 7261 16644 18286 11270 10678 10141 8704 6502
13354 18681 7965 9055 5437 5810 12137 14889 8074 13095 19714 12339 13307 13691 2740 14623 15591 15530 10947 11088 4253 17501 16885 18502 18584 16692 16253 6980 15004 15213 18872 9522 15388 17369 7263 13884 10152 17045 21463 10854 15058 18054 13128 6196 10732 9199 19564 7556 11837 6141 10410 9061 11130 2180 0 19823 4382 14344 9497 12458 14489 13116 12809 12782 8710 13625 10164 18450 9069 9231 19497 5562 7658 11025 9964 9365 11105 11178 9779 12816 3028 9128 17139 20008 12805 17660 20242 7127 5648 7643 15842 11531 6856 9232 15912 18464 10014 10835 10910 9831 7901
10529 6589 13885 21126 14802 15980 11684 12948 13486 13031 132 9611 6585 8072 18152 9214 7895 7719 16391 12004 18519 2419 5609 2846 5973 4559 10929 19858 13780 7086 7102 13005 4664 6070 15036 9638 10849 8320 14617 13067 13689 11292 7024 21637 13801 13112 12985 18321 9400 21155 11292 10771 15022 18816 19823 0 18898 14140 11841 13199 11660 10772 8171 10352 14541 17046 10999 10399 12859 10816 4763 15669 13169 8981 10160 16364 13846 15651 19991 11278 16796 12999 4148 913 12405 7423 3075 13166 16056 12550 12490 18216 14515 13697 14498 7515 17265 10382 8978 10113 12417
14835 16361 10032 4915 4422 2946 13897 11347 9948 9608 18809 10047 12366 14366 2120 11982 13186 13181 6834 8182 423 16482 17186 17042 16398 15069 13087 2728 11303 15784 16441 6638 14967 17820 4187 11228 8184 14411 17817 7610 11374 14806 13030 3041 13095 6381 16070 3200 9836 2677 11750 8583 7292 6045 4382 18898 0 10585 7266 14692 11238 14656 13293 14154 11194 9427 8091 15370 10864 9565 19639 3234 9159 11025 10279 5313 13497 14080 5430 9829 4399 6398 15547 18884 9499 15195 19973 5820 8406 6446 12373 7197 4421 11435 12094 15953 5773 8774 10068 9894 8865
16891 8562 15005 9413 9762 8553 16830 1316 14636 1721 14121 5723 9980 14828 11612 4953 6248 6421 4074 4364 10474 12131 15881 11376 8958 9604 3726 9476 765 15528 8325 5396 12653 16698 7141 4688 6781 6268 7236 3869 861 4859 12314 11728 17488 5713 5605 7872 6550 11257 14653 9977 3293 15062 14344 14140 10585 0 6462 18377 2480 16893 13763 16196 16426 3080 6551 5748 14998 11753 17344 8905 13640 11606 11963 5339 17829 19297 7847 3489 12350 5877 9994 13625 2443 7305 16607 8777 15160 8772 2263 5167 7817 16075 1582 7733 5353 6446 9461 11331 12641
10923 9257 8544 9429 4109 4329 10635 6370 8175 4770 11764 2871 5597 9306 7104 5134 6118 6073 5703 2124 6933 9430 11289 9806 9226 7816 7035 8021 6841 10373 9409 1526 8466 12048 3206 4407 1002 7548 12676 2733 6846 8851 7137 9829 11080 1446 10609 6528 2571 9339 8369 3643 4630 9521 9497 11841 7266 6462 0 12085 5495 10873 8157 10198 9964 7731 844 9093 8564 5428 13400 4202 7178 5744 5773 4984 11434 12849 8507 3644 6813 1273 8296 11734 4152 8183 13337 2603 8871 2401 7074 7523 2877 9626 7935 8980 6078 1510 3834 5144 6183
2674 16521 4672 19248 10830 13063 1710 17959 4749 16657 13067 12961 9718 5233 12756 14979 14825 14625 17499 14055 14291 11916 7842 13825 16040 13171 17588 17127 18604 6135 16995 13490 9055 7763 13413 14634 11605 16405 23273 14817 18583 19114 7345 17630 1736 13270 21150 16479 12052 17339 3727 8448 16633 10419 12458 13199 14692 18377 12085 0 16744 2427 5624 2921 3752 19784 11842 18816 3888 6659 10107 12431 5616 6959 6417 16326 1398 2633 19064 15034 10414 13069 13345 13896 15942 16281 11729 10537 6811 10204 18342 19125 12371 3285 19702 16963 17453 11943 9058 7047 6243
15033 6253 13813 11071 9395 8738 15127 1381 13411 1825 11641 3788 7804 12805 11843 2493 3769 3941 5653 3482 11041 9669 13589 8900 6593 7127 1858 10698 2204 13373 6084 4985 10344 14407 7274 2348 5453 3948 7184 3666 2133 3585 10241 12915 16028 5315 5145 9011 4693 12420 13064 8582 4434 14850 14489 11660 11238 2480 5495 16744 0 15065 11795 14365 15195 5467 5271 4151 13631 10279 14940 8927 12455 9821 10361 6454 16343 17927 9595 1861 12106 5413 7514 11149 1739 4971 14150 8072 14355 7893 1625 7167 7653 14741 3160 5500 6862 4933 7690 9749 11405
291 14290 5181 18898 10451 12622 1140 16344 5042 15190 10640 11287 7656 2853 12902 13116 12814 12606 16499 12685 14238 9523 5468 11452 13786 10907 15736 16874 17042 3718 14780 12360 6684 5472 12708 12851 10240 14343 21316 13553 17009 17169 5175 17678 3353 12186 19214 16007 10399 17334 2908 7281 15501 11267 13116 10772 14656 16893 10873 2427 15065 0 3439 700 4899 18593 10487 16795 4046 5588 7847 12016 5581 5287 5113 15482 3260 4949 18516 13455 10659 11985 11050 11470 14451 14137 9381 9785 7663 9340 16623 18229 11696 4119 18122 14786 16622 10466 7434 5733 5802
3338 10900 5812 16986 8876 10812 3924 13112 5448 12093 8041 8065 4225 1154 11882 9742 9383 9173 13860 9727 12872 6488 4076 8309 10416 7547 12356 15140 13845 2493 11380 9683 3619 4593 10545 9525 7369 10904 17890 10688 13804 13750 1739 16320 5778 9569 15795 14017 7213 15913 3126 4921 12735 11359 12809 8171 13293 13763 8157 5624 11795 3439 0 2778 6370 15718 7617 13359 4722 3746 6697 10277 5356 2451 3017 13048 5899 7741 16365 10282 9943 9377 7730 8722 11342 10706 7647 7747 8163 7185 13317 15675 9626 5526 14905 11366 14174 7458 4401 3429 4910
731 13663 4925 18327 9900 12050 1334 15644 4733 14494 10220 10588 6981 2319 12446 12423 12136 11928 15838 11995 13734 8997 5215 10904 13167 10291 15043 16324 16343 3396 14148 11690 6135 5320 12092 12153 9553 13673 20634 12870 16310 16484 4518 17185 3535 11521 18529 15420 9700 16830 2425 6622 14827 10996 12782 10352 14154 16196 10198 2921 14365 700 2778 0 4839 17912 9800 16119 3753 4956 7699 11450 5169 4590 4452 14841 3520 5300 17912 12756 10239 11321 10449 11020 13754 13484 9134 9173 7436 8713 15925 17578 11088 4012 17423 14142 15980 9772 6736 5065 5289
5181 16377 1430 15916 7728 9930 3777 16252 1792 14729 14411 11578 9464 6675 9177 13883 14087 13918 14861 12073 10809 12747 9922 14432 16002 13286 16370 13746 16784 8073 16782 11167 9938 10122 10547 13381 9762 15740 22164 12633 16783 18063 7693 14052 2022 10894 20031 13290 10688 13793 3251 6624 14195 6668 8710 14541 11194 16426 9964 3752 15195 4899 6370 4839 0 17351 9964 17965 1789 5051 12487 9294 2787 6302 5255 13527 2398 3025 15903 13364 6825 10703 13578 15070 14081 15855 13791 7883 3062 7725 16820 16325 9516 859 17884 16620 14612 10264 7934 5735 3799
18634 11639 15924 7005 9958 8190 18363 4395 15608 4041 17018 8019 12315 16839 10924 7836 9202 9357 2712 5995 9438 14936 18291 14333 12024 12488 6800 7647 3705 17720 11405 6295 15131 19098 7044 7431 8376 9341 9254 5047 3813 7771 14447 9814 18682 6522 8074 6311 8696 9398 16085 11368 3165 14758 13625 17046 9427 3080 7731 19784 5467 18593 15718 17912 17351 0 8127 8725 16138 13145 19965 8707 14598 13387 13502 4295 19052 20337 5409 5908 12212 6722 12902 16578 4733 10377 19376 9468 15589 9664 5275 2607 7983 17141 3731 10814 3656 8266 11317 12873 13702
10517 8530 8565 10237 4734 5147 10331 6288 8173 4831 10923 2181 4807 8754 7847 4558 5428 5366 6289 2215 7751 8589 10585 8967 8471 6982 6662 8860 6844 9750 8708 2191 7695 11356 4050 3867 249 6921 12394 3082 6836 8459 6486 10673 10940 2195 10296 7353 1753 10184 8115 3427 5120 10058 10164 10999 8091 6551 844 11842 5271 10487 7617 9800 9964 8127 0 8617 8468 5203 12640 4986 7201 5260 5447 5705 11279 12773 9272 3416 7391 2047 7461 10890 4143 7497 12530 3109 9126 2757 6886 8141 3683 9559 7947 8302 6770 692 3227 4813 6165
16695 3842 16678 15058 13178 12786 17117 4498 16247 5913 10428 6557 9139 14159 15866 4134 3991 4194 9627 7366 15159 9102 13959 7595 4438 6581 2293 14823 5040 14292 3379 8944 10858 14739 11334 4760 8725 2488 4584 7765 4932 1039 11635 17051 18430 9259 2640 13143 7371 16559 15359 11451 8513 18614 18450 10399 15370 5748 9093 18816 4151 16795 13359 16119 17965 8725 8617 0 16258 12914 14600 12915 15380 11942 12784 10573 18688 20418 13526 5639 15896 9323 6740 9650 5883 3059 13338 11682 17648 11373 3486 10908 11597 17379 5147 2894 10882 8070 10045 12248 14312
4288 14596 1186 15364 6943 9177 3100 14740 996 13285 12731 9948 7676 5190 8994 12205 12352 12178 13754 10634 10456 11003 8497 12660 14216 11497 14727 13252 15311 6667 15004 9870 8225 8793 9574 11733 8251 14000 20514 11281 15303 16391 5941 13840 2545 9622 18378 12592 9047 13528 1625 5058 12974 7244 9069 12859 10864 14998 8564 3888 13631 4046 4722 3753 1789 16138 8468 16258 0 3373 11113 8544 1729 4515 3495 12517 2925 4306 15180 11825 6692 9424 11791 13358 12609 14091 12289 6745 3699 6479 15255 15323 8530 1122 16415 14851 13634 8704 6214 4011 2441
5685 11474 3802 13450 5162 7196 5226 11420 3362 10033 10698 6576 4752 4801 8141 8840 9050 8886 10944 7409 9142 8645 7755 10029 11149 8588 11354 11517 12022 6238 11847 6857 6229 8325 7142 8360 4973 10704 17142 8159 12008 13025 3911 12599 5758 6656 15007 10513 5674 12202 2941 1789 10008 8019 9231 10816 9565 11753 5428 6659 10279 5588 3746 4956 5051 13145 5203 12914 3373 0 10323 6627 2624 1838 744 9895 6086 7650 12972 8495 6280 6454 8943 11136 9334 10866 11012 4230 5398 3757 11901 12650 6148 4494 13125 11646 11034 5372 2895 765 1661
7561 10966 12282 22787 15242 16930 8953 16310 11974 15951 4669 11987 7852 5943 18420 12459 11389 11178 18750 14263 19225 5507 2636 7133 10340 8105 14653 21166 17142 4445 11504 14826 4949 2381 16344 12657 12426 12273 19029 15348 17067 15380 6609 22605 11190 14828 17238 19833 11445 22164 9502 11056 17442 18044 19497 4763 19639 17344 13400 10107 14940 7847 6697 7699 12487 19965 12640 14600 11113 10323 0 16474 12019 8652 9579 18341 11107 12731 21906 14060 16595 14668 7877 5675 15235 11541 1937 13860 14742 13244 16080 20626 15578 11636 18019 11821 19383 12188 9735 9832 11605
12162 13446 7953 6883 1601 637 11394 9358 7754 7563 15579 7063 9132 11386 2961 9202 10289 10257 6013 5550 2849 13255 14068 13869 13427 11919 10699 4891 9526 12749 13578 3972 11751 14730 1766 8450 5048 11644 15931 5297 9573 12496 9874 6132 10988 3656 14009 4048 6737 5692 9129 5440 5833 6172 5562 15669 3234 8905 4202 12431 8927 12016 10277 11450 9294 8707 4986 12915 8544 6627 16474 0 6822 7927 7299 4487 11388 12311 6642 7276 3520 3603 12393 15670 7246 12342 16756 2614 7038 3236 10292 7180 1349 9325 10486 13128 5466 5678 6843 6848 6263
5792 14090 1367 13635 5222 7457 4746 13485 1011 11945 13046 8904 7357 6107 7333 11263 11588 11434 12150 9291 8748 11111 9384 12591 13772 11203 13693 11525 14005 7633 14455 8387 8511 9797 7906 10721 7007 13243 19484 9847 14005 15418 6146 12152 4191 8118 17357 10869 8035 11829 2761 3939 11437 6033 7658 13169 9159 13640 7178 5616 12455 5581 5356 5169 2787 14598 7201 15380 1729 2624 12019 6822 0 4288 3098 10868 4586 5739 13462 10612 5078 7925 11550 13565 11303 13452 12992 5142 2887 4949 14077 13674 6863 2564 15104 14240 11975 7535 5470 3385 1069
5290 10083 5261 14561 6609 8437 5312 11076 4824 9904 8863 6033 3164 3604 9771 8027 7972 7784 11445 7429 10608 6841 6161 8307 9701 7005 10631 12753 11761 4847 10497 7266 4394 6805 8106 7676 5011 9598 16340 8341 11731 12183 2106 14027 6494 7139 14211 11589 5133 13603 3420 2504 10354 9856 11025 8981 11025 11606 5744 6959 9821 5287 2451 4590 6302 13387 5260 11942 4515 1838 8652 7927 4288 0 1195 10602 6747 8493 13917 8174 8042 6944 7322 9319 9164 9617 9228 5353 7149 4771 11403 13246 7204 5593 12847 10362 11730 5188 2149 1198 3446
5182 11138 4128 14085 5866 7855 4883 11552 3686 10244 10040 6602 4288 4094 8880 8767 8860 8685 11387 7662 9857 8036 7013 9493 10782 8141 11330 12183 12189 5510 11533 7249 5543 7587 7721 8340 5207 10507 17094 8477 12168 12953 3202 13309 5699 7073 14959 11135 5690 12906 2706 2170 10394 8712 9964 10160 10279 11963 5773 6417 10361 5113 3017 4452 5255 13502 5447 12784 3495 744 9579 7299 3098 1195 0 10403 5995 7655 13560 8624 7021 6872 8473 10511 9526 10601 10283 4838 5954 4324 11972 13129 6750 4607 13288 11365 11542 5526 2752 635 2258
15572 12337 12126 4840 5878 3932 15066 6252 11860 4660 16304 6757 10494 14202 6645 7903 9292 9359 1587 4377 5257 14014 16272 13992 12528 11983 8292 4250 6084 15333 12288 3515 13393 17032 2981 7217 5926 10140 12567 3365 6164 9869 12116 6485 15047 3538 10916 2578 7025 5998 12749 8243 2092 10465 9365 16364 5313 5339 4984 16326 6454 15482 13048 14841 13527 4295 5705 10573 12517 9895 18341 4487 10868 10602 10403 0 15436 16549 3630 5542 7953 3715 12456 16113 4798 11073 18158 5789 11492 6158 7310 2807 4012 13431 6806 11736 1139 6167 8808 9815 10094
3546 16645 3476 18137 9793 12025 2191 17504 3635 16110 13714 12595 9729 5775 11517 14738 14716 14526 16678 13473 13103 12363 8706 14207 16200 13365 17317 15991 18108 6910 17096 12773 9484 8732 12485 14331 11053 16334 23065 14162 18094 18912 7528 16396 403 12532 20931 15427 11684 16122 3332 7852 15889 9045 11105 13846 13497 17829 11434 1398 16343 3260 5899 3520 2398 19052 11279 18688 2925 6086 11107 11388 4586 6747 5995 15436 0 1842 18029 14576 9167 12333 13585 14487 15417 16298 12626 9670 5458 9399 17959 18243 11441 2075 19211 17016 16550 11456 8732 6596 5365
5221 18459 4427 18868 10751 12946 3967 19045 4728 17586 15518 14219 11529 7589 12015 16422 16462 16276 17872 14933 13709 14202 10416 16049 18022 15195 18978 16685 19617 8657 18905 14113 11322 10377 13571 15984 12557 18091 24749 15552 19608 20607 9364 16853 2012 13851 22613 16289 13312 16626 5078 9362 17176 9023 11178 15651 14080 19297 12849 2633 17927 4949 7741 5300 3025 20337 12773 20418 4306 7650 12731 12311 5739 8493 7655 16549 1842 0 18903 16129 9682 13656 15420 16306 16914 18086 14323 10876 5709 10683 19550 19349 12537 3223 20720 18812 17637 13006 10407 8229 6673
18637 15728 14585 1599 8240 6006 17970 9033 14395 7776 19932 10381 14079 17515 7458 11365 12779 12865 3942 7992 5652 17644 19768 17590 15970 15587 11332 2842 8603 18728 15626 7102 16966 20511 5840 10719 9482 13468 14648 6950 8704 12691 15571 4645 17629 7079 13337 2614 10651 4316 15674 11462 5230 11457 9779 19991 5430 7847 8507 19064 9595 18516 16365 17912 15903 5409 9272 13526 15180 12972 21906 6642 13462 13917 13560 3630 18029 18903 0 9014 9477 7238 16057 19728 8109 14446 21772 8743 13424 9236 10074 2808 6825 15964 8974 15054 2794 9771 12271 13015 12857
13442 6801 11973 10360 7612 7158 13447 2929 11576 1904 11239 2235 6519 11341 10228 2362 3766 3852 5189 1728 9590 9080 12461 8690 6987 6742 3451 9652 3588 12047 6777 3306 9262 13275 5719 1710 3606 4655 9033 2277 3558 5267 8825 11796 14253 3621 6969 7963 3070 11294 11329 6768 3824 13070 12816 11278 9829 3489 3644 15034 1861 13455 10282 12756 13364 5908 3416 5639 11825 8495 14060 7276 10612 8174 8624 5542 14576 16129 9014 0 10333 3689 7189 10897 1175 5547 13487 6233 12495 6036 3470 6961 5961 12930 4676 6242 6220 3124 6026 8001 9568
10870 15830 5744 9245 2722 4024 9787 12696 5725 10915 16688 9570 10282 10889 2353 11932 12798 12720 9507 8630 4036 14474 14006 15496 15698 13710 13781 7047 12937 12394 16051 7144 12382 14532 5262 11215 7346 14312 19236 8607 12976 15599 10148 7230 8768 6811 17246 6912 8990 6968 7817 6033 9346 2745 3028 16796 4399 12350 6813 10414 12106 10659 9943 10239 6825 12212 7391 15896 6692 6280 16595 3520 5078 8042 7021 7953 9167 9682 9477 10333 0 6698 14151 16981 10509 14861 17269 4286 4013 4736 13571 10534 4541 7131 13932 15672 8853 8034 7887 6844 5091
12050 9965 9273 8190 3999 3556 11681 6038 8935 4295 12927 3674 6851 10529 6564 5629 6791 6783 4519 1961 6105 10599 12560 10858 10002 8848 7132 6872 6370 11626 10059 481 9730 13318 2215 4874 2247 8072 12543 2009 6395 8942 8401 8777 11965 202 10549 5325 3619 8280 9385 4706 3564 9443 9128 12999 6398 5877 1273 13069 5413 11985 9377 11321 10703 6722 2047 9323 9424 6454 14668 3603 7925 6944 6872 3715 12333 13656 7238 3689 6698 0 9329 12851 3823 8814 14578 2906 9283 2977 6879 6302 2274 10445 7426 9585 4818 2618 5094 6257 6995
10885 3361 12583 17276 11810 12601 11653 8814 12145 8900 4127 5735 4193 8216 15121 5068 3754 3574 12352 8081 15199 2369 7324 1539 2791 482 6884 16181 9648 7959 3893 9254 4479 8074 11484 5518 7363 4401 11241 9107 9559 7504 6056 18100 13422 9412 9380 14577 5733 17604 10465 8260 10981 16502 17139 4148 15547 9994 8296 13345 7514 11050 7730 10449 13578 12902 7461 6740 11791 8943 7877 12393 11550 7322 8473 12456 13585 15420 16057 7189 14151 9329 0 3708 8292 3685 6763 10103 14330 9534 8404 14149 11129 12819 10400 4074 13293 6787 6371 8179 10598
11236 5817 14347 20911 14885 15949 12344 12404 13939 12595 1011 9360 6704 8716 18236 8746 7383 7222 16055 11737 18514 2512 6427 2249 5212 4160 10308 19722 13229 7821 6314 12823 5134 6926 14940 9223 10757 7664 13796 12781 13135 10569 7452 21560 14423 12952 12210 18154 9233 21072 11819 10949 14683 19091 20008 913 18884 13625 11734 13896 11149 11470 8722 11020 15070 16578 10890 9650 13358 11136 5675 15670 13565 9319 10511 16113 14487 16306 19728 10897 16981 12851 3708 0 11997 6727 3967 13220 16448 12613 11892 17856 14475 14235 13903 6757 16976 10249 9108 10412 12766
14451 7618 12670 9525 7822 7027 14389 2234 12288 754 12369 3361 7667 12420 10138 3316 4740 4855 4203 2029 9303 10234 13622 9774 7870 7854 3592 9017 2705 13171 7529 3366 10430 14435 5563 2774 4365 5371 8727 1952 2702 5316 9930 11218 15081 3700 6766 7325 4141 10720 12220 7567 2880 13253 12805 12405 9499 2443 4152 15942 1739 14451 11342 13754 14081 4733 4143 5883 12609 9334 15235 7246 11303 9164 9526 4798 15417 16914 8109 1175 10509 3823 8292 11997 0 6338 14653 6624 12991 6531 3063 5901 6004 13697 3807 6965 5327 4004 7020 8895 10284
14012 1286 14667 15856 12231 12364 14571 6003 14226 6718 7442 5322 6577 11404 15278 3232 2069 2143 10525 7042 14915 6044 10953 4587 1661 3553 3693 15197 6777 11398 1247 8557 7924 11722 11011 3977 7521 1037 7569 7813 6675 3879 8967 17323 16076 8818 5699 13509 5881 16820 13011 9654 9218 17473 17660 7423 15195 7305 8183 16281 4971 14137 10706 13484 15855 10377 7497 3059 14091 10866 11541 12342 13452 9617 10601 11073 16298 18086 14446 5547 14861 8814 3685 6727 6338 0 10307 10578 15974 10140 5309 12123 10994 15191 7300 813 11664 6834 7983 10139 12405
9104 9582 13424 22765 15655 17159 10440 15492 13079 15336 3008 11559 7749 7120 18931 11658 10459 10262 18405 13920 19570 4483 3921 5747 8958 7078 13646 21282 16329 5749 10107 14674 5006 3994 16422 11961 12339 11131 17645 15008 16246 14185 7122 22867 12668 14720 15953 19856 11145 22407 10664 11459 17061 18944 20242 3075 19973 16607 13337 11729 14150 9381 7647 9134 13791 19376 12530 13338 12289 11012 1937 16756 12992 9228 10283 18158 12626 14323 21772 13487 17269 14578 6763 3967 14653 10307 0 14154 15810 13528 15149 20271 15746 12932 17133 10484 19147 12002 9915 10426 12444
9899 11566 6457 9251 1711 3088 9301 8858 6150 7162 13071 5285 6591 8877 5030 7663 8513 8438 7013 4620 5418 10765 11469 11528 11458 9642 9638 7401 9246 10196 11774 3386 9148 12143 2924 6958 3060 10029 15255 4909 9265 11454 7264 8746 9286 3081 13202 6296 4718 8304 6986 2850 6315 6951 7127 13166 5820 8777 2603 10537 8072 9785 7747 9173 7883 9468 3109 11682 6745 4230 13860 2614 5142 5353 4838 5789 9670 10876 8743 6233 4286 2906 10103 13220 6624 10578 14154 0 6386 626 9624 8589 1918 7700 10315 11388 6917 3748 4254 4329 4311
7923 16707 2514 13255 5636 7645 6612 15223 2773 13546 15933 11091 10145 8800 6319 13516 14024 13890 12958 10969 8049 13986 12111 15426 16431 13963 15784 11058 15631 10308 17039 9764 11397 12455 8561 12901 8979 15662 21516 11291 15648 17568 9032 11144 5084 9450 19422 10827 10291 10921 5256 6320 12521 3636 5648 16056 8406 15160 8871 6811 14355 7663 8163 7436 3062 15589 9126 17648 3699 5398 14742 7038 2887 7149 5954 11492 5458 5709 13424 12495 4013 9283 14330 16448 12991 15974 15810 6386 0 6470 15944 14217 7607 3625 16701 16777 12502 9601 8079 6160 3738
9442 11094 6296 9801 2282 3692 8909 8759 5959 7115 12454 4894 5971 8323 5626 7305 8084 7997 7296 4504 6045 10152 10865 10945 10964 9078 9388 7988 9198 9618 11321 3443 8522 11546 3397 6623 2666 9632 15068 4929 9209 11195 6654 9367 9024 3170 12992 6835 4260 8922 6592 2268 6500 7339 7643 12550 6446 8772 2401 10204 7893 9340 7185 8713 7725 9664 2757 11373 6479 3757 13244 3236 4949 4771 4324 6158 9399 10683 9236 6036 4736 2977 9534 12613 6531 10140 13528 626 6470 0 9475 8938 2442 7478 10282 10952 7295 3346 3627 3787 4039
16583 6512 15436 11624 10878 10044 16714 1062 15035 2773 12486 5381 9245 14300 13155 3708 4700 4906 6219 5006 12213 10679 14896 9662 6968 8072 1616 11537 1570 14794 6217 6427 11649 15711 8583 3794 7072 4289 5665 4996 1461 2618 11724 13784 17647 6760 3726 9886 6291 13302 14673 10207 5218 16315 15842 12490 12373 2263 7074 18342 1625 16623 13317 15925 16820 5275 6886 3486 15255 11901 16080 10292 14077 11403 11972 7310 17959 19550 10074 3470 13571 6879 8404 11892 3063 5309 15149 9624 15944 9475 0 7426 9065 16366 2011 5630 7491 6558 9284 11363 13029
18309 13408 14929 4406 8643 6581 17844 6419 14666 5414 18171 8712 12792 16826 8923 9216 10639 10755 1877 6368 7279 15959 18699 15651 13713 13698 8792 5137 5904 17884 13251 5998 15690 19481 5779 8654 8380 11110 11841 5281 6009 10025 14627 7248 17854 6108 10561 3998 9182 6850 15528 10960 3211 12893 11531 18216 7197 5167 7523 19125 7167 18229 15675 17578 16325 2607 8141 10908 15323 12650 20626 7180 13674 13246 13129 2807 18243 19349 2808 6961 10534 6302 14149 17856 5901 12123 20271 8589 14217 8938 7426 0 6816 16238 6192 12667 1719 8484 11345 12527 12897
11814 12103 8114 7360 1992 1475 11187 8166 7851 6379 14429 5724 8043 10764 4305 7854 8943 8914 5382 4233 4071 12096 13254 12621 12092 10652 9399 5592 8396 12051 12231 2670 10761 13952 1044 7103 3766 10296 14723 4078 8435 11204 9030 7143 11050 2345 12766 4393 5435 6672 8877 4706 4934 7272 6856 14515 4421 7817 2877 12371 7653 11696 9626 11088 9516 7983 3683 11597 8530 6148 15578 1349 6863 7204 6750 4012 11441 12537 6825 5961 4541 2274 11129 14475 6004 10994 15746 1918 7607 2442 9065 6816 0 9424 9397 11779 5112 4372 5855 6226 6128
4394 15675 1405 16062 7734 9963 3021 15839 1577 14365 13567 11067 8740 5816 9476 13327 13467 13292 14712 11711 11038 11930 9066 13638 15284 12539 15849 13917 16401 7217 16090 10898 9108 9275 10466 12854 9346 15114 21636 12331 16394 17514 6887 14353 1672 10640 19500 13359 10167 14070 2419 6162 13977 7261 9232 13697 11435 16075 9626 3285 14741 4119 5526 4012 859 17141 9559 17379 1122 4494 11636 9325 2564 5593 4607 13431 2075 3223 15964 12930 7131 10445 12819 14235 13697 15191 12932 7700 3625 7478 16366 16238 9424 0 17504 15946 14536 9811 7334 5131 3453
18104 8477 16471 10568 11336 10128 18122 1797 16092 3168 14493 6846 10960 15934 13176 5572 6674 6874 5424 5814 12000 12656 16739 11672 8954 10058 3613 10838 1104 16530 8153 6946 13491 17556 8722 5507 8166 6289 5785 5418 1120 4141 13381 13081 18879 7267 4369 9284 7724 12623 15990 11367 4815 16644 15912 14498 12094 1582 7935 19702 3160 18122 14905 17423 17884 3731 7947 5147 16415 13125 18019 10486 15104 12847 13288 6806 19211 20720 8974 4676 13932 7426 10400 13903 3807 7300 17133 10315 16701 10282 2011 6192 9397 17504 0 7573 6681 7765 10700 12661 14089
14652 953 15445 16489 13037 13139 15253 6419 15003 7291 7548 6125 7287 12023 16069 3973 2876 2956 11119 7784 15679 6373 11397 4738 1545 4027 4032 15892 7154 11944 591 9316 8455 12148 11774 4726 8330 1596 7209 8517 7048 3842 9629 18036 16801 9583 5473 14201 6694 17533 13742 10457 9837 18286 18464 7515 15953 7733 8980 16963 5500 14786 11366 14142 16620 10814 8302 2894 14851 11646 11821 13128 14240 10362 11365 11736 17016 18812 15054 6242 15672 9585 4074 6757 6965 813 10484 11388 16777 10952 5630 12667 11779 15946 7573 0 12285 7642 8769 10914 13196
16712 12943 13220 4211 6923 4874 16202 6432 12962 5036 17211 7660 11531 15328 7347 8571 9985 10071 1279 5265 5796 14943 17352 14822 13178 12826 8643 4158 6117 16443 12853 4582 14433 18119 4071 7926 6998 10694 12462 4199 6210 10100 13215 6400 16159 4634 10951 2677 8002 5944 13885 9380 2449 11270 10014 17265 5773 5353 6078 17453 6862 16622 14174 15980 14612 3656 6770 10882 13634 11034 19383 5466 11975 11730 11542 1139 16550 17637 2794 6220 8853 4818 13293 16976 5327 11664 19147 6917 12502 7295 7491 1719 5112 14536 6681 12285 0 7195 9910 10952 11216
10477 7851 8888 10791 5400 5833 10385 6048 8482 4732 10310 1548 4336 8574 8536 3968 4767 4697 6613 2271 8437 7981 10216 8299 7783 6307 6197 9479 6665 9484 8038 2672 7239 11002 4704 3310 688 6289 11969 3276 6646 7969 6207 11327 11130 2739 9854 7943 1063 10836 8226 3650 5374 10678 10835 10382 8774 6446 1510 11943 4933 10466 7458 9772 10264 8266 692 8070 8704 5372 12188 5678 7535 5188 5526 6167 11456 13006 9771 3124 8034 2618 6787 10249 4004 6834 12002 3748 9601 3346 6558 8484 4372 9811 7765 7642 7195 0 3067 4897 6479
7431 8640 6695 13070 5836 7247 7438 8932 6256 7763 8877 3904 2404 5530 9180 6016 6156 5991 9505 5331 9670 6611 7499 7637 8352 5965 8585 11434 9613 6540 8992 5351 4914 8241 6611 5601 2981 7810 14343 6289 9583 10201 3309 12954 8445 5276 12208 10107 2997 12497 5413 1893 8347 10141 10910 8978 10068 9461 3834 9058 7690 7434 4401 6736 7934 11317 3227 10045 6214 2895 9735 6843 5470 2149 2752 8808 8732 10407 12271 6026 7887 5094 6371 9108 7020 7983 9915 4254 8079 3627 9284 11345 5855 7334 10700 8769 9910 3067 0 2203 4430
5793 10726 4531 13579 5471 7384 5518 10930 4089 9611 9997 6001 3988 4549 8588 8203 8352 8183 10775 7028 9474 7914 7312 9271 10394 7823 10749 11713 11561 5904 11105 6627 5569 7928 7177 7756 4572 10004 16524 7845 11542 12391 3304 12910 6291 6457 14388 10618 5091 12496 3329 1572 9769 8704 9831 10113 9894 11331 5144 7047 9749 5733 3429 5065 5735 12873 4813 12248 4011 765 9832 6848 3385 1198 635 9815 6596 8229 13015 8001 6844 6257 8179 10412 8895 10139 10426 4329 6160 3787 11363 12527 6226 5131 12661 10914 10952 4897 2203 0 2423
5973 13065 2408 13140 4675 6884 5131 12452 2008 10938 12297 7837 6409 5807 7194 10194 10529 10376 11314 8282 8445 10285 8986 11690 12760 10237 12627 11085 12988 7321 13422 7446 7791 9472 7170 9654 5964 12182 18419 8879 12985 14350 5435 11896 4986 7192 16292 10297 6966 11541 2894 2871 10537 6502 7901 12417 8865 12641 6183 6243 11405 5802 4910 5289 3799 13702 6165 14312 2441 1661 11605 6263 1069 3446 2258 10094 5365 6673 12857 9568 5091 6995 10598 12766 10284 12405 12444 4311 3738 4039 13029 12897 6128 3453 14089 13196 11216 6479 4430 2423 0
1 5 3 2
2 6 2 4
3 5 5 3
4 1 4 4
5 6 6 3
6 5 1 3
7 6 4 2
8 5 6 5
9 3 2 4
10 8 7 2
11 8 7 7
12 9 4 1
13 5 2 2
14 8 6 1
15 8 7 4
16 2 4 3
17 8 1 4
18 3 7 3
19 10 7 4
20 9 3 2
21 4 2 0
22 4 8 4
23 5 5 5
24 7 6 3
25 5 7 4
26 3 6 5
27 7 5 4
28 7 1 4
29 3 8 4
30 6 8 4
31 8 6 2
32 3 4 7
33 3 0 4
34 7 6 1
35 5 4 2
36 7 7 5
37 11 6 1
38 3 6 1
39 7 4 6
40 6 8 7
41 9 7 6
42 8 4 4
43 5 4 2
44 8 6 1
45 6 6 2
46 6 6 3
47 5 10 2
48 7 3 6
49 8 4 6
50 10 8 3
51 8 4 1
52 7 2 0
53 10 7 7
54 4 3 2
55 8 4 4
56 8 8 5
57 8 6 4
58 6 4 6
59 2 5 4
60 8 4 2
61 7 3 4
62 4 7 4
63 9 7 5
64 5 3 5
65 4 5 5
66 3 3 2
67 6 4 3
68 9 8 4
69 9 5 5
70 7 3 5
71 7 9 5
72 7 7 2
73 5 0 5
74 7 9 3
75 11 3 1
76 8 10 5
77 5 9 5
78 10 7 5
79 6 7 2
80 5 3 4
81 7 8 3
82 6 7 4
83 9 4 6
84 6 5 3
85 6 7 5
86 4 4 7
87 6 3 1
88 5 5 3
89 8 4 5
90 7 3 5
91 6 3 2
92 4 7 3
93 7 3 6
94 8 5 0
95 7 4 2
96 5 3 4
97 3 4 3
98 5 6 5
99 6 5 4
100 4 6 4
