900 100 3
30 60 700 9.00
0 17 73 1
0 2 9 3
0 6 100 1
0 6 95 3
0 10 50 1
0 2 46 1
0 11 1 2
0 1 32 3
0 1 44 2
0 4 35 2
0 5 81 1
0 2 63 3
0 16 9 1
0 8 44 2
0 17 31 1
0 5 57 1
0 1 55 2
0 9 81 2
0 5 76 1
0 8 91 3
0 7 40 3
0 6 50 3
0 2 73 3
0 14 37 2
0 22 17 1
0 6 26 2
0 1 63 2
0 24 42 1
0 1 100 2
0 6 21 3
0 21 15 2
0 3 38 2
0 6 91 1
0 7 13 3
0 6 75 1
0 6 77 1
0 11 35 2
0 1 27 1
0 13 9 1
0 18 29 2
0 8 70 3
0 15 32 2
0 15 39 1
0 3 19 1
0 4 86 1
0 2 97 2
0 4 24 1
0 3 71 3
0 17 48 3
0 20 25 1
0 1 36 1
0 4 53 3
0 1 8 1
0 19 54 2
0 9 14 3
0 5 93 1
0 1 93 2
0 4 77 1
0 15 49 3
0 5 100 2
0 6 87 3
0 16 12 3
0 11 98 1
0 18 92 2
0 9 27 2
0 10 52 2
0 17 74 1
0 10 4 1
0 7 73 2
0 6 92 2
0 7 37 3
0 1 5 3
0 5 44 2
0 5 63 3
0 8 18 3
0 9 90 2
0 3 31 3
0 19 58 1
0 7 76 1
0 6 97 1
0 3 97 1
0 3 29 2
0 7 66 1
0 5 32 1
0 3 69 2
0 25 46 1
0 14 8 1
0 12 9 2
0 3 48 2
0 3 50 1
0 2 86 2
0 5 31 2
0 4 55 3
0 4 77 3
0 4 7 1
0 14 24 1
0 12 84 2
0 10 50 2
0 5 12 3
0 5 6 2
0 3 16 2
0 1 61 3
0 1 89 3
0 3 39 2
0 3 94 3
0 6 44 3
0 3 44 1
0 3 38 3
0 11 27 3
0 19 27 2
0 4 71 1
0 2 53 1
0 8 46 3
0 4 64 3
0 11 38 1
0 19 44 2
0 3 56 3
0 23 45 1
0 9 72 1
0 23 76 1
0 7 87 1
0 2 47 1
0 12 83 1
0 5 58 1
0 5 65 1
0 23 29 2
0 6 75 2
0 9 12 2
0 2 11 1
0 7 27 2
0 8 88 3
0 11 16 1
0 10 13 2
0 6 80 1
0 6 75 1
0 1 37 1
0 5 17 3
0 7 92 2
0 21 53 3
0 15 46 2
0 5 32 2
0 15 16 2
0 2 51 1
0 6 29 2
0 14 59 1
0 13 64 2
0 5 50 2
0 3 100 2
0 7 87 3
0 12 68 1
0 10 83 2
0 5 85 3
0 2 20 3
0 7 11 1
0 2 3 1
0 4 53 1
0 15 13 1
0 10 45 3
0 8 61 2
0 6 66 2
0 1 43 2
0 11 6 3
0 7 33 2
0 15 45 1
0 9 29 1
0 23 41 2
0 21 82 1
0 11 64 3
0 1 29 3
0 2 53 2
0 5 90 3
0 3 63 1
0 7 32 1
0 2 3 3
0 15 92 3
0 1 91 2
0 12 96 3
0 8 79 2
0 10 38 3
0 17 13 3
0 1 50 1
0 13 83 2
0 17 38 2
0 7 56 3
0 9 40 3
0 17 82 1
0 4 85 3
0 2 68 1
0 2 25 3
0 17 1 2
0 5 67 3
0 4 83 2
0 24 80 2
0 22 60 3
0 1 5 2
0 5 95 3
0 5 79 2
0 1 65 3
0 23 61 1
0 3 2 3
0 2 7 1
0 5 36 2
0 2 30 3
0 2 28 2
0 2 36 2
0 3 67 3
0 7 28 3
0 10 5 1
0 11 47 2
0 12 68 3
0 2 43 3
0 3 94 2
0 7 68 1
0 2 62 3
0 2 61 1
0 3 90 1
0 5 91 3
0 18 37 2
0 21 10 1
0 9 97 2
0 17 5 3
0 8 14 3
0 5 60 3
0 11 45 3
0 23 86 3
0 3 9 3
0 2 71 1
0 2 98 3
0 6 9 1
0 5 60 2
0 3 39 3
0 1 30 2
0 9 93 2
0 2 97 1
0 22 94 3
0 3 59 3
0 6 89 2
0 1 75 3
0 13 96 2
0 9 87 3
0 1 92 2
0 9 82 2
0 6 36 3
0 12 89 2
0 16 49 3
0 1 38 1
0 17 38 3
0 12 28 2
0 10 6 2
0 9 92 1
0 4 53 2
0 6 26 2
0 3 82 1
0 2 84 2
0 10 69 2
0 9 11 1
0 4 87 2
0 16 76 3
0 16 34 1
0 20 41 1
0 5 77 2
0 15 48 1
0 3 93 1
0 18 20 2
0 6 20 3
0 3 44 2
0 2 67 3
0 8 49 2
0 1 15 2
0 11 73 3
0 18 75 1
0 6 41 2
0 18 76 3
0 1 7 1
0 6 94 1
0 6 61 3
0 9 75 1
0 4 62 2
0 24 17 3
0 2 67 2
0 6 46 2
0 14 93 1
0 9 53 2
0 10 89 1
0 21 76 3
0 3 35 3
0 5 21 1
0 3 54 2
0 12 77 3
0 1 94 2
0 12 34 1
0 17 77 1
0 2 64 3
0 14 52 1
0 11 86 1
0 7 71 1
0 1 70 2
0 2 86 1
0 13 79 2
0 5 18 2
0 6 49 1
0 3 71 3
0 16 63 2
0 20 81 2
0 5 45 3
0 6 44 2
0 5 75 1
0 4 31 1
0 8 37 3
0 2 34 2
0 6 6 1
0 17 63 1
0 10 47 3
0 25 53 3
0 1 96 3
0 12 21 1
0 12 30 2
0 15 36 1
0 23 21 1
0 12 23 1
0 2 19 1
0 4 18 3
0 18 50 1
0 19 9 3
0 1 68 1
0 9 38 2
0 5 36 2
0 12 59 1
0 2 92 3
0 20 39 2
0 6 94 2
0 12 41 3
0 4 27 3
0 9 17 2
0 1 34 1
0 1 79 3
0 10 14 1
0 1 4 1
0 9 47 3
0 8 46 2
0 8 22 1
0 7 83 3
0 3 42 1
0 15 45 1
0 3 46 1
0 19 32 2
0 17 25 3
0 7 48 2
0 12 57 2
0 3 96 1
0 16 75 2
0 3 85 2
0 2 62 2
0 7 49 3
0 3 18 1
0 1 64 1
0 10 3 2
0 20 82 3
0 6 98 1
0 6 36 2
0 18 45 1
0 25 8 1
0 1 33 1
0 16 85 1
0 16 1 3
0 3 49 3
0 20 85 1
0 8 6 3
0 6 94 1
0 4 12 1
0 4 13 1
0 4 44 1
0 3 68 3
0 4 74 1
0 18 55 1
0 9 86 1
0 7 68 1
0 12 25 1
0 4 53 3
0 17 51 2
0 7 19 3
0 21 27 2
0 5 5 1
0 6 33 3
0 7 76 1
0 2 37 2
0 19 8 2
0 2 6 2
0 1 5 1
0 12 40 3
0 4 57 3
0 11 80 2
0 1 51 1
0 13 12 3
0 12 17 3
0 10 51 3
0 8 57 1
0 16 27 1
0 8 10 2
0 23 62 1
0 9 32 3
0 1 21 3
0 14 45 2
0 2 44 2
0 16 9 3
0 10 51 3
0 12 23 3
0 21 20 1
0 13 54 2
0 1 11 2
0 1 84 2
0 1 35 3
0 1 79 3
0 1 3 1
0 18 38 1
0 8 66 3
0 2 20 3
0 1 25 3
0 3 78 1
0 4 83 3
0 23 61 2
0 19 96 2
0 5 7 3
0 17 69 1
0 7 50 3
0 3 1 1
0 1 88 1
0 12 80 1
0 12 24 1
0 1 56 3
0 17 90 2
0 3 50 3
0 20 49 2
0 7 70 3
0 25 46 2
0 8 45 2
0 4 5 1
0 6 83 2
0 10 25 2
0 11 19 1
0 3 61 3
0 3 54 3
0 5 3 1
0 4 64 1
0 5 48 2
0 10 52 3
0 21 47 3
0 2 49 3
0 7 81 3
0 13 15 3
0 8 39 1
0 2 69 3
0 7 43 1
0 3 77 3
0 3 54 2
0 1 64 1
0 24 18 2
0 11 79 3
0 4 74 3
0 15 26 2
0 16 65 1
0 7 3 1
0 4 46 2
0 12 91 3
0 1 3 2
0 13 42 1
0 12 81 2
0 4 32 2
0 11 55 3
0 5 92 3
0 6 18 2
0 11 21 1
0 2 22 1
0 23 100 3
0 9 53 2
0 24 73 1
0 5 36 1
0 3 99 3
0 7 83 2
0 3 76 1
0 2 70 1
0 4 79 3
0 8 49 3
0 16 24 1
0 16 100 2
0 5 16 1
0 24 69 1
0 1 86 1
0 2 48 3
0 6 8 1
0 2 64 3
0 23 63 2
0 1 2 2
0 2 9 3
0 2 100 3
0 21 90 3
0 3 79 2
0 7 28 2
0 1 36 3
0 17 45 1
0 6 86 2
0 14 46 2
0 2 3 3
0 17 90 2
0 8 98 2
0 7 65 2
0 3 71 2
0 9 97 3
0 1 23 2
0 3 11 2
0 4 29 1
0 7 24 3
0 25 83 2
0 4 67 1
0 10 91 1
0 4 36 3
0 1 63 2
0 7 27 3
0 3 34 1
0 7 83 3
0 12 62 3
0 18 24 3
0 1 9 2
0 23 96 1
0 3 77 1
0 18 79 1
0 3 74 3
0 9 54 1
0 7 72 3
0 6 7 1
0 16 19 1
0 2 16 2
0 5 44 2
0 8 78 1
0 25 96 3
0 10 2 2
0 1 100 2
0 1 88 2
0 3 14 1
0 11 99 2
0 6 16 3
0 5 24 2
0 3 61 1
0 2 56 2
0 1 78 3
0 17 54 2
0 11 39 1
0 18 36 2
0 17 54 3
0 2 18 3
0 7 57 3
0 16 54 3
0 7 79 3
0 8 79 2
0 5 45 3
0 14 66 2
0 4 6 3
0 1 4 2
0 5 25 2
0 19 6 2
0 6 19 1
0 15 30 1
0 19 36 2
0 12 75 3
0 4 64 3
0 4 37 1
0 8 69 1
0 14 65 3
0 17 23 2
0 2 88 1
0 3 32 2
0 19 21 1
0 5 93 2
0 7 10 1
0 11 22 3
0 1 21 3
0 9 12 1
0 4 11 2
0 3 55 2
0 14 84 1
0 13 23 3
0 3 31 1
0 2 44 3
0 6 91 2
0 6 49 2
0 25 96 3
0 23 58 3
0 1 52 3
0 14 88 3
0 2 90 2
0 22 19 1
0 14 96 1
0 9 4 1
0 1 14 1
0 25 59 3
0 6 97 1
0 1 52 1
0 13 6 2
0 3 88 1
0 7 62 2
0 3 47 3
0 7 24 2
0 1 61 3
0 6 29 3
0 2 32 2
0 1 4 2
0 2 21 2
0 4 63 2
0 3 43 1
0 16 59 3
0 5 10 1
0 4 70 1
0 4 40 2
0 5 67 2
0 16 2 3
0 2 70 1
0 5 57 2
0 15 37 3
0 9 93 2
0 18 90 2
0 11 70 1
0 15 17 3
0 10 19 2
0 1 8 3
0 20 32 3
0 18 51 2
0 3 55 1
0 10 80 2
0 1 83 2
0 21 35 2
0 17 17 3
0 1 85 2
0 2 34 1
0 14 56 1
0 4 36 1
0 12 85 1
0 7 14 2
0 3 59 1
0 6 9 2
0 8 40 3
0 19 1 1
0 23 26 2
0 3 47 3
0 10 60 1
0 1 84 3
0 15 21 3
0 6 99 1
0 10 94 2
0 7 1 1
0 3 90 3
0 25 15 2
0 1 24 3
0 2 41 2
0 1 19 3
0 9 56 2
0 19 26 1
0 6 17 1
0 20 28 2
0 7 56 3
0 10 53 1
0 15 39 1
0 15 33 3
0 3 100 2
0 2 11 3
0 2 58 1
0 13 52 1
0 23 62 1
0 7 8 2
0 9 32 2
0 1 48 1
0 4 13 1
0 4 22 2
0 9 57 1
0 9 9 3
0 6 33 1
0 5 74 3
0 1 77 2
0 3 5 2
0 1 85 1
0 5 60 3
0 9 66 2
0 11 66 2
0 8 34 2
0 8 74 2
0 9 2 2
0 18 48 2
0 4 32 2
0 7 22 3
0 2 18 3
0 7 27 2
0 18 40 3
0 19 83 1
0 1 14 1
0 1 82 1
0 15 52 2
0 10 46 1
0 5 16 1
0 14 83 3
0 15 84 1
0 6 56 3
0 6 60 3
0 14 67 3
0 1 46 3
0 22 67 3
0 18 46 1
0 4 48 1
0 10 35 3
0 2 4 3
0 24 49 2
0 2 75 2
0 2 44 1
0 1 25 3
0 2 69 1
0 7 70 2
0 1 25 3
0 1 70 1
0 5 19 3
0 3 93 2
0 7 89 3
0 6 21 2
1 6 87 2
1 21 46 2
1 5 34 3
1 2 66 2
1 4 59 2
1 6 85 1
1 1 83 3
1 13 85 2
1 4 61 2
1 9 41 3
1 1 31 2
1 2 53 1
1 6 81 1
1 4 36 3
1 17 40 3
1 6 5 3
1 4 3 1
1 4 65 2
1 6 12 3
1 5 86 3
1 17 35 3
1 17 77 1
1 1 39 3
1 2 98 1
1 14 23 2
1 1 47 2
1 2 44 1
1 14 65 2
1 5 63 2
1 12 24 3
1 23 78 3
1 16 24 2
1 10 96 3
1 5 99 2
1 4 91 1
1 16 34 2
1 9 80 1
1 24 7 2
1 1 3 2
1 2 94 2
1 4 97 3
1 6 26 1
1 3 53 2
1 17 45 2
1 11 64 3
1 14 94 1
1 24 18 1
1 16 33 3
1 12 70 2
1 17 97 3
1 19 25 3
1 14 35 1
1 6 2 1
1 1 64 1
1 2 31 3
1 2 7 2
1 5 6 1
1 6 100 1
1 6 54 2
1 19 3 2
1 1 62 2
1 4 58 2
1 16 46 2
1 8 61 3
1 6 12 3
1 15 63 1
1 5 40 1
1 20 66 2
1 3 97 2
1 7 20 2
1 4 51 1
1 6 87 2
1 15 15 2
1 4 35 1
1 12 78 2
1 2 7 3
1 5 27 3
1 1 70 1
1 13 17 1
1 6 79 1
1 6 31 2
1 10 10 2
1 19 39 3
1 25 9 3
1 15 20 2
1 23 29 3
1 14 54 1
1 12 73 1
1 14 41 3
1 9 1 3
1 4 94 2
1 25 20 3
1 1 84 3
1 6 23 2
1 2 73 1
1 17 28 3
1 6 18 2
1 12 50 3
1 4 7 2
1 2 45 2
1 8 58 1
1 19 15 3
1 6 47 3
1 2 87 1
1 1 68 2
1 1 96 3
1 5 16 1
1 4 4 1
1 18 90 1
1 3 34 3
1 10 59 2
1 2 22 2
1 19 82 2
1 1 90 2
1 2 45 1
1 4 30 2
1 16 1 2
1 9 55 3
1 17 19 1
1 3 27 3
1 20 67 1
1 7 16 3
1 21 18 3
1 1 26 1
1 3 58 3
1 13 54 2
1 8 14 3
1 2 27 1
1 25 5 2
1 3 61 3
1 7 86 3
1 12 61 3
1 4 37 1
1 2 68 2
1 6 39 2
1 3 14 2
1 4 74 3
1 15 74 1
1 7 63 3
1 2 27 2
1 4 24 1
1 7 83 1
1 5 71 3
1 14 91 3
1 5 62 1
1 1 39 2
1 17 69 3
1 6 50 2
1 7 8 1
1 22 7 1
1 6 57 1
1 2 52 3
1 10 90 1
1 2 49 1
1 10 91 2
1 5 3 1
1 22 51 2
1 6 20 2
1 7 28 3
1 5 64 1
1 2 61 2
1 7 30 3
1 1 73 3
1 22 2 2
1 2 64 2
1 7 98 3
1 20 94 3
1 2 87 1
1 3 87 1
1 24 48 3
1 7 3 3
1 24 88 2
1 5 41 2
1 18 64 3
1 6 60 2
1 15 21 2
1 2 9 3
1 3 73 2
1 7 81 2
1 2 75 1
0 13555 5038 20563 4239 15911 15582 14464 9783 9007 3497 4237 4577 18043 2079 11910 5180 8305 5568 15575 15312 9545 6604 11289 3721 4880 4582 12521 5519 17461 14305 12883 14727 8918 5301 5260 2324 3106 2062 6218 5783 5704 4077 7203 3120 2549 10167 1774 14857 5186 18425 8944 8993 16900 14596 5788 14797 8779 10454 4617 2168 9118 11029 11386 13021 3510 13361 14888 2044 3945 2039 9334 3577 14913 14586 17968 1430 5938 10974 17169 8356 3848 14364 9603 7935 11490 10884 5776 14810 12701 9417 19270 13744 4253 11536 2859 4491 984 9498 13595 19000
13555 0 17040 15545 17718 17284 22379 9741 9002 14672 13645 13471 9055 14720 12474 1793 18024 5276 10385 8050 5597 13745 7990 3260 15975 8931 12694 3720 17753 9836 1140 5196 4075 4638 8348 8374 14652 16233 11719 18571 7940 16654 10274 12903 16665 12021 5311 13356 20833 18058 15644 16188 10360 8864 3783 18314 1429 6643 7882 17429 13072 17437 17208 17844 10517 11665 6845 16098 11513 10122 15075 12333 16785 5167 12643 10996 14222 8517 13933 15135 16721 9792 4665 4575 6169 17689 11469 13157 2360 16163 19191 12102 14702 17212 4048 16369 16510 13551 5618 15170 11721
5038 17040 0 25589 5093 20764 19389 19407 14749 13743 3406 9032 8240 23081 4807 15618 1602 12139 6941 20323 19757 14436 9130 14214 7156 9364 9527 15061 8155 22276 17965 17395 18969 12559 9550 9491 6506 2367 5811 8459 9183 9318 6781 12128 4337 5149 12559 4033 18963 1668 23459 13348 14024 21653 17108 1383 18409 10997 15324 6917 4149 13164 15439 15688 18032 8546 18079 19792 6407 6986 5693 14335 2346 19323 19623 22856 3646 8547 15896 22197 12517 7574 18732 13770 10901 15845 15921 10647 18695 17464 12788 24173 18705 6506 15838 4605 575 4316 13970 18516 23887
20563 15545 25589 0 22887 8379 16204 6622 10940 13437 23098 17060 18528 2881 21161 14958 25627 15996 21678 7499 10026 12195 19691 17832 19974 16748 16345 19000 20663 5835 14686 10732 11537 16270 16900 16970 19687 23570 20098 21222 18334 18793 20261 14023 22524 21055 19431 21722 14570 25621 3199 14937 11571 6789 19298 26308 14866 19941 10695 21307 21781 16208 13877 14267 7577 17055 9159 8238 19363 19856 20534 11653 23945 10410 6107 4632 21944 19731 10818 4388 16138 18891 10881 14206 18403 13959 9787 15498 13514 10860 18315 3887 8280 21422 12567 22122 25031 21291 13141 8859 4218
4239 17718 5093 22887 0 16904 14491 17350 12743 9904 6288 5871 8811 20160 5942 16033 3925 12444 9424 18873 18984 10902 10790 15526 2938 8860 6665 16754 3186 20605 18417 16537 18568 13094 9383 9353 3418 3056 6268 3379 10021 4718 8208 8868 1208 6475 14379 5187 14233 3875 20360 9062 11589 20168 18832 4728 18919 12955 13663 1987 5641 8559 11058 11192 15631 6605 16757 16090 6263 8134 2736 11237 2805 18623 16781 20940 4165 10122 12383 19037 8042 8085 18116 13584 12172 11394 13126 7391 18838 13503 7836 22184 15226 1659 15392 1382 4894 4590 13279 14900 21956
15911 17284 20764 8379 16904 0 7842 8185 8864 7056 19146 11738 15769 5730 17220 15926 20339 15012 19040 10828 13222 6368 17788 18215 14022 13815 11333 19740 14099 10744 16903 12219 14290 15626 14296 14358 14288 18465 16269 14460 16142 12277 17243 8717 16910 17322 19088 17486 6192 20314 5181 7932 8232 11220 20862 21116 17299 18928 9639 15035 17709 8863 6245 6442 6813 12680 10726 1233 15470 16815 15133 6868 18695 13331 4967 10007 17333 17541 4986 4145 9085 15809 13431 13832 17202 6145 6309 10143 16131 3407 10715 10437 2686 15272 13292 16531 20272 16833 12475 2473 10510
15582 22379 19389 16204 14491 7842 0 14965 13396 7962 19071 11699 17595 13563 17487 20720 18407 18568 20397 17653 19626 8664 20050 22278 12300 15928 11873 23875 11308 18067 22331 17969 20341 19329 16606 16646 13336 17057 16854 11208 18436 10111 18517 10100 15057 17808 22484 17356 1732 18360 13014 6982 12028 18351 25455 19215 22807 21796 14588 12533 17734 6471 5303 4708 13090 13551 16839 8266 16155 18146 13967 10054 17051 19596 12038 17519 16769 19578 8525 11972 7260 17299 19506 18094 20179 4787 11108 10724 21877 6568 6659 18123 8983 12921 18393 14786 19048 16557 16843 8312 18151
14464 9741 19407 6622 17350 8185 14965 0 4687 9184 16700 11505 11981 5064 14805 8776 19630 9390 15081 2703 5053 7835 13068 11528 14574 10278 10687 12845 15653 3482 9129 4564 6236 9702 10363 10433 13979 17551 13740 16338 11728 13886 13724 8854 16790 14647 12968 15437 13244 19631 5941 10942 5775 3468 13505 20252 9452 13372 4156 16039 15445 12373 10776 11355 2044 11030 2900 7170 13047 13330 14779 6715 17979 5204 3219 3595 15779 13116 6982 5403 12005 12392 5396 7636 11801 11089 4728 10134 8183 8425 14547 4841 6060 16064 6195 16392 18836 15093 6525 6702 4607
9783 9002 14749 10940 12743 8864 13396 4687 0 5962 12158 6970 7702 8692 10226 7404 14944 6164 10957 6214 7015 4850 9272 9408 10050 5841 6120 10967 11304 7864 8940 4846 7277 6762 6079 6149 9344 12865 9162 12043 7725 9654 9400 4774 12133 10115 10226 10814 11832 14945 9286 7659 1563 7469 12282 15571 9422 10146 1274 11553 10852 9049 8319 8958 3384 6345 4317 7631 8437 8983 10126 3420 13292 6812 5382 8235 11111 9160 4934 8222 8473 7995 6528 5018 8432 8775 2597 5774 8566 7198 11083 9515 6178 11537 4997 11737 14181 10433 3665 6496 9262
9007 14672 13743 13437 9904 7056 7962 9184 5962 0 12385 4772 9880 10591 10538 12949 13283 10611 12925 11532 12863 1353 12252 14337 6991 8088 4534 15932 7305 12663 14765 10801 13234 11375 8736 8782 7246 11425 9692 7808 10604 5430 11042 2204 9858 10730 14528 10673 6671 13258 10642 1771 4424 12585 17566 14062 15265 13893 7234 8105 10951 3207 2660 3262 7151 6105 10060 6188 8914 10636 8084 2615 11642 12709 7472 12583 10403 11836 2620 9304 2836 9700 12468 10241 12247 3179 4467 3282 14493 3721 5367 13622 5376 8302 10822 9477 13265 9964 9060 5004 13493
3497 13645 3406 23098 6288 19146 19071 16700 12158 12385 0 7659 5014 20750 1965 12254 4600 8834 3611 17354 16583 12794 5725 10810 6989 6437 7868 11689 8586 19360 14584 14279 15714 9208 6477 6412 5752 3433 3011 9158 5849 9101 3427 10447 5118 2054 9189 1733 18353 4649 21230 12426 11693 18677 13750 4731 15022 7633 12552 7478 1439 12612 14502 14873 15527 6474 15102 18070 3780 3684 5233 12391 3926 16135 17320 20029 2389 5142 14165 20030 11853 4423 15530 10539 7497 14970 13708 9109 15346 16031 12813 21360 16844 7056 12633 5125 2903 2516 10877 16764 21054
4237 13471 9032 17060 5871 11738 11699 11505 6970 4772 7659 0 6154 14380 5888 11683 8728 8435 8711 13172 13594 5406 8661 12108 3081 4919 870 13606 4472 14817 13926 11183 13420 9210 5633 5647 2653 6767 5167 5266 7193 3185 6844 3136 5472 6154 11669 5933 10803 8711 14646 4822 5732 14438 15529 9472 14447 10648 7998 4586 6240 5286 6865 7274 9760 2059 11149 10761 4456 6492 3513 5457 7049 13286 10963 15100 5631 8107 6875 13344 4468 5726 12848 8946 9249 7346 7277 1628 14072 8479 6253 16329 9705 4571 10380 5070 8535 5202 8252 9490 16110
4577 9055 8240 18528 8811 15769 17595 11981 7702 9880 5014 6154 0 16391 3480 7490 9045 3924 3298 12404 11570 9784 2507 6717 7630 1958 5769 7999 9524 14437 9878 9270 10731 4434 1631 1560 6147 7187 2663 10314 1218 9004 1745 7681 7694 3091 5753 4343 16489 9074 16984 10614 7665 13719 10058 9417 10352 4549 7840 8895 4116 11352 12435 12957 11066 4122 10158 14588 2553 1372 6341 8930 7736 11124 13066 15169 5170 1983 10892 15885 10529 739 10522 5538 3406 12953 9727 6872 10509 13084 12394 16503 13218 8597 7624 7434 7679 4495 5886 13299 16183
18043 14720 23081 2881 20160 5730 13563 5064 8692 10591 20750 14380 16391 0 18793 13834 23031 14273 19625 6897 9562 9374 17798 16590 17233 14529 13703 17905 17850 5929 14018 9597 10961 14658 14764 14834 17025 20993 17740 18391 16336 15976 18092 11295 19851 18732 17990 19299 11889 23021 986 12065 9082 6699 18501 23733 14289 18306 8700 18531 19393 13328 11001 11401 5331 14536 7934 5430 16980 17674 17880 8932 21344 9846 3457 4890 19446 17762 7971 1593 13268 16683 10184 12606 16681 11093 7167 12790 12965 7994 15434 4932 5399 18663 11258 19450 22531 18817 11405 5983 5092
2079 12474 4807 21161 5942 17220 17487 14805 10226 10538 1965 5888 3480 18793 0 10954 5569 7404 3539 15567 14950 10884 4935 9899 5799 4599 6004 10986 7586 17547 13333 12591 14178 7889 4745 4685 4381 3784 1065 8266 4534 7750 2334 8544 4740 533 8542 885 16674 5599 19267 10704 9730 16894 13071 5943 13799 7065 10669 6633 661 11017 12752 13157 13586 4540 13316 16132 1816 2376 4101 10439 4340 14516 15359 18178 1850 4274 12235 18065 10231 2783 13927 8976 6503 13234 11743 7255 13987 14146 11451 19504 14893 6248 11034 4592 4237 1361 9167 14824 19206
11910 1793 15618 14958 16033 15926 20720 8776 7404 12949 12254 11683 7490 13834 10954 0 16522 3607 9184 7518 5431 12064 6755 2911 14218 7202 10903 4074 15983 9479 2396 4257 4057 3067 6649 6680 12916 14674 10141 16801 6442 14865 8838 11139 15004 10526 4771 11827 19201 16553 14716 14437 8692 8535 4937 16856 2888 5805 6362 15684 11572 15670 15512 16146 9266 9895 5907 14719 9879 8642 13366 10667 15221 4949 11462 10568 12653 7207 12334 14086 14947 8216 4340 2786 4936 16000 9936 11367 3112 14600 17406 11776 13296 15477 2662 14697 15075 11966 3891 13725 11398
5180 18024 1602 25627 3925 20339 18407 19630 14944 13283 4600 8728 9045 23031 5569 16522 0 12968 8211 20743 20372 14102 10252 15327 6413 9899 9338 16270 7100 22639 18899 17967 19683 13456 10189 10137 6089 2079 6449 7288 10092 8479 7767 11864 3477 6004 13774 4702 18099 67 23345 12696 14071 22070 18338 811 19361 12224 15634 5876 4954 12355 14755 14948 18132 8615 18520 19429 6905 7902 5230 14159 1687 19956 19583 23145 3994 9633 15583 22055 11770 8335 19385 14490 11960 15129 15869 10355 19554 16981 11756 24444 18425 5497 16511 3831 1822 4714 14551 18181 24176
8305 5276 12139 15996 12444 15012 18568 9390 6164 10611 8834 8435 3924 14273 7404 3607 12968 0 6144 9153 7886 10009 3835 3770 10751 3682 7733 5348 12566 11229 6002 5784 6899 789 3074 3098 9395 11087 6552 13384 2992 11603 5411 8548 11402 7002 4091 8266 17198 12997 15021 11861 6929 10406 7141 13337 6493 4049 5660 12182 8037 12944 13266 13872 9074 6510 7011 13779 6272 5160 9801 8760 11631 7416 11288 12120 9064 4076 10667 14119 12164 4637 6792 1887 2413 13781 8706 8421 6586 13000 14465 13436 12328 11952 3950 11101 11584 8371 2873 12604 13086
5568 10385 6941 21678 9424 19040 20397 15081 10957 12925 3611 8711 3298 19625 3539 9184 8211 6144 0 15221 14021 12959 2429 7367 9253 5252 8548 8124 11085 17289 11401 11910 12957 6292 4886 4817 7781 6895 3696 11786 3360 11069 1889 10759 8216 3029 5624 4237 19413 8260 20243 13448 10962 16502 10166 8303 11799 4060 10991 10167 3785 13994 15384 15863 14294 6879 13017 17867 4284 2289 7607 12182 7427 13547 16334 18110 5260 2069 14128 19163 13179 3254 12918 8013 4253 15892 13025 9755 12292 16273 14704 19440 16507 9785 10094 8102 6481 4892 8713 16573 19103
15575 8050 20323 7499 18873 10828 17653 2703 6214 11532 17354 13172 12404 6897 15567 7518 20743 9153 15221 0 2665 10210 12986 10421 16246 10970 12314 11521 17516 2076 7228 3433 4102 9248 10877 10943 15456 18678 14527 18248 11892 15839 14130 10864 18181 15324 12140 16293 15935 20753 7869 13303 7624 1329 11814 21298 7451 12843 5211 17757 16226 14739 13330 13926 4604 12330 2252 9851 13920 13776 16200 8957 19149 2973 5870 3062 16783 13169 9522 7660 14297 12936 3391 7270 11461 13671 7089 11977 6109 11099 16885 4325 8763 17729 5341 17795 19748 16071 6538 9404 3960
15312 5597 19757 10026 18984 13222 19626 5053 7015 12863 16583 13594 11570 9562 14950 5431 20372 7886 14021 2665 0 11625 11654 8314 16585 10474 12725 9225 18055 4247 4671 2447 1526 7768 10211 10269 15593 18358 13967 18832 10834 16527 13212 11779 18157 14629 10198 15749 17938 20390 10532 14607 8570 3274 9295 20848 4841 11124 5776 18116 15608 16021 14965 15588 6597 12384 2826 12169 13468 12909 16253 10249 18866 488 8266 5424 16378 11955 11218 10281 15476 12196 1121 6064 9961 15359 8641 12647 3490 13067 18088 6505 10960 18024 3959 17792 19186 15659 5822 11560 6123
9545 13745 14436 12195 10902 6368 8664 7835 4850 1353 12794 5406 9784 9374 10884 12064 14102 10009 12959 10210 11625 0 12039 13660 7965 7893 4965 15256 8475 11312 13761 9639 12069 10748 8483 8536 8015 12169 9962 9027 10372 6602 11105 2350 10742 11014 14027 11123 7207 14082 9489 3108 3387 11246 16796 14860 14251 13524 6103 9187 11356 4542 3476 4114 5800 6351 8807 5356 9166 10684 8872 1430 12433 11493 6172 11231 10969 11684 1487 8157 4189 9704 11283 9431 11835 3946 3128 3791 13415 3316 6712 12276 4337 9347 9809 10350 13933 10466 8181 4085 12143
6604 7990 9130 19691 10790 17788 20050 13068 9272 12252 5725 8661 2507 17798 4935 6755 10252 3835 2429 12986 11654 12039 0 5086 9976 4167 8264 6060 11871 15061 8987 9618 10551 3893 3557 3502 8474 8673 4542 12640 1668 11468 2603 10049 9611 4414 3608 5795 18900 10294 18479 13076 9564 14241 8145 10450 9395 2175 9098 11141 5419 13849 14848 15387 12492 6627 10823 16579 4760 2661 8543 11056 9227 11175 14627 15935 6785 668 13036 17475 13026 3012 10543 5722 1829 15368 11572 9339 9864 15294 14896 17255 15165 10809 7762 9412 8625 6230 6575 15318 16909
11289 3260 14214 17832 15526 18215 22278 11528 9408 14337 10810 12108 6717 16590 9899 2911 15327 3770 7367 10421 8314 13660 5086 0 14192 7219 11448 1597 16057 12390 4387 7102 6885 2985 6526 6527 12758 13679 9303 16866 5506 15239 7590 12306 14397 9402 2052 10779 20867 15368 17443 15625 10437 11446 3425 15536 4674 3440 8584 15543 10438 16714 16983 17597 11779 10115 8716 16987 9270 7528 13034 12350 14235 7837 14014 13475 11724 5694 14187 16731 15933 7441 7238 4392 3396 17494 12005 12182 5526 16512 18212 14687 15538 15269 5333 14148 13711 11105 5749 15896 14309
3721 15975 7156 19974 2938 14022 12300 14574 10050 6991 6989 3081 7630 17233 5799 14218 6413 10751 9253 16246 16585 7965 9976 14192 0 7070 3933 15576 1896 17898 16547 14154 16320 11478 7712 7701 1505 4794 5601 2685 8827 2189 7624 5952 2936 6259 13383 5384 11809 6380 17424 6283 8799 17517 17598 7216 17062 12127 11059 1531 5825 6007 8344 8554 12794 4350 14202 13179 5222 7403 1757 8321 4869 16257 13868 18169 4605 9334 9447 16100 5375 6993 15793 11587 11014 8725 10239 4499 16816 10633 5846 19389 12292 1491 13208 2592 6774 4581 11068 11976 19175
4880 8931 9364 16748 8860 13815 15928 10278 5841 8088 6437 4919 1958 14529 4599 7202 9899 3682 5252 10970 10474 7893 4167 7219 7070 0 4338 8693 8894 12949 9572 8069 9848 4412 718 740 5721 7886 3558 9710 2517 8023 3573 5885 7882 4386 6779 5331 14745 9917 15094 8980 5713 12298 10644 10394 10079 5891 6123 8503 5257 9855 10696 11245 9224 2898 8721 12631 2996 3150 6169 6987 8400 10063 11169 13595 5905 3791 8957 13972 9040 2154 9501 4740 4370 11217 7778 5280 9983 11174 11126 14924 11260 8281 6657 7553 8789 5186 4652 11343 14621
4582 12694 9527 16345 6665 11333 11873 10687 6120 4534 7868 870 5769 13703 6004 10903 9338 7733 8548 12314 12725 4965 8264 11448 3933 4338 0 12970 5336 13976 13121 10316 12560 8516 5055 5077 3346 7328 5170 6126 6726 3976 6660 2621 6186 6202 11117 6174 10867 9326 14007 4903 4924 13585 14859 10059 13642 10175 7133 5447 6431 5585 6851 7317 8978 1678 10282 10306 4405 6279 4188 4827 7652 12418 10266 14280 6009 7749 6393 12720 4762 5428 11983 8149 8705 7354 6559 1252 13240 8164 6793 15519 9181 5418 9536 5784 9008 5502 7413 9016 15293
12521 3720 15061 19000 16754 19740 23875 12845 10967 15932 11689 13606 7999 17905 10986 4074 16270 5348 8124 11521 9225 15256 6060 1597 15576 8693 12970 0 17456 13415 4828 8330 7727 4567 7988 7982 14118 14733 10490 18259 6782 16711 8652 13893 15599 10470 2501 11852 22463 16315 18782 17208 12024 12451 2086 16414 4958 4064 10102 16887 11479 18284 18579 19192 13226 11590 9981 18516 10541 8652 14341 13943 15287 8769 15449 14542 12832 6713 15772 18123 17499 8699 8212 5951 4595 19090 13562 13738 6077 18094 19750 15703 17071 16595 6678 15372 14586 12251 7303 17443 15322
5519 17753 8155 20663 3186 14099 11308 15653 11304 7305 8586 4472 9524 17850 7586 15983 7100 12566 11085 17516 18055 8475 11871 16057 1896 8894 5336 17456 0 19058 18283 15651 17890 13306 9554 9546 3397 5902 7466 819 10718 1877 9498 6816 3837 8068 15277 7083 11062 7053 17940 6169 9928 18750 19470 7907 18801 14023 12402 1238 7540 5472 8053 8123 13771 6088 15560 13388 7114 9288 3485 9114 5811 17753 14595 19231 6207 11227 9902 16603 5051 8890 17319 13305 12903 8346 11112 5545 18494 10698 4657 20402 12678 1652 14831 3639 7872 6304 12695 12275 20215
17461 9836 22276 5835 20605 10744 18067 3482 7864 12663 19360 14817 14437 5929 17547 9479 22639 11229 17289 2076 4247 11312 15061 12390 17898 12949 13976 13415 19058 0 8916 5496 5773 11320 12890 12957 17201 20566 16499 19760 13953 17318 16170 12291 19971 17321 14160 18253 16335 22646 6910 14417 9133 973 13542 23216 9063 14901 7013 19387 18203 15846 14166 14726 5513 14137 4284 9937 15869 15809 17972 10193 21024 4670 6030 1203 18705 15240 10404 7049 15486 14951 5203 9346 13535 14449 8210 13518 7714 11640 18023 2297 9086 19388 7403 19579 21701 17998 8592 9760 1920
14305 1140 17965 14686 18417 16903 22331 9129 8940 14765 14584 13926 9878 14018 13333 2396 18899 6002 11401 7228 4671 13761 8987 4387 16547 9572 13121 4828 18283 8916 0 4691 3150 5446 9036 9068 15271 17064 12533 19100 8809 17097 11185 13108 17395 12897 6438 14210 20746 18931 14961 16344 10380 7943 4626 19218 521 7738 7748 18026 13945 17637 17237 17875 10095 12206 6273 15742 12275 11006 15740 12335 17613 4276 12146 10095 15045 9486 13828 14531 16948 10607 3847 4983 7158 17704 11300 13487 1263 15999 19466 11154 14378 17830 3952 17086 17427 14360 5821 14881 10773
12883 5196 17395 10732 16537 12219 17969 4564 4846 10801 14279 11183 9270 9597 12591 4257 17967 5784 11910 3433 2447 9639 9618 7102 14154 8069 10316 8330 15651 5496 4691 0 2433 5828 7847 7907 13148 15942 11590 16435 8630 14161 10954 9527 15712 12293 8737 13374 16330 17984 10497 12505 6405 4635 8944 18460 5081 9410 3572 15685 13252 13891 13072 13706 5407 9938 1666 11067 11065 10628 13806 8222 16445 2104 7468 6480 13973 9844 9451 9944 13299 9865 1701 3901 8046 13502 6861 10300 3961 11503 15902 7757 9724 15587 1908 15346 16823 13254 3426 10251 7393
14727 4075 18969 11537 18568 14290 20341 6236 7277 13234 15714 13420 10731 10961 14178 4057 19683 6899 12957 4102 1526 12069 10551 6885 16320 9848 12560 7727 17890 5773 3150 2433 0 6664 9496 9548 15227 17711 13238 18685 9889 16464 12302 11926 17674 13820 8821 15008 18685 19706 11920 14935 8833 4800 7772 20114 3348 9839 6003 17847 14829 16318 15493 16126 7525 12024 3587 13187 12805 12030 15832 10654 18235 1131 9390 6947 15704 10908 11840 11584 15717 11397 861 5201 8797 15917 9244 12634 2008 13833 18315 8029 11906 17721 3192 17323 18405 14988 5289 12471 7647
8918 4638 12559 16270 13094 15626 19329 9702 6762 11375 9208 9210 4434 14658 7889 3067 13456 789 6292 9248 7768 10748 3893 2985 11478 4412 8516 4567 13306 11320 5446 5828 6664 0 3773 3790 10102 11621 7093 14122 3377 12372 5784 9326 12030 7459 3468 8764 17945 13488 15434 12642 7616 10461 6353 13791 5918 3672 6153 12893 8505 13731 14029 14637 9534 7268 7182 14392 6875 5578 10479 9477 12170 7288 11765 12263 9603 4249 11365 14576 12952 5166 6655 2067 2220 14542 9333 9209 6139 13698 15252 13562 12939 12654 3932 11739 12013 8923 3284 13238 13204
5301 8348 9550 16900 9383 14296 16606 10363 6079 8736 6477 5633 1631 14764 4745 6649 10189 3074 4886 10877 10211 8483 3557 6526 7712 718 5055 7988 9554 12890 9036 7847 9496 3773 0 70 6330 8218 3757 10368 1889 8724 3363 6538 8365 4458 6062 5538 15402 10211 15364 9671 6119 12199 9951 10641 9536 5196 6216 9120 5405 10564 11358 11915 9437 3603 8625 13099 3317 2966 6727 7514 8747 9784 11451 13590 6208 3247 9492 14277 9750 2061 9203 4320 3655 11880 8169 5984 9510 11740 11844 14923 11707 8883 6323 8051 8978 5493 4424 11823 14609
5260 8374 9491 16970 9353 14358 16646 10433 6149 8782 6412 5647 1560 14834 4685 6680 10137 3098 4817 10943 10269 8536 3502 6527 7701 740 5077 7982 9546 12957 9068 7907 9548 3790 70 0 6313 8169 3701 10360 1836 8729 3293 6583 8330 4395 6040 5482 15446 10159 15434 9707 6185 12265 9950 10586 9567 5160 6286 9104 5345 10593 11401 11957 9507 3611 8691 13163 3271 2897 6702 7573 8699 9840 11521 13658 6157 3186 9551 14346 9779 1995 9258 4367 3630 11923 8235 6016 9550 11796 11863 14991 11771 8864 6376 8018 8919 5443 4485 11885 14677
2324 14652 6506 19687 3418 14288 13336 13979 9344 7246 5752 2653 6147 17025 4381 12916 6089 9395 7781 15456 15593 8015 8474 12758 1505 5721 3346 14118 3397 17201 15271 13148 15227 10102 6330 6313 0 4179 4109 4172 7352 3380 6125 5785 2840 4815 11898 4069 12694 6070 17299 6893 8247 16754 16153 6846 15782 10628 10246 2793 4484 6903 8992 9291 12314 3211 13339 13351 3717 5899 861 8109 4419 15241 13599 17562 3435 7830 9495 15998 6177 5498 14747 10351 9543 9423 9900 4274 15605 10964 7095 18818 12336 2561 12072 2438 6046 3259 9942 12096 18582
3106 16233 2367 23570 3056 18465 17057 17551 12865 11425 3433 6767 7187 20993 3784 14674 2079 11087 6895 18678 18358 12169 8673 13679 4794 7886 7328 14733 5902 20566 17064 15942 17711 11621 8218 8169 4179 0 4535 6294 8299 6965 6096 9893 2071 4278 12265 2901 16603 2082 21327 10986 12006 20004 16817 2740 17539 10751 13558 4677 3254 10800 13074 13321 16062 6541 16460 17518 4906 6160 3347 12155 556 17949 17541 21067 2024 8024 13642 20046 10150 6458 17386 12536 10285 13479 13827 8393 17664 15142 10488 22366 16470 4252 14528 2280 1991 2728 12536 16254 22098
2062 11719 5811 20098 6268 16269 16854 13740 9162 9692 3011 5167 2663 17740 1065 10141 6449 6552 3696 14527 13967 9962 4542 9303 5601 3558 5170 10490 7466 16499 12533 11590 13238 7093 3757 3701 4109 4535 0 8201 3821 7372 2036 7639 5109 1053 8114 1784 15967 6473 18222 9982 8686 15855 12571 6885 13010 6716 9607 6643 1709 10404 11994 12428 12524 3615 12278 15165 799 1882 4042 9455 5081 13540 14310 17120 2513 3876 11283 17028 9600 1928 12959 8042 5923 12487 10709 6421 13131 13248 11017 18445 13905 6294 10075 4886 5237 1832 8164 13856 18149
6218 18571 8459 21222 3379 14460 11208 16338 12043 7808 9158 5266 10314 18391 8266 16801 7288 13384 11786 18248 18832 9027 12640 16866 2685 9710 6126 18259 819 19760 19100 16435 18685 14122 10368 10360 4172 6294 8201 0 11512 2463 10237 7486 4228 8759 16066 7718 11089 7236 18447 6543 10642 19472 20277 8081 19618 14798 13158 1681 8179 5691 8319 8329 14433 6906 16315 13802 7880 10040 4180 9744 6136 18536 15180 19907 6802 11992 10423 17109 5376 9670 18108 14121 13699 8571 11754 6271 19305 11075 4562 21063 13159 2105 15636 4095 8223 6957 13502 12727 20883
5783 7940 9183 18334 10021 16142 18436 11728 7725 10604 5849 7193 1218 16336 4534 6442 10092 2992 3360 11892 10834 10372 1668 5506 8827 2517 6726 6782 10718 13953 8809 8630 9889 3377 1889 1836 7352 8299 3821 11512 0 10134 2422 8402 8895 4088 4564 5416 17261 10125 16985 11475 7931 13184 8839 10414 9269 3456 7663 10108 5138 12299 13212 13759 11010 5136 9674 14938 3769 2201 7559 9392 8853 10373 13102 14757 6298 1435 11371 15946 11479 1936 9755 4772 2192 13733 9956 7752 9511 13626 13447 16088 13532 9814 6877 8642 8636 5646 5365 13670 15754
5704 16654 9318 18793 4718 12277 10111 13886 9654 5430 9101 3185 9004 15976 7750 14865 8479 11603 11069 15839 16527 6602 11468 15239 2189 8023 3976 16711 1877 17318 17097 14161 16464 12372 8724 8729 3380 6965 7372 2463 10134 0 9321 5032 5026 8164 14680 7443 9648 8440 16064 4369 8219 17049 18665 9289 17618 13553 10802 2773 7863 3876 6340 6484 11972 5125 13952 11536 6847 9040 3892 7282 7004 16251 12735 17449 6738 10862 8025 14727 3324 8458 15849 12121 12265 6680 9291 3888 17208 8871 3716 18601 10805 3058 13489 4720 8952 6632 11378 10409 18423
4077 10274 6781 20261 8208 17243 18517 13724 9400 11042 3427 6844 1745 18092 2334 8838 7767 5411 1889 14130 13212 11105 2603 7590 7624 3573 6660 8652 9498 16170 11185 10954 12302 5784 3363 3293 6125 6096 2036 10237 2422 9321 0 8883 7021 1819 6211 3202 17524 7804 18665 11562 9259 15441 10738 8040 11633 4750 9579 8678 2849 12130 13494 13975 12775 4990 11888 16085 2476 430 6077 10376 6651 12756 14741 16911 4183 1941 12305 17545 11312 1444 12144 7151 4202 14002 11326 7866 11923 14421 12908 18245 14746 8324 9254 6836 6242 3632 7599 14784 17924
7203 12903 12128 14023 8868 8717 10100 8854 4774 2204 10447 3136 7681 11295 8544 11139 11864 8548 10759 10864 11779 2350 10049 12306 5952 5885 2621 13893 6816 12291 13108 9527 11926 9326 6538 6583 5785 9893 7639 7486 8402 5032 8883 0 8580 8690 12391 8773 8863 11848 11528 3327 3254 12046 15600 12606 13621 11709 6005 7317 9008 4536 4823 5394 6955 4025 9085 7686 6848 8471 6646 2370 10184 11556 7916 12421 8630 9633 3774 10219 3843 7520 11227 8373 10080 5345 4314 1511 12975 5609 6404 13586 6580 7408 9233 8181 11616 8117 7301 6396 13400
3120 16665 4337 22524 1208 16910 15057 16790 12133 9858 5118 5472 7694 19851 4740 15004 3477 11402 8216 18181 18157 10742 9611 14397 2936 7882 6186 15599 3837 19971 17395 15712 17674 12030 8365 8330 2840 2071 5109 4228 8895 5026 7021 8580 0 5273 13208 3979 14670 3444 20107 9219 11078 19490 17680 4281 17892 11771 12980 2607 4433 8898 11278 11476 15149 5852 16025 16030 5163 6961 2012 10925 1995 17781 16433 20364 2957 8943 12229 18799 8297 6962 17257 12621 11028 11654 12737 7071 17861 13535 8452 21630 15078 2185 14486 402 4036 3394 12397 14801 21388
2549 12021 5149 21055 6475 17322 17808 14647 10115 10730 2054 6154 3091 18732 533 10526 6004 7002 3029 15324 14629 11014 4414 9402 6259 4386 6202 10470 8068 17321 12897 12293 13820 7459 4458 4395 4815 4278 1053 8759 4088 8164 1819 8690 5273 0 8020 1383 16956 6038 19229 10975 9698 16649 12555 6337 13357 6536 10498 7137 1051 11344 13004 13426 13489 4666 13072 16216 1852 1900 4584 10504 4834 14190 15311 17980 2376 3756 12336 18045 10549 2433 13594 8622 6009 13493 11732 7454 13577 14298 11851 19310 14952 6757 10697 5123 4588 1890 8877 14908 19006
10167 5311 12559 19431 14379 19088 22484 12968 10226 14528 9189 11669 5753 17990 8542 4771 13774 4091 5624 12140 10198 14027 3608 2052 13383 6779 11117 2501 15277 14160 6438 8737 8821 3468 6062 6040 11898 12265 8114 16066 4564 14680 6211 12391 13208 8020 0 9399 21173 13819 18798 15639 11017 13237 4565 13913 6723 1564 9606 14630 9014 16601 17187 17775 12958 9615 10272 17855 8240 6247 12051 12819 12817 9714 15196 15201 10392 4272 14745 17987 15793 6410 9097 5420 2420 17707 12788 12017 7563 17075 17902 16450 16402 14318 6866 12999 12085 9834 6721 16690 16077
1774 13356 4033 21722 5187 17486 17356 15437 10814 10673 1733 5933 4343 19299 885 11827 4702 8266 4237 16293 15749 11123 5795 10779 5384 5331 6174 11852 7083 18253 14210 13374 15008 8764 5538 5482 4069 2901 1784 7718 5416 7443 3202 8773 3979 1383 9399 0 16623 4731 19739 10693 10217 17622 13938 5107 14677 7907 11325 6055 465 10891 12771 13141 14146 4858 14047 16428 2392 3260 3635 10785 3457 15322 15850 18852 1027 5139 12516 18514 10128 3633 14739 9808 7385 13237 12193 7406 14852 14337 11159 20174 15231 5651 11852 3874 3458 811 9948 15126 19883
14857 20833 18963 14570 14233 6192 1732 13244 11832 6671 18353 10803 16489 11889 16674 19201 18099 17198 19413 15935 17938 7207 18900 20867 11809 14745 10867 22463 11062 16335 20746 16330 18685 17945 15402 15446 12694 16603 15967 11089 17261 9648 17524 8863 14670 16956 21173 16623 0 18056 11373 5985 10518 16623 23988 18910 21215 20563 12998 12248 16975 5810 4054 3550 11383 12534 15163 6552 15235 17137 13391 8553 16652 17919 10306 15790 16119 18462 6918 10296 6517 16248 17844 16621 18913 3536 9477 9663 20255 4871 6563 16405 7252 12607 16822 14368 18582 15841 15344 6581 16429
5186 18058 1668 25621 3875 20314 18360 19631 14945 13258 4649 8711 9074 23021 5599 16553 67 12997 8260 20753 20390 14082 10294 15368 6380 9917 9326 16315 7053 22646 18931 17984 19706 13488 10211 10159 6070 2082 6473 7236 10125 8440 7804 11848 3444 6038 13819 4731 18056 0 23333 12663 14066 22079 18384 855 19394 12270 15640 5830 4988 12316 14721 14911 18129 8614 18531 19407 6923 7937 5210 14146 1676 19975 19574 23149 4012 9674 15564 22041 11733 8362 19405 14514 11999 15093 15860 10338 19583 16954 11708 24448 18406 5453 16533 3800 1881 4732 14569 18160 24180
18425 15644 23459 3199 20360 5181 13014 5941 9286 10642 21230 14646 16984 986 19267 14716 23345 15021 20243 7869 10532 9489 18479 17443 17424 15094 14007 18782 17940 6910 14961 10497 11920 15434 15364 15434 17299 21327 18222 18447 16985 16064 18665 11528 20107 19229 18798 19739 11373 23333 0 12025 9537 7685 19421 24063 15240 19065 9399 18676 19853 13231 10811 11165 5988 14932 8831 5081 17451 18244 18158 9191 21659 10810 3927 5856 19840 18417 8039 1338 13232 17243 11135 13394 17419 10857 7550 13036 13922 7774 15292 5819 5312 18829 12118 19708 22916 19228 12163 5827 6004
8944 16188 13348 14937 9062 7932 6982 10942 7659 1771 12426 4822 10614 12065 10704 14437 12696 11861 13448 13303 14607 3108 13076 15625 6283 8980 4903 17208 6169 14417 16344 12505 14935 12642 9671 9707 6893 10986 9982 6543 11475 4369 11562 3327 9219 10975 15639 10693 5985 12663 12025 0 6102 14353 18927 13497 16850 14867 8933 7141 11028 1436 2099 2453 8904 6580 11813 7264 9251 11182 7664 4375 11124 14442 9090 14309 10260 12597 4188 10693 1207 10321 14184 11684 13287 2546 6234 3742 16132 4535 3605 15320 6713 7408 12424 8868 12916 9927 10572 6230 15203
8993 10360 14024 11571 11589 8232 12028 5775 1563 4424 11693 5732 7665 9082 9730 8692 14071 6929 10962 7624 8570 3387 9564 10437 8799 5713 4924 12024 9928 9133 10380 6405 8833 7616 6119 6185 8247 12006 8686 10642 7931 8219 9259 3254 11078 9698 11017 10217 10518 14066 9537 6102 0 8831 13477 14741 10873 10729 2833 10269 10319 7487 6860 7498 4074 5484 5840 7017 7914 8831 9068 1975 12394 8374 5634 9371 10381 9345 3754 8347 6911 7817 8090 6117 9005 7333 2067 4385 10071 6084 9521 10598 5602 10289 6428 10678 13469 9741 4826 5770 10378
16900 8864 21653 6789 20168 11220 18351 3468 7469 12585 18677 14438 13719 6699 16894 8535 22070 10406 16502 1329 3274 11246 14241 11446 17517 12298 13585 12451 18750 973 7943 4635 4800 10461 12199 12265 16754 20004 15855 19472 13184 17049 15441 12046 19490 16649 13237 17622 16623 22079 7685 14353 8831 0 12569 22627 8093 14013 6511 19022 17553 15787 14244 14823 5499 13640 3578 10339 15249 15090 17504 10051 20473 3698 6366 2162 18112 14444 10447 7705 15383 14257 4240 8520 12680 14556 8119 13205 6743 11850 17951 3252 9381 19002 6532 19103 21077 17400 7843 10045 2871
14596 3783 17108 19298 18832 20862 25455 13505 12282 17566 13750 15529 10058 18501 13071 4937 18338 7141 10166 11814 9295 16796 8145 3425 17598 10644 14859 2086 19470 13542 4626 8944 7772 6353 9951 9950 16153 16817 12571 20277 8839 18665 10738 15600 17680 12555 4565 13938 23988 18384 19421 18927 13477 12569 0 18467 4530 6116 11286 18930 13563 20058 20188 20811 14170 13540 10605 19656 12605 10736 16397 15436 17370 8891 16339 14719 14918 8799 17183 18886 19289 10765 8423 7367 6662 20690 14843 15559 5853 19476 21606 15779 18232 18646 7578 17449 16641 14336 8658 18657 15398
5788 18314 1383 26308 4728 21116 19215 20252 15571 14062 4731 9472 9417 23733 5943 16856 811 13337 8303 21298 20848 14860 10450 15536 7216 10394 10059 16414 7907 23216 19218 18460 20114 13791 10641 10586 6846 2740 6885 8081 10414 9289 8040 12606 4281 6337 13913 5107 18910 855 24063 13497 14741 22627 18467 0 19670 12353 16224 6685 5301 13165 15559 15755 18791 9267 19065 20196 7402 8214 5991 14886 2427 20424 20282 23748 4515 9853 16339 22779 12577 8726 19844 14914 12200 15935 16567 11101 19914 17765 12562 25054 19176 6308 16959 4629 1828 5228 15036 18942 24780
14797 1429 18409 14866 18919 17299 22807 9452 9422 15265 15022 14447 10352 14289 13799 2888 19361 6493 11799 7451 4841 14251 9395 4674 17062 10079 13642 4958 18801 9063 521 5081 3348 5918 9536 9567 15782 17539 13010 19618 9269 17618 11633 13621 17892 13357 6723 14677 21215 19394 15240 16850 10873 8093 4530 19670 0 8072 8219 18540 14407 18148 17727 18365 10486 12723 6626 16146 12764 11463 16246 12824 18088 4479 12509 10253 15521 9909 14297 14846 17462 11083 4105 5503 7569 18191 11758 14006 1352 16454 19982 11273 14793 18342 4445 17585 17874 14839 6338 15306 10893
8779 6643 10997 19941 12955 18928 21796 13372 10146 13893 7633 10648 4549 18306 7065 5805 12224 4049 4060 12843 11124 13524 2175 3440 12127 5891 10175 4064 14023 14901 7738 9410 9839 3672 5196 5160 10628 10751 6716 14798 3456 13553 4750 11709 11771 6536 1564 7907 20563 12270 19065 14867 10729 14013 6116 12353 8072 0 9708 13312 7509 15735 16533 17099 13123 8592 10832 17700 6923 4834 10716 12411 11300 10637 15335 15882 8913 2841 14376 18167 14917 5137 10006 5739 1726 17054 12625 11169 8785 16686 16901 17167 16257 12983 7502 11580 10526 8382 6903 16486 16803
10454 7882 15324 10695 13663 9639 14588 4156 1274 7234 12552 7998 7840 8700 10669 6362 15634 5660 10991 5211 5776 6103 9098 8584 11059 6123 7133 10102 12402 7013 7748 3572 6003 6153 6216 6286 10246 13558 9607 13158 7663 10802 9579 6005 12980 10498 9606 11325 12998 15640 9399 8933 2833 6511 11286 16224 8219 9708 0 12579 11315 10320 9563 10201 3422 7133 3158 8415 8933 9180 10992 4676 14012 5555 5628 7532 11721 9078 6080 8461 9738 8237 5257 4227 8036 10011 3588 6914 7321 8282 12345 8850 6974 12535 3839 12592 14750 11022 2888 7374 8564
4617 17429 6917 21307 1987 15035 12533 16039 11553 8105 7478 4586 8895 18531 6633 15684 5876 12182 10167 17757 18116 9187 11141 15543 1531 8503 5447 16887 1238 19387 18026 15685 17847 12893 9120 9104 2793 4677 6643 1681 10108 2773 8678 7317 2607 7137 14630 6055 12248 5830 18676 7141 10269 19022 18930 6685 18540 13312 12579 0 6518 6579 9104 9219 14226 5855 15725 14265 6395 8509 2603 9672 4573 17789 15209 19633 5126 10484 10650 17344 6086 8220 17323 13080 12300 9427 11629 5919 18320 11628 5890 20839 13470 429 14728 2434 6640 5306 12588 13108 20633
2168 13072 4149 21781 5641 17709 17734 15445 10852 10951 1439 6240 4116 19393 661 11572 4954 8037 3785 16226 15608 11356 5419 10438 5825 5257 6431 11479 7540 18203 13945 13252 14829 8505 5405 5345 4484 3254 1709 8179 5138 7863 2849 9008 4433 1051 9014 465 16975 4988 19853 11028 10319 17553 13563 5301 14407 7509 11315 6518 0 11265 13096 13479 14204 5043 13976 16636 2418 2951 4081 10966 3808 15174 15952 18828 1476 4770 12730 18642 10494 3432 14584 9628 7049 13569 12318 7674 14617 14593 11579 20154 15418 6115 11690 4335 3579 1244 9828 15331 19857
9118 17437 13164 16208 8559 8863 6471 12373 9049 3207 12612 5286 11352 13328 11017 15670 12355 12944 13994 14739 16021 4542 13849 16714 6007 9855 5585 18284 5472 15846 17637 13891 16318 13731 10564 10593 6903 10800 10404 5691 12299 3876 12130 4536 8898 11344 16601 10891 5810 12316 13231 1436 7487 15787 20058 13165 18148 15735 10320 6579 11265 0 2642 2651 10333 7238 13234 8332 9725 11775 7584 5804 10867 15847 10448 15721 10336 13329 5557 11909 823 10982 15576 12898 14214 2883 7669 4584 17468 5554 2184 16715 7938 6905 13742 8582 12775 10096 11836 7405 16605
11029 17208 15439 13877 11058 6245 5303 10776 8319 2660 14502 6865 12435 11001 12752 15512 14755 13266 15384 13330 14965 3476 14848 16983 8344 10696 6851 18579 8053 14166 17237 13072 15493 14029 11358 11401 8992 13074 11994 8319 13212 6340 13494 4823 11278 13004 17187 12771 4054 14721 10811 2099 6860 14244 20188 15559 17727 16533 9563 9104 13096 2642 0 639 8751 8507 12139 5802 11246 13102 9760 4904 13200 14865 8413 13884 12355 14407 3808 9515 3018 12202 14691 12841 14898 522 6328 5629 16882 3039 4508 14763 5620 9399 13285 10935 15010 12011 11622 5018 14697
11386 17844 15688 14267 11192 6442 4708 11355 8958 3262 14873 7274 12957 11401 13157 16146 14948 13872 15863 13926 15588 4114 15387 17597 8554 11245 7317 19192 8123 14726 17875 13706 16126 14637 11915 11957 9291 13321 12428 8329 13759 6484 13975 5394 11476 13426 17775 13141 3550 14911 11165 2453 7498 14823 20811 15755 18365 17099 10201 9219 13479 2651 639 0 9338 8985 12763 6111 11691 13588 10034 5542 13423 15493 8919 14417 12686 14934 4407 9888 3179 12703 15322 13469 15474 308 6948 6115 17520 3407 4277 15271 6056 9534 13923 11145 15275 12370 12255 5430 15213
13021 10517 18032 7577 15631 6813 13090 2044 3384 7151 15527 9760 11066 5331 13586 9266 18132 9074 14294 4604 6597 5800 12492 11779 12794 9224 8978 13226 13771 5513 10095 5407 7525 9534 9437 9507 12314 16062 12524 14433 11010 11972 12775 6955 15149 13489 12958 14146 11383 18129 5988 8904 4074 5499 14170 18791 10486 13123 3422 14226 14204 10333 8751 9338 0 9524 3940 5674 11786 12361 13139 4730 16459 6634 2241 5489 14386 12438 4949 5046 9978 11377 6665 7540 11456 9078 2718 8308 9325 6522 12510 6631 4383 14278 6604 14748 17470 13725 6250 4967 6451
3510 11665 8546 17055 6605 12680 13551 11030 6345 6105 6474 2059 4122 14536 4540 9895 8615 6510 6879 12330 12384 6351 6627 10115 4350 2898 1678 11590 6088 14137 12206 9938 12024 7268 3603 3611 3211 6541 3615 6906 5136 5125 4990 4025 5852 4666 9615 4858 12534 8614 14932 6580 5484 13640 13540 9267 12723 8592 7133 5855 5043 7238 8507 8985 9524 0 10176 11596 2823 4604 3887 5927 6952 12031 11079 14574 4911 6093 7695 13688 6415 3753 11537 7238 7194 9014 7385 2879 12467 9633 8311 15860 10377 5703 8882 5468 7995 4298 6746 10290 15603
13361 6845 18079 9159 16757 10726 16839 2900 4317 10060 15102 11149 10158 7934 13316 5907 18520 7011 13017 2252 2826 8807 10823 8716 14202 8721 10282 9981 15560 4284 6273 1666 3587 7182 8625 8691 13339 16460 12278 16315 9674 13952 11888 9085 16025 13072 10272 14047 15163 18531 8831 11813 5840 3578 10605 19065 6626 10832 3158 15725 13976 13234 12139 12763 3940 10176 0 9608 11679 11530 14059 7444 16938 2757 5883 5112 14551 10976 8399 8291 12712 10685 2727 5147 9370 12535 5817 10064 5412 10297 15324 6433 8319 15672 3410 15643 17504 13837 4310 8886 6090
14888 16098 19792 8238 16090 1233 8266 7170 7631 6188 18070 10761 14588 5430 16132 14719 19429 13779 17867 9851 12169 5356 16579 16987 13179 12631 10306 18516 13388 9937 15742 11067 13187 14392 13099 13163 13351 17518 15165 13802 14938 11536 16085 7686 16030 16216 17855 16428 6552 19407 5081 7264 7017 10339 19656 20196 16146 17700 8415 14265 16636 8332 5802 6111 5674 11596 9608 0 14365 15656 14205 5725 17770 12255 3990 9295 16315 16342 3916 3856 8453 14646 12326 12602 15975 5803 5078 9147 14999 2780 10309 9857 1453 14478 12092 15645 19289 15795 11245 1309 9891
2044 11513 6407 19363 6263 15470 16155 13047 8437 8914 3780 4456 2553 16980 1816 9879 6905 6272 4284 13920 13468 9166 4760 9270 5222 2996 4405 10541 7114 15869 12275 11065 12805 6875 3317 3271 3717 4906 799 7880 3769 6847 2476 6848 5163 1852 8240 2392 15235 6923 17451 9251 7914 15249 12605 7402 12764 6923 8933 6395 2418 9725 11246 11691 11786 2823 11679 14365 0 2200 3812 8656 5431 13052 13544 16460 2910 4113 10484 16250 8914 1841 12485 7637 5945 11743 9928 5651 12807 12455 10436 17782 13107 6078 9622 4890 5832 2191 7647 13057 17491
3945 10122 6986 19856 8134 16815 18146 13330 8983 10636 3684 6492 1372 17674 2376 8642 7902 5160 2289 13776 12909 10684 2661 7528 7403 3150 6279 8652 9288 15809 11006 10628 12030 5578 2966 2897 5899 6160 1882 10040 2201 9040 430 8471 6961 1900 6247 3260 17137 7937 18244 11182 8831 15090 10736 8214 11463 4834 9180 8509 2951 11775 13102 13588 12361 4604 11530 15656 2200 0 5906 9948 6716 12457 14319 16538 4198 1994 11879 17120 10956 1015 11850 6857 4132 13611 10897 7475 11709 14000 12598 17872 14316 8167 8954 6755 6436 3599 7254 14355 17553
2039 15075 5693 20534 2736 15133 13967 14779 10126 8084 5233 3513 6341 17880 4101 13366 5230 9801 7607 16200 16253 8872 8543 13034 1757 6169 4188 14341 3485 17972 15740 13806 15832 10479 6727 6702 861 3347 4042 4180 7559 3892 6077 6646 2012 4584 12051 3635 13391 5210 18158 7664 9068 17504 16397 5991 16246 10716 10992 2603 4081 7584 9760 10034 13139 3887 14059 14205 3812 5906 0 8967 3565 15890 14450 18355 2853 7884 10353 16857 6888 5649 15381 10870 9747 10178 10747 5135 16128 11798 7588 19620 13196 2268 12659 1613 5252 2838 10544 12952 19378
9334 12333 14335 11653 11237 6868 10054 6715 3420 2615 12391 5457 8930 8932 10439 10667 14159 8760 12182 8957 10249 1430 11056 12350 8321 6987 4827 13943 9114 10193 12335 8222 10654 9477 7514 7573 8109 12155 9455 9744 9392 7282 10376 2370 10925 10504 12819 10785 8553 14146 9191 4375 1975 10051 15436 14886 12824 12411 4676 9672 10966 5804 4904 5542 4730 5927 7444 5725 8656 9948 8967 0 12474 10102 5547 10218 10763 10756 1980 7896 5340 8943 9876 8069 10701 5369 2018 3859 11986 4275 7932 11336 4454 9773 8383 10525 13806 10195 6795 4418 11171
3577 16785 2346 23945 2805 18695 17051 17979 13292 11642 3926 7049 7736 21344 4340 15221 1687 11631 7427 19149 18866 12433 9227 14235 4869 8400 7652 15287 5811 21024 17613 16445 18235 12170 8747 8699 4419 556 5081 6136 8853 7004 6651 10184 1995 4834 12817 3457 16652 1676 21659 11124 12394 20473 17370 2427 18088 11300 14012 4573 3808 10867 13200 13423 16459 6952 16938 17770 5431 6716 3565 12474 0 18460 17898 21507 2568 8579 13912 20370 10244 7006 17901 13066 10841 13591 14183 8677 18205 15350 10443 22801 16751 4161 15049 2285 2091 3265 13045 16516 22538
14913 5167 19323 10410 18623 13331 19596 5204 6812 12709 16135 13286 11124 9846 14516 4949 19956 7416 13547 2973 488 11493 11175 7837 16257 10063 12418 8769 17753 4670 4276 2104 1131 7288 9784 9840 15241 17949 13540 18536 10373 16251 12756 11556 17781 14190 9714 15322 17919 19975 10810 14442 8374 3698 8891 20424 4479 10637 5555 17789 15174 15847 14865 15493 6634 12031 2757 12255 13052 12457 15890 10102 18460 0 8396 5832 15963 11482 11147 10506 15285 11756 635 5606 9477 15271 8557 12380 3135 13052 17895 6943 11013 17689 3503 17419 18753 15244 5416 11600 6561
14586 12643 19623 6107 16781 4967 12038 3219 5382 7472 17320 10963 13066 3457 15359 11462 19583 11288 16334 5870 8266 6172 14627 14014 13868 11169 10266 15449 14595 6030 12146 7468 9390 11765 11451 11521 13599 17541 14310 15180 13102 12735 14741 7916 16433 15311 15196 15850 10306 19574 3927 9090 5634 6366 16339 20282 12509 15335 5628 15209 15952 10448 8413 8919 2241 11079 5883 3990 13544 14319 14450 5547 17898 8396 0 5543 15989 14537 4902 2849 10263 13318 8536 9779 13656 8626 3715 9393 11287 5673 12617 6352 3060 15318 8801 16031 19074 15362 8483 3736 6297
17968 10996 22856 4632 20940 10007 17519 3595 8235 12583 20029 15100 15169 4890 18178 10568 23145 12120 18110 3062 5424 11231 15935 13475 18169 13595 14280 14542 19231 1203 10095 6480 6947 12263 13590 13658 17562 21067 17120 19907 14757 17449 16911 12421 20364 17980 15201 18852 15790 23149 5856 14309 9371 2162 14719 23748 10253 15882 7532 19633 18828 15721 13884 14417 5489 14574 5112 9295 16460 16538 18355 10218 21507 5832 5543 0 19251 16079 10197 6135 15419 15648 6344 10250 14465 14130 8203 13724 8902 11215 17904 1334 8585 19660 8383 19968 22282 18554 9397 9263 1032
1430 14222 3646 21944 4165 17333 16769 15779 11111 10403 2389 5631 5170 19446 1850 12653 3994 9064 5260 16783 16378 10969 6785 11724 4605 5905 6009 12832 6207 18705 15045 13973 15704 9603 6208 6157 3435 2024 2513 6802 6298 6738 4183 8630 2957 2376 10392 1027 16119 4012 19840 10260 10381 18112 14918 4515 15521 8913 11721 5126 1476 10336 12355 12686 14386 4911 14551 16315 2910 4198 2853 10763 2568 15963 15989 19251 0 6123 12402 18589 9602 4438 15394 10521 8329 12804 12294 7192 15640 14107 10441 20563 15174 4712 12526 2870 3088 719 10557 15024 20284
5938 8517 8547 19731 10122 17541 19578 13116 9160 11836 5142 8107 1983 17762 4274 7207 9633 4076 2069 13169 11955 11684 668 5694 9334 3791 7749 6713 11227 15240 9486 9844 10908 4249 3247 3186 7830 8024 3876 11992 1435 10862 1941 9633 8943 3756 4272 5139 18462 9674 18417 12597 9345 14444 8799 9853 9909 2841 9078 10484 4770 13329 14407 14934 12438 6093 10976 16342 4113 1994 7884 10756 8579 11482 14537 16079 6123 0 12732 17381 12505 2407 10853 5946 2355 14926 11379 8855 10318 14964 14324 17406 14943 10149 8025 8744 8033 5563 6685 15068 17066
10974 13933 15896 10818 12383 4986 8525 6982 4934 2620 14165 6875 10892 7971 12235 12334 15583 10667 14128 9522 11218 1487 13036 14187 9447 8957 6393 15772 9902 10404 13828 9451 11840 11365 9492 9551 9495 13642 11283 10423 11371 8025 12305 3774 12229 12336 14745 12516 6918 15564 8039 4188 3754 10447 17183 16339 14297 14376 6080 10650 12730 5557 3808 4407 4949 7695 8399 3916 10484 11879 10353 1980 13912 11147 4902 10197 12402 12732 0 6703 5364 10880 11016 9846 12661 4160 2596 5252 13351 2333 7736 11162 2850 10819 9910 11837 15388 11879 8527 2623 11061
17169 15135 22197 4388 19037 4145 11972 5403 8222 9304 20030 13344 15885 1593 18065 14086 22055 14119 19163 7660 10281 8157 17475 16731 16100 13972 12720 18123 16603 7049 14531 9944 11584 14576 14277 14346 15998 20046 17028 17109 15946 14727 17545 10219 18799 18045 17987 18514 10296 22041 1338 10693 8347 7705 18886 22779 14846 18167 8461 17344 18642 11909 9515 9888 5046 13688 8291 3856 16250 17120 16857 7896 20370 10506 2849 6135 18589 17381 6703 0 11900 16113 10764 12567 16496 9580 6324 11729 13560 6486 13983 6377 3981 17500 11446 18400 21658 17986 11293 4512 6493
8356 16721 12517 16138 8042 9085 7260 12005 8473 2836 11853 4468 10529 13268 10231 14947 11770 12164 13179 14297 15476 4189 13026 15933 5375 9040 4762 17499 5051 15486 16948 13299 15717 12952 9750 9779 6177 10150 9600 5376 11479 3324 11312 3843 8297 10549 15793 10128 6517 11733 13232 1207 6911 15383 19289 12577 17462 14917 9738 6086 10494 823 3018 3179 9978 6415 12712 8453 8914 10956 6888 5340 10244 15285 10263 15419 9602 12505 5364 11900 0 10159 14992 12168 13403 3361 7278 3778 16814 5705 2612 16455 7920 6382 13075 7966 12112 9338 11135 7435 16328
3848 9792 7574 18891 8085 15809 17299 12392 7995 9700 4423 5726 739 16683 2783 8216 8335 4637 3254 12936 12196 9704 3012 7441 6993 2154 5428 8699 8890 14951 10607 9865 11397 5166 2061 1995 5498 6458 1928 9670 1936 8458 1444 7520 6962 2433 6410 3633 16248 8362 17243 10321 7817 14257 10765 8726 11083 5137 8237 8220 3432 10982 12202 12703 11377 3753 10685 14646 1841 1015 5649 8943 7006 11756 13318 15648 4438 2407 10880 16113 10159 0 11162 6197 4104 12715 9884 6590 11222 13019 11923 16981 13303 7912 8265 6706 7008 3759 6455 13346 16668
14364 4665 18732 10881 18116 13431 19506 5396 6528 12468 15530 12848 10522 10184 13927 4340 19385 6792 12918 3391 1121 11283 10543 7238 15793 9501 11983 8212 17319 5203 3847 1701 861 6655 9203 9258 14747 17386 12959 18108 9755 15849 12144 11227 17257 13594 9097 14739 17844 19405 11135 14184 8090 4240 8423 19844 4105 10006 5257 17323 14584 15576 14691 15322 6665 11537 2727 12326 12485 11850 15381 9876 17901 635 8536 6344 15394 10853 11016 10764 14992 11162 0 4994 8843 15109 8420 11994 2797 12988 17597 7491 11046 17213 2898 16898 18164 14675 4868 11612 7111
9603 4575 13770 14206 13584 13832 18094 7636 5018 10241 10539 8946 5538 12606 8976 2786 14490 1887 8013 7270 6064 9431 5722 4392 11587 4740 8149 5951 13305 9346 4983 3901 5201 2067 4320 4367 10351 12536 8042 14121 4772 12121 7151 8373 12621 8622 5420 9808 16621 14514 13394 11684 6117 8520 7367 14914 5503 5739 4227 13080 9628 12898 12841 13469 7540 7238 5147 12602 7637 6857 10870 8069 13066 5606 9779 10250 10521 5946 9846 12567 12168 6197 4994 0 4223 13338 7614 8582 5258 12158 14620 11561 11152 12900 2105 12289 13205 9809 1358 11504 11208
7935 6169 10901 18403 12172 17202 20179 11801 8432 12247 7497 9249 3406 16681 6503 4936 11960 2413 4253 11461 9961 11835 1829 3396 11014 4370 8705 4595 12903 13535 7158 8046 8797 2220 3655 3630 9543 10285 5923 13699 2192 12265 4202 10080 11028 6009 2420 7385 18913 11999 17419 13287 9005 12680 6662 12200 7569 1726 8036 12300 7049 14214 14898 15474 11456 7194 9370 15975 5945 4132 9747 10701 10841 9477 13656 14465 8329 2355 12661 16496 13403 4104 8843 4223 0 15419 10901 9631 8041 14976 15485 15770 14533 12004 6152 10791 10383 7714 5286 14760 15414
11490 17689 15845 13959 11394 6145 4787 11089 8775 3179 14970 7346 12953 11093 13234 16000 15129 13781 15892 13671 15359 3946 15368 17494 8725 11217 7354 19090 8346 14449 17704 13502 15917 14542 11880 11923 9423 13479 12487 8571 13733 6680 14002 5345 11654 13493 17707 13237 3536 15093 10857 2546 7333 14556 20690 15935 18191 17054 10011 9427 13569 2883 522 308 9078 9014 12535 5803 11743 13611 10178 5369 13591 15271 8626 14130 12804 14926 4160 9580 3361 12715 15109 13338 15419 0 6718 6137 17332 3100 4571 14977 5752 9736 13752 11318 15425 12472 12112 5124 14922
10884 11469 15921 9787 13126 6309 11108 4728 2597 4467 13708 7277 9727 7167 11743 9936 15869 8706 13025 7089 8641 3128 11572 12005 10239 7778 6559 13562 11112 8210 11300 6861 9244 9333 8169 8235 9900 13827 10709 11754 9956 9291 11326 4314 12737 11732 12788 12193 9477 15860 7550 6234 2067 8119 14843 16567 11758 12625 3588 11629 12318 7669 6328 6948 2718 7385 5817 5078 9928 10897 10747 2018 14183 8557 3715 8203 12294 11379 2596 6324 7278 9884 8420 7614 10901 6718 0 5741 10779 4701 9833 9318 3632 11709 7423 12335 15375 11678 6260 3906 9153
5776 13157 10647 15498 7391 10143 10724 10134 5774 3282 9109 1628 6872 12790 7255 11367 10355 8421 9755 11977 12647 3791 9339 12182 4499 5280 1252 13738 5545 13518 13487 10300 12634 9209 5984 6016 4274 8393 6421 6271 7752 3888 7866 1511 7071 7454 12017 7406 9663 10338 13036 3742 4385 13205 15559 11101 14006 11169 6914 5919 7674 4584 5629 6115 8308 2879 10064 9147 5651 7475 5135 3859 8677 12380 9393 13724 7192 8855 5252 11729 3778 6590 11994 8582 9631 6137 5741 0 13491 6933 6063 14922 8077 5976 9743 6672 10142 6715 7683 7870 14720
14810 2360 18695 13514 18838 16131 21877 8183 8566 14493 15346 14072 10509 12965 13987 3112 19554 6586 12292 6109 3490 13415 9864 5526 16816 9983 13240 6077 18494 7714 1263 3961 2008 6139 9510 9550 15605 17664 13131 19305 9511 17208 11923 12975 17861 13577 7563 14852 20255 19583 13922 16132 10071 6743 5853 19914 1352 8785 7321 18320 14617 17468 16882 17520 9325 12467 5412 14999 12807 11709 16128 11986 18205 3135 11287 8902 15640 10318 13351 13560 16814 11222 2797 5258 8041 17332 10779 13491 0 15448 19374 9931 13674 18150 3753 17535 18146 14941 5830 14209 9551
12701 16163 17464 10860 13503 3407 6568 8425 7198 3721 16031 8479 13084 7994 14146 14600 16981 13000 16273 11099 13067 3316 15294 16512 10633 11174 8164 18094 10698 11640 15999 11503 13833 13698 11740 11796 10964 15142 13248 11075 13626 8871 14421 5609 13535 14298 17075 14337 4871 16954 7774 4535 6084 11850 19476 17765 16454 16686 8282 11628 14593 5554 3039 3407 6522 9633 10297 2780 12455 14000 11798 4275 15350 13052 5673 11215 14107 14964 2333 6486 5705 13019 12988 12158 14976 3100 4701 6933 15448 0 7539 11985 2685 11867 12120 13161 16986 13647 10829 2035 11955
9417 19191 12788 18315 7836 10715 6659 14547 11083 5367 12813 6253 12394 15434 11451 17406 11756 14465 14704 16885 18088 6712 14896 18212 5846 11126 6793 19750 4657 18023 19466 15902 18315 15252 11844 11863 7095 10488 11017 4562 13447 3716 12908 6404 8452 11851 17902 11159 6563 11708 15292 3605 9521 17951 21606 12562 19982 16901 12345 5890 11579 2184 4508 4277 12510 8311 15324 10309 10436 12598 7588 7932 10443 17895 12617 17904 10441 14324 7736 13983 2612 11923 17597 14620 15485 4571 9833 6063 19374 7539 0 18896 10034 6288 15626 8208 12476 10348 13645 9471 18788
19270 12102 24173 3887 22184 10437 18123 4841 9515 13622 21360 16329 16503 4932 19504 11776 24444 13436 19440 4325 6505 12276 17255 14687 19389 14924 15519 15703 20402 2297 11154 7757 8029 13562 14923 14991 18818 22366 18445 21063 16088 18601 18245 13586 21630 19310 16450 20174 16405 24448 5819 15320 10598 3252 15779 25054 11273 17167 8850 20839 20154 16715 14763 15271 6631 15860 6433 9857 17782 17872 19620 11336 22801 6943 6352 1334 20563 17406 11162 6377 16455 16981 7491 11561 15770 14977 9318 14922 9931 11985 18896 0 9312 20878 9665 21233 23600 19867 10726 9984 382
13744 14702 18705 8280 15226 2686 8983 6060 6178 5376 16844 9705 13218 5399 14893 13296 18425 12328 16507 8763 10960 4337 15165 15538 12292 11260 9181 17071 12678 9086 14378 9724 11906 12939 11707 11771 12336 16470 13905 13159 13532 10805 14746 6580 15078 14952 16402 15231 7252 18406 5312 6713 5602 9381 18232 19176 14793 16257 6974 13470 15418 7938 5620 6056 4383 10377 8319 1453 13107 14316 13196 4454 16751 11013 3060 8585 15174 14943 2850 3981 7920 13303 11046 11152 14533 5752 3632 8077 13674 2685 10034 9312 0 13651 10681 14686 18189 14626 9794 678 9292
4253 17212 6506 21422 1659 15272 12921 16064 11537 8302 7056 4571 8597 18663 6248 15477 5497 11952 9785 17729 18024 9347 10809 15269 1491 8281 5418 16595 1652 19388 17830 15587 17721 12654 8883 8864 2561 4252 6294 2105 9814 3058 8324 7408 2185 6757 14318 5651 12607 5453 18829 7408 10289 19002 18646 6308 18342 12983 12535 429 6115 6905 9399 9534 14278 5703 15672 14478 6078 8167 2268 9773 4161 17689 15318 19660 4712 10149 10819 17500 6382 7912 17213 12900 12004 9736 11709 5976 18150 11867 6288 20878 13651 0 14585 2005 6220 4912 12448 13305 20665
11536 4048 15838 12567 15392 13292 18393 6195 4997 10822 12633 10380 7624 11258 11034 2662 16511 3950 10094 5341 3959 9809 7762 5333 13208 6657 9536 6678 14831 7403 3952 1908 3192 3932 6323 6376 12072 14528 10075 15636 6877 13489 9254 9233 14486 10697 6866 11852 16822 16533 12118 12424 6428 6532 7578 16959 4445 7502 3839 14728 11690 13742 13285 13923 6604 8882 3410 12092 9622 8954 12659 8383 15049 3503 8801 8383 12526 8025 9910 11446 13075 8265 2898 2105 6152 13752 7423 9743 3753 12120 15626 9665 10681 14585 0 14138 15270 11809 2140 11134 9301
2859 16369 4605 22122 1382 16531 14786 16392 11737 9477 5125 5070 7434 19450 4592 14697 3831 11101 8102 17795 17792 10350 9412 14148 2592 7553 5784 15372 3639 19579 17086 15346 17323 11739 8051 8018 2438 2280 4886 4095 8642 4720 6836 8181 402 5123 12999 3874 14368 3800 19708 8868 10678 19103 17449 4629 17585 11580 12592 2434 4335 8582 10935 11145 14748 5468 15643 15645 4890 6755 1613 10525 2285 17419 16031 19968 2870 8744 11837 18400 7966 6706 16898 12289 10791 11318 12335 6672 17535 13161 8208 21233 14686 2005 14138 0 4269 3233 12042 14413 20991
4491 16510 575 25031 4894 20272 19048 18836 14181 13265 2903 8535 7679 22531 4237 15075 1822 11584 6481 19748 19186 13933 8625 13711 6774 8789 9008 14586 7872 21701 17427 16823 18405 12013 8978 8919 6046 1991 5237 8223 8636 8952 6242 11616 4036 4588 12085 3458 18582 1881 22916 12916 13469 21077 16641 1828 17874 10526 14750 6640 3579 12775 15010 15275 17470 7995 17504 19289 5832 6436 5252 13806 2091 18753 19074 22282 3088 8033 15388 21658 12112 7008 18164 13205 10383 15425 15375 10142 18146 16986 12476 23600 18189 6220 15270 4269 0 3748 13397 18009 23314
984 13551 4316 21291 4590 16833 16557 15093 10433 9964 2516 5202 4495 18817 1361 11966 4714 8371 4892 16071 15659 10466 6230 11105 4581 5186 5502 12251 6304 17998 14360 13254 14988 8923 5493 5443 3259 2728 1832 6957 5646 6632 3632 8117 3394 1890 9834 811 15841 4732 19228 9927 9741 17400 14336 5228 14839 8382 11022 5306 1244 10096 12011 12370 13725 4298 13837 15795 2191 3599 2838 10195 3265 15244 15362 18554 719 5563 11879 17986 9338 3759 14675 9809 7714 12472 11678 6715 14941 13647 10348 19867 14626 4912 11809 3233 3748 0 9837 14497 19586
9498 5618 13970 13141 13279 12475 16843 6525 3665 9060 10877 8252 5886 11405 9167 3891 14551 2873 8713 6538 5822 8181 6575 5749 11068 4652 7413 7303 12695 8592 5821 3426 5289 3284 4424 4485 9942 12536 8164 13502 5365 11378 7599 7301 12397 8877 6721 9948 15344 14569 12163 10572 4826 7843 8658 15036 6338 6903 2888 12588 9828 11836 11622 12255 6250 6746 4310 11245 7647 7254 10544 6795 13045 5416 8483 9397 10557 6685 8527 11293 11135 6455 4868 1358 5286 12112 6260 7683 5830 10829 13645 10726 9794 12448 2140 12042 13397 9837 0 10147 10390
13595 15170 18516 8859 14900 2473 8312 6702 6496 5004 16764 9490 13299 5983 14824 13725 18181 12604 16573 9404 11560 4085 15318 15896 11976 11343 9016 17443 12275 9760 14881 10251 12471 13238 11823 11885 12096 16254 13856 12727 13670 10409 14784 6396 14801 14908 16690 15126 6581 18160 5827 6230 5770 10045 18657 18942 15306 16486 7374 13108 15331 7405 5018 5430 4967 10290 8886 1309 13057 14355 12952 4418 16516 11600 3736 9263 15024 15068 2623 4512 7435 13346 11612 11504 14760 5124 3906 7870 14209 2035 9471 9984 678 13305 11134 14413 18009 14497 10147 0 9967
19000 11721 23887 4218 21956 10510 18151 4607 9262 13493 21054 16110 16183 5092 19206 11398 24176 13086 19103 3960 6123 12143 16909 14309 19175 14621 15293 15322 20215 1920 10773 7393 7647 13204 14609 14677 18582 22098 18149 20883 15754 18423 17924 13400 21388 19006 16077 19883 16429 24180 6004 15203 10378 2871 15398 24780 10893 16803 8564 20633 19857 16605 14697 15213 6451 15603 6090 9891 17491 17553 19378 11171 22538 6561 6297 1032 20284 17066 11061 6493 16328 16668 7111 11208 15414 14922 9153 14720 9551 11955 18788 382 9292 20665 9301 20991 23314 19586 10390 9967 0
1 8 6 2
2 7 3 4
3 5 1 4
4 7 3 3
5 8 5 3
6 1 6 4
7 7 0 4
8 9 10 2
9 7 5 3
10 8 7 3
11 6 6 3
12 4 5 0
13 8 5 3
14 8 7 1
15 7 0 1
16 3 7 2
17 4 6 3
18 5 8 3
19 8 6 5
20 4 4 1
21 7 4 2
22 7 2 2
23 7 6 6
24 2 9 7
25 11 4 6
26 4 3 0
27 3 4 2
28 2 6 2
29 5 11 2
30 6 5 4
31 9 3 5
32 4 1 5
33 8 6 4
34 10 4 0
35 2 6 3
36 10 4 3
37 5 5 2
38 8 6 4
39 7 3 1
40 8 5 0
41 5 4 4
42 5 5 0
43 8 3 4
44 8 8 4
45 7 0 7
46 5 7 3
47 5 6 0
48 7 10 3
49 2 3 3
50 8 6 3
51 9 6 3
52 6 3 4
53 7 7 1
54 7 5 4
55 8 5 5
56 7 10 4
57 5 6 1
58 4 9 5
59 8 6 4
60 10 6 2
61 9 4 4
62 4 2 3
63 7 5 3
64 7 2 3
65 7 4 2
66 7 2 6
67 11 6 3
68 5 3 4
69 4 8 6
70 5 9 5
71 7 8 2
72 5 5 3
73 7 4 2
74 4 5 2
75 6 5 2
76 3 6 2
77 3 8 5
78 4 5 0
79 4 5 2
80 5 7 5
81 1 4 1
82 6 10 3
83 6 5 2
84 6 7 0
85 2 10 3
86 2 4 0
87 5 3 4
88 7 6 6
89 8 9 2
90 1 5 5
91 2 2 5
92 7 6 2
93 7 6 4
94 5 1 3
95 6 12 0
96 6 4 5
97 6 3 3
98 5 10 2
99 4 6 4
100 9 4 1
