900 100 3
30 60 700 9.00
0 24 38 1
0 6 98 3
0 14 61 1
0 13 8 3
0 18 69 3
0 16 94 3
0 9 41 1
0 6 53 1
0 7 23 1
0 3 82 1
0 1 45 2
0 1 80 2
0 10 13 3
0 5 30 3
0 1 54 1
0 4 39 2
0 7 100 1
0 16 46 3
0 15 26 1
0 12 45 2
0 11 84 2
0 3 19 3
0 11 75 3
0 16 76 1
0 20 57 1
0 9 86 2
0 3 26 2
0 6 88 1
0 1 89 1
0 7 40 2
0 5 21 1
0 10 17 1
0 19 44 3
0 6 68 1
0 11 83 3
0 14 15 2
0 17 72 3
0 22 44 2
0 15 3 1
0 6 66 2
0 1 40 2
0 23 12 2
0 3 73 1
0 9 72 3
0 9 38 2
0 1 94 2
0 4 24 3
0 21 10 3
0 17 38 2
0 9 1 3
0 7 5 2
0 5 22 1
0 12 44 3
0 2 55 3
0 11 29 3
0 11 4 1
0 6 58 3
0 1 93 2
0 14 90 2
0 3 56 1
0 4 36 1
0 11 60 3
0 4 30 1
0 16 56 3
0 5 69 2
0 2 14 1
0 10 4 2
0 3 91 3
0 9 53 3
0 16 55 2
0 12 14 1
0 8 38 1
0 10 2 3
0 4 26 3
0 1 20 2
0 6 2 3
0 4 57 2
0 7 26 1
0 5 74 1
0 3 63 3
0 6 11 1
0 4 14 2
0 4 45 1
0 15 76 3
0 6 31 2
0 6 77 2
0 3 73 1
0 3 82 2
0 9 40 2
0 3 40 1
0 22 87 1
0 17 56 2
0 12 21 3
0 16 76 1
0 9 40 1
0 9 64 1
0 5 100 3
0 6 92 2
0 2 42 3
0 3 11 1
0 6 62 1
0 3 99 2
0 10 80 2
0 2 100 3
0 2 91 3
0 5 7 3
0 12 67 3
0 7 52 1
0 9 73 2
0 8 25 1
0 6 88 1
0 4 56 1
0 12 11 1
0 5 5 2
0 3 29 3
0 21 62 3
0 2 4 1
0 8 11 3
0 3 99 3
0 7 68 1
0 6 15 3
0 7 31 1
0 9 17 1
0 14 10 3
0 3 60 2
0 11 25 2
0 5 11 1
0 2 18 1
0 5 81 1
0 7 32 1
0 2 64 2
0 9 31 3
0 13 9 2
0 1 74 2
0 7 72 3
0 24 13 2
0 8 9 2
0 2 43 3
0 1 5 1
0 8 14 1
0 2 3 3
0 21 88 3
0 24 10 1
0 4 19 1
0 2 84 2
0 3 1 3
0 18 92 3
0 9 60 2
0 3 48 3
0 2 88 2
0 4 41 1
0 17 77 2
0 3 51 3
0 10 28 1
0 20 9 2
0 23 90 3
0 13 97 2
0 11 66 2
0 2 72 2
0 6 81 1
0 16 38 1
0 7 84 2
0 15 26 3
0 5 37 3
0 5 69 3
0 21 96 1
0 1 24 1
0 1 8 3
0 1 23 3
0 16 64 2
0 4 77 2
0 10 70 1
0 10 3 3
0 7 80 2
0 2 46 3
0 7 14 2
0 16 18 1
0 5 21 1
0 2 2 3
0 4 55 3
0 4 73 2
0 8 78 3
0 1 77 2
0 7 43 3
0 1 83 2
0 7 75 3
0 9 54 1
0 4 31 3
0 9 20 1
0 16 97 2
0 1 25 1
0 17 24 2
0 8 23 2
0 16 47 3
0 1 26 1
0 17 71 3
0 15 15 1
0 13 41 2
0 21 1 3
0 8 5 3
0 4 75 2
0 1 78 2
0 6 67 3
0 12 68 3
0 6 26 3
0 10 91 2
0 14 12 1
0 12 23 1
0 9 46 1
0 1 94 3
0 9 39 3
0 8 99 3
0 1 20 2
0 6 87 1
0 15 25 2
0 11 43 3
0 6 27 3
0 7 58 3
0 18 16 2
0 4 74 2
0 1 6 3
0 9 22 2
0 10 74 2
0 4 1 1
0 2 79 1
0 5 87 2
0 10 84 1
0 19 53 3
0 2 44 2
0 5 35 3
0 5 1 1
0 7 39 2
0 1 8 3
0 4 53 3
0 6 24 3
0 6 40 2
0 6 29 2
0 4 74 3
0 3 7 2
0 10 56 2
0 9 96 3
0 10 25 3
0 20 92 1
0 7 96 3
0 23 11 3
0 8 61 2
0 13 58 2
0 6 76 1
0 12 16 1
0 5 65 1
0 1 3 2
0 11 34 3
0 8 38 2
0 24 61 2
0 6 52 3
0 20 38 1
0 2 43 1
0 1 92 1
0 14 59 3
0 9 54 3
0 22 60 2
0 6 1 2
0 9 25 1
0 6 44 2
0 7 99 3
0 17 31 2
0 10 13 1
0 10 5 1
0 10 8 1
0 2 40 3
0 9 78 2
0 7 48 3
0 3 98 3
0 1 97 2
0 20 48 1
0 14 36 1
0 10 22 3
0 4 35 2
0 13 77 3
0 2 100 2
0 6 6 3
0 7 87 1
0 24 20 2
0 1 82 2
0 25 78 2
0 21 10 3
0 7 97 2
0 1 37 2
0 8 44 3
0 8 83 1
0 8 13 1
0 12 62 3
0 7 57 1
0 2 53 1
0 14 66 2
0 10 15 2
0 7 74 2
0 14 92 1
0 5 85 1
0 1 92 3
0 3 46 3
0 3 70 3
0 20 65 3
0 2 90 3
0 10 37 1
0 2 65 2
0 6 4 2
0 3 48 1
0 8 30 3
0 19 65 2
0 10 51 1
0 17 25 2
0 4 23 1
0 3 43 2
0 20 93 3
0 5 64 2
0 2 21 3
0 7 9 3
0 6 74 2
0 1 41 3
0 9 68 2
0 2 19 2
0 23 31 1
0 4 49 1
0 2 47 2
0 3 94 1
0 12 44 1
0 7 6 2
0 16 91 3
0 13 19 2
0 11 73 3
0 2 83 1
0 3 94 1
0 2 66 1
0 5 6 1
0 3 43 2
0 2 3 2
0 2 22 3
0 1 65 2
0 11 8 3
0 4 48 2
0 16 50 1
0 8 75 1
0 2 7 3
0 8 6 1
0 1 52 2
0 1 67 1
0 8 19 2
0 7 34 1
0 5 37 2
0 23 50 2
0 10 42 3
0 2 10 1
0 3 94 2
0 14 90 1
0 4 11 3
0 17 1 3
0 10 75 1
0 2 94 3
0 7 51 3
0 9 40 2
0 3 64 1
0 2 26 2
0 2 30 3
0 1 14 2
0 21 18 2
0 9 85 1
0 1 58 2
0 12 5 2
0 17 10 1
0 3 9 1
0 14 78 3
0 17 58 1
0 3 62 2
0 10 6 3
0 11 36 3
0 14 90 1
0 13 70 3
0 3 53 1
0 6 83 1
0 1 1 3
0 16 49 3
0 6 50 2
0 8 3 2
0 2 84 3
0 20 16 1
0 19 97 3
0 9 32 3
0 9 82 1
0 11 28 1
0 16 67 1
0 10 40 3
0 6 97 2
0 13 20 2
0 8 95 2
0 6 26 2
0 4 51 3
0 9 68 2
0 18 97 3
0 1 37 3
0 11 21 1
0 1 56 3
0 9 58 2
0 24 79 2
0 9 9 3
0 4 15 2
0 23 60 2
0 4 87 3
0 3 28 1
0 7 82 2
0 8 53 2
0 9 9 1
0 1 100 3
0 20 4 1
0 17 89 1
0 1 33 3
0 4 21 3
0 3 81 1
0 10 72 2
0 3 89 2
0 4 66 2
0 3 98 2
0 6 46 1
0 13 18 2
0 3 54 2
0 8 40 3
0 2 11 2
0 4 95 3
0 2 6 1
0 25 47 2
0 4 63 1
0 22 6 1
0 3 63 2
0 16 60 1
0 18 12 3
0 12 31 1
0 1 10 3
0 9 67 3
0 4 52 3
0 11 47 1
0 7 15 1
0 4 31 3
0 7 23 2
0 6 49 2
0 2 86 3
0 13 46 1
0 15 2 1
0 9 59 3
0 1 87 2
0 11 23 2
0 1 9 2
0 14 59 2
0 2 1 3
0 18 63 1
0 2 89 1
0 12 99 3
0 20 33 1
0 4 55 1
0 11 21 3
0 13 89 3
0 6 80 2
0 10 71 2
0 14 16 1
0 10 73 2
0 1 99 2
0 3 84 1
0 1 67 3
0 6 81 1
0 12 44 1
0 12 88 3
0 2 41 1
0 8 61 1
0 7 5 2
0 23 7 2
0 8 83 3
0 7 67 1
0 14 93 3
0 14 85 2
0 3 34 1
0 5 95 3
0 25 46 2
0 13 48 3
0 1 74 1
0 2 88 2
0 7 24 1
0 6 1 1
0 14 33 1
0 22 25 3
0 5 21 3
0 3 57 1
0 2 65 3
0 7 42 1
0 3 35 2
0 4 8 3
0 5 72 1
0 1 93 2
0 3 16 2
0 3 94 2
0 12 78 1
0 24 11 3
0 5 3 2
0 24 56 1
0 9 97 2
0 3 85 1
0 3 35 2
0 3 19 2
0 11 37 3
0 3 88 3
0 6 73 2
0 2 95 3
0 8 48 2
0 19 79 2
0 10 56 2
0 24 29 3
0 1 24 3
0 12 92 2
0 4 11 2
0 3 33 2
0 6 58 1
0 13 26 1
0 23 16 3
0 15 15 1
0 2 76 3
0 4 34 2
0 18 57 3
0 3 21 3
0 6 2 3
0 2 28 1
0 17 44 1
0 10 1 1
0 7 32 2
0 3 8 3
0 12 74 2
0 3 98 3
0 4 14 2
0 5 24 3
0 10 5 3
0 11 96 1
0 2 20 3
0 7 88 2
1 6 69 1
1 9 16 3
1 2 5 1
1 2 60 1
1 1 17 3
1 1 6 2
1 15 53 2
1 5 61 3
1 3 8 1
1 17 57 1
1 1 8 3
1 10 17 3
1 24 33 3
1 11 61 1
1 6 76 2
1 3 75 2
1 2 6 3
1 1 32 1
1 1 48 1
1 1 89 3
1 4 20 2
1 7 13 1
1 1 63 1
1 11 51 3
1 16 58 2
1 3 33 2
1 1 33 3
1 4 53 1
1 6 90 1
1 11 53 3
1 1 47 2
1 1 18 2
1 21 64 3
1 7 4 2
1 12 11 2
1 5 98 2
1 21 2 3
1 1 51 3
1 22 82 2
1 1 21 2
1 18 3 1
1 20 27 2
1 2 24 2
1 7 65 3
1 2 33 1
1 6 99 2
1 1 35 1
1 22 80 2
1 8 27 2
1 7 7 1
1 14 60 2
1 5 91 3
1 8 23 2
1 3 53 2
1 6 80 2
1 4 28 3
1 4 92 2
1 2 41 3
1 4 38 1
1 4 62 1
1 5 19 1
1 11 32 1
1 8 71 3
1 11 73 1
1 7 31 1
1 2 56 3
1 3 13 1
1 7 2 3
1 5 73 3
1 12 77 1
1 12 32 3
1 12 5 1
1 7 100 3
1 2 52 3
1 12 37 3
1 2 67 1
1 5 51 1
1 4 83 2
1 7 9 3
1 2 4 3
1 12 89 2
1 11 88 2
1 8 85 1
1 6 14 2
1 5 41 1
1 3 71 3
1 8 83 1
1 5 29 2
1 12 70 1
1 2 24 3
1 2 44 1
1 1 44 1
1 19 70 2
1 11 41 1
1 6 58 2
1 11 8 2
1 24 61 1
1 6 62 2
1 11 19 3
1 3 77 2
1 1 73 1
1 11 33 1
1 8 74 3
1 7 82 1
1 25 100 3
1 16 14 1
1 4 84 2
1 12 93 1
1 3 30 1
1 2 15 1
1 7 32 1
1 1 6 2
1 3 50 2
1 18 56 3
1 7 49 3
1 14 72 1
1 2 18 3
1 5 3 2
1 10 68 1
1 11 70 3
1 8 48 2
1 19 53 3
1 2 13 2
1 1 94 1
1 5 93 3
1 3 48 1
1 3 62 3
1 9 51 3
1 8 15 1
1 4 62 3
1 3 89 2
1 8 60 1
1 5 66 2
1 12 37 3
1 13 55 1
1 7 2 3
1 2 41 1
1 8 21 2
1 2 27 1
1 12 27 2
1 2 25 1
1 5 40 1
1 2 16 2
1 2 45 1
1 2 24 3
1 3 50 2
1 14 58 1
1 4 51 3
1 3 60 3
1 7 70 1
1 8 28 3
1 20 15 2
1 2 19 1
1 24 40 3
1 8 94 2
1 2 11 2
1 15 44 1
1 2 67 3
1 19 52 3
1 4 76 2
1 8 27 1
1 18 3 2
1 6 45 2
1 1 39 2
1 1 59 1
1 12 79 2
1 3 99 2
1 8 26 3
1 20 19 3
1 8 72 1
1 12 37 3
1 1 68 3
1 14 80 2
1 1 1 3
1 4 31 1
1 4 38 3
1 8 46 1
1 1 27 3
1 10 93 1
1 1 60 2
1 1 8 3
1 4 11 1
1 9 90 1
1 4 15 2
1 8 70 3
1 5 23 1
1 16 26 3
1 7 3 2
1 17 95 1
1 9 70 2
1 5 6 2
1 23 37 2
1 8 82 1
1 3 84 1
1 12 50 2
1 5 49 2
1 1 29 2
1 5 60 2
1 20 99 2
1 7 89 3
1 8 1 1
1 9 38 2
1 2 28 3
1 13 95 2
1 23 43 1
1 3 32 1
1 17 54 3
1 5 56 1
1 9 90 1
1 17 13 3
1 11 17 1
1 5 89 2
1 6 26 1
1 14 17 1
1 4 63 3
1 2 97 3
1 8 36 1
1 22 36 1
1 14 50 2
1 4 49 1
1 4 75 2
1 5 59 1
1 10 9 2
1 7 33 3
1 18 40 2
1 3 81 3
1 5 98 1
1 2 48 1
1 5 38 3
1 16 73 3
1 4 96 3
1 12 67 1
1 3 5 2
1 1 53 3
1 17 42 1
1 3 51 2
1 13 63 1
1 17 63 1
1 1 1 1
1 22 65 1
1 11 69 3
1 19 86 3
1 12 81 1
1 4 39 3
1 7 76 2
1 3 38 1
1 5 51 2
1 9 34 2
1 9 5 2
1 10 53 1
1 4 53 3
1 6 90 1
1 1 9 2
1 7 73 3
1 2 23 3
1 1 99 1
1 9 99 3
1 5 64 3
1 13 48 1
1 3 12 3
1 3 70 1
1 10 93 2
1 7 77 2
1 8 40 3
1 1 14 1
1 13 76 1
1 3 1 3
1 5 65 3
1 15 80 3
1 14 86 1
1 11 27 3
1 1 83 1
1 2 82 2
1 1 15 3
1 16 22 3
1 3 51 1
1 1 24 1
1 9 7 3
1 14 84 1
1 14 79 1
1 2 41 1
1 19 73 2
1 3 23 2
1 8 37 1
1 5 54 2
1 9 86 3
1 12 74 2
1 19 96 1
1 6 29 1
1 18 70 2
1 3 52 1
1 11 15 3
1 10 71 1
1 14 32 1
1 3 17 2
1 9 27 2
1 22 21 3
1 14 70 2
1 4 80 3
1 2 14 2
1 4 30 2
1 22 66 3
1 6 93 2
1 6 100 2
1 2 62 1
1 12 58 1
1 12 84 1
1 1 55 2
1 11 87 3
1 18 100 2
1 2 29 2
1 1 14 3
1 1 47 3
1 5 93 2
1 8 53 3
1 13 36 1
1 1 39 2
1 11 4 3
1 11 9 3
1 5 58 1
1 19 51 2
1 1 28 1
1 1 34 2
1 9 98 1
1 2 29 3
1 5 80 3
1 17 61 3
1 8 88 2
1 18 27 2
1 1 36 1
1 5 8 3
1 9 46 3
1 3 69 1
1 11 39 1
1 4 82 3
1 10 83 3
1 16 100 1
1 6 3 2
1 3 79 3
1 4 21 1
1 5 72 1
1 17 44 2
1 3 84 2
1 5 57 2
1 2 86 2
1 11 11 3
1 13 80 1
1 1 34 1
1 19 5 3
1 2 41 1
1 4 25 2
1 6 12 2
1 4 20 1
1 5 25 2
1 1 62 3
1 10 100 2
1 23 81 1
1 1 35 1
1 3 95 3
1 1 95 1
0 2855 13946 13411 2524 14139 14611 12828 9850 13937 13935 1571 1456 10383 10754 6020 9071 13284 12101 7885 7969 13100 11888 4327 5666 1457 4764 7810 7800 10299 12699 16699 12637 7144 4941 16696 10718 6399 6779 13738 16661 4834 14132 17363 17990 2823 10691 18116 16536 7329 6724 2810 10315 9987 9887 10753 6670 7372 3185 10865 11466 17311 13914 14883 14336 10565 16942 10148 15134 2422 7935 8127 4241 17717 13061 13637 15140 15600 12620 5056 16265 6456 8436 13914 20645 13394 8628 5058 9225 2589 13045 6729 7584 12617 15922 15468 9899 16360 14186 9743 15187
2855 0 11271 10557 1936 13017 11919 11853 9171 12194 11669 3351 4301 7951 8226 3555 6217 10996 9318 7550 8517 10269 10666 2795 7810 3652 3489 6055 7494 9596 10129 14844 11551 9701 2620 15294 7926 4639 4023 11008 14621 2157 11454 14591 15136 4156 9979 15281 13962 7881 8968 4946 7513 7225 7776 9770 8956 8350 4380 8092 9950 15628 11432 12200 11596 8463 14364 7874 12565 4574 5485 6521 1642 14909 11465 11257 12753 14275 10437 7349 14690 9087 6626 11238 17795 10588 7435 7815 7374 1787 10791 3903 4804 9824 13226 13040 9728 13583 11693 7580 12337
13946 11271 0 4740 11670 18009 8805 10423 16551 15167 3742 13639 15263 4020 3405 10185 6202 3512 2443 16154 18220 5896 16090 12205 18998 14104 12689 12322 11417 16780 9445 16400 17087 20973 10846 18688 6869 12015 7258 797 15297 9140 190 8994 6864 13532 10758 5371 11129 17709 20175 16198 4078 7410 11533 9750 20179 18602 15384 7099 7661 17768 2005 9029 986 11778 11322 10812 10421 14627 9835 12877 9718 4481 7562 11304 12000 18223 12132 18593 17550 20347 7161 44 8029 6586 14329 19003 6685 11540 11898 8312 8156 2248 1990 11849 18003 8322 10673 5381 4061
13411 10557 4740 0 11697 13776 4075 14186 13097 10714 8296 13649 14858 6587 5909 8086 4341 7892 3119 13199 15553 1220 12099 10351 17503 14047 10605 9197 13628 13238 4890 11717 13042 19807 9065 14142 3272 9399 6977 3942 10578 8822 4760 4946 4579 13972 13916 5139 6469 15152 18676 15020 3825 4075 7754 13006 18725 16219 13855 3342 11263 13105 6648 4311 4005 7807 6701 6956 5685 14819 6914 9646 9408 5222 11637 6671 7269 13778 7700 17269 12970 19320 9420 4701 7369 1859 11002 18239 9313 11530 7380 6729 6034 2831 5422 7109 14731 4047 5963 8028 2108
2524 1936 11670 11697 0 14913 13490 10535 10959 14129 11439 1997 3640 7963 8385 5418 7424 10795 10005 9220 9858 11573 12570 4662 8171 2445 5324 7990 5804 11394 11833 16769 13437 9637 4543 17224 9378 6570 4766 11534 16521 2876 11859 16022 16251 2379 8504 16129 15639 9210 9245 5278 8288 8748 9684 8443 9194 9479 5270 9578 8991 17564 11495 13780 12140 10369 16035 9743 14254 3124 7315 8451 2302 15637 10575 13065 14551 16198 12317 7577 16626 8924 5912 11641 18729 11970 9319 7449 6701 177 12650 5372 6351 10538 13659 14816 11369 15011 13440 7242 13306
14139 13017 18009 13776 14913 0 10766 23965 4496 3393 20730 15580 15052 17341 17052 10183 12428 20117 15638 6593 8222 12577 2363 10253 13159 15586 9609 7147 20393 4072 8968 4938 1501 15556 10622 2915 11147 8444 13775 17276 6037 13681 18099 13330 16313 16749 22498 18232 10243 8496 13809 12973 14520 10692 6658 22031 13979 9538 11538 10910 21412 4451 19491 10764 17550 6277 10500 7273 9580 16560 9061 6590 13740 18712 22567 7531 7945 1768 6132 13573 3234 15670 18144 17965 19426 12084 5598 15802 18641 14782 6566 11685 11071 15761 19143 8409 5472 12855 8561 18035 15673
14611 11919 8805 4075 13490 10766 0 17945 11289 7438 12360 15254 16049 10276 9661 8631 6419 11933 7063 12020 14536 3030 9576 10723 17569 15571 10706 8303 16653 11299 2298 7879 10373 20065 9724 10567 4191 9107 9286 8009 6642 10744 8815 3060 5561 15869 17411 7521 2509 14284 18678 15538 7155 4745 6158 16572 18766 15470 14143 3950 15020 9298 10722 301 8019 5848 2820 5424 1625 16476 6828 8531 11242 8126 15553 3235 3331 10401 4744 17508 9349 19723 12728 8768 8709 2308 9570 18926 12784 13314 4230 8118 7147 6862 9246 3091 13045 2251 2240 11605 5346
12828 11853 10423 14186 10535 23965 17945 0 20746 22131 7044 11494 13350 7669 8302 13827 12217 6997 11075 19338 20332 14968 21639 14458 18380 11896 15172 16873 5286 21136 17535 24224 22630 19225 13608 25659 14318 15739 10213 11000 23475 10455 10545 19046 17280 10484 2292 15657 20452 19688 19317 15627 10822 14278 17542 2094 19223 20013 15804 14621 2928 25379 8620 18229 11402 18104 20743 17160 19378 11649 14967 17462 10570 14627 3002 19355 20532 24842 19445 17694 24757 18417 5830 10435 18180 15671 18722 16784 5426 10561 19492 12298 13018 11439 11697 20562 21520 18214 19153 6393 14332
9850 9171 16551 13097 10959 4496 11289 20746 0 5827 18631 11354 10654 14945 14821 7079 10422 17970 14108 2099 4017 12045 2744 6390 8749 11307 5684 4277 16665 449 9045 8463 3060 11217 7140 7334 9940 5066 10897 15920 9085 10291 16679 14278 16656 12567 19047 18097 11764 4146 9491 8491 12621 9245 5373 18716 9650 5297 7086 9800 18445 8508 17678 11406 16323 5489 12120 6181 10662 12254 6743 3693 10205 18313 19772 8437 9519 6173 6786 9119 7295 11267 15062 16507 19827 11778 2236 11321 15670 10850 7382 8919 8630 14375 18042 10002 1766 13540 9474 15324 15184
13937 12194 15167 10714 14129 3393 7438 22131 5827 0 18162 15197 15088 15035 14649 8858 10088 17589 12889 7586 9833 9496 3152 9671 14325 15307 9174 6177 19145 5573 5828 2810 3470 16863 9595 3593 8434 7615 11967 14404 3259 12325 15238 9939 12959 16246 20907 14946 6863 9897 15178 13439 12008 8143 4650 20319 15325 11087 11909 8162 19414 3436 16792 7416 14615 4040 7133 4971 6195 16310 7268 5811 12526 15483 20417 4214 4554 3066 3036 14582 2629 16817 16322 15124 16053 8941 5567 16622 16713 13974 3343 9933 9128 12939 16131 5022 7410 9481 5210 15926 12506
13935 11669 3742 8296 11439 20730 12360 7044 18631 18162 0 13223 15051 3809 3814 11716 8337 683 5388 17859 19612 9358 18631 13348 19437 13702 13956 14361 9344 18925 12677 19682 19651 21074 12078 21744 9731 13718 8076 4479 18669 9558 3808 12734 10493 12776 7882 8668 14759 19036 20569 16531 6210 10063 14086 6864 20538 19756 16037 10007 4641 21004 1742 12604 4706 14458 14975 13459 13949 13984 11949 14957 10028 7609 4056 14571 15429 21162 15173 18915 20662 20362 5752 3768 11144 10075 16402 18866 5011 11354 15029 9788 10003 5506 4674 15328 19888 12044 14063 4198 7801
1571 3351 13639 13649 1997 15580 15254 11494 11354 15197 13223 0 1908 9867 10323 6864 9345 12598 12001 9421 9535 13475 13297 5525 6886 480 6059 9025 6354 11801 13479 17923 14080 7985 5850 18075 11209 7590 6752 13520 17802 4834 13828 17875 18214 1252 9304 18124 17313 8896 7850 4189 10282 10537 10968 9448 7768 8906 4749 11391 10358 18602 13387 15537 14127 11655 17714 11142 15916 1224 8804 9398 4242 17633 11966 14572 16073 16997 13675 6208 17591 7225 7552 13611 20719 13841 10021 5669 8338 2149 14061 7174 8116 12534 15629 16370 11457 16864 15036 9035 15290
1456 4301 15263 14858 3640 15052 16049 13350 10654 15088 15051 1908 0 11602 12014 7438 10518 14415 13484 8608 8273 14555 12869 5620 5052 1464 5971 9038 8148 11102 14111 17874 13554 6085 6351 17700 12172 7662 8165 15087 17902 6213 15451 18815 19437 2891 11133 19531 17943 7661 5968 2597 11711 11439 11189 11321 5879 7469 3621 12318 12265 18419 15134 16319 15688 11859 18350 11493 16542 1909 9336 9305 5613 19110 13873 14997 16497 16582 13925 4348 17339 5336 9425 15233 22073 14849 9657 3816 10214 3749 14369 8184 9039 14005 17247 16837 10482 17812 15575 10854 16617
10383 7951 4020 6587 7963 17341 10276 7669 14945 15035 3809 9867 11602 0 715 7951 4954 3127 3552 14085 15804 7305 15152 9539 15757 10343 10148 10702 7501 15258 9989 16863 16173 17517 8273 18624 6805 9968 4267 4190 16003 5809 4206 11515 10238 9632 7348 9221 12783 15227 16906 12869 3193 6918 10690 6422 16886 15952 12289 7105 4745 18102 3534 10559 4768 11142 13075 10147 11724 10773 8367 11305 6314 8439 5436 11855 12945 17939 12159 15269 17617 16838 3184 4003 11914 8004 12731 15404 2839 7854 12119 6041 6367 4007 5957 12945 16142 10634 11559 1495 7117
10754 8226 3405 5909 8385 17052 9661 8302 14821 14649 3814 10323 12014 715 0 7913 4624 3149 2849 14056 15862 6668 14901 9628 16034 10795 10209 10555 8202 15119 9475 16398 15922 17864 8326 18242 6327 9908 4379 3513 15503 6069 3594 10826 9524 10153 8050 8533 12164 15298 17194 13167 2682 6508 10393 7114 17181 16067 12513 6624 5374 17660 3211 9941 4101 10813 12447 9814 11135 11270 8163 11153 6606 7774 5948 11354 12402 17588 11733 15571 17211 17203 3878 3385 11228 7375 12594 15798 3553 8267 11665 5981 6197 3295 5374 12385 16076 9954 11015 2210 6402
6020 3555 10185 8086 5418 10183 8631 13827 7079 8858 11716 6864 7438 7951 7913 0 4089 11041 7847 6143 8044 7496 7835 2267 9418 7112 2567 3048 10322 7429 6680 11410 8813 11759 1093 12156 4996 2027 3819 9698 11109 3519 10342 11479 12540 7710 12316 13153 10517 7525 10590 7035 6107 4194 4293 11861 10640 8436 5783 5076 11404 12287 10962 8895 10210 4973 10923 4326 9115 8076 1940 3635 3670 13011 12699 7709 9209 11220 6898 9206 11432 11316 8049 10144 15453 7652 4937 10370 8620 5251 7240 1936 2117 8250 11950 9508 8193 10492 8188 8247 10098
9071 6217 6202 4341 7424 12428 6419 12217 10422 10088 8337 9345 10518 4954 4624 4089 0 7707 3799 9952 12054 4153 10296 6271 13360 9731 6652 6157 10269 10682 5412 12020 11316 15580 4923 13675 2270 5822 2886 5655 11262 4556 6347 8658 8920 9751 11312 9196 8821 11565 14542 10767 2199 2063 5770 10576 14576 12514 9692 2552 9402 13213 7263 6720 6143 6194 9181 5197 7548 10532 3679 6730 5123 8969 10334 7164 8427 12985 7261 13071 12682 15059 6581 6160 11627 4599 8188 13929 6814 7253 7279 2438 1986 4172 7889 8526 11821 7650 7084 5880 6181
13284 10996 3512 7892 10795 20117 11933 6997 17970 17589 683 12598 14415 3127 3149 11041 7707 0 4903 17183 18930 8915 18003 12665 18771 13077 13274 13703 8913 18266 12159 19160 19023 20425 11397 21175 9166 13046 7393 4192 18169 8881 3609 12450 10357 12179 7639 8659 14361 18354 19905 15867 5605 9470 13466 6616 19876 19074 15361 9447 4413 20470 1623 12185 4497 13850 14590 12851 13508 13379 11300 14300 9355 7638 4070 14055 14951 20576 14613 18254 20104 19719 5173 3532 11203 9635 15742 18231 4456 10707 14484 9115 9344 5072 4719 14866 19217 11724 13578 3563 7554
12101 9318 2443 3119 10005 15638 7063 11075 14108 12889 5388 12001 13484 3552 2849 7847 3799 4903 0 13742 15851 4034 13677 9946 16892 12446 10387 9885 10894 14337 7298 14303 14680 18977 8583 16446 4494 9621 5322 1856 13281 7272 2572 7990 6782 12079 10899 6160 9528 15356 18074 14164 1821 4986 9112 9961 18092 16283 13241 4745 8157 15637 3907 7325 2367 9382 9782 8405 8617 13080 7399 10436 7871 5634 8526 9189 10049 15925 9868 16534 15337 18392 6585 2400 8818 4756 11887 17128 6363 9857 9685 6034 5776 542 4103 9964 15569 7139 8679 5036 3643
7885 7550 16154 13199 9220 6593 12020 19338 2099 7586 17859 9421 8608 14085 14056 6143 9952 17183 13742 0 2525 12263 4693 4884 6764 9339 4174 4001 15002 2534 9723 10329 5141 9283 5905 9411 9938 4167 9879 15592 10807 8960 16299 15073 17124 10654 17524 18313 12875 2385 7592 6396 12109 9164 5866 17274 7739 3608 5012 9857 17202 10497 17074 12182 16051 6208 13256 6628 11653 10262 6395 3586 8777 18400 18608 9499 10754 8253 7912 7083 9304 9273 13804 16112 20257 12116 2474 9249 14466 9129 8504 8075 8017 14075 17795 11218 2182 14247 10465 14276 15306
7969 8517 18220 15553 9858 8222 14536 20332 4017 9833 19612 9535 8273 15804 15862 8044 12054 18930 15851 2525 0 14667 6757 6276 5022 9331 5657 6401 15623 4328 12238 12477 6934 7339 7537 11134 12282 6250 11538 17707 13088 10295 18374 17592 19583 10784 18358 20687 15389 649 5590 5730 14144 11487 8379 18240 5762 1316 4786 12226 18452 12463 18978 14701 18196 8733 15768 9130 14176 10122 8662 6049 9985 20721 19939 12013 13245 9977 10415 5539 11237 7498 15090 18178 22699 14557 4998 7851 15808 9808 11009 9958 10075 16221 19942 13714 2770 16757 12987 15803 17656
13100 10269 5896 1220 11573 12577 3030 14968 12045 9496 9358 13475 14555 7305 6668 7496 4153 8915 4034 12263 14667 0 10941 9755 16888 13849 9939 8274 14018 12166 3670 10519 11872 19255 8530 12923 2507 8614 6985 5101 9402 8709 5929 4554 5054 13904 14541 6065 5509 14296 18050 14514 4278 3325 6677 13669 18109 15396 13275 2482 12040 11901 7753 3295 5204 6680 5782 5872 4594 14672 6118 8685 9271 6286 12531 5456 6107 12560 6486 16699 11752 18806 9928 5856 8065 722 9999 17801 9910 11400 6160 6372 5555 3852 6642 5977 13710 3564 4777 8681 3162
11888 10666 16090 12099 12570 2363 9576 21639 2744 3152 18631 13297 12869 15152 14901 7835 10296 18003 13677 4693 6757 10941 0 7914 11445 13325 7285 4792 18031 2444 7514 5721 1021 13938 8259 4834 9234 6082 11473 15387 6396 11324 16194 12404 15113 14449 20147 16827 9593 6884 12221 10922 12439 8692 4571 19692 12377 8041 9439 9025 19121 5804 17469 9634 15707 4330 9915 5279 8661 14309 6807 4229 11378 17197 20310 6449 7274 3715 4839 11775 4615 13959 15828 16046 18277 10534 3278 13922 16342 12437 5389 9387 8823 13849 17356 7763 4260 11784 7520 15781 14095
4327 2795 12205 10351 4662 10253 10723 14458 6390 9671 13348 5525 5620 9539 9628 2267 6271 12665 9946 4884 6276 9755 7914 0 7152 5647 715 3503 10281 6810 8643 12405 8776 9502 1363 12614 7251 2077 5273 11776 12336 4096 12372 13643 14803 6599 12682 15403 12436 5690 8326 4826 8156 6442 5571 12400 8374 6445 3520 7317 12337 13079 12787 10973 12313 6244 12844 5884 11041 6649 3895 3877 3893 15233 13770 9396 10893 11565 8307 6945 12082 9077 8942 12166 17718 9889 4658 8203 9624 4534 8749 3912 4347 10379 14038 11244 7064 12670 10023 9539 12352
5666 7810 18998 17503 8171 13159 17569 18380 8749 14325 19437 6886 5052 15757 16034 9418 13360 18771 16892 6764 5022 16888 11445 7152 0 6489 6959 9375 13199 9133 15347 17087 11792 2569 8455 16052 14380 8466 11753 18666 17508 9965 19176 20581 21941 7943 16178 22538 18938 4667 1183 2913 15072 13564 11690 16332 1222 3756 3668 14428 17131 17245 19242 17791 19234 12232 19340 12280 17600 6887 10863 9317 9443 22325 18727 15637 17036 14889 14203 756 16040 2518 14073 18962 24871 16982 8880 2952 14860 8215 14758 10937 11486 17362 20916 17464 7776 19642 16469 15283 19494
1457 3652 14104 14047 2445 15586 15571 11896 11307 15307 13702 480 1464 10343 10795 7112 9731 13077 12446 9339 9331 13849 13325 5647 6489 0 6141 9150 6718 11756 13760 18051 14085 7523 6074 18124 11556 7722 7179 13978 17966 5248 14293 18224 18618 1499 9689 18559 17597 8697 7428 3863 10717 10870 11150 9861 7341 8649 4552 11731 10811 18699 13864 15852 14584 11834 18000 11354 16197 1003 9051 9498 4652 18079 12420 14807 16310 17034 13869 5798 17669 6758 8028 14076 21147 14201 10057 5194 8813 2589 14269 7521 8447 12977 16094 16617 11337 17214 15297 9514 15711
4764 3489 12689 10605 5324 9609 10706 15172 5684 9174 13956 6059 5971 10148 10209 2567 6652 13274 10387 4174 5657 9939 7285 715 6959 6141 0 3068 10982 6107 8559 11936 8125 9389 1883 12025 7433 1725 5884 12231 11932 4793 12852 13675 14992 7176 13397 15699 12303 5089 8114 4863 8620 6614 5268 13114 8178 5915 3437 7471 13036 12558 13344 10945 12753 5921 12711 5668 10919 7142 3917 3363 4605 15575 14460 9174 10658 10960 7994 6825 11533 9019 9639 12649 17958 10023 4013 8263 10314 5203 8466 4377 4685 10802 14488 11030 6352 12719 9862 10198 12641
7810 6055 12322 9197 7990 7147 8303 16873 4277 6177 14361 9025 9038 10702 10555 3048 6157 13703 9885 4001 6401 8274 4792 3503 9375 9150 3068 0 13275 4564 6028 8902 5765 11921 3519 9253 5938 1438 6776 11717 8864 6534 12456 11357 13188 10070 15356 14315 9563 6062 10443 7749 8354 5172 2328 14909 10544 7211 6233 5856 14414 9598 13405 8501 12147 2925 9966 2915 8226 10152 2487 606 6607 14401 15666 6293 7737 8264 4983 9408 8637 11671 11081 12278 16298 8158 2042 11117 11629 7842 5490 4726 4359 10181 13883 8140 5685 10471 7095 11167 11305
7800 7494 11417 13628 5804 20393 16653 5286 16665 19145 9344 6354 8148 7501 8202 10322 10269 8913 10894 15002 15623 14018 18031 10281 13199 6718 10982 13275 0 17089 15597 21578 18957 13945 9772 22478 12539 11950 7530 11679 21086 6821 11592 18525 17672 5258 3012 16713 19087 14974 14093 10540 9809 12203 14509 3415 13991 15145 10918 12817 5102 22551 10273 16954 12242 15156 19442 14338 17815 6386 11909 13810 6671 15892 6585 17198 18574 21527 16858 12493 21741 13135 4327 11408 19403 14620 14869 11501 4732 5881 17056 9328 10262 11401 13224 18726 17163 17564 17282 6049 14534
10299 9596 16780 13238 11394 4072 11299 21136 449 5573 18925 11801 11102 15258 15119 7429 10682 18266 14337 2534 4328 12166 2444 6810 9133 11756 6107 4564 17089 0 9080 8157 2660 11582 7528 6929 10115 5428 11243 16138 8829 10681 16905 14263 16711 13013 19453 18203 11678 4502 9849 8930 12880 9439 5490 19112 10011 5625 7531 9964 18813 8150 17944 11405 16530 5550 12027 6295 10612 12703 7005 3968 10607 18445 20128 8379 9409 5767 6725 9518 6930 11650 15435 16736 19885 11875 2527 11734 16035 11283 7317 9246 8922 14591 18242 9894 1869 13548 9429 15666 15316
12699 10129 9445 4890 11833 8968 2298 17535 9045 5828 12677 13479 14111 9989 9475 6680 5412 12159 7298 9723 12238 3670 7514 8643 15347 13760 8559 6028 15597 9080 0 7006 8383 17862 7761 9266 3218 6910 8073 8664 6032 9244 9501 5357 7643 14204 16721 9323 3839 11986 16441 13418 6802 3397 3859 15966 16534 13175 11986 2916 14661 8343 11185 2477 8831 3571 4244 3131 2438 14702 4781 6238 9678 9750 15416 1896 3016 8890 2840 15315 8110 17549 11987 9403 10817 3123 7276 16817 12182 11657 2490 6541 5541 7266 10311 3130 10792 4530 1685 11145 6708
16699 14844 16400 11717 16769 4938 7879 24224 8463 2810 19682 17923 17874 16863 16398 11410 12020 19160 14303 10329 12477 10519 5721 12405 17087 18051 11936 8902 21578 8157 7006 0 5707 19611 12226 3080 10071 10334 14217 15609 1394 14792 16442 9684 12996 18941 23157 15247 6405 12592 17911 16249 13716 9974 7119 22504 18062 13759 14719 9775 21421 1425 18182 7751 15721 6448 6528 7241 6323 19054 9677 8576 15045 15954 22297 5114 4551 3537 4787 17365 1940 19589 18486 16359 15893 9860 8376 19424 18802 16610 4748 12266 11380 14256 17074 4858 9918 9506 5761 17898 13220
12637 11551 17087 13042 13437 1501 10373 22630 3060 3470 19651 14080 13554 16173 15922 8813 11316 19023 14680 5141 6934 11872 1021 8776 11792 14085 8125 5765 18957 2660 8383 5707 0 14231 9195 4274 10224 7012 12478 16378 6576 12286 17188 13125 15928 15253 21115 17706 10205 7151 12494 11499 13455 9697 5582 20674 12658 8245 10052 10010 20127 5537 18481 10412 16690 5313 10505 6276 9362 15058 7826 5188 12321 18106 21324 7189 7875 3114 5631 12176 4306 14309 16825 17043 19082 11442 4118 14380 17347 13309 6149 10394 9841 14843 18329 8359 4256 12551 8255 16796 15016
7144 9701 20973 19807 9637 15556 20065 19225 11217 16863 21074 7985 6085 17517 17864 11759 15580 20425 18977 9283 7339 19255 13938 9502 2569 7523 9389 11921 13945 11582 17862 19611 14231 0 10745 18465 16752 10960 13721 20700 20059 11839 21155 23057 24298 8793 16957 24776 21484 7081 1752 4821 17159 15944 14242 17256 1578 6026 5983 16818 18328 19724 21043 20293 21284 14792 21887 14817 20139 7590 13306 11878 11274 24501 19937 18195 19601 17305 16770 2564 18510 822 15501 20939 27171 19387 11444 2451 16291 9719 17323 13143 13774 19467 22926 20026 10107 22106 19016 16878 21753
4941 2620 10846 9065 4543 10622 9724 13608 7140 9595 12078 5850 6351 8273 8326 1093 4923 11397 8583 5905 7537 8530 8259 1363 8455 6074 1883 3519 9772 7528 7761 12226 9195 10745 0 12769 6043 2183 4015 10413 12005 3154 11012 12565 13559 6759 11961 14083 11596 6973 9634 5984 6793 5253 5159 11588 9675 7780 4794 6139 11336 13031 11463 9988 10949 5846 12003 5292 10194 7051 2995 4039 3128 13891 12713 8734 10237 11782 7837 8204 12118 10278 7941 10806 16432 8713 5150 9297 8579 4385 8212 2549 3034 9017 12674 10549 8046 11576 9249 8376 11039
16696 15294 18688 14142 17224 2915 10567 25659 7334 3593 21744 18075 17700 18624 18242 12156 13675 21175 16446 9411 11134 12923 4834 12614 16052 18124 12025 9253 22478 6929 9266 3080 4274 18465 12769 0 12013 10656 15462 17915 4461 15670 18751 12649 15894 19200 24368 18057 9384 11395 16719 15736 15599 11736 8120 23814 16888 12450 14265 11737 22972 1951 20352 10484 18097 7560 9542 8524 9112 19114 10719 8773 15813 18693 23998 7490 7331 1163 6578 16448 1229 18566 19837 18645 18862 12322 8069 18654 20253 17081 6791 13399 12641 16475 19561 7710 8387 12383 8346 19496 15824
10718 7926 6869 3272 9378 11147 4191 14318 9940 8434 9731 11209 12172 6805 6327 4996 2270 9166 4494 9938 12282 2507 9234 7251 14380 11556 7433 5938 12539 10115 3218 10071 10224 16752 6043 12013 0 6145 5102 6154 9200 6581 6966 6668 7561 11747 13527 8409 6557 11882 15543 12025 3645 821 4709 12757 15602 12955 10771 303 11448 11340 8377 4490 6479 4912 6921 3958 5278 12423 3651 6406 7099 8463 12240 5055 6225 11450 5447 14195 10939 16311 8795 6825 10544 2683 7794 15333 8968 9202 5343 4036 3134 4622 8155 6292 11529 5658 4859 7929 5375
6399 4639 12015 9399 6570 8444 9107 15739 5066 7615 13718 7590 7662 9968 9908 2027 5822 13046 9621 4167 6250 8614 6082 2077 8466 7722 1725 1438 11950 5428 6910 10334 7012 10960 2183 10656 6145 0 5842 11476 10262 5307 12164 12115 13639 8632 14133 14536 10611 5793 9587 6558 7954 5329 3545 13738 9668 6824 5089 6133 13385 11035 12907 9334 11955 4203 11019 3954 9237 8724 2497 1884 5310 14511 14706 7454 8935 9643 6275 8407 10066 10639 10009 11973 16678 8616 2985 9955 10606 6425 6742 3931 3861 9979 13701 9310 6174 11181 8161 10270 11484
6779 4023 7258 6977 4766 13775 9286 10213 10897 11967 8076 6752 8165 4267 4379 3819 2886 7393 5322 9879 11538 6985 11473 5273 11753 7179 5884 6776 7530 11243 8073 14217 12478 13721 4015 15462 5102 5842 0 6985 13628 1952 7439 11522 11502 6998 8951 11386 11648 10960 12926 8940 3549 4689 7343 8354 12926 11697 8173 5361 7649 15288 7574 9586 7575 7928 12017 7018 10336 7886 4754 7379 2553 10945 8894 9676 11045 14629 9442 11336 14595 13110 4383 7224 13968 7471 8738 11814 4869 4606 9588 2090 2846 5840 9205 11200 11978 10518 9757 4429 8540
13738 11008 797 3942 11534 17276 8009 11000 15920 14404 4479 13520 15087 4190 3513 9698 5655 4192 1856 15592 17707 5101 15387 11776 18666 13978 12231 11717 11679 16138 8664 15609 16378 20700 10413 17915 6154 11476 6985 0 14502 8908 837 8264 6294 13486 11207 5034 10341 17210 19847 15903 3621 6729 10842 10213 19858 18132 15028 6374 8183 16980 2762 8234 609 11065 10538 10108 9625 14547 9235 12261 9497 4265 8194 10517 11203 17463 11368 18287 16772 20095 7373 759 7726 5789 13708 18788 6968 11396 11124 7866 7632 1549 2262 11051 17402 7566 9878 5633 3367
16661 14621 15297 10578 16521 6037 6642 23475 9085 3259 18669 17802 17902 16003 15503 11109 11262 18169 13281 10807 13088 9402 6396 12336 17508 17966 11932 8864 21086 8829 6032 1394 6576 20059 12005 4461 9200 10262 13628 14502 0 14370 15330 8309 11639 18763 22515 13920 5030 13139 18392 16446 12825 9199 6847 21820 18534 14336 14910 8899 20633 2779 17126 6490 14581 6159 5141 6814 5049 18965 9278 8624 14672 14655 21436 4149 3321 4814 4243 17731 3285 19982 17806 15258 14511 8720 8659 19705 18074 16356 4039 11761 10828 13198 15879 3568 10656 8165 4626 17107 11987
4834 2157 9140 8822 2876 13681 10744 10455 10291 12325 9558 4834 6213 5809 6069 3519 4556 8881 7272 8960 10295 8709 11324 4096 9965 5248 4793 6534 6821 10681 9244 14792 12286 11839 3154 15670 6581 5307 1952 8908 14370 0 9325 13186 13381 5197 8831 13333 12983 9681 11125 7102 5500 6008 7696 8436 11113 10282 6483 6800 8243 15736 9277 11038 9503 8351 13370 7570 11620 5997 5115 7098 602 12897 9676 10647 12095 14739 10127 9506 14921 11207 4847 9107 15904 9127 8290 9880 5531 2707 10377 2706 3704 7792 11106 12314 11130 12175 10898 5545 10464
14132 11454 190 4760 11859 18099 8815 10545 16679 15238 3808 13828 15451 4206 3594 10342 6347 3609 2572 16299 18374 5929 16194 12372 19176 14293 12852 12456 11592 16905 9501 16442 17188 21155 11012 18751 6966 12164 7439 837 15330 9325 0 8940 6752 13722 10908 5215 11121 17866 20353 16379 4236 7520 11641 9899 20358 18764 15559 7192 7799 17814 2066 9035 898 11877 11308 10915 10435 14816 9970 13008 9903 4312 7669 11352 12027 18296 12203 18773 17608 20531 7342 218 7866 6613 14459 19189 6860 11728 11961 8476 8306 2345 1801 11868 18140 8283 10707 5560 3996
17363 14591 8994 4946 16022 13330 3060 19046 14278 9939 12734 17875 18815 11515 10826 11479 8658 12450 7990 15073 17592 4554 12404 13643 20581 18224 13675 11357 18525 14263 5357 9684 13125 23057 12565 12649 6668 12115 11522 8264 8309 13186 8940 0 3398 18379 18856 5838 3280 17343 21700 18468 8723 7377 9215 17937 21784 18530 17107 6501 16138 11089 10999 2893 8048 8885 3196 8484 3766 19087 9765 11591 13729 6756 16383 5954 5413 12698 7584 20496 11422 22692 14356 8967 6214 4061 12617 21837 14258 15848 7017 10704 9790 7608 8756 4979 16041 1012 4884 12969 4951
17990 15136 6864 4579 16251 16313 5561 17280 16656 12959 10493 18214 19437 10238 9524 12540 8920 10357 6782 17124 19583 5054 15113 14803 21941 18618 14992 13188 17672 16711 7643 12996 15928 24298 13559 15894 7561 13639 11502 6294 11639 13381 6752 3398 0 18496 17471 2504 6623 19247 23103 19539 8129 8378 11334 16487 23162 20374 18322 7526 14477 14412 8771 5549 5880 11168 6579 10537 6808 19375 11150 13542 13971 3536 14421 8786 8571 15850 10297 21746 14665 23836 13355 6850 3175 5037 14760 22793 13077 16085 9791 11293 10551 6272 6029 8185 18384 3512 7754 11732 3139
2823 4156 13532 13972 2379 16749 15869 10484 12567 16246 12776 1252 2891 9632 10153 7710 9751 12179 12079 10654 10784 13904 14449 6599 7943 1499 7176 10070 5258 13013 14204 18941 15253 8793 6759 19200 11747 8632 6998 13486 18763 5197 13722 18379 18496 0 8251 18237 18015 10146 8839 5361 10437 11125 11916 8478 8742 10135 5998 11951 9575 19667 13097 16158 14095 12603 18412 12030 16628 1236 9633 10474 4651 17677 11182 15400 16892 18135 14591 7235 18680 8000 7031 13507 20874 14321 11171 6387 7796 2556 14948 7751 8730 12619 15517 17167 12702 17367 15801 8645 15497
10691 9979 10758 13916 8504 22498 17411 2292 19047 20907 7882 9304 11133 7348 8050 12316 11312 7639 10899 17524 18358 14541 20147 12682 16178 9689 13397 15356 3012 19453 16721 23157 21115 16957 11961 24368 13527 14133 8951 11207 22515 8831 10908 18856 17471 8251 0 16122 19911 17710 17090 13470 10273 13362 16266 1023 16992 17966 13739 13824 3241 24239 9205 17705 11693 16869 20231 15969 18742 9395 13653 15927 8849 15171 4280 18465 19737 23490 18373 15480 23534 16146 4733 10760 18747 15212 17111 14512 4632 8549 18485 10977 11797 11336 12309 19819 19704 17960 18383 5888 14398
18116 15281 5371 5139 16129 18232 7521 15657 18097 14946 8668 18124 19531 9221 8533 13153 9196 8659 6160 18313 20687 6065 16827 15403 22538 18559 15699 14315 16713 18203 9323 15247 17706 24776 14083 18057 8409 14536 11386 5034 13920 13333 5215 5838 2504 18237 16122 0 8964 20291 23718 19960 7842 9214 12723 15110 23757 21357 18874 8463 12987 16671 7037 7579 4480 12674 8964 11916 8951 19223 12053 14743 13935 1133 12706 10732 10737 17922 12117 22264 16832 24248 12405 5372 2695 6332 16064 23077 11999 15975 11666 11633 11057 5620 4005 10393 19772 5763 9760 10666 3059
16536 13962 11129 6469 15639 10243 2509 20452 11764 6863 14759 17313 17943 12783 12164 10517 8821 14361 9528 12875 15389 5509 9593 12436 18938 17597 12303 9563 19087 11678 3839 6405 10205 21484 11596 9384 6557 10611 11648 10341 5030 12983 11121 3280 6623 18015 19911 8964 0 15234 19993 17164 9662 6995 7250 19077 20099 16452 15699 6288 17527 7809 13088 2224 10285 6745 409 6677 1402 18535 8607 9647 13446 9773 18040 3377 2330 9484 4993 18963 8160 21218 15217 11095 9490 4793 10409 20563 15287 15463 4395 10300 9305 9293 11343 1847 13522 3211 2468 14113 7385
7329 7881 17709 15152 9210 8496 14284 19688 4146 9897 19036 8896 7661 15227 15298 7525 11565 18354 15356 2385 649 14296 6884 5690 4667 8697 5089 6062 14974 4502 11986 12592 7151 7081 6973 11395 11882 5793 10960 17210 13139 9681 17866 17343 19247 10146 17710 20291 15234 0 5347 5139 13632 11079 8133 17596 5509 1224 4149 11838 17821 12650 18429 14459 17708 8528 15619 8862 13991 9499 8243 5759 9362 20297 19314 11859 13133 10234 10287 5125 11432 7175 14464 17668 22346 14213 4827 7415 15186 9161 10876 9425 9581 15737 19453 13594 3134 16489 12809 15200 17249
6724 8968 20175 18676 9245 13809 18678 19317 9491 15178 20569 7850 5968 16906 17194 10590 14542 19905 18074 7592 5590 18050 12221 8326 1183 7428 8114 10443 14093 9849 16441 17911 12494 1752 9634 16719 15543 9587 12926 19847 18392 11125 20353 21700 23103 8839 17090 23718 19993 5347 0 4039 16255 14726 12744 17289 192 4275 4851 15585 18164 17997 20400 18895 20415 13266 20393 13356 18667 7723 12007 10351 10595 23508 19765 16671 18051 15561 15207 1668 16779 2065 15156 20139 26043 18134 9821 3141 15945 9298 15771 12120 12664 18545 22095 18486 8357 20768 17526 16403 20672
2810 4946 16198 15020 5278 12973 15538 15627 8491 13439 16531 4189 2597 12869 13167 7035 10767 15867 14164 6396 5730 14514 10922 4826 2913 3863 4863 7749 10540 8930 13418 16249 11499 4821 5984 15736 12025 6558 8940 15903 16446 7102 16379 18468 19539 5361 13470 19960 17164 5139 4039 0 12345 11228 10051 13557 4017 4875 1536 12111 14261 16641 16369 15784 16482 10672 17572 10511 15782 4499 8714 7865 6563 19679 15850 14000 15468 14590 12731 2404 15502 4300 11167 16164 22374 14687 7878 3400 11952 5313 13237 8330 8992 14651 18139 15856 8090 17495 14718 12371 16944
10315 7513 4078 3825 8288 14520 7155 10822 12621 12008 6210 10282 11711 3193 2682 6107 2199 5605 1821 12109 14144 4278 12439 8156 15072 10717 8620 8354 9809 12880 6802 13716 13455 17159 6793 15599 3645 7954 3549 3621 12825 5500 4236 8723 8129 10437 10273 7842 9662 13632 16255 12345 0 3870 7881 9419 16271 14530 11423 3942 7912 14982 5068 7445 4169 8248 9971 7249 8557 11391 5878 8929 6102 7402 8614 8676 9753 14977 9066 14714 14552 16578 5654 4037 10446 4939 10386 15327 5641 8134 8986 4248 4094 2312 5883 9756 14008 7775 8367 4453 5068
9987 7225 7410 4075 8748 10692 4745 14278 9245 8143 10063 10537 11439 6918 6508 4194 2063 9470 4986 9164 11487 3325 8692 6442 13564 10870 6614 5172 12203 9439 3397 9974 9697 15944 5253 11736 821 5329 4689 6729 9199 6008 7520 7377 8378 11125 13362 9214 6995 11079 14726 11228 3870 0 4126 12636 14786 12145 9961 887 11451 11190 8800 5036 7096 4417 7376 3428 5659 11756 2839 5661 6498 9241 12338 5105 6398 11107 5242 13385 10705 15509 8634 7366 11364 3460 7071 14549 8877 8571 5228 3376 2423 5181 8803 6526 10803 6373 5081 7926 6171
9887 7776 11533 7754 9684 6658 6158 17542 5373 4650 14086 10968 11189 10690 10393 4293 5770 13466 9112 5866 8379 6677 4571 5571 11690 11150 5268 2328 14509 5490 3859 7119 5582 14242 5159 8120 4709 3545 7343 10842 6847 7696 11641 9215 11334 11916 16266 12723 7250 8133 12744 10051 7881 4126 0 15696 12849 9328 8546 4526 14883 8042 12899 6327 11185 688 7650 808 5931 12144 2618 2413 7930 12956 15969 3966 5418 7315 2736 11734 7270 13998 11718 11489 14494 6408 3437 13431 12145 9520 3198 5290 4526 9299 12863 5815 7066 8381 4782 11443 9826
10753 9770 9750 13006 8443 22031 16572 2094 18716 20319 6864 9448 11321 6422 7114 11861 10576 6616 9961 17274 18240 13669 19692 12400 16332 9861 13114 14909 3415 19112 15966 22504 20674 17256 11588 23814 12757 13738 8354 10213 21820 8436 9899 17937 16487 8478 1023 15110 19077 17596 17289 13557 9419 12636 15696 0 17200 17920 13712 13057 2223 23617 8182 16864 10691 16281 19390 15360 17934 9667 13097 15492 8520 14154 3369 17740 18980 22964 17717 15655 22948 16454 4019 9754 17730 14349 16723 14827 3798 8468 17803 10417 11192 10386 11288 19046 19456 17053 17616 4989 13428
6670 8956 20179 18725 9194 13979 18766 19223 9650 15325 20538 7768 5879 16886 17181 10640 14576 19876 18092 7739 5762 18109 12377 8374 1222 7341 8178 10544 13991 10011 16534 18062 12658 1578 9675 16888 15602 9668 12926 19858 18534 11113 20358 21784 23162 8742 16992 23757 20099 5509 192 4017 16271 14786 12849 17200 0 4449 4885 15648 18095 18157 20385 18985 20429 13377 20500 13455 18769 7616 12078 10461 10579 23538 19698 16783 18168 15729 15325 1623 16941 1873 15105 20144 26093 18201 9951 2971 15895 9250 15888 12150 12707 18565 22105 18601 8530 20848 17632 16368 20714
7372 8350 18602 16219 9479 9538 15470 20013 5297 11087 19756 8906 7469 15952 16067 8436 12514 19074 16283 3608 1316 15396 8041 6445 3756 8649 5915 7211 15145 5625 13175 13759 8245 6026 7780 12450 12955 6824 11697 18132 14336 10282 18764 18530 20374 10135 17966 21357 16452 1224 4275 4875 14530 12145 9328 17920 4449 0 4230 12926 18288 13770 19232 15650 18645 9737 16838 10046 15203 9362 9306 6938 9908 21329 19814 13078 14356 11293 11509 4323 12545 6204 14976 18562 23456 15337 6047 6643 15719 9452 12098 10291 10529 16683 20386 14817 4082 17666 14023 15827 18307
3185 4380 15384 13855 5270 11538 14143 15804 7086 11909 16037 4749 3621 12289 12513 5783 9692 15361 13241 5012 4786 13275 9439 3520 3668 4552 3437 6233 10918 7531 11986 14719 10052 5983 4794 14265 10771 5089 8173 15028 14910 6483 15559 17107 18322 5998 13739 18874 15699 4149 4851 1536 11423 9961 8546 13712 4885 4230 0 10835 14179 15130 15724 14381 15590 9158 16106 9031 14325 5384 7343 6334 6015 18657 15735 12504 13964 13126 11211 3424 14000 5585 10937 15347 21223 13404 6354 4885 11703 5255 11723 7269 7828 13705 17284 14358 6862 16146 13244 11960 15832
10865 8092 7099 3342 9578 10910 3950 14621 9800 8162 10007 11391 12318 7105 6624 5076 2552 9447 4745 9857 12226 2482 9025 7317 14428 11731 7471 5856 12817 9964 2916 9775 10010 16818 6139 11737 303 6133 5361 6374 8899 6800 7192 6501 7526 11951 13824 8463 6288 11838 15585 12111 3942 887 4526 13057 15648 12926 10835 0 11751 11048 8637 4247 6681 4697 6656 3760 4997 12608 3636 6305 7309 8556 12541 4753 5924 11186 5166 14258 10657 16389 9092 7056 10545 2576 7674 15435 9269 9402 5051 4218 3289 4852 8342 5995 11408 5496 4560 8232 5449
11466 9950 7661 11263 8991 21412 15020 2928 18445 19414 4641 10358 12265 4745 5374 11404 9402 4413 8157 17202 18452 12040 19121 12337 17131 10811 13036 14414 5102 18813 14661 21421 20127 18328 11336 22972 11448 13385 7649 8183 20633 8243 7799 16138 14477 9575 3241 12987 17527 17821 18164 14261 7912 11451 14883 2223 18095 18288 14179 11751 0 22608 6002 15303 8624 15414 17816 14450 16464 10807 12358 15014 8480 12005 1609 16498 17645 22198 16659 16501 22032 17551 3398 7669 15580 12744 16340 15953 2785 8972 16678 9733 10366 8532 9113 17664 19367 15296 16263 3526 11476
17311 15628 17768 13105 17564 4451 9298 25379 8508 3436 21004 18602 18419 18102 17660 12287 13213 20470 15637 10497 12463 11901 5804 13079 17245 18699 12558 9598 22551 8150 8343 1425 5537 19724 13031 1951 11340 11035 15288 16980 2779 15736 17814 11089 14412 19667 24239 16671 7809 12650 17997 16641 14982 11190 8042 23617 18157 13770 15130 11048 22608 0 19527 9173 17105 7400 7918 8271 7748 19700 10649 9205 15951 17379 23528 6465 5973 2774 5952 17579 1234 19761 19604 17727 17290 11251 8788 19713 19953 17410 5997 13289 12442 15607 18477 6283 9789 10927 7161 19092 14635
13914 11432 2005 6648 11495 19491 10722 8620 17678 16792 1742 13387 15134 3534 3211 10962 7263 1623 3907 17074 18978 7753 17469 12787 19242 13864 13344 13405 10273 17944 11185 18182 18481 21043 11463 20352 8377 12907 7574 2762 17126 9277 2066 10999 8771 13097 9205 7037 13088 18429 20400 16369 5068 8800 12899 8182 20385 19232 15724 8637 6002 19527 0 10958 2964 13217 13293 12227 12327 14262 10939 13986 9806 6018 5682 13068 13854 19823 13774 18772 19242 20369 6261 2033 9588 8461 15442 18937 5633 11387 13589 9030 9085 3929 3111 13730 19029 10323 12504 4500 6061
14883 12200 9029 4311 13780 10764 301 18229 11406 7416 12604 15537 16319 10559 9941 8895 6720 12185 7325 12182 14701 3295 9634 10973 17791 15852 10945 8501 16954 11405 2477 7751 10412 20293 9988 10484 4490 9334 9586 8234 6490 11038 9035 2893 5549 16158 17705 7579 2224 14459 18895 15784 7445 5036 6327 16864 18985 15650 14381 4247 15303 9173 10958 0 8229 5992 2527 5608 1444 16760 7078 8714 11534 8220 15825 3240 3200 10350 4796 17739 9262 19959 13025 8992 8677 2576 9724 19174 13077 13603 4263 8408 7433 7113 9422 2925 13166 2152 2207 11894 5501
14336 11596 986 4005 12140 17550 8019 11402 16323 14615 4706 14127 15688 4768 4101 10210 6143 4497 2367 16051 18196 5204 15707 12313 19234 14584 12753 12147 12242 16530 8831 15721 16690 21284 10949 18097 6479 11955 7575 609 14581 9503 898 8048 5880 14095 11693 4480 10285 17708 20415 16482 4169 7096 11185 10691 20429 18645 15590 6681 8624 17105 2964 8229 0 11378 10461 10436 9643 15155 9674 12682 10094 3673 8548 10656 11268 17680 11581 18862 16939 20683 7947 970 7163 5864 14121 19383 7521 12001 11310 8400 8127 1977 1747 11091 17830 7406 9968 6193 3100
10565 8463 11778 7807 10369 6277 5848 18104 5489 4040 14458 11655 11859 11142 10813 4973 6194 13850 9382 6208 8733 6680 4330 6244 12232 11834 5921 2925 15156 5550 3571 6448 5313 14792 5846 7560 4912 4203 7928 11065 6159 8351 11877 8885 11168 12603 16869 12674 6745 8528 13266 10672 8248 4417 688 16281 13377 9737 9158 4697 15414 7400 13217 5992 11378 0 7140 1000 5467 12829 3249 2916 8597 12965 16466 3406 4820 6805 2072 12302 6668 14570 12288 11734 14340 6342 3739 14041 12693 10206 2565 5897 5091 9533 13027 5235 7226 8094 4293 11950 9842
16942 14364 11322 6701 16035 10500 2820 20743 12120 7133 14975 17714 18350 13075 12447 10923 9181 14590 9782 13256 15768 5782 9915 12844 19340 18000 12711 9966 19442 12027 4244 6528 10505 21887 12003 9542 6921 11019 12017 10538 5141 13370 11308 3196 6579 18412 20231 8964 409 15619 20393 17572 9971 7376 7650 19390 20500 16838 16106 6656 17816 7918 13293 2527 10461 7140 0 7083 1809 18937 9015 10045 13837 9807 18303 3760 2641 9687 5362 19367 8325 21624 15547 11288 9373 5073 10792 20971 15604 15858 4764 10691 9697 9531 11470 2152 13875 3255 2871 14419 7517
10148 7874 10812 6956 9743 7273 5424 17160 6181 4971 13459 11142 11493 10147 9814 4326 5197 12851 8405 6628 9130 5872 5279 5884 12280 11354 5668 2915 14338 6295 3131 7241 6276 14817 5292 8524 3958 3954 7018 10108 6814 7570 10915 8484 10537 12030 15969 11916 6677 8862 13356 10511 7249 3428 808 15360 13455 10046 9031 3760 14450 8271 12227 5608 10436 1000 7083 0 5322 12338 2464 3108 7859 12152 15483 3513 5008 7794 2579 12288 7597 14542 11356 10768 13694 5601 4224 13906 11742 9575 2920 5028 4172 8570 12101 5366 7872 7629 4215 10974 9023
15134 12565 10421 5685 14254 9580 1625 19378 10662 6195 13949 15916 16542 11724 11135 9115 7548 13508 8617 11653 14176 4594 8661 11041 17600 16197 10919 8226 17815 10612 2438 6323 9362 20139 10194 9112 5278 9237 10336 9625 5049 11620 10435 3766 6808 16628 18742 8951 1402 13991 18667 15782 8557 5659 5931 17934 18769 15203 14325 4997 16464 7748 12327 1444 9643 5467 1809 5322 0 17138 7206 8341 12074 9632 17060 2234 1786 9042 3887 17609 7885 19859 14026 10384 9865 3875 9180 19182 14137 14077 3300 8929 7931 8444 10863 1482 12428 3302 1193 13004 6945
2422 4574 14627 14819 3124 16560 16476 11649 12254 16310 13984 1224 1909 10773 11270 8076 10532 13379 13080 10262 10122 14672 14309 6649 6887 1003 7142 10152 6386 12703 14702 19054 15058 7590 7051 19114 12423 8724 7886 14547 18965 5997 14816 19087 19375 1236 9395 19223 18535 9499 7723 4499 11391 11756 12144 9667 7616 9362 5384 12608 10807 19700 14262 16760 15155 12829 18937 12338 17138 0 10016 10500 5414 18701 12413 15781 17282 18020 14861 6159 18667 6790 8247 14601 21837 15048 11046 5169 9017 3290 15255 8390 9336 13616 16616 17584 12223 18075 16254 9834 16424
7935 5485 9835 6914 7315 9061 6828 14967 6743 7268 11949 8804 9336 8367 8163 1940 3679 11300 7399 6395 8662 6118 6807 3895 10863 9051 3917 2487 11909 7005 4781 9677 7826 13306 2995 10719 3651 2497 4754 9235 9278 5115 9970 9765 11150 9633 13653 12053 8607 8243 12007 8714 5878 2839 2618 13097 12078 9306 7343 3636 12358 10649 10939 7078 9674 3249 9015 2464 7206 10016 0 3052 5395 12059 13509 5772 7271 9875 5039 10743 9888 12928 9137 9792 14181 6139 4509 12098 9596 7144 5340 2680 2016 7703 11414 7568 8169 8803 6254 8978 9007
8127 6521 12877 9646 8451 6590 8531 17462 3693 5811 14957 9398 9305 11305 11153 3635 6730 14300 10436 3586 6049 8685 4229 3877 9317 9498 3363 606 13810 3968 6238 8576 5188 11878 4039 8773 6406 1884 7379 12261 8624 7098 13008 11591 13542 10474 15927 14743 9647 5759 10351 7865 8929 5661 2413 15492 10461 6938 6334 6305 15014 9205 13986 8714 12682 2916 10045 3108 8341 10500 3052 0 7151 14861 16271 6322 7724 7759 4911 9398 8206 11668 11677 12833 16672 8530 1457 11196 12229 8307 5451 5332 4956 10721 14412 8148 5151 10731 7184 11772 11752
4241 1642 9718 9408 2302 13740 11242 10570 10205 12526 10028 4242 5613 6314 6606 3670 5123 9355 7871 8777 9985 9271 11378 3893 9443 4652 4605 6607 6671 10607 9678 15045 12321 11274 3128 15813 7099 5310 2553 9497 14672 602 9903 13729 13971 4651 8849 13935 13446 9362 10595 6563 6102 6498 7930 8520 10579 9908 6015 7309 8480 15951 9806 11534 10094 8597 13837 7859 12074 5414 5395 7151 0 13497 9954 11024 12487 14857 10431 8966 15102 10633 5105 9686 16504 9673 8273 9292 5825 2130 10708 3146 4143 8392 11688 12721 10956 12717 11318 5954 11062
17717 14909 4481 5222 15637 18712 8126 14627 18313 15483 7609 17633 19110 8439 7774 13011 8969 7638 5634 18400 20721 6286 17197 15233 22325 18079 15575 14401 15892 18445 9750 15954 18106 24501 13891 18693 8463 14511 10945 4265 14655 12897 4312 6756 3536 17677 15171 1133 9773 20297 23508 19679 7402 9241 12956 14154 23538 21329 18657 8556 12005 17379 6018 8220 3673 12965 9807 12152 9632 18701 12059 14861 13497 0 11659 11278 11413 18497 12580 22016 17475 23945 11613 4488 3576 6664 16224 22723 11162 15490 12164 11388 10896 5106 2935 11099 19953 6562 10353 9847 3130
13061 11465 7562 11637 10575 22567 15553 3002 19772 20417 4056 11966 13873 5436 5948 12699 10334 4070 8526 18608 19939 12531 20310 13770 18727 12420 14460 15666 6585 20128 15416 22297 21324 19937 12713 23998 12240 14706 8894 8194 21436 9676 7669 16383 14421 11182 4280 12706 18040 19314 19765 15850 8614 12338 15969 3369 19698 19814 15735 12541 1609 23528 5682 15825 8548 16466 18303 15483 17060 12413 13509 16271 9954 11659 0 17287 18351 23270 17579 18102 23015 19160 4850 7578 15200 13249 17631 17562 4146 10551 17551 10948 11497 8823 8725 18330 20759 15602 16964 4533 11559
13637 11257 11304 6671 13065 7531 3235 19355 8437 4214 14571 14572 14997 11855 11354 7709 7164 14055 9189 9499 12013 5456 6449 9396 15637 14807 9174 6293 17198 8379 1896 5114 7189 18195 8734 7490 5055 7454 9676 10517 4149 10647 11352 5954 8786 15400 18465 10732 3377 11859 16671 14000 8676 5105 3966 17740 16783 13078 12504 4753 16498 6465 13068 3240 10656 3406 3760 3513 2234 15781 5772 6322 11024 11278 17287 0 1503 7220 1654 15696 6304 17962 13739 11262 11916 4836 7033 17388 13973 12892 1068 7957 6976 9144 12079 1856 10201 5364 1071 12975 8344
15140 12753 12000 7269 14551 7945 3331 20532 9519 4554 15429 16073 16497 12945 12402 9209 8427 14951 10049 10754 13245 6107 7274 10893 17036 16310 10658 7737 18574 9409 3016 4551 7875 19601 10237 7331 6225 8935 11045 11203 3321 12095 12027 5413 8571 16892 19737 10737 2330 13133 18051 15468 9753 6398 5418 18980 18168 14356 13964 5924 17645 5973 13854 3200 11268 4820 2641 5008 1786 17282 7271 7724 12487 11413 18351 1503 0 7297 2853 17120 6102 19389 15003 11960 11590 5414 8316 18849 15193 14377 2280 9395 8405 9934 12559 489 11265 5059 1387 14138 8676
15600 14275 18223 13778 16198 1768 10401 24842 6173 3066 21162 16997 16582 17939 17588 11220 12985 20576 15925 8253 9977 12560 3715 11565 14889 17034 10960 8264 21527 5767 8890 3537 3114 17305 11782 1163 11450 9643 14629 17463 4814 14739 18296 12698 15850 18135 23490 17922 9484 10234 15561 14590 14977 11107 7315 22964 15729 11293 13126 11186 22198 2774 19823 10350 17680 6805 9687 7794 9042 18020 9875 7759 14857 18497 23270 7220 7297 0 6099 15285 1636 17404 19012 18180 18887 11997 6977 17494 19456 16058 6402 12551 11837 15990 19197 7720 7236 12343 8161 18750 15551
12620 10437 12132 7700 12317 6132 4744 19445 6786 3036 15173 13675 13925 12159 11733 6898 7261 14613 9868 7912 10415 6486 4839 8307 14203 13869 7994 4983 16858 6725 2840 4787 5631 16770 7837 6578 5447 6275 9442 11368 4243 10127 12203 7584 10297 14591 18373 12117 4993 10287 15207 12731 9066 5242 2736 17717 15325 11509 11211 5166 16659 5952 13774 4796 11581 2072 5362 2579 3887 14861 5039 4911 10431 12580 17579 1654 2853 6099 0 14306 5492 16577 13699 12089 13453 5963 5465 16090 14021 12149 598 7530 6616 9908 13109 3308 8549 6945 2711 13141 9548
5056 7349 18593 17269 7577 13573 17508 17694 9119 14582 18915 6208 4348 15269 15571 9206 13071 18254 16534 7083 5539 16699 11775 6945 756 5798 6825 9408 12493 9518 15315 17365 12176 2564 8204 16448 14195 8407 11336 18287 17731 9506 18773 20496 21746 7235 15480 22264 18963 5125 1668 2404 14714 13385 11734 15655 1623 4323 3424 14258 16501 17579 18772 17739 18862 12302 19367 12288 17609 6159 10743 9398 8966 22016 18102 15696 17120 15285 14306 0 16386 2271 13488 18558 24636 16825 9075 2320 14277 7631 14849 10636 11237 17014 20527 17536 8258 19543 16496 14744 19232
16265 14690 17550 12970 16626 3234 9349 24757 7295 2629 20662 17591 17339 17617 17211 11432 12682 20104 15337 9304 11237 11752 4615 12082 16040 17669 11533 8637 21741 6930 8110 1940 4306 18510 12118 1229 10939 10066 14595 16772 3285 14921 17608 11422 14665 18680 23534 16832 8160 11432 16779 15502 14552 10705 7270 22948 16941 12545 14000 10657 22032 1234 19242 9262 16939 6668 8325 7597 7885 18667 9888 8206 15102 17475 23015 6304 6102 1636 5492 16386 0 18557 18951 17507 17635 11140 7685 18537 19337 16477 5656 12558 11756 15349 18383 6480 8556 11154 7136 18536 14623
6456 9087 20347 19320 8924 15670 19723 18417 11267 16817 20362 7225 5336 16838 17203 11316 15059 19719 18392 9273 7498 18806 13959 9077 2518 6758 9019 11671 13135 11650 17549 19589 14309 822 10278 18566 16311 10639 13110 20095 19982 11207 20531 22692 23836 8000 16146 24248 21218 7175 2065 4300 16578 15509 13998 16454 1873 6204 5585 16389 17551 19761 20369 19959 20683 14570 21624 14542 19859 6790 12928 11668 10633 23945 19160 17962 19389 17404 16577 2271 18557 0 14760 20314 26673 18963 11332 1635 15549 9013 17119 12623 13291 18889 22309 19804 10265 21730 18753 16165 21239
8436 6626 7161 9420 5912 18144 12728 5830 15062 16322 5752 7552 9425 3184 3878 8049 6581 5173 6585 13804 15090 9928 15828 8942 14073 8028 9639 11081 4327 15435 11987 18486 16825 15501 7941 19837 8795 10009 4383 7373 17806 4847 7342 14356 13355 7031 4733 12405 15217 14464 15156 11167 5654 8634 11718 4019 15105 14976 10937 9092 3398 19604 6261 13025 7947 12288 15547 11356 14026 8247 9137 11677 5105 11613 4850 13739 15003 19012 13699 13488 18951 14760 0 7148 15098 10575 12977 13220 790 5860 13786 6469 7198 7084 9039 15087 15968 13422 13650 1794 10218
13914 11238 44 4701 11641 17965 8768 10435 16507 15124 3768 13611 15233 4003 3385 10144 6160 3532 2400 16112 18178 5856 16046 12166 18962 14076 12649 12278 11408 16736 9403 16359 17043 20939 10806 18645 6825 11973 7224 759 15258 9107 218 8967 6850 13507 10760 5372 11095 17668 20139 16164 4037 7366 11489 9754 20144 18562 15347 7056 7669 17727 2033 8992 970 11734 11288 10768 10384 14601 9792 12833 9686 4488 7578 11262 11960 18180 12089 18558 17507 20314 7148 0 8032 6547 14285 18972 6676 11511 11856 8272 8114 2204 2018 11810 17960 8292 10633 5370 4036
20645 17795 8029 7369 18729 19426 8709 18180 19827 16053 11144 20719 22073 11914 11228 15453 11627 11203 8818 20257 22699 8065 18277 17718 24871 21147 17958 16298 19403 19885 10817 15893 19082 27171 16432 18862 10544 16678 13968 7726 14511 15904 7866 6214 3175 20874 18747 2695 9490 22346 26043 22374 10446 11364 14494 17730 26093 23456 21223 10545 15580 17290 9588 8677 7163 14340 9373 13694 9865 21837 14181 16672 16504 3576 15200 11916 11590 18887 13453 24636 17635 26673 15098 8032 0 8143 17912 25555 14684 18572 12936 14055 13399 8276 6486 11174 21551 6572 10869 13355 5459
13394 10588 6586 1859 11970 12084 2308 15671 11778 8941 10075 13841 14849 8004 7375 7652 4599 9635 4756 12116 14557 722 10534 9889 16982 14201 10023 8158 14620 11875 3123 9860 11442 19387 8713 12322 2683 8616 7471 5789 8720 9127 6613 4061 5037 14321 15212 6332 4793 14213 18134 14687 4939 3460 6408 14349 18201 15337 13404 2576 12744 11251 8461 2576 5864 6342 5073 5601 3875 15048 6139 8530 9673 6664 13249 4836 5414 11997 5963 16825 11140 18963 10575 6547 8143 0 9792 18009 10580 11796 5598 6686 5812 4569 7244 5270 13472 3052 4104 9366 3589
8628 7435 14329 11002 9319 5598 9570 18722 2236 5567 16402 10021 9657 12731 12594 4937 8188 15742 11887 2474 4998 9999 3278 4658 8880 10057 4013 2042 14869 2527 7276 8376 4118 11444 5150 8069 7794 2985 8738 13708 8659 8290 14459 12617 14760 11171 17111 16064 10409 4827 9821 7878 10386 7071 3437 16723 9951 6047 6354 7674 16340 8788 15442 9724 14121 3739 10792 4224 9180 11046 4509 1457 8273 16224 17631 7033 8316 6977 5465 9075 7685 11332 12977 14285 17912 9792 0 11063 13557 9191 6052 6725 6399 12165 15848 8774 3735 11806 7993 13154 13103
5058 7815 19003 18239 7449 15802 18926 16784 11321 16622 18866 5669 3816 15404 15798 10370 13929 18231 17128 9249 7851 17801 13922 8203 2952 5194 8263 11117 11501 11734 16817 19424 14380 2451 9297 18654 15333 9955 11814 18788 19705 9880 19189 21837 22793 6387 14512 23077 20563 7415 3141 3400 15327 14549 13431 14827 2971 6643 4885 15435 15953 19713 18937 19174 19383 14041 20971 13906 19182 5169 12098 11196 9292 22723 17562 17388 18849 17494 16090 2320 18537 1635 13220 18972 25555 18009 11063 0 14007 7551 16606 11511 12250 17637 20979 19242 10548 20857 18116 14670 20101
9225 7374 6685 9313 6701 18641 12784 5426 15670 16713 5011 8338 10214 2839 3553 8620 6814 4456 6363 14466 15808 9910 16342 9624 14860 8813 10314 11629 4732 16035 12182 18802 17347 16291 8579 20253 8968 10606 4869 6968 18074 5531 6860 14258 13077 7796 4632 11999 15287 15186 15945 11952 5641 8877 12145 3798 15895 15719 11703 9269 2785 19953 5633 13077 7521 12693 15604 11742 14137 9017 9596 12229 5825 11162 4146 13973 15193 19456 14021 14277 19337 15549 790 6676 14684 10580 13557 14007 0 6647 14077 6957 7620 6835 8506 15252 16621 13347 13825 1346 9954
2589 1787 11540 11530 177 14782 13314 10561 10850 13974 11354 2149 3749 7854 8267 5251 7253 10707 9857 9129 9808 11400 12437 4534 8215 2589 5203 7842 5881 11283 11657 16610 13309 9719 4385 17081 9202 6425 4606 11396 16356 2707 11728 15848 16085 2556 8549 15975 15463 9161 9298 5313 8134 8571 9520 8468 9250 9452 5255 9402 8972 17410 11387 13603 12001 10206 15858 9575 14077 3290 7144 8307 2130 15490 10551 12892 14377 16058 12149 7631 16477 9013 5860 11511 18572 11796 9191 7551 6647 0 12480 5196 6174 10388 13528 14641 11283 14836 13265 7159 13146
13045 10791 11898 7380 12650 6566 4230 19492 7382 3343 15029 14061 14369 12119 11665 7240 7279 14484 9685 8504 11009 6160 5389 8749 14758 14269 8466 5490 17056 7317 2490 4748 6149 17323 8212 6791 5343 6742 9588 11124 4039 10377 11961 7017 9791 14948 18485 11666 4395 10876 15771 13237 8986 5228 3198 17803 15888 12098 11723 5051 16678 5997 13589 4263 11310 2565 4764 2920 3300 15255 5340 5451 10708 12164 17551 1068 2280 6402 598 14849 5656 17119 13786 11856 12936 5598 6052 16606 14077 12480 0 7738 6794 9693 12800 2725 9145 6404 2134 13153 9166
6729 3903 8312 6729 5372 11685 8118 12298 8919 9933 9788 7174 8184 6041 5981 1936 2438 9115 6034 8075 9958 6372 9387 3912 10937 7521 4377 4726 9328 9246 6541 12266 10394 13143 2549 13399 4036 3931 2090 7866 11761 2706 8476 10704 11293 7751 10977 11633 10300 9425 12120 8330 4248 3376 5290 10417 12150 10291 7269 4218 9733 13289 9030 8408 8400 5897 10691 5028 8929 8390 2680 5332 3146 11388 10948 7957 9395 12551 7530 10636 12558 12623 6469 8272 14055 6686 6725 11511 6957 5196 7738 0 1000 6471 10127 9609 10105 9694 8193 6441 8616
7584 4804 8156 6034 6351 11071 7147 13018 8630 9128 10003 8116 9039 6367 6197 2117 1986 9344 5776 8017 10075 5555 8823 4347 11486 8447 4685 4359 10262 8922 5541 11380 9841 13774 3034 12641 3134 3861 2846 7632 10828 3704 8306 9790 10551 8730 11797 11057 9305 9581 12664 8992 4094 2423 4526 11192 12707 10529 7828 3289 10366 12442 9085 7433 8127 5091 9697 4172 7931 9336 2016 4956 4143 10896 11497 6976 8405 11837 6616 11237 11756 13291 7198 8114 13399 5812 6399 12250 7620 6174 6794 1000 0 6158 9872 8613 9945 8783 7195 6965 8008
12617 9824 2248 2831 10538 15761 6862 11439 14375 12939 5506 12534 14005 4007 3295 8250 4172 5072 542 14075 16221 3852 13849 10379 17362 12977 10802 10181 11401 14591 7266 14256 14843 19467 9017 16475 4622 9979 5840 1549 13198 7792 2345 7608 6272 12619 11336 5620 9293 15737 18545 14651 2312 5181 9299 10386 18565 16683 13705 4852 8532 15607 3929 7113 1977 9533 9531 8570 8444 13616 7703 10721 8392 5106 8823 9144 9934 15990 9908 17014 15349 18889 7084 2204 8276 4569 12165 17637 6835 10388 9693 6471 6158 0 3723 9823 15865 6788 8578 5499 3134
15922 13226 1990 5422 13659 19143 9246 11697 18042 16131 4674 15629 17247 5957 5374 11950 7889 4719 4103 17795 19942 6642 17356 14038 20916 16094 14488 13883 13224 18242 10311 17074 18329 22926 12674 19561 8155 13701 9205 2262 15879 11106 1801 8756 6029 15517 12309 4005 11343 19453 22095 18139 5883 8803 12863 11288 22105 20386 17284 8342 9113 18477 3111 9422 1747 13027 11470 12101 10863 16616 11414 14412 11688 2935 8725 12079 12559 19197 13109 20527 18383 22309 9039 2018 6486 7244 15848 20979 8506 13528 12800 10127 9872 3723 0 12337 19563 8275 11316 7246 3958
15468 13040 11849 7109 14816 8409 3091 20562 10002 5022 15328 16370 16837 12945 12385 9508 8526 14866 9964 11218 13714 5977 7763 11244 17464 16617 11030 8140 18726 9894 3130 4858 8359 20026 10549 7710 6292 9310 11200 11051 3568 12314 11868 4979 8185 17167 19819 10393 1847 13594 18486 15856 9756 6526 5815 19046 18601 14817 14358 5995 17664 6283 13730 2925 11091 5235 2152 5366 1482 17584 7568 8148 12721 11099 18330 1856 489 7720 3308 17536 6480 19804 15087 11810 11174 5270 8774 19242 15252 14641 2725 9609 8613 9823 12337 0 11750 4676 1445 14170 8426
9899 9728 18003 14731 11369 5472 13045 21520 1766 7410 19888 11457 10482 16142 16076 8193 11821 19217 15569 2182 2770 13710 4260 7064 7776 11337 6352 5685 17163 1869 10792 9918 4256 10107 8046 8387 11529 6174 11978 17402 10656 11130 18140 16041 18384 12702 19704 19772 13522 3134 8357 8090 14008 10803 7066 19456 8530 4082 6862 11408 19367 9789 19029 13166 17830 7226 13875 7872 12428 12223 8169 5151 10956 19953 20759 10201 11265 7236 8549 8258 8556 10265 15968 17960 21551 13472 3735 10548 16621 11283 9145 10105 9945 15865 19563 11750 0 15296 11239 16394 16829
16360 13583 8322 4047 15011 12855 2251 18214 13540 9481 12044 16864 17812 10634 9954 10492 7650 11724 7139 14247 16757 3564 11784 12670 19642 17214 12719 10471 17564 13548 4530 9506 12551 22106 11576 12383 5658 11181 10518 7566 8165 12175 8283 1012 3512 17367 17960 5763 3211 16489 20768 17495 7775 6373 8381 17053 20848 17666 16146 5496 15296 10927 10323 2152 7406 8094 3255 7629 3302 18075 8803 10731 12717 6562 15602 5364 5059 12343 6945 19543 11154 21730 13422 8292 6572 3052 11806 20857 13347 14836 6404 9694 8783 6788 8275 4676 15296 0 4306 12073 4358
14186 11693 10673 5963 13440 8561 2240 19153 9474 5210 14063 15036 15575 11559 11015 8188 7084 13578 8679 10465 12987 4777 7520 10023 16469 15297 9862 7095 17282 9429 1685 5761 8255 19016 9249 8346 4859 8161 9757 9878 4626 10898 10707 4884 7754 15801 18383 9760 2468 12809 17526 14718 8367 5081 4782 17616 17632 14023 13244 4560 16263 7161 12504 2207 9968 4293 2871 4215 1193 16254 6254 7184 11318 10353 16964 1071 1387 8161 2711 16496 7136 18753 13650 10633 10869 4104 7993 18116 13825 13265 2134 8193 7195 8578 11316 1445 11239 4306 0 12759 7495
9743 7580 5381 8028 7242 18035 11605 6393 15324 15926 4198 9035 10854 1495 2210 8247 5880 3563 5036 14276 15803 8681 15781 9539 15283 9514 10198 11167 6049 15666 11145 17898 16796 16878 8376 19496 7929 10270 4429 5633 17107 5545 5560 12969 11732 8645 5888 10666 14113 15200 16403 12371 4453 7926 11443 4989 16368 15827 11960 8232 3526 19092 4500 11894 6193 11950 14419 10974 13004 9834 8978 11772 5954 9847 4533 12975 14138 18750 13141 14744 18536 16165 1794 5370 13355 9366 13154 14670 1346 7159 13153 6441 6965 5499 7246 14170 16394 12073 12759 0 8612
15187 12337 4061 2108 13306 15673 5346 14332 15184 12506 7801 15290 16617 7117 6402 10098 6181 7554 3643 15306 17656 3162 14095 12352 19494 15711 12641 11305 14534 15316 6708 13220 15016 21753 11039 15824 5375 11484 8540 3367 11987 10464 3996 4951 3139 15497 14398 3059 7385 17249 20672 16944 5068 6171 9826 13428 20714 18307 15832 5449 11476 14635 6061 5501 3100 9842 7517 9023 6945 16424 9007 11752 11062 3130 11559 8344 8676 15551 9548 19232 14623 21239 10218 4036 5459 3589 13103 20101 9954 13146 9166 8616 8008 3134 3958 8426 16829 4358 7495 8612 0
1 4 6 4
2 6 4 1
3 9 3 5
4 3 5 2
5 9 2 2
6 8 0 3
7 4 7 3
8 3 4 2
9 8 6 2
10 11 11 3
11 5 4 3
12 6 4 0
13 4 9 1
14 2 2 4
15 0 4 5
16 7 3 2
17 3 3 0
18 9 7 0
19 8 5 0
20 5 7 5
21 5 6 2
22 4 7 1
23 6 5 0
24 3 4 1
25 1 4 2
26 5 6 0
27 9 5 1
28 9 7 2
29 3 7 5
30 5 9 0
31 5 7 4
32 5 5 3
33 9 3 5
34 3 1 1
35 5 4 3
36 1 9 4
37 4 5 4
38 4 1 4
39 4 6 2
40 6 5 5
41 1 6 5
42 6 8 3
43 7 6 2
44 8 5 5
45 6 3 2
46 3 3 3
47 6 10 4
48 1 1 3
49 3 7 4
50 7 2 4
51 8 2 0
52 5 3 0
53 6 3 0
54 5 6 0
55 6 2 2
56 3 8 1
57 4 6 4
58 2 5 5
59 3 6 5
60 9 4 3
61 3 5 4
62 5 4 4
63 6 8 2
64 7 9 2
65 9 4 2
66 13 1 3
67 5 0 1
68 5 9 1
69 9 6 2
70 6 1 3
71 8 8 0
72 1 6 3
73 6 3 0
74 8 4 5
75 7 4 3
76 4 0 5
77 2 4 5
78 4 2 4
79 6 5 4
80 10 1 0
81 7 4 0
82 1 1 1
83 1 5 4
84 3 2 2
85 4 6 0
86 4 7 2
87 8 3 3
88 7 6 2
89 7 1 0
90 4 7 4
91 10 4 6
92 6 4 10
93 3 1 1
94 4 7 6
95 7 4 1
96 9 6 4
97 7 8 3
98 5 6 1
99 4 3 1
100 5 0 3
