105 15 3
30 60 700 9.00
0 1 3 1
0 11 15 3
0 9 7 1
0 1 6 2
0 9 12 2
0 11 11 2
0 21 7 3
0 8 4 1
0 5 3 1
0 1 12 1
0 9 7 2
0 3 8 3
0 3 11 1
0 5 2 2
0 5 2 1
0 12 6 3
0 7 14 3
0 3 6 2
0 6 13 3
0 3 7 2
0 1 13 1
0 6 13 2
0 1 6 1
0 3 5 3
0 15 3 1
0 15 11 3
0 21 2 2
0 1 6 1
0 7 4 2
0 1 15 2
0 5 8 1
0 7 14 1
0 4 3 3
0 6 5 2
0 2 5 3
0 2 1 1
0 1 9 2
0 19 11 2
0 5 3 1
0 18 5 3
0 12 1 1
0 10 2 1
0 2 9 1
0 5 14 1
0 6 13 1
0 15 10 1
0 23 4 1
0 17 5 1
0 15 8 1
0 22 10 1
0 22 4 2
0 3 15 2
0 1 4 1
0 1 2 2
0 17 12 3
0 2 9 2
0 1 12 1
0 15 1 1
0 16 11 1
0 3 2 3
0 6 11 2
0 20 6 3
0 19 14 1
1 8 11 3
1 18 7 1
1 10 10 2
1 6 8 2
1 14 13 3
1 1 12 3
1 1 14 3
1 11 7 1
1 1 11 2
1 4 7 1
1 8 1 2
1 5 7 1
1 8 3 2
1 20 10 1
1 2 13 1
1 16 4 2
1 14 5 1
1 12 15 2
1 13 7 1
1 3 6 2
1 18 14 2
1 8 12 3
1 18 12 3
1 6 1 3
1 4 14 1
1 6 10 3
1 15 14 1
1 3 6 2
1 14 2 3
1 23 3 2
1 19 14 3
1 11 11 1
1 3 5 1
1 1 3 3
1 10 1 2
1 8 14 3
1 20 14 2
1 3 11 2
1 12 14 3
1 5 1 1
1 25 9 2
1 16 13 1
0 15908 13548 3559 1274 3395 2928 13427 12650 5734 10074 7250 17114 9981 20015 19675
15908 0 3082 12494 15443 18549 17217 11124 6818 10192 14334 9260 4820 10954 5550 4242
13548 3082 0 10022 12932 15929 14545 11676 7297 7841 11255 7652 4223 7874 6582 6140
3559 12494 10022 0 2951 6109 4894 11928 10125 2337 8126 4634 13558 7059 16460 16160
1274 15443 12932 2951 0 3213 2228 13914 12731 5276 8804 7229 16328 8828 19302 19072
3395 18549 15929 6109 3213 0 1464 16821 15909 8446 9767 10425 19090 10790 22152 22053
2928 17217 14545 4894 2228 1464 0 16136 14904 7212 8477 9388 17645 9343 20720 20655
13427 11124 11676 11928 13914 16821 16136 0 4412 10411 18856 7602 15559 16223 16642 15062
12650 6818 7297 10125 12731 15909 14904 4412 0 8046 15704 5517 11149 12727 12367 10912
5734 10192 7841 2337 5276 8446 7212 10411 8046 0 8623 2812 11589 6628 14368 13950
10074 14334 11255 8126 8804 9767 8477 18856 15704 8623 0 11329 12447 3381 15630 16330
7250 9260 7652 4634 7229 10425 9388 7602 5517 2812 11329 0 11805 8991 14171 13374
17114 4820 4223 13558 16328 19090 17645 15559 11149 11589 12447 11805 0 9332 3208 4082
9981 10954 7874 7059 8828 10790 9343 16223 12727 6628 3381 8991 9332 0 12540 13085
20015 5550 6582 16460 19302 22152 20720 16642 12367 14368 15630 14171 3208 12540 0 2000
19675 4242 6140 16160 19072 22053 20655 15062 10912 13950 16330 13374 4082 13085 2000 0
1 16 10 2
2 7 5 0
3 9 6 2
4 7 5 5
5 5 5 9
6 8 6 3
7 1 4 5
8 6 7 7
9 10 6 5
10 4 8 4
11 6 3 7
12 6 5 0
13 4 8 4
14 3 5 1
15 9 6 3
