75 15 3
30 60 700 9.00
0 2 11 1
0 6 15 1
0 4 10 2
0 2 11 3
0 18 7 3
0 2 5 2
0 3 12 2
0 2 11 3
0 3 1 1
0 10 9 3
0 9 1 1
0 2 9 3
0 9 13 2
0 24 5 1
0 10 8 1
0 19 10 2
0 6 1 3
0 2 15 1
0 6 2 1
0 11 12 1
0 9 1 3
0 5 7 1
0 7 8 3
0 1 11 3
0 7 10 1
0 8 5 3
0 2 15 1
0 8 2 3
0 2 4 1
0 1 2 2
0 19 6 2
0 19 9 2
0 6 5 3
0 25 15 3
0 7 3 2
0 15 1 1
0 11 5 1
0 1 15 3
0 7 6 3
0 4 10 2
0 11 10 1
0 18 2 2
0 5 7 1
0 13 5 1
0 7 7 2
0 1 14 2
0 6 6 3
0 17 2 1
0 9 3 1
0 12 1 3
0 7 4 1
0 7 7 1
0 6 2 3
0 1 10 3
0 14 5 2
0 4 1 1
0 13 6 3
0 4 4 1
0 17 11 2
0 13 6 1
0 4 14 2
0 20 15 2
0 1 15 2
0 4 12 2
0 3 2 3
0 8 1 2
0 8 4 3
0 19 12 3
0 11 15 3
0 3 13 2
0 8 9 1
0 8 5 1
0 19 3 2
0 1 12 3
0 9 11 2
0 16832 3704 16443 17784 15032 13753 14403 7939 16661 14284 16739 19881 5465 12862 10416
16832 0 14280 5348 5137 1854 9373 4903 9480 3240 5953 7720 4191 14888 7924 6487
3704 14280 0 14948 14509 12594 13319 11191 6753 14719 10929 15749 17768 7204 9328 7813
16443 5348 14948 0 10435 4819 4840 9270 8514 2136 10316 2373 4545 12887 11781 7912
17784 5137 14509 10435 0 5901 13963 3394 11948 8365 3611 12791 8651 17384 5605 7953
15032 1854 12594 4819 5901 0 8084 4475 7626 3084 5536 7073 5340 13044 7191 4782
13753 9373 13319 4840 13963 8084 0 11814 6626 6639 12696 3548 9382 9182 13486 8473
14403 4903 11191 9270 3394 4475 11814 0 8755 7529 1072 11448 9086 14104 3077 4690
7939 9480 6753 8514 11948 7626 6626 8755 0 8785 9181 9038 12048 5505 8932 4073
16661 3240 14719 2136 8365 3084 6639 7529 8785 0 8598 4504 3286 13717 10269 7154
14284 5953 10929 10316 3611 5536 12696 1072 9181 8598 0 12468 10125 14393 2177 5123
16739 7720 15749 2373 12791 7073 3548 11448 9038 4504 12468 0 6397 12555 13774 9431
19881 4191 17768 4545 8651 5340 9382 9086 12048 3286 10125 6397 0 16994 12114 10022
5465 14888 7204 12887 17384 13044 9182 14104 5505 13717 14393 12555 16994 0 13719 9434
12862 7924 9328 11781 5605 7191 13486 3077 8932 10269 2177 13774 12114 13719 0 5189
10416 6487 7813 7912 7953 4782 8473 4690 4073 7154 5123 9431 10022 9434 5189 0
1 8 11 2
2 10 5 5
3 4 6 5
4 3 14 5
5 9 11 6
6 16 4 4
7 9 6 5
8 9 8 3
9 7 4 1
10 8 7 3
11 6 10 6
12 9 4 8
13 10 3 5
14 7 6 2
15 8 5 6
