900 100 3
30 60 700 9.00
0 9 68 1
0 1 14 2
0 1 7 1
0 3 3 1
0 9 93 1
0 3 77 3
0 8 99 1
0 2 66 1
0 9 8 2
0 24 23 2
0 5 100 3
0 8 73 1
0 5 74 1
0 3 16 3
0 11 38 3
0 6 37 3
0 13 48 1
0 3 72 3
0 6 94 2
0 3 7 1
0 3 6 1
0 6 16 2
0 11 25 3
0 25 29 1
0 12 19 2
0 12 30 3
0 11 29 3
0 8 22 2
0 14 32 2
0 4 97 2
0 4 100 3
0 11 86 1
0 8 25 3
0 4 63 2
0 23 100 2
0 6 75 1
0 7 64 3
0 1 99 3
0 3 40 1
0 12 52 2
0 2 14 1
0 4 50 2
0 14 97 1
0 2 58 3
0 8 47 3
0 14 45 3
0 1 28 1
0 10 46 3
0 2 30 2
0 7 80 2
0 8 58 1
0 18 75 2
0 15 42 3
0 3 76 3
0 19 49 2
0 5 69 3
0 6 10 3
0 2 57 3
0 16 45 2
0 8 38 3
0 4 72 2
0 2 34 3
0 23 2 1
0 5 48 2
0 11 29 3
0 20 46 2
0 15 49 1
0 3 47 2
0 3 93 3
0 8 72 2
0 5 50 2
0 22 58 3
0 15 96 2
0 15 40 1
0 12 87 3
0 19 31 1
0 2 9 2
0 19 20 3
0 4 80 1
0 1 12 3
0 15 74 2
0 2 96 1
0 2 38 3
0 9 97 1
0 6 69 2
0 14 75 3
0 9 26 2
0 2 95 1
0 10 76 1
0 13 73 3
0 10 37 2
0 1 52 3
0 8 13 1
0 4 8 2
0 2 32 1
0 2 18 1
0 19 66 3
0 3 53 2
0 5 38 1
0 2 27 3
0 5 61 3
0 1 20 1
0 23 97 3
0 5 78 1
0 2 81 1
0 22 42 2
0 12 97 3
0 2 97 3
0 18 48 1
0 15 47 2
0 16 14 3
0 9 90 3
0 15 57 2
0 5 44 1
0 4 59 1
0 5 14 3
0 24 98 2
0 3 5 1
0 9 84 2
0 3 71 2
0 1 97 2
0 3 58 1
0 9 83 1
0 12 25 3
0 4 14 2
0 6 14 2
0 1 81 3
0 21 86 3
0 3 25 3
0 8 4 1
0 6 29 2
0 1 26 3
0 5 88 3
0 1 45 1
0 6 42 3
0 3 43 1
0 14 80 1
0 4 36 2
0 4 38 1
0 7 82 1
0 3 44 2
0 9 62 3
0 2 73 2
0 25 34 1
0 18 62 3
0 3 45 3
0 8 99 3
0 8 29 2
0 8 42 1
0 11 24 3
0 14 99 3
0 6 43 1
0 8 21 1
0 2 39 2
0 3 73 3
0 11 75 2
0 7 58 2
0 9 50 3
0 6 28 3
0 12 49 2
0 22 82 2
0 11 75 3
0 19 83 1
0 7 33 3
0 12 45 1
0 1 69 1
0 22 45 2
0 11 17 2
0 9 68 1
0 16 58 1
0 6 87 3
0 12 17 2
0 3 53 2
0 11 55 3
0 4 78 2
0 8 5 3
0 1 86 1
0 10 61 3
0 5 10 1
0 6 58 3
0 13 76 3
0 3 73 1
0 7 88 3
0 16 51 1
0 8 71 1
0 17 57 2
0 6 57 3
0 11 82 1
0 11 13 1
0 5 54 2
0 14 29 2
0 9 53 3
0 1 16 3
0 14 21 2
0 1 31 2
0 1 12 2
0 5 89 2
0 4 20 1
0 1 86 2
0 7 54 2
0 1 83 1
0 8 94 3
0 1 38 2
0 3 73 2
0 1 40 3
0 20 56 2
0 1 65 1
0 12 61 3
0 1 100 1
0 10 47 2
0 3 89 2
0 8 31 3
0 15 15 3
0 2 22 3
0 14 100 3
0 7 2 1
0 7 37 1
0 8 64 3
0 7 40 3
0 3 39 2
0 4 81 3
0 4 85 2
0 3 23 3
0 7 10 3
0 2 61 3
0 4 89 2
0 4 90 1
0 5 38 1
0 8 97 2
0 2 19 3
0 9 80 2
0 21 48 1
0 11 72 2
0 10 89 3
0 1 37 3
0 1 96 2
0 3 54 1
0 3 50 2
0 4 31 3
0 7 54 2
0 2 51 1
0 5 49 2
0 6 39 3
0 16 41 1
0 25 57 2
0 10 87 3
0 6 45 2
0 5 100 1
0 14 69 1
0 4 63 1
0 3 21 2
0 2 50 3
0 9 29 2
0 4 70 3
0 23 28 2
0 24 38 1
0 5 56 1
0 4 39 2
0 21 18 2
0 14 62 1
0 16 62 1
0 25 79 3
0 6 25 3
0 2 85 3
0 8 83 2
0 7 81 3
0 11 52 1
0 17 2 2
0 10 58 1
0 7 64 1
0 1 3 1
0 11 82 1
0 4 64 1
0 6 84 3
0 3 78 3
0 13 67 1
0 14 44 3
0 14 33 1
0 8 92 1
0 20 90 1
0 18 79 2
0 4 72 2
0 5 10 3
0 9 4 2
0 2 13 1
0 4 45 1
0 1 94 1
0 10 93 2
0 5 61 3
0 2 3 2
0 11 68 1
0 6 68 1
0 2 54 1
0 4 62 1
0 3 31 1
0 4 4 2
0 2 39 1
0 8 89 3
0 4 35 1
0 3 74 2
0 2 48 3
0 1 40 1
0 5 17 2
0 8 30 3
0 9 21 1
0 5 35 3
0 6 18 2
0 17 50 2
0 4 54 1
0 22 16 3
0 9 73 3
0 9 23 1
0 10 53 2
0 6 3 3
0 22 1 1
0 22 84 1
0 14 100 2
0 6 12 1
0 2 72 3
0 9 100 2
0 8 13 1
0 3 3 2
0 21 37 2
0 13 95 1
0 10 63 2
0 4 22 2
0 4 71 2
0 5 96 3
0 7 51 1
0 2 18 3
0 10 87 2
0 8 37 1
0 8 100 2
0 6 70 1
0 16 46 3
0 11 8 1
0 3 31 2
0 1 67 1
0 23 61 1
0 1 49 1
0 11 45 2
0 13 47 2
0 1 66 1
0 19 22 3
0 1 56 1
0 2 40 2
0 6 68 3
0 15 15 3
0 1 59 1
0 12 59 2
0 12 4 1
0 3 21 1
0 2 53 2
0 13 23 1
0 6 52 3
0 22 68 2
0 5 8 1
0 8 96 3
0 1 74 2
0 2 43 3
0 1 90 1
0 6 12 2
0 2 23 3
0 11 28 2
0 20 17 2
0 10 52 1
0 10 11 1
0 16 22 2
0 9 42 3
0 10 44 3
0 19 92 1
0 8 72 1
0 9 33 2
0 3 10 2
0 10 18 2
0 1 35 1
0 17 9 3
0 12 76 2
0 4 23 3
0 7 2 3
0 6 21 3
0 1 32 1
0 8 39 1
0 9 52 3
0 4 23 3
0 2 5 2
0 3 71 1
0 3 94 2
0 12 10 1
0 10 29 3
0 2 98 1
0 2 22 2
0 6 11 3
0 4 27 1
0 5 77 1
0 5 71 1
0 2 31 1
0 15 47 2
0 3 69 3
0 1 1 3
0 1 94 1
0 15 96 3
0 1 18 3
0 14 88 2
0 1 84 2
0 1 23 3
0 17 24 1
0 14 65 3
0 12 25 1
0 3 4 1
0 16 55 1
0 9 27 3
0 5 90 3
0 9 90 3
0 18 73 3
0 8 39 1
0 15 96 3
0 9 92 2
0 1 24 1
0 5 13 2
0 8 31 3
0 12 100 3
0 6 12 3
0 6 16 3
0 4 86 3
0 1 71 3
0 11 29 3
0 17 66 3
0 13 48 1
0 20 28 2
0 9 55 3
0 11 55 3
0 3 84 2
0 13 39 3
0 7 25 2
0 17 28 3
0 2 11 2
0 1 28 1
0 5 37 2
0 8 1 3
0 9 12 2
0 5 40 2
0 21 33 1
0 21 41 2
0 1 92 1
0 17 71 1
0 10 40 3
0 2 83 2
0 20 43 1
0 5 87 1
0 6 99 3
0 3 90 1
0 1 46 2
0 15 4 3
0 2 65 2
0 8 19 3
0 15 57 2
0 12 66 1
0 8 28 2
0 18 48 2
0 22 18 3
0 12 15 2
0 2 7 2
0 15 58 1
0 1 55 3
0 10 21 1
0 9 87 2
0 12 48 2
0 7 6 2
0 3 43 2
0 16 45 3
0 13 58 2
0 22 91 3
0 23 27 2
0 3 99 3
0 19 29 1
0 5 77 3
0 11 50 3
0 14 62 3
0 23 91 1
0 2 36 2
0 16 6 3
0 3 73 3
0 1 30 3
0 13 29 3
0 13 77 1
0 9 35 2
0 1 84 3
0 25 64 3
0 4 80 3
0 13 27 2
0 3 35 3
0 1 51 3
0 14 61 1
0 8 54 2
0 9 79 1
0 10 43 1
0 22 73 2
0 12 58 3
0 13 40 2
0 3 61 2
0 25 68 2
0 11 74 3
0 4 58 2
0 14 91 3
0 24 42 3
0 12 20 2
0 1 76 3
0 24 17 2
0 18 92 1
0 17 50 3
0 6 85 2
0 18 72 2
0 1 13 1
0 1 45 1
0 18 96 1
0 5 83 3
0 6 59 2
0 15 18 3
0 15 24 3
0 22 37 1
0 1 62 3
0 2 43 3
0 9 42 2
0 9 78 2
0 18 84 1
0 2 66 2
0 18 18 1
0 20 27 1
0 4 87 1
0 1 60 3
0 8 1 1
0 24 49 3
0 9 10 3
0 3 75 2
0 17 35 3
0 2 48 3
0 10 81 2
0 16 65 3
0 20 52 1
0 3 69 1
0 4 33 1
0 3 51 2
0 1 45 1
0 6 57 1
0 3 41 3
0 3 80 3
0 20 3 2
0 1 51 2
0 13 53 3
0 3 38 2
0 2 75 3
0 6 62 3
0 14 5 2
0 11 33 1
0 8 10 3
0 5 84 3
0 12 62 2
0 6 71 2
0 11 73 1
0 11 95 1
0 9 3 3
0 1 82 1
0 4 86 2
0 1 82 2
0 8 79 3
0 2 88 3
0 7 25 2
0 14 20 1
0 14 35 1
0 15 5 3
0 4 96 3
0 6 4 3
0 10 41 2
0 19 14 2
0 14 30 3
0 2 84 3
0 6 62 3
0 17 54 1
0 24 68 2
0 3 13 2
0 1 2 3
0 2 13 1
0 8 38 3
0 4 6 2
0 13 11 1
0 25 19 3
0 22 36 1
0 1 38 1
0 8 56 3
0 1 44 1
0 11 11 1
0 24 9 2
0 11 5 2
0 6 89 3
0 2 56 2
0 2 35 1
0 15 3 1
0 7 25 1
0 2 63 2
0 2 73 1
0 1 16 1
0 10 38 2
0 7 56 1
0 3 86 3
0 14 73 3
0 10 78 3
0 15 53 2
0 2 42 3
0 18 66 1
0 7 16 1
0 14 17 2
0 13 58 2
0 3 87 1
0 3 28 1
0 6 38 2
0 11 77 3
0 2 27 2
0 25 1 1
0 19 53 2
0 20 62 1
0 6 58 3
0 13 7 1
0 8 28 1
0 2 85 1
0 5 79 3
0 1 21 1
0 2 90 1
0 5 23 2
0 7 72 1
0 17 50 1
0 8 86 1
0 14 70 2
0 2 50 2
0 10 37 1
0 11 15 2
0 8 73 3
0 4 62 3
0 20 69 2
0 11 99 3
0 3 8 2
0 4 81 2
0 3 76 1
0 1 53 1
0 22 36 3
0 7 86 2
0 6 27 2
0 21 12 2
0 21 89 3
0 2 81 1
0 18 25 2
0 8 69 3
0 9 13 1
0 20 93 1
0 23 96 1
0 15 9 3
0 2 74 2
0 3 20 2
0 3 94 2
0 11 36 1
0 3 31 3
0 12 89 3
0 12 38 3
0 13 47 2
0 17 52 3
0 2 15 1
0 19 87 2
0 14 80 3
0 3 70 2
0 7 59 1
0 16 23 2
0 12 12 1
0 16 55 3
0 8 79 2
0 6 42 3
0 2 69 1
0 10 97 2
0 3 100 2
0 3 90 1
0 14 65 2
0 7 62 2
0 22 54 3
0 3 43 3
0 15 80 3
0 20 92 3
0 4 31 2
0 8 63 3
0 9 4 3
0 5 77 1
0 6 93 3
0 16 38 1
0 15 12 3
0 4 16 1
0 1 10 1
0 24 11 3
0 15 55 1
0 5 84 3
0 10 14 3
0 18 86 3
0 6 28 2
0 22 57 3
0 5 82 1
0 7 63 2
0 20 51 3
0 12 85 2
0 12 33 3
0 9 100 2
0 7 13 2
0 4 61 2
0 1 58 3
0 3 41 1
0 9 2 2
0 10 89 3
0 5 20 2
0 6 19 3
0 9 30 2
0 13 73 2
0 1 79 1
0 21 9 1
0 7 27 3
0 11 50 3
0 7 96 3
0 7 65 2
0 4 6 1
0 3 5 3
0 3 38 1
0 2 73 1
0 9 79 1
0 4 36 3
0 10 91 3
0 1 100 1
0 2 94 1
0 23 31 3
0 19 55 1
0 11 45 3
0 5 73 3
0 2 6 1
0 21 26 1
0 13 88 3
0 2 75 1
0 9 79 2
0 17 13 2
0 2 48 2
0 11 80 1
0 8 24 2
0 15 94 3
0 2 49 3
0 9 18 2
0 21 45 2
0 3 74 2
0 8 4 3
0 10 4 3
0 22 53 3
0 16 7 1
0 11 17 3
0 6 28 1
0 6 61 1
0 7 46 3
0 8 94 2
0 13 31 2
0 1 50 1
0 4 5 2
0 6 7 2
0 1 66 2
0 1 76 1
0 5 18 2
0 12 13 3
0 3 92 3
0 17 32 3
0 1 94 3
0 12 14 3
0 2 47 3
0 13 70 1
0 2 60 1
0 8 48 2
0 17 81 3
0 13 44 3
0 17 25 3
0 3 67 2
0 5 16 2
0 9 45 3
0 9 38 3
0 2 79 2
0 1 19 3
0 7 28 2
0 4 92 3
0 11 100 1
0 5 87 2
0 22 14 1
0 21 60 2
0 6 91 3
0 4 22 1
0 23 34 2
0 9 92 2
0 9 63 2
0 14 89 1
0 11 43 2
0 7 55 2
0 1 57 3
0 13 36 3
0 6 10 3
0 4 98 3
0 1 32 1
0 12 55 2
0 2 41 2
0 11 28 2
0 6 39 2
0 16 10 1
0 3 83 3
0 6 54 2
0 3 17 1
0 1 91 3
0 1 22 3
0 18 67 3
0 10 94 2
0 2 81 2
0 4 55 2
0 14 70 1
0 3 55 3
0 2 44 1
0 15 87 2
0 7 41 2
0 7 75 2
0 23 37 1
0 11 63 1
0 11 27 1
0 10 88 1
0 12 34 1
0 2 84 2
0 4 81 3
0 2 57 1
0 9 20 3
0 7 89 2
0 15 34 3
0 22 37 3
0 6 10 3
0 2 69 1
0 10 63 1
0 17 77 1
0 14 36 3
0 14 59 2
0 7 85 1
0 6 99 2
0 12 26 1
0 2 70 2
0 20 56 2
0 24 33 2
0 23 55 2
0 3 20 2
0 8 71 2
0 2 86 2
0 9 57 1
0 18 49 1
0 1 74 1
0 4 1 3
0 2 91 3
0 11 86 3
0 18 37 3
0 1 86 1
0 6 6 3
0 9 83 3
0 8 62 3
0 4 63 2
0 6 48 3
0 4 64 3
0 7 94 2
0 9 47 2
0 10 57 3
0 12 11 1
0 3 96 2
0 20 11 2
0 13 29 2
0 3 66 2
0 6 10 3
0 9 72 1
0 22 43 2
0 11 73 1
0 12 62 2
0 1 41 3
0 15 9 2
0 3 29 3
0 10 60 2
0 2 58 1
0 1 12 2
0 11 72 3
0 9 9 1
0 12 36 2
0 11 75 1
0 13 34 2
0 4 3 1
0 9 52 2
0 12 100 2
0 6 99 1
0 1 40 3
0 1 35 3
0 12 56 1
0 3 16 2
0 4 8 3
0 22 89 2
0 14 49 2
0 17755 4477 1880 14870 7164 14822 5613 6213 12765 12161 14253 13444 17045 7816 6389 10818 12335 14130 16726 4181 11987 9834 17905 14169 6679 10604 16276 2183 13574 11892 12345 12387 14386 8616 14850 15293 14213 2819 6761 16084 13838 19729 6673 13881 8748 14152 5091 14357 19503 7412 9924 14278 10050 9376 12135 21102 9478 9649 11559 11163 12863 8270 13658 2061 15684 18540 17541 14651 18639 16621 11586 8719 2175 1518 5689 14022 2885 20112 18701 11239 17889 18791 8067 13626 3480 3953 11295 18465 16148 18770 17764 18677 18079 5485 17127 7425 8527 18375 16949 13823
17755 0 14035 16374 5012 12326 18388 14115 11553 5785 7959 4637 8998 7853 12956 13287 20772 19623 8276 17701 15227 15624 12376 17065 3872 11884 7705 15687 15871 11185 17667 10081 11640 16210 10848 4799 3450 18088 17870 11042 13664 8721 11419 13954 24062 9269 20479 13615 7670 13741 10606 8164 7313 9022 18311 12618 13736 11939 12756 6611 21021 5467 17467 8548 16647 2890 10631 2541 4467 3546 1175 14617 18682 18278 16663 15423 19498 15376 15895 4460 6747 16799 16267 14853 22362 18304 19172 8464 2250 18849 8906 1600 963 11327 16180 16694 18467 20875 2625 10540 5206
4477 14035 0 4227 12059 6423 11656 1588 3002 9815 10027 11232 8967 12580 3553 2058 9441 10032 9659 13153 1361 8422 5553 14093 10800 5303 6477 12371 2294 9188 8969 7884 8043 10742 7219 11975 12081 11056 3835 3245 11899 9362 15278 2688 12949 6019 11743 4814 9902 15184 3434 5899 9840 5678 7248 7919 16724 5109 5437 7523 9789 9785 6002 9184 2753 11679 14081 14268 11647 14470 12968 7787 6976 6107 4254 7030 11316 1597 15966 14445 7304 14035 14783 4530 12057 4301 5184 6878 14442 12907 14296 13811 14989 13650 3150 13323 6013 8128 14302 12502 9632
1880 16374 4227 0 13208 5309 15526 5694 5014 11166 10394 12653 12930 16390 7778 6284 12124 13369 13532 17226 4520 12462 9779 18255 12682 4923 9580 16557 2319 13365 12677 11965 12247 14832 6799 13204 13739 14917 4251 5619 16126 13294 19347 6820 15348 7193 15169 3257 13684 19384 6438 8850 13557 9280 10415 12146 20887 9316 9663 10446 12476 11300 9227 13087 2914 14481 18131 15985 13042 17530 15220 11919 9865 2040 365 3922 14922 2928 20192 17671 10071 18210 18995 8495 14916 4976 5609 10572 17247 16825 18171 16508 17274 17766 6248 17481 8624 10035 17193 16591 12783
14870 5012 12059 13208 0 8354 19582 12691 9120 2252 3259 1087 10713 11225 12310 12059 20444 19915 10333 19545 13403 16358 12534 19344 2436 8317 7162 17718 13355 12860 18123 11281 12827 17604 6747 254 1654 19156 15712 8814 15930 10628 15132 12938 23950 6184 21137 10074 9854 17013 8848 7138 9457 8743 17952 13658 17440 11924 12849 6323 20746 2370 16884 10370 14265 5732 14114 3201 817 8213 4081 15322 18087 14878 13545 11356 20286 13040 18975 8989 6052 19118 18924 14370 22526 16287 17172 8919 7089 20342 12732 6257 5487 14560 14842 18814 17531 19880 7361 13517 6771
7164 12326 6423 5309 8354 0 17599 7850 4141 6624 5268 8029 11911 14631 9007 7815 15852 16389 12191 18666 7620 14194 10522 19243 8457 1261 7439 17455 6395 13186 15149 11462 12390 16287 1614 8403 9226 17026 8923 4528 16404 12143 18223 8745 19335 3459 18047 2084 12100 19011 5487 6698 11837 8065 13664 12713 20170 9869 10609 7827 16201 6884 12420 11876 7353 11119 16996 11394 8369 14296 11154 13353 13393 6664 5674 3097 17524 6453 20342 14683 7315 19119 19546 10655 18479 9631 10430 9244 13687 18750 16470 12857 13123 16930 9543 18521 12377 14320 13746 15702 10112
14822 18388 11656 15526 19582 17599 0 10069 13471 17654 19214 18500 9391 11622 8593 9852 6248 3613 10130 2583 11014 3435 7353 4360 17314 16347 12511 3893 13212 7212 2964 8428 6840 2223 17827 19378 18636 610 12206 13170 5697 9672 10900 9004 7544 15581 2840 16369 10743 8741 12359 12750 11084 10982 5835 5939 10562 8032 7152 13261 6167 17358 6668 9839 12826 15527 10398 20097 18840 16366 17885 4392 6712 16958 15414 18684 1848 12613 7751 15682 13571 4541 5951 7127 5520 11777 11911 10664 17251 1339 12071 17180 19217 9387 9353 3802 7924 8707 16867 9192 13376
5613 14115 1588 5694 12691 7850 10069 0 4042 10441 10980 11783 8061 11763 2206 910 8167 8541 8832 11585 1491 6842 4222 12565 11173 6671 6412 10863 3531 7976 7401 6854 6777 9177 8484 12579 12512 9469 4157 4065 10504 8481 14179 1127 11711 6928 10220 6360 9155 13891 3843 5983 9152 5284 5852 6536 15494 3891 4044 7505 8505 10349 4623 8339 3627 11569 13011 14624 12196 14155 13112 6237 5696 7461 5672 8616 9758 2826 14555 14027 7393 12517 13312 2943 10683 4381 5188 6319 14272 11320 13400 13711 15077 12502 2154 11792 4906 7200 14087 11398 9373
6213 11553 3002 5014 9120 4141 13471 4042 0 6894 7031 8345 8390 11601 4879 3793 12208 12446 8857 14536 4363 10058 6403 15164 8061 2881 4584 13379 4352 9327 11090 7688 8417 12151 4487 9051 9273 12903 6600 625 12451 8698 14851 4758 15752 3018 14042 3401 8917 15299 1606 3842 8741 4530 9870 8649 16615 5762 6474 5432 12546 6906 8654 8460 5202 9499 13617 11500 8758 12519 10429 9212 9737 7036 5249 5949 13464 3947 16460 12659 5067 15051 15551 6629 14697 7167 8052 5825 12275 14612 13422 11560 12482 13398 6049 14430 8897 11095 12203 12181 7773
12765 5785 9815 11166 2252 6624 17654 10441 6894 0 2476 1489 9152 10323 10122 9820 18243 17800 8921 17797 11155 14360 10475 17741 1970 6367 5146 16057 11170 11195 16050 9525 11013 15751 5091 2161 2616 17202 13493 6569 14383 9141 14251 10709 21762 4021 19079 8137 8522 15859 6599 5010 8140 6701 15758 11783 16499 9843 10771 4464 18550 435 14672 8868 12066 5319 13143 4837 1887 8314 4636 13331 15869 12925 11491 9711 18260 10829 17695 8921 4095 17533 17469 12183 20379 14057 14943 7059 7440 18483 11997 6578 6528 13450 12592 17165 15290 17633 7597 12325 5547
12161 7959 10027 10394 3259 5268 19214 10980 7031 2476 0 3323 11251 12731 11146 10526 19076 18953 11127 19607 11386 15828 11884 19706 4359 5483 6860 17975 10910 13167 17333 11432 12822 17444 3661 3375 4534 18720 13390 6916 16424 11295 16646 11479 22627 4051 20370 7161 10782 18143 7299 6489 10414 8277 16648 13494 18868 11216 12129 6453 19402 2908 15484 11015 11863 7790 15515 6449 3535 10738 6873 14829 16630 11912 10747 8170 19630 10719 19903 11376 5989 19515 19559 13163 21408 14029 14896 8914 9796 20144 14435 8933 8580 15768 13060 19088 15883 18120 9986 14613 7912
14253 4637 11232 12653 1087 8029 18500 11783 8345 1489 3323 0 9635 10264 11310 11121 19447 18870 9271 18459 12561 15285 11476 18268 1415 7837 6105 16637 12643 11777 17066 10194 11740 16517 6460 880 1231 18076 14944 7993 14858 9557 14186 11981 22941 5508 20074 9606 8802 16006 7947 6117 8407 7687 16951 12574 16483 10873 11796 5244 19745 1447 15901 9298 13532 4864 13144 3373 415 7565 3567 14248 17108 14401 12979 11096 19216 12289 17945 8280 4988 18043 17865 13366 21494 15496 16382 7835 6536 19255 11820 5679 5274 13559 13937 17734 16587 18952 6761 12497 5724
13444 8998 8967 12930 10713 11911 9391 8061 8390 9152 11251 9635 0 3727 6003 7175 12388 10848 905 8910 9542 6746 4400 8633 8306 10763 4630 7018 11261 2222 8862 1388 2718 7227 11341 10481 9524 9092 12195 7793 5237 442 6467 7280 15416 8732 11539 11765 1469 7133 6785 5285 1738 3891 10099 3715 8271 4353 4771 4799 12584 8772 9567 464 11609 6137 5235 10769 9915 7327 8514 5795 10685 14938 13051 14295 10534 10561 8694 6843 5282 8411 8323 7190 13593 12318 13031 2668 8012 9907 5344 7843 9841 5033 9486 8106 10885 13153 7666 3807 4076
17045 7853 12580 16390 11225 14631 11622 11763 11601 10323 12731 10264 3727 0 9730 10867 15662 13809 2933 10358 13235 9710 8081 9434 8851 13606 7225 8294 14864 4901 11847 5060 5972 9409 13758 10972 9705 11484 15909 10980 6204 3294 3933 11006 18423 11223 14157 14851 2706 5919 10030 7990 2862 7118 13520 6879 6219 8077 8438 6843 15818 9892 13120 3424 15269 5582 2894 10183 10415 4962 7871 8915 14181 18422 16542 17307 13098 14177 8045 4152 7371 9153 8473 10852 16492 16044 16759 5820 6091 11758 1842 6329 8445 3479 13211 9181 14496 16696 5660 2753 4835
7816 12956 3553 7778 12310 9007 8593 2206 4879 10122 11146 11310 6003 9730 0 1495 8137 7809 6824 9785 3682 5192 2023 10604 10469 7754 5385 8859 5708 5773 6278 4728 4572 7374 9288 12160 11849 8024 6220 4610 8351 6436 11992 1278 11641 7229 9286 7882 7209 11693 3908 5204 7258 3938 5642 4371 13289 1707 1885 6451 8437 9942 4612 6323 5830 10235 10834 13814 11708 12546 12054 4402 5831 9620 7793 10317 8637 4994 12415 12316 6490 10531 11238 2061 10289 6316 7034 4666 12818 9751 11306 12346 13914 10305 3524 9842 5510 7919 12587 9213 7927
6389 13287 2058 6284 12059 7815 9852 910 3793 9820 10526 11121 7175 10867 1495 0 8549 8652 7935 11195 2368 6518 3501 12071 10444 6588 5583 10337 4248 7188 7334 5994 6017 8780 8280 11936 11798 9265 5065 3680 9843 7591 13351 970 12100 6497 10256 6523 8250 13155 3257 5201 8244 4396 6139 5862 14723 3092 3380 6678 8876 9700 4958 7443 4458 10706 12171 13877 11531 13258 12304 5808 6109 8140 6303 8902 9709 3532 13908 13121 6597 12005 12730 2845 10944 5289 6089 5411 13394 11059 12518 12846 14250 11691 2898 11305 5471 7832 13203 10569 8489
10818 20772 9441 12124 20444 15852 6248 8167 12208 18243 19076 19447 12388 15662 8137 8549 0 2636 13286 8822 8246 6044 8399 10564 18581 14744 13464 9703 9959 10761 4063 11043 9750 7451 16628 20297 19965 5824 8002 12198 10927 12798 16151 7600 3551 15042 4079 14093 13853 14462 11791 13337 14073 11933 2500 8797 16326 8843 8016 14492 354 18075 3593 12839 9213 17927 15358 21868 19845 19693 19973 6749 2473 12963 11890 15893 4571 9614 13846 19230 14587 10715 12078 6084 2807 7349 7082 12310 20251 7419 16662 19930 21706 14445 6310 9931 3532 2762 19946 13853 15580
12335 19623 10032 13369 19915 16389 3613 8541 12446 17800 18953 18870 10848 13809 7809 8652 2636 0 11713 6191 9061 4127 7421 7946 17860 15197 12769 7184 11081 8963 1988 9598 8132 4995 16932 19742 19236 3211 9557 12303 8591 11222 13871 7689 4614 15026 1817 14842 12311 12011 11701 12793 12581 11190 2964 7136 13869 7999 7083 13709 2560 17575 4147 11312 10495 16736 13173 20979 19249 18160 18934 5054 3656 14509 13190 16909 1978 10599 11269 17606 13895 8107 9487 5840 2748 9006 8951 11294 18851 4792 14621 18626 20525 12216 7161 7333 4966 5204 18512 11752 14427
14130 8276 9659 13532 10333 12191 10130 8832 8857 8921 11127 9271 905 2933 6824 7935 13286 11713 0 9485 10302 7597 5286 9061 7903 11084 4782 7528 11947 2918 9725 2290 3583 7939 11510 10095 9056 9859 12981 8245 5624 491 6043 8096 16292 8908 12355 12189 614 7050 7259 5498 967 4328 11003 4577 8007 5204 5661 4742 13479 8522 10469 502 12338 5457 4811 10160 9524 6449 7868 6665 11590 15555 13670 14695 11338 11256 8783 5944 5256 8822 8594 8077 14453 13129 13858 3034 7179 10576 4647 7055 9090 4781 10327 8589 11781 14055 6820 3567 3581
16726 17701 13153 17226 19545 18666 2583 11585 14536 17797 19607 18459 8910 10358 9785 11195 8822 6191 9485 0 12721 4765 8148 1801 17175 17405 12756 2064 14947 6705 5247 8279 6795 2415 18682 19323 18424 3014 14249 14146 4154 9088 8914 10467 9983 16269 5293 17667 10070 6499 13236 13136 10450 11350 8187 6136 8243 8811 8062 13333 8748 17457 8853 9310 14683 14934 8627 19645 18763 15283 17352 5388 9085 18808 17155 20094 4392 14299 5243 14507 13719 2015 3444 8733 7985 13893 14121 10745 16302 1726 10456 16357 18457 7603 11252 1399 10221 11218 15892 7699 12985
4181 15227 1361 4520 13403 7620 11014 1491 4363 11155 11386 12561 9542 13235 3682 2368 8246 9061 10302 12721 0 7956 5681 13805 12086 6558 7581 12143 2227 9454 8199 8345 8245 10339 8515 13314 13384 10406 2743 4592 11902 9959 15668 2494 11715 7380 10823 5858 10609 15336 4684 7063 10591 6602 6181 7957 16959 5378 5478 8655 8597 11114 4941 9811 2154 12783 14501 15554 12975 15473 14183 7465 5808 6131 4435 7848 10490 1599 15933 15386 8480 13775 14635 3989 10927 3083 3945 7708 15521 12308 14884 14924 16186 13986 1948 13029 4757 6795 15359 12887 10655
11987 15624 8422 12462 16358 14194 3435 6842 10058 14360 15828 15285 6746 9710 5192 6518 6044 4127 7597 4765 7956 0 3945 5952 14165 12938 9220 4459 10183 4840 2144 5547 4029 2400 14393 16165 15518 2903 9593 9742 5074 7109 10162 5735 8734 12151 4870 13037 8200 8733 8924 9399 8483 7660 4300 3033 10578 4618 3724 10045 6161 14085 4515 7210 9936 12734 9325 17125 15642 14040 15001 1039 5152 14052 12390 15411 3943 9535 8610 13479 10311 5968 7041 3968 6859 9302 9636 7498 14758 4559 10626 14564 16506 8433 6539 5179 6008 7642 14410 7809 10467
9834 12376 5553 9779 12534 10522 7353 4222 6403 10475 11884 11476 4400 8081 2023 3501 8399 7421 5286 8148 5681 3945 0 8782 10440 9262 5372 7007 7730 3793 5590 3026 2567 5790 10565 12353 11816 6843 8116 5999 6350 4841 10048 3204 11712 8240 8607 9632 5765 9671 5097 5481 5902 3791 5961 2374 11278 681 391 6289 8645 10221 5256 4790 7835 9528 8917 13583 11849 11447 11605 2962 6428 11639 9804 12129 7790 7017 10419 11090 6490 8684 9301 2792 10103 8131 8776 3927 11903 8370 9540 11545 13308 8337 5203 8039 6507 8823 11620 7282 7182
17905 17065 14093 18255 19344 19243 4360 12565 15164 17741 19706 18268 8633 9434 10604 12071 10564 7946 9061 1801 13805 5952 8782 0 16930 17989 12859 1789 16024 6551 6837 8274 6968 3577 19112 19111 18114 4740 15545 14719 3440 8727 7465 11438 11779 16611 7093 18413 9601 4892 13760 13328 9996 11575 9755 6531 6553 9404 8774 13303 10506 17376 10306 8978 15846 14403 7355 19153 18543 14396 16829 6342 10657 19934 18215 20897 6187 15350 3453 13567 13733 295 1666 9840 9784 15244 15538 10793 15499 3492 9261 15641 17762 6355 12486 777 11731 12885 15075 6691 12637
14169 3872 10800 12682 2436 8457 17314 11173 8061 1970 4359 1415 8306 8851 10469 10444 18581 17860 7903 17175 12086 14165 10440 16930 0 8055 5124 15321 12413 10476 16012 8943 10509 15290 6979 2194 1384 16910 14593 7626 13508 8206 12776 11250 22037 5500 18994 9805 7418 14594 7405 5283 7021 6686 16081 11376 15070 9869 10778 4151 18868 1609 15081 7952 13255 3510 11730 3469 1622 6380 2703 13126 16299 14530 12988 11554 18107 11990 16543 7030 3997 16701 16491 12503 20522 15099 15983 6671 5472 18025 10420 4609 4678 12146 13316 16412 15866 18257 5639 11089 4336
6679 11884 5303 4923 8317 1261 16347 6671 2881 6367 5483 7837 10763 13606 7754 6588 14744 15197 11084 17405 6558 12938 9262 17989 8055 0 6383 16201 5581 11971 13920 10260 11152 15026 2027 8329 8978 15776 8112 3270 15173 11012 17127 7529 18250 2675 16837 1770 11027 17835 4240 5624 10782 6890 12511 11460 19032 8609 9347 6879 15091 6559 11271 10750 6547 10424 15895 11203 8209 13592 10710 12093 12276 6570 5272 3767 16296 5529 19129 13915 6386 17867 18308 9433 17336 8796 9629 8101 13077 17493 15448 12272 12728 15793 8448 17264 11303 13323 13101 14565 9219
10604 7705 6477 9580 7162 7439 12511 6412 4584 5146 6860 6105 4630 7225 5385 5583 13464 12769 4782 12756 7581 9220 5372 12859 5124 6383 0 11119 8533 6347 10962 4590 5964 10639 6733 6981 6507 12056 10281 3967 9632 4792 10791 6279 16914 4127 13975 7663 4662 11753 3193 771 4402 1581 10965 6671 12788 4770 5691 1095 13748 4865 9990 4515 9194 5207 9568 8430 6480 8040 6729 8189 11211 11612 9795 10087 13133 7948 13303 8108 1129 12675 12795 7395 15412 10664 11519 2076 7964 13362 9067 7345 8668 9557 8477 12232 10857 13264 7829 8335 3221
16276 15687 12371 16557 17718 17455 3893 10863 13379 16057 17975 16637 7018 8294 8859 10337 9703 7184 7528 2064 12143 4459 7007 1789 15321 16201 11119 0 14350 4867 5739 6550 5196 2282 17326 17490 16539 4056 14000 12932 2090 7156 7041 9737 11418 14832 6729 16639 8097 4864 11971 11569 8484 9807 8546 4742 6705 7622 7012 11603 9700 15700 8944 7392 14216 12950 6643 17681 16926 13222 15374 4691 9440 18273 16529 19131 5704 13666 4214 12444 12020 1678 2582 8215 9390 13742 14094 9063 14251 3581 8431 14322 16429 5619 10914 1113 10416 11802 13839 5644 11072
2183 15871 2294 2319 13355 6395 13212 3531 4352 11170 10910 12643 11261 14864 5708 4248 9959 11081 11947 14947 2227 10183 7730 16024 12413 5581 8533 14350 0 11434 10359 10172 10264 12565 7606 13308 13610 12602 2536 4830 14035 11655 17561 4635 13286 7171 12873 4384 12179 17398 5358 7884 12105 7895 8138 10064 18970 7340 7570 9525 10313 11217 6934 11475 967 13677 16368 15844 13052 16572 14760 9682 7631 3933 2210 5934 12608 716 18085 16598 9240 15990 16824 6215 12726 3236 4051 9128 16456 14514 16587 15783 16809 15921 3937 15248 6431 8069 16346 14783 11739
13574 11185 9188 13365 12860 13186 7212 7976 9327 11195 13167 11777 2222 4901 5773 7188 10761 8963 2918 6705 9454 4840 3793 6551 10476 11971 6347 4867 11434 0 6984 1771 1249 5025 12834 12634 11720 6946 11905 8789 3293 2464 6264 6993 13574 10262 9483 12720 3531 6033 7772 6874 3874 5195 8654 2003 7537 4096 4058 6752 10918 10835 8351 2649 11602 8343 5160 12991 12072 9260 10731 4015 9354 15294 13428 15268 8452 10718 7158 8659 7186 6351 6465 6323 11680 11897 12507 4271 10069 7688 6029 9971 12007 4545 8944 5972 9786 11889 9698 3519 6293
11892 17667 8969 12677 18123 15149 2964 7401 11090 16050 17333 17066 8862 11847 6278 7334 4063 1988 9725 5247 8199 2144 5590 6837 16012 13920 10962 5739 10359 6984 0 7621 6145 3458 15548 17943 17381 2370 9249 10874 6865 9235 12097 6413 6590 13491 3039 13760 10323 10419 10179 11043 10596 9381 2940 5149 12283 6207 5280 11863 4128 15805 3705 9325 9921 14778 11333 19075 17437 16172 17001 3071 3839 14042 12546 15980 2376 9792 9941 15620 12079 6939 8222 4498 4731 8814 8955 9395 16868 4303 12714 16650 18563 10403 6453 6130 4993 6076 16527 9866 12481
12345 10081 7884 11965 11281 11462 8428 6854 7688 9525 11432 10194 1388 5060 4728 5994 11043 9598 2290 8279 8345 5547 3026 8274 8943 10260 4590 6550 10172 1771 7621 0 1589 6352 11072 11064 10236 8072 10947 7126 5064 1826 7396 6005 14131 8494 10398 11089 2821 7612 6105 5104 3029 3433 8728 2540 8968 3040 3391 5062 11248 9180 8180 1812 10451 7192 6196 11675 10510 8650 9492 4553 9302 13942 12059 13637 9424 9462 8888 8203 5470 8086 8236 5811 12346 11035 11726 2519 9263 9084 6580 9029 10960 5803 8165 7662 9499 11766 8936 4627 4962
12387 11640 8043 12247 12827 12390 6840 6777 8417 11013 12822 11740 2718 5972 4572 6017 9750 8132 3583 6795 8245 4029 2567 6968 10509 11152 5964 5196 10264 1249 6145 1589 0 4781 12165 12613 11814 6485 10667 7913 4034 3092 7510 5771 12709 9646 8846 11780 4179 7142 6915 6380 4455 4612 7551 997 8717 2934 2816 6554 9929 10683 7171 3182 10398 8755 6409 13263 12064 10032 11073 3082 8212 14149 12294 14319 7858 9548 8064 9509 6927 6809 7156 5079 10875 10650 11258 3954 10729 7518 7221 10542 12506 5783 7696 6303 8585 10734 10384 4768 6547
14386 16210 10742 14832 17604 16287 2223 9177 12151 15751 17444 16517 7227 9409 7374 8780 7451 4995 7939 2415 10339 2400 5790 3577 15290 15026 10639 2282 12565 5025 3458 6352 4781 0 16352 17392 16589 2101 11979 11776 3643 7489 8926 8057 9404 13983 4837 15257 8549 7023 10887 10956 8898 9167 6280 3970 8885 6463 5679 11310 7466 15434 6747 7668 12334 13363 8320 17977 16844 14144 15739 2974 7178 16446 14770 17679 3771 11909 6492 13459 11656 3619 4806 6351 7386 11668 11963 8702 15036 2738 9923 14979 17028 7328 8937 2814 8193 9520 14650 7033 11256
8616 10848 7219 6799 6747 1614 17827 8484 4487 5091 3661 6460 11341 13758 9288 8280 16628 16932 11510 18682 8515 14393 10565 19112 6979 2027 6733 17326 7606 12834 15548 11072 12165 16352 0 6802 7670 17276 10138 4677 16109 11522 17477 9245 20155 2609 18519 3544 11345 18474 5476 6057 11047 7639 14335 12606 19516 9889 10708 6917 16971 5383 13107 11246 8573 9840 16265 9813 6788 13004 9683 13487 14155 8253 7159 4637 17917 7549 19943 13453 6388 18966 19278 11109 19165 10822 11656 8697 12316 18914 15581 11472 11616 16289 10367 18417 13231 15302 12404 15068 9076
14850 4799 11975 13204 254 8403 19378 12579 9051 2161 3375 880 10481 10972 12160 11936 20297 19742 10095 19323 13314 16165 12353 19111 2194 8329 6981 17490 13308 12634 17943 11064 12613 17392 6802 0 1413 18955 15648 8730 15695 10392 14878 12807 23797 6140 20952 10091 9612 16763 8737 6977 9215 8562 17802 13451 17187 11748 12671 6124 20597 2236 16743 10136 14212 5478 13862 3075 572 7973 3849 15128 17947 14896 13538 11424 20096 12981 18728 8744 5866 18885 18684 14219 22361 16216 17102 8714 6858 20130 12478 6022 5300 14309 14732 18585 17406 19761 7126 13268 6529
15293 3450 12081 13739 1654 9226 18636 12512 9273 2616 4534 1231 9524 9705 11849 11798 19965 19236 9056 18424 13384 15518 11816 18114 1384 8978 6507 16539 13610 11720 17381 10236 11814 16589 7670 1413 0 18243 15847 8873 14679 9391 13584 12616 23421 6553 20356 10747 8537 15552 8716 6657 8139 8068 17464 12698 15903 11249 12156 5527 20252 2439 16461 9148 14475 4150 12599 2248 1017 6560 2446 14479 17678 15526 14057 12303 19461 13218 17562 7336 5381 17877 17603 13885 21903 16372 17258 8020 5453 19319 11155 4613 4048 13092 14660 17620 17233 19620 5714 12091 5477
14213 18088 11056 14917 19156 17026 610 9469 12903 17202 18720 18076 9092 11484 8024 9265 5824 3211 9859 3014 10406 2903 6843 4740 16910 15776 12056 4056 12602 6946 2370 8072 6485 2101 17276 18955 18243 0 11603 12612 5712 9391 10972 8409 7376 15053 2744 15778 10473 8919 11815 12272 10803 10514 5268 5553 10761 7518 6627 12833 5770 16913 6073 9546 12217 15215 10407 19746 18422 16161 17555 3892 6152 16349 14804 18085 1683 12005 8064 15501 13128 4896 6278 6527 5349 11180 11324 10246 17012 1940 12023 16914 18931 9407 8743 4123 7348 8210 16635 9134 13032
2819 17870 3835 4251 15712 8923 12206 4157 6600 13493 13390 14944 12195 15909 6220 5065 8002 9557 12981 14249 2743 9593 8116 15545 14593 8112 10281 14000 2536 11905 9249 10947 10667 11979 10138 15648 15847 11603 0 6974 14059 12620 18165 4948 11121 9551 11374 6888 13312 17616 7267 9727 13309 9344 6613 10236 19311 7922 7851 11342 8348 13502 5565 12485 1571 15488 17028 18055 15356 18211 16801 9341 5920 4981 3969 8157 11294 2682 17996 18129 11136 15557 16561 5858 10809 732 1517 10447 18239 13543 17520 17625 18823 16449 3099 14772 4618 5789 18084 15397 13387
6761 11042 3245 5619 8814 4528 13170 4065 625 6569 6916 7993 7793 10980 4610 3680 12198 12303 8245 14146 4592 9742 5999 14719 7626 3270 3967 12932 4830 8789 10874 7126 7913 11776 4677 8730 8873 12612 6974 0 11945 8095 14249 4650 15749 2865 13857 3977 8298 14737 1021 3231 8119 3921 9814 8192 16032 5341 6100 4835 12531 6547 8618 7853 5637 8927 13015 11083 8407 11927 9931 8864 9738 7647 5845 6518 13241 4368 15935 12052 4486 14599 15062 6464 14624 7506 8393 5212 11707 14283 12802 11004 11979 12810 6154 13994 8967 11221 11627 11590 7164
16084 13664 11899 16126 15930 16404 5697 10504 12451 14383 16424 14858 5237 6204 8351 9843 10927 8591 5624 4154 11902 5074 6350 3440 13508 15173 9632 2090 14035 3293 6865 5064 4034 3643 16109 15695 14679 5712 14059 11945 0 5302 5287 9415 13047 13547 8455 15810 6161 3674 10942 10167 6556 8477 9374 3980 5507 6859 6470 9982 10982 14007 9508 5560 14042 10972 4703 15719 15125 11136 13398 4858 10224 17962 16143 18346 7394 13327 4070 10354 10436 3198 3173 8205 11029 13906 14374 7556 12179 5611 6405 12272 14386 3697 10968 3032 11014 12714 11763 3571 9203
13838 8721 9362 13294 10628 12143 9672 8481 8698 9141 11295 9557 442 3294 6436 7591 12798 11222 491 9088 9959 7109 4841 8727 8206 11012 4792 7156 11655 2464 9235 1826 3092 7489 11522 10392 9391 9391 12620 8095 5302 0 6155 7712 15801 8914 11874 12058 1093 6967 7094 5477 1413 4177 10522 4086 8027 4792 5212 4863 12990 8751 10001 282 12017 5883 4920 10560 9823 6940 8282 6175 11115 15308 13422 14579 10860 10958 8612 6433 5363 8495 8333 7631 13964 12750 13466 2914 7661 10143 4936 7524 9546 4787 9924 8230 11324 13588 7306 3560 3918
19729 11419 15278 19347 15132 18223 10900 14179 14851 14251 16646 14186 6467 3933 11992 13351 16151 13871 6043 8914 15668 10162 10048 7465 12776 17127 10791 7041 17561 6264 12097 7396 7510 8926 17477 14878 13584 10972 18165 14249 5287 6155 0 13236 18329 14894 13705 18212 6135 2744 13246 11525 6430 10332 14413 8086 2329 10290 10322 10584 16225 13821 14348 6401 17802 9436 1235 13869 14326 8093 11613 9697 15213 21334 19450 20729 12653 16849 4933 7152 11114 7172 6030 12547 16308 18160 18761 9058 9389 10581 2514 9829 11861 1762 15205 7534 15835 17749 8952 2782 8735
6673 13954 2688 6820 12938 8745 9004 1127 4758 10709 11479 11981 7280 11006 1278 970 7600 7689 8096 10467 2494 5735 3204 11438 11250 7529 6279 9737 4635 6993 6413 6005 5771 8057 9245 12807 12616 8409 4948 4650 9415 7712 13236 0 11149 7458 9308 7374 8470 12843 4192 5974 8508 4958 5175 5463 14476 2973 2985 7370 7924 10573 4007 7595 4647 11299 12088 14657 12388 13719 13005 5111 5175 8568 6793 9689 8785 3938 13456 13522 7339 11390 12193 1915 9975 5039 5764 5827 13935 10238 12583 13428 14916 11535 2301 10665 4617 7009 13721 10461 9027
13881 24062 12949 15348 23950 19335 7544 11711 15752 21762 22627 22941 15416 18423 11641 12100 3551 4614 16292 9983 11715 8734 11712 11779 22037 18250 16914 11418 13286 13574 6590 14131 12709 9404 20155 23797 23421 7376 11121 15749 13047 15801 18329 11149 0 18593 4710 17524 16884 16279 15339 16825 17141 15361 6006 11718 18105 12214 11343 17918 3225 21583 7143 15878 12472 21190 17700 25274 23336 22741 23315 9627 6015 15955 15084 19200 5714 13006 15226 22205 18041 11997 13426 9581 2028 10417 9968 15638 23394 8300 19205 23133 24982 16722 9802 11310 6958 5356 23066 16325 18857
8748 9269 6019 7193 6184 3459 15581 6928 3018 4021 4051 5508 8732 11223 7229 6497 15042 15026 8908 16269 7380 12151 8240 16611 5500 2675 4127 14832 7171 10262 13491 8494 9646 13983 2609 6140 6553 15053 9551 2865 13547 8914 14894 7458 18593 0 16512 4355 8759 15865 3325 3448 8472 5070 12632 10149 16915 7559 8429 4388 15371 4118 11453 8639 8084 7751 13678 8801 5909 10922 8100 11198 12588 9031 7507 6407 15830 6871 17348 11264 3869 16455 16719 9198 17420 10148 11029 6093 10404 16607 13056 9602 10138 13685 9013 15932 11831 14077 10426 12463 6653
14152 20479 11743 15169 21137 18047 2840 10220 14042 19079 20370 20074 11539 14157 9286 10256 4079 1817 12355 5293 10823 4870 8607 7093 18994 16837 13975 6729 12873 9483 3039 10398 8846 4837 18519 20952 20356 2744 11374 13857 8455 11874 13705 9308 4710 16512 0 16558 12967 11580 13194 14075 13274 12397 4778 7862 13400 9237 8309 14854 3883 18828 5942 12001 12304 17591 13150 21993 20441 18742 19870 5900 5468 16326 14995 18670 1067 12376 10530 18118 15087 7302 8728 7413 2696 10820 10747 12344 19534 3653 14755 19382 21352 12151 8943 6603 6778 6808 19171 11864 15335
5091 13615 4814 3257 10074 2084 16369 6360 3401 8137 7161 9606 11765 14851 7882 6523 14093 14842 12189 17667 5858 13037 9632 18413 9805 1770 7663 16639 4384 12720 13760 11089 11780 15257 3544 10091 10747 15778 6888 3977 15810 12058 18212 7374 17524 4355 16558 0 12203 18700 4995 6892 11995 7881 12019 11947 20008 9028 9647 8305 14445 8324 10773 11811 5326 12043 16977 12973 9978 15192 12443 12284 11666 4805 3618 2549 16118 4532 19838 15465 7845 18317 18881 9279 16785 7606 8385 9158 14737 17581 16687 13946 14471 16786 7806 17664 10578 12406 14741 15565 10678
14357 7670 9902 13684 9854 12100 10743 9155 8917 8522 10782 8802 1469 2706 7209 8250 13853 12311 614 10070 10609 8200 5765 9601 7418 11027 4662 8097 12179 3531 10323 2821 4179 8549 11345 9612 8537 10473 13312 8298 6161 1093 6135 8470 16884 8759 12967 12203 0 7361 7336 5407 398 4416 11549 5174 8199 5633 6147 4486 14051 8114 10984 1014 12609 4865 4920 9584 9040 5859 7282 7260 12118 15716 13837 14685 11951 11497 9177 5382 5011 9357 9076 8553 15053 13488 14233 3116 6568 11179 4506 6441 8479 5014 10727 9148 12272 14567 6212 3835 3083
19503 13741 15184 19384 17013 19011 8741 13891 15299 15859 18143 16006 7133 5919 11693 13155 14462 12011 7050 6499 15336 8733 9671 4892 14594 17835 11753 4864 17398 6033 10419 7612 7142 7023 18474 16763 15552 8919 17616 14737 3674 6967 2744 12843 16279 15865 11580 18700 7361 0 13716 12418 7730 10947 13027 7394 1864 10075 9859 11792 14487 15443 13182 7247 17490 11475 3132 16101 16196 10589 13790 8524 13886 21290 19435 21249 10566 16683 2224 9670 12305 4609 3348 11792 14251 17502 18002 9789 11838 8216 5021 12184 14273 2461 14546 5100 14688 16360 11400 3534 10330
7412 10606 3434 6438 8848 5487 12359 3843 1606 6599 7299 7947 6785 10030 3908 3257 11791 11701 7259 13236 4684 8924 5097 13760 7405 4240 3193 11971 5358 7772 10179 6105 6915 10887 5476 8737 8716 11815 7267 1021 10942 7094 13246 4192 15339 3325 13194 4995 7336 13716 0 2526 7173 2932 9351 7229 15014 4427 5232 4167 12114 6509 8198 6857 6066 8321 12013 10872 8361 11229 9534 8012 9363 8477 6633 7538 12529 4802 14922 11297 3898 13633 14069 5878 14114 7727 8606 4232 11100 13438 11842 10436 11558 11795 5995 13042 8708 11037 10988 10576 6413
9924 8164 5899 8850 7138 6698 12750 5983 3842 5010 6489 6117 5285 7990 5204 5201 13337 12793 5498 13136 7063 9399 5481 13328 5283 5624 771 11569 7884 6874 11043 5104 6380 10956 6057 6977 6657 12272 9727 3231 10167 5477 11525 5974 16825 3448 14075 6892 5407 12418 2526 0 5158 1790 10839 7011 13495 4839 5766 1641 13633 4784 9810 5204 8581 5798 10299 8685 6511 8718 7135 8383 11025 10877 9073 9319 13271 7322 13913 8822 1418 13155 13338 7254 15390 10143 11009 2650 8575 13657 9831 7919 9124 10259 8096 12679 10587 12983 8463 9033 3933
14278 7313 9840 13557 9457 11837 11084 9152 8741 8140 10414 8407 1738 2862 7258 8244 14073 12581 967 10450 10591 8483 5902 9996 7021 10782 4402 8484 12105 3874 10596 3029 4455 8898 11047 9215 8139 10803 13309 8119 6556 1413 6430 8508 17141 8472 13274 11995 398 7730 7173 5158 0 4277 11744 5452 8529 5726 6289 4161 14277 7731 11144 1274 12563 4490 5226 9199 8643 5621 6903 7527 12291 15593 13719 14462 12264 11431 9565 5195 4689 9752 9473 8678 15327 13505 14264 2992 6275 11542 4692 6114 8134 5364 10782 9538 12407 14721 5931 4199 2686
10050 9022 5678 9280 8743 8065 10982 5284 4530 6701 8277 7687 3891 7118 3938 4396 11933 11190 4328 11350 6602 7660 3791 11575 6686 6890 1581 9807 7895 5195 9381 3433 4612 9167 7639 8562 8068 10514 9344 3921 8477 4177 10332 4958 15361 5070 12397 7881 4416 10947 2932 1790 4277 0 9437 5221 12158 3190 4110 2559 12211 6435 8502 3933 8430 6341 9097 9935 8062 8878 8118 6634 9723 11316 9444 10405 11562 7245 12316 8789 2705 11409 11649 5891 13839 9646 10469 1302 9001 11873 8920 8473 9981 8924 7230 10915 9447 11856 8807 7698 4094
9376 18311 7248 10415 17952 13664 5835 5852 9870 15758 16648 16951 10099 13520 5642 6139 2500 2964 11003 8187 6181 4300 5961 9755 16081 12511 10965 8546 8138 8654 2940 8728 7551 6280 14335 17802 17464 5268 6613 9814 9374 10522 14413 5175 6006 12632 4778 12019 11549 13027 9351 10839 11744 9437 0 6653 14876 6372 5574 11995 2795 15583 1247 10538 7533 15481 13515 19372 17348 17350 17495 4740 902 11550 10230 14005 4700 7681 12759 16930 12086 9844 11085 3585 4831 6090 6119 9847 17856 7163 14659 17507 19250 12666 4248 9033 2102 3344 17564 11942 13133
12135 12618 7919 12146 13658 12713 5939 6536 8649 11783 13494 12574 3715 6879 4371 5862 8797 7136 4577 6136 7957 3033 2374 6531 11376 11460 6671 4742 10064 2003 5149 2540 997 3970 12606 13451 12698 5553 10236 8192 3980 4086 8086 5463 11718 10149 7862 11947 5174 7394 7229 7011 5452 5221 6653 0 9076 2924 2494 7350 8967 11469 6362 4179 10107 9730 7052 14200 12909 11025 12031 2092 7351 13986 12164 14462 6884 9354 8047 10492 7687 6407 6943 4478 9879 10158 10712 4743 11726 6701 8027 11534 13490 6329 7192 5817 7814 9889 11381 5424 7498
21102 13736 16724 20887 17440 20170 10562 15494 16615 16499 18868 16483 8271 6219 13289 14723 16326 13869 8007 8243 16959 10578 11278 6553 15070 19032 12788 6705 18970 7537 12283 8968 8717 8885 19516 17187 15903 10761 19311 16032 5507 8027 2329 14476 18105 16915 13400 20008 8199 1864 15014 13495 8529 12158 14876 9076 0 11630 11495 12684 16350 16072 15003 8295 19113 11758 3356 16195 16632 10371 13943 10330 15730 22828 20958 22547 12396 18254 3346 9424 13210 6284 4917 13523 16080 19226 19752 10931 11678 9969 4833 12142 14156 3240 16263 6855 16509 18213 11244 4468 10960
9478 11939 5109 9316 11924 9869 8032 3891 5762 9843 11216 10873 4353 8077 1707 3092 8843 7999 5204 8811 5378 4618 681 9404 9869 8609 4770 7622 7340 4096 6207 3040 2934 6463 9889 11748 11249 7518 7922 5341 6859 4792 10290 2973 12214 7559 9237 9028 5633 10075 4427 4839 5726 3190 6372 2924 11630 0 928 5724 9104 9598 5567 4702 7517 9120 9128 13061 11251 11181 11131 3642 6768 11215 9361 11539 8438 6624 10925 10875 5896 9298 9867 2995 10654 7996 8688 3477 11570 9050 9619 11173 12881 8612 5134 8668 6724 9086 11304 7510 6773
9649 12756 5437 9663 12849 10609 7152 4044 6474 10771 12129 11796 4771 8438 1885 3380 8016 7083 5661 8062 5478 3724 391 8774 10778 9347 5691 7012 7570 4058 5280 3391 2816 5679 10708 12671 12156 6627 7851 6100 6470 5212 10322 2985 11343 8429 8309 9647 6147 9859 5232 5766 6289 4110 5574 2494 11495 928 0 6629 8265 10525 4865 5167 7631 9912 9205 13942 12172 11838 11977 2780 6037 11493 9674 12123 7514 6860 10532 11478 6814 8689 9360 2420 9752 7840 8467 4301 12294 8207 9874 11933 13690 8599 4896 8021 6125 8434 12011 7567 7565
11559 6611 7523 10446 6323 7827 13261 7505 5432 4464 6453 5244 4799 6843 6451 6678 14492 13709 4742 13333 8655 10045 6289 13303 4151 6879 1095 11603 9525 6752 11863 5062 6554 11310 6917 6124 5527 12833 11342 4835 9982 4863 10584 7370 17918 4388 14854 8305 4486 11792 4167 1641 4161 2559 11995 7350 12684 5724 6629 0 14770 4128 11045 4582 10218 4160 9386 7379 5597 7092 5635 9007 12267 12463 10679 10637 13981 8961 13474 7235 530 13101 13108 8440 16377 11738 12597 2608 6934 14046 8672 6288 7574 9493 9573 12713 11938 14346 6822 8296 2376
11163 21021 9789 12476 20746 16201 6167 8505 12546 18550 19402 19745 12584 15818 8437 8876 354 2560 13479 8748 8597 6161 8645 10506 18868 15091 13748 9700 10313 10918 4128 11248 9929 7466 16971 20597 20252 5770 8348 12531 10982 12990 16225 7924 3225 15371 3883 14445 14051 14487 12114 13633 14277 12211 2795 8967 16350 9104 8265 14770 0 18378 3918 13037 9565 18170 15453 22143 20142 19898 20234 6903 2817 13305 12241 16247 4444 9968 13818 19423 14872 10665 12041 6379 2464 7691 7412 12564 20473 7304 16786 20162 21953 14529 6660 9889 3886 3030 20163 13964 15825
12863 5467 9785 11300 2370 6884 17358 10349 6906 435 2908 1447 8772 9892 9942 9700 18075 17575 8522 17457 11114 14085 10221 17376 1609 6559 4865 15700 11217 10835 15805 9180 10683 15434 5383 2236 2439 16913 13502 6547 14007 8751 13821 10573 21583 4118 18828 8324 8114 15443 6509 4784 7731 6435 15583 11469 16072 9598 10525 4128 18378 0 14515 8479 12098 4893 12716 4685 1861 7908 4305 13053 15717 13093 11619 9979 17997 10851 17290 8504 3788 17164 17082 12002 20172 14051 14938 6734 7059 18169 11563 6199 6240 13031 12502 16807 15171 17527 7204 11910 5124
8270 17467 6002 9227 16884 12420 6668 4623 8654 14672 15484 15901 9567 13120 4612 4958 3593 4147 10469 8853 4941 4515 5256 10306 15081 11271 9990 8944 6934 8351 3705 8180 7171 6747 13107 16743 16461 6073 5565 8618 9508 10001 14348 4007 7143 11453 5942 10773 10984 13182 8198 9810 11144 8502 1247 6362 15003 5567 4865 11045 3918 14515 0 9987 6371 14675 13377 18419 16302 16703 16609 4684 1222 10438 9055 12775 5751 6457 13122 16338 11100 10364 11521 2615 6065 5110 5271 9029 17133 8008 14379 16739 18416 12587 3018 9556 1506 3587 16861 11767 12332
13658 8548 9184 13087 10370 11876 9839 8339 8460 8868 11015 9298 464 3424 6323 7443 12839 11312 502 9310 9811 7210 4790 8978 7952 10750 4515 7392 11475 2649 9325 1812 3182 7668 11246 10136 9148 9546 12485 7853 5560 282 6401 7595 15878 8639 12001 11811 1014 7247 6857 5204 1274 3933 10538 4179 8295 4702 5167 4582 13037 8479 9987 0 11854 5695 5166 10349 9567 6869 8082 6258 11114 15105 13219 14328 10995 10781 8893 6395 5081 8749 8603 7582 14056 12630 13356 2658 7548 10337 5112 7382 9385 5056 9825 8472 11290 13572 7202 3830 3681
2061 16647 2753 2914 14265 7353 12826 3627 5202 12066 11863 13532 11609 15269 5830 4458 9213 10495 12338 14683 2154 9936 7835 15846 13255 6547 9194 14216 967 11602 9921 10451 10398 12334 8573 14212 14475 12217 1571 5637 14042 12017 17802 4647 12472 8084 12304 5326 12609 17490 6066 8581 12563 8430 7533 10107 19113 7517 7631 10218 9565 12098 6371 11854 0 14378 16627 16701 13942 17211 15552 9526 6957 4136 2701 6729 12106 1272 18062 17195 9964 15830 16731 6007 12003 2280 3085 9618 17150 14146 16952 16499 17592 16129 3474 15069 5710 7203 17023 15020 12372
15684 2890 11679 14481 5732 11119 15527 11569 9499 5319 7790 4864 6137 5582 10235 10706 17927 16736 5457 14934 12783 12734 9528 14403 3510 10424 5207 12950 13677 8343 14778 7192 8755 13363 9840 5478 4150 15215 15488 8927 10972 5883 9436 11299 21190 7751 17591 12043 4865 11475 8321 5798 4490 6341 15481 9730 11758 9120 9912 4160 18170 4893 14675 5695 14378 0 8472 4751 4944 3177 2426 11727 15883 16467 14736 14148 16612 13120 13541 3639 4445 14148 13728 12070 19477 15864 16714 5646 2781 16026 7006 2143 3792 9016 13567 13986 15731 18131 2714 8082 2348
18540 10631 14081 18131 14114 16996 10398 13011 13617 13143 15515 13144 5235 2894 10834 12171 15358 13173 4811 8627 14501 9325 8917 7355 11730 15895 9568 6643 16368 5160 11333 6196 6409 8320 16265 13862 12599 10407 17028 13015 4703 4920 1235 12088 17700 13678 13150 16977 4920 3132 12013 10299 5226 9097 13515 7052 3356 9128 9205 9386 15453 12716 13377 5166 16627 8472 0 13023 13303 7459 10729 8776 14289 20123 18238 19494 12087 15657 5338 6544 9915 7061 6100 11477 15694 17044 17665 7823 8706 10224 1943 9063 11145 1025 14099 7296 14850 16832 8268 1640 7605
17541 2541 14268 15985 3201 11394 20097 14624 11500 4837 6449 3373 10769 10183 13814 13877 21868 20979 10160 19645 15554 17125 13583 19153 3469 11203 8430 17681 15844 12991 19075 11675 13263 17977 9813 3075 2248 19746 18055 11083 15719 10560 13869 14657 25274 8801 21993 12973 9584 16101 10872 8685 9199 9935 19372 14200 16195 13061 13942 7379 22143 4685 18419 10349 16701 4751 13023 0 3026 6087 2334 16093 19640 17761 16304 14449 21057 15440 18216 6998 7330 18898 18469 15818 23683 18566 19451 9685 4784 20675 11364 4122 2585 13659 16761 18726 19265 21665 5165 12790 6723
14651 4467 11647 13042 817 8369 18840 12196 8758 1887 3535 415 9915 10415 11708 11531 19845 19249 9524 18763 12975 15642 11849 18543 1622 8209 6480 16926 13052 12072 17437 10510 12064 16844 6788 572 1017 18422 15356 8407 15125 9823 14326 12388 23336 5909 20441 9978 9040 16196 8361 6511 8643 8062 17348 12909 16632 11251 12172 5597 20142 1861 16302 9567 13942 4944 13303 3026 0 7524 3449 14604 17511 14777 13370 11425 19577 12700 18158 8272 5359 18316 18113 13763 21880 15910 16796 8177 6448 19581 11935 5601 5047 13743 14350 18019 16996 19362 6696 12699 5958
18639 3546 14470 17530 8213 14296 16366 14155 12519 8314 10738 7565 7327 4962 12546 13258 19693 18160 6449 15283 15473 14040 11447 14396 6380 13592 8040 13222 16572 9260 16172 8650 10032 14144 13004 7973 6560 16161 18211 11927 11136 6940 8093 13719 22741 10922 18742 15192 5859 10589 11229 8718 5621 8878 17350 11025 10371 11181 11838 7092 19898 7908 16703 6869 17211 3177 7459 6087 7524 0 4157 13115 17871 19536 17769 17323 17706 15977 12795 949 7460 14115 13395 14174 20898 18523 19343 7892 1329 16619 5601 2001 3805 8280 16020 14135 17905 20259 922 7710 4839
16621 1175 12968 15220 4081 11154 17885 13112 10429 4636 6873 3567 8514 7871 12054 12304 19973 18934 7868 17352 14183 15001 11605 16829 2703 10710 6729 15374 14760 10731 17001 9492 11073 15739 9683 3849 2446 17555 16801 9931 13398 8282 11613 13005 23315 8100 19870 12443 7282 13790 9534 7135 6903 8118 17495 12031 13943 11131 11977 5635 20234 4305 16609 8082 15552 2426 10729 2334 3449 4157 0 13979 17829 17115 15512 14251 18911 14280 15893 4984 5720 16573 16135 13994 21661 17251 18125 7678 3009 18419 9123 2178 2057 11342 15201 16412 17558 19967 3285 10458 4535
11586 14617 7787 11919 15322 13353 4392 6237 9212 13331 14829 14248 5795 8915 4402 5808 6749 5054 6665 5388 7465 1039 2962 6342 13126 12093 8189 4691 9682 4015 3071 4553 3082 2974 13487 15128 14479 3892 9341 8864 4858 6175 9697 5111 9627 11198 5900 12284 7260 8524 8012 8383 7527 6634 4740 2092 10330 3642 2780 9007 6903 13053 4684 6258 9526 11727 8776 16093 14604 13115 13979 0 5518 13595 11874 14705 4982 9009 8668 12584 9276 6311 7228 3524 7801 9125 9547 6459 13797 5427 9947 13582 15506 7942 6245 5566 6187 8058 13458 7203 9448
8719 18682 6976 9865 18087 13393 6712 5696 9737 15869 16630 17108 10685 14181 5831 6109 2473 3656 11590 9085 5808 5152 6428 10657 16299 12276 11211 9440 7631 9354 3839 9302 8212 7178 14155 17947 17678 6152 5920 9738 10224 11115 15213 5175 6015 12588 5468 11666 12118 13886 9363 11025 12291 9723 902 7351 15730 6768 6037 12267 2817 15717 1222 11114 6957 15883 14289 19640 17511 17871 17829 5518 0 10891 9658 13547 5496 7232 13652 17487 12320 10746 11984 3835 5123 5352 5309 10237 18324 8034 15377 17941 19630 13460 3862 9935 1310 2545 18046 12700 13539
2175 18278 6107 2040 14878 6664 16958 7461 7036 12925 11912 14401 14938 18422 9620 8140 12963 14509 15555 18808 6131 14052 11639 19934 14530 6570 11612 18273 3933 15294 14042 13942 14149 16446 8253 14896 15526 16349 4981 7647 17962 15308 21334 8568 15955 9031 16326 4805 15716 21290 8477 10877 15593 11316 11550 13986 22828 11215 11493 12463 13305 13093 10438 15105 4136 16467 20123 17761 14777 19536 17115 13595 10891 0 1887 4373 16189 4636 22016 19694 12076 19906 20756 10100 15770 5614 5988 12606 19223 18280 20198 18471 19162 19733 7607 19157 9595 10601 19180 18569 14809
1518 16663 4254 365 13545 5674 15414 5672 5249 11491 10747 12979 13051 16542 7793 6303 11890 13190 13670 17155 4435 12390 9804 18215 12988 5272 9795 16529 2210 13428 12546 12059 12294 14770 7159 13538 14057 14804 3969 5845 16143 13422 19450 6793 15084 7507 14995 3618 13837 19435 6633 9073 13719 9444 10230 12164 20958 9361 9674 10679 12241 11619 9055 13219 2701 14736 18238 16304 13370 17769 15512 11874 9658 1887 0 4239 14771 2865 20206 17896 10315 18175 18984 8422 14688 4689 5296 10730 17506 16719 18314 16774 17567 17853 6100 17439 8404 9758 17445 16686 13005
5689 15423 7030 3922 11356 3097 18684 8616 5949 9711 8170 11096 14295 17307 10317 8902 15893 16909 14695 20094 7848 15411 12129 20897 11554 3767 10087 19131 5934 15268 15980 13637 14319 17679 4637 11424 12303 18085 8157 6518 18346 14579 20729 9689 19200 6407 18670 2549 14685 21249 7538 9319 14462 10405 14005 14462 22547 11539 12123 10637 16247 9979 12775 14328 6729 14148 19494 14449 11425 17323 14251 14705 13547 4373 4239 0 18309 6325 22380 17670 10150 20809 21403 11559 18656 8887 9530 11671 16755 19927 19147 15933 16219 19321 9758 20143 12364 13922 16801 18098 12984
14022 19498 11316 14922 20286 17524 1848 9758 13464 18260 19630 19216 10534 13098 8637 9709 4571 1978 11338 4392 10490 3943 7790 6187 18107 16296 13133 5704 12608 8452 2376 9424 7858 3771 17917 20096 19461 1683 11294 13241 7394 10860 12653 8785 5714 15830 1067 16118 11951 10566 12529 13271 12264 11562 4700 6884 12396 8438 7514 13981 4444 17997 5751 10995 12106 16612 12087 21057 19577 17706 18911 4982 5496 16189 14771 18309 0 12071 9595 17072 14234 6378 7794 6871 3686 10788 10803 11442 18514 2863 13688 18377 20362 11089 8674 5649 6786 7182 18147 10797 14376
2885 15376 1597 2928 13040 6453 12613 2826 3947 10829 10719 12289 10561 14177 4994 3532 9614 10599 11256 14299 1599 9535 7017 15350 11990 5529 7948 13666 716 10718 9792 9462 9548 11909 7549 12981 13218 12005 2682 4368 13327 10958 16849 3938 13006 6871 12376 4532 11497 16683 4802 7322 11431 7245 7681 9354 18254 6624 6860 8961 9968 10851 6457 10781 1272 13120 15657 15440 12700 15977 14280 9009 7232 4636 2865 6325 12071 0 17381 15981 8699 15311 16131 5568 12350 3310 4177 8462 15895 13906 15892 15238 16321 15207 3439 14574 6083 7880 15774 14070 11139
20112 15895 15966 20192 18975 20342 7751 14555 16460 17695 19903 17945 8694 8045 12415 13908 13846 11269 8783 5243 15933 8610 10419 3453 16543 19129 13303 4214 18085 7158 9941 8888 8064 6492 19943 18728 17562 8064 17996 15935 4070 8612 4933 13456 15226 17348 10530 19838 9177 2224 14922 13913 9565 12316 12759 8047 3346 10925 10532 13474 13818 17290 13122 8893 18062 13541 5338 18216 18158 12795 15893 8668 13652 22016 20206 22380 9595 17381 0 11882 13969 3229 1802 12144 13225 17793 18199 11263 14033 6944 7243 14352 16453 4568 14897 3950 14606 16012 13595 5472 12228
18701 4460 14445 17671 8989 14683 15682 14027 12659 8921 11376 8280 6843 4152 12316 13121 19230 17606 5944 14507 15386 13479 11090 13567 7030 13915 8108 12444 16598 8659 15620 8203 9509 13459 13453 8744 7336 15501 18129 12052 10354 6433 7152 13522 22205 11264 18118 15465 5382 9670 11297 8822 5195 8789 16930 10492 9424 10875 11478 7235 19423 8504 16338 6395 17195 3639 6544 6998 8272 949 4984 12584 17487 19694 17896 17670 17072 15981 11882 0 7648 13282 12524 13853 20334 18407 19209 7714 2274 15883 4667 2882 4753 7390 15821 13331 17586 19913 1854 6876 4890
11239 6747 7304 10071 6052 7315 13571 7393 5067 4095 5989 4988 5282 7371 6490 6597 14587 13895 5256 13719 8480 10311 6490 13733 3997 6386 1129 12020 9240 7186 12079 5470 6927 11656 6388 5866 5381 13128 11136 4486 10436 5363 11114 7339 18041 3869 15087 7845 5011 12305 3898 1418 4689 2705 12086 7687 13210 5896 6814 530 14872 3788 11100 5081 9964 4445 9915 7330 5359 7460 5720 9276 12320 12076 10315 10150 14234 8699 13969 7648 0 13537 13573 8512 16540 11558 12426 2973 7226 14388 9198 6543 7706 10015 9495 13132 11937 14340 7140 8815 2838
17889 16799 14035 18210 19118 19119 4541 12517 15051 17533 19515 18043 8411 9153 10531 12005 10715 8107 8822 2015 13775 5968 8684 295 16701 17867 12675 1678 15990 6351 6939 8086 6809 3619 18966 18885 17877 4896 15557 14599 3198 8495 7172 11390 11997 16455 7302 18317 9357 4609 13633 13155 9752 11409 9844 6407 6284 9298 8689 13101 10665 17164 10364 8749 15830 14148 7061 18898 18316 14115 16573 6311 10746 19906 18175 20809 6378 15311 3229 13282 13537 0 1429 9823 9996 15269 15579 10605 15222 3727 8968 15370 17492 6062 12488 812 11800 13002 14797 6407 12401
18791 16267 14783 18995 18924 19546 5951 13312 15551 17469 19559 17865 8323 8473 11238 12730 12078 9487 8594 3444 14635 7041 9301 1666 16491 18308 12795 2582 16824 6465 8222 8236 7156 4806 19278 18684 17603 6278 16561 15062 3173 8333 6030 12193 13426 16719 8728 18881 9076 3348 14069 13338 9473 11649 11085 6943 4917 9867 9360 13108 12041 17082 11521 8603 16731 13728 6100 18469 18113 13395 16135 7228 11984 20756 18984 21403 7794 16131 1802 12524 13573 1429 0 10748 11423 16315 16674 10721 14562 5153 8040 14783 16906 5157 13469 2156 12986 14298 14130 5734 12157
8067 14853 4530 8495 14370 10655 7127 2943 6629 12183 13163 13366 7190 10852 2061 2845 6084 5840 8077 8733 3989 3968 2792 9840 12503 9433 7395 8215 6215 6323 4498 5811 5079 6351 11109 14219 13885 6527 5858 6464 8205 7631 12547 1915 9581 9198 7413 9279 8553 11792 5878 7254 8678 5891 3585 4478 13523 2995 2420 8440 6379 12002 2615 7582 6007 12070 11477 15818 13763 14174 13994 3524 3835 10100 8422 11559 6871 5568 12144 13853 8512 9823 10748 0 8248 5710 6236 6427 14559 8386 12255 14145 15803 10797 2763 9063 3734 6092 14297 9838 9730
13626 22362 12057 14916 22526 18479 5520 10683 14697 20379 21408 21494 13593 16492 10289 10944 2807 2748 14453 7985 10927 6859 10103 9784 20522 17336 15412 9390 12726 11680 4731 12346 10875 7386 19165 22361 21903 5349 10809 14624 11029 13964 16308 9975 2028 17420 2696 16785 15053 14251 14114 15390 15327 13839 4831 9879 16080 10654 9752 16377 2464 20172 6065 14056 12003 19477 15694 23683 21880 20898 21661 7801 5123 15770 14688 18656 3686 12350 13225 20334 16540 9996 11423 8248 0 10156 9867 14004 21598 6322 17224 21373 23267 14710 8979 9298 6299 5383 21258 14338 17163
3480 18304 4301 4976 16287 9631 11777 4381 7167 14057 14029 15496 12318 16044 6316 5289 7349 9006 13129 13893 3083 9302 8131 15244 15099 8796 10664 13742 3236 11897 8814 11035 10650 11668 10822 16216 16372 11180 732 7506 13906 12750 18160 5039 10417 10148 10820 7606 13488 17502 7727 10143 13505 9646 6090 10158 19226 7996 7840 11738 7691 14051 5110 12630 2280 15864 17044 18566 15910 18523 17251 9125 5352 5614 4689 8887 10788 3310 17793 18407 11558 15269 16315 5710 10156 0 886 10699 18598 13117 17615 18006 19261 16429 2965 14475 4042 5075 18429 15407 13720
3953 19172 5184 5609 17172 10430 11911 5188 8052 14943 14896 16382 13031 16759 7034 6089 7082 8951 13858 14121 3945 9636 8776 15538 15983 9629 11519 14094 4051 12507 8955 11726 11258 11963 11656 17102 17258 11324 1517 8393 14374 13466 18761 5764 9968 11029 10747 8385 14233 18002 8606 11009 14264 10469 6119 10712 19752 8688 8467 12597 7412 14938 5271 13356 3085 16714 17665 19451 16796 19343 18125 9547 5309 5988 5296 9530 10803 4177 18199 19209 12426 15579 16674 6236 9867 886 0 11496 19439 13248 18299 18856 20131 17019 3573 14777 4019 4615 19265 16025 14552
11295 8464 6878 10572 8919 9244 10664 6319 5825 7059 8914 7835 2668 5820 4666 5411 12310 11294 3034 10745 7708 7498 3927 10793 6671 8101 2076 9063 9128 4271 9395 2519 3954 8702 8697 8714 8020 10246 10447 5212 7556 2914 9058 5827 15638 6093 12344 9158 3116 9789 4232 2650 2992 1302 9847 4743 10931 3477 4301 2608 12564 6734 9029 2658 9618 5646 7823 9685 8177 7892 7678 6459 10237 12606 10730 11671 11442 8462 11263 7714 2973 10605 10721 6427 14004 10699 11496 0 8160 11438 7618 7720 9404 7691 8128 10176 10113 12504 7922 6463 3304
18465 2250 14442 17247 7089 13687 17251 14272 12275 7440 9796 6536 8012 6091 12818 13394 20251 18851 7179 16302 15521 14758 11903 15499 5472 13077 7964 14251 16456 10069 16868 9263 10729 15036 12316 6858 5453 17012 18239 11707 12179 7661 9389 13935 23394 10404 19534 14737 6568 11838 11100 8575 6275 9001 17856 11726 11678 11570 12294 6934 20473 7059 17133 7548 17150 2781 8706 4784 6448 1329 3009 13797 18324 19223 17506 16755 18514 15895 14033 2274 7226 15222 14562 14559 21598 18598 19439 8160 0 17577 6884 863 2481 9490 16223 15199 18267 20649 439 8841 4910
16148 18849 12907 16825 20342 18750 1339 11320 14612 18483 20144 19255 9907 11758 9751 11059 7419 4792 10576 1726 12308 4559 8370 3492 18025 17493 13362 3581 14514 7688 4303 9084 7518 2738 18914 20130 19319 1940 13543 14283 5611 10143 10581 10238 8300 16607 3653 17581 11179 8216 13438 13657 11542 11873 7163 6701 9969 9050 8207 14046 7304 18169 8008 10337 14146 16026 10224 20675 19581 16619 18419 5427 8034 18280 16719 19927 2863 13906 6944 15883 14388 3727 5153 8386 6322 13117 13248 11438 17577 0 12003 17571 19645 9199 10673 3118 9256 9961 17179 9182 13961
18770 8906 14296 18171 12732 16470 12071 13400 13422 11997 14435 11820 5344 1842 11306 12518 16662 14621 4647 10456 14884 10626 9540 9261 10420 15448 9067 8431 16587 6029 12714 6580 7221 9923 15581 12478 11155 12023 17520 12802 6405 4936 2514 12583 19205 13056 14755 16687 4506 5021 11842 9831 4692 8920 14659 8027 4833 9619 9874 8672 16786 11563 14379 5112 16952 7006 1943 11364 11935 5601 9123 9947 15377 20198 18314 19147 13688 15892 7243 4667 9198 8968 8040 12255 17224 17615 18299 7618 6884 12003 0 7315 9351 2908 14731 9158 15805 17916 6447 2891 6593
17764 1600 13811 16508 6257 12857 17180 13711 11560 6578 8933 5679 7843 6329 12346 12846 19930 18626 7055 16357 14924 14564 11545 15641 4609 12272 7345 14322 15783 9971 16650 9029 10542 14979 11472 6022 4613 16914 17625 11004 12272 7524 9829 13428 23133 9602 19382 13946 6441 12184 10436 7919 6114 8473 17507 11534 12142 11173 11933 6288 20162 6199 16739 7382 16499 2143 9063 4122 5601 2001 2178 13582 17941 18471 16774 15933 18377 15238 14352 2882 6543 15370 14783 14145 21373 18006 18856 7720 863 17571 7315 0 2124 9787 15702 15302 17828 20223 1108 9049 4422
18677 963 14989 17274 5487 13123 19217 15077 12482 6528 8580 5274 9841 8445 13914 14250 21706 20525 9090 18457 16186 16506 13308 17762 4678 12728 8668 16429 16809 12007 18563 10960 12506 17028 11616 5300 4048 18931 18823 11979 14386 9546 11861 14916 24982 10138 21352 14471 8479 14273 11558 9124 8134 9981 19250 13490 14156 12881 13690 7574 21953 6240 18416 9385 17592 3792 11145 2585 5047 3805 2057 15506 19630 19162 17567 16219 20362 16321 16453 4753 7706 17492 16906 15803 23267 19261 20131 9404 2481 19645 9351 2124 0 11893 17142 17417 19424 21831 2913 11171 6129
18079 11327 13650 17766 14560 16930 9387 12502 13398 13450 15768 13559 5033 3479 10305 11691 14445 12216 4781 7603 13986 8433 8337 6355 12146 15793 9557 5619 15921 4545 10403 5803 5783 7328 16289 14309 13092 9407 16449 12810 3697 4787 1762 11535 16722 13685 12151 16786 5014 2461 11795 10259 5364 8924 12666 6329 3240 8612 8599 9493 14529 13031 12587 5056 16129 9016 1025 13659 13743 8280 11342 7942 13460 19733 17853 19321 11089 15207 4568 7390 10015 6062 5157 10797 14710 16429 17019 7691 9490 9199 2908 9787 11893 0 13469 6277 14074 15998 9053 1228 7908
5485 16180 3150 6248 14842 9543 9353 2154 6049 12592 13060 13937 9486 13211 3524 2898 6310 7161 10327 11252 1948 6539 5203 12486 13316 8448 8477 10914 3937 8944 6453 8165 7696 8937 10367 14732 14660 8743 3099 6154 10968 9924 15205 2301 9802 9013 8943 7806 10727 14546 5995 8096 10782 7230 4248 7192 16263 5134 4896 9573 6660 12502 3018 9825 3474 13567 14099 16761 14350 16020 15201 6245 3862 7607 6100 9758 8674 3439 14897 15821 9495 12488 13469 2763 8979 2965 3573 8128 16223 10673 14731 15702 17142 13469 0 11710 2865 5069 16015 12460 11314
17127 16694 13323 17481 18814 18521 3802 11792 14430 17165 19088 17734 8106 9181 9842 11305 9931 7333 8589 1399 13029 5179 8039 777 16412 17264 12232 1113 15248 5972 6130 7662 6303 2814 18417 18585 17620 4123 14772 13994 3032 8230 7534 10665 11310 15932 6603 17664 9148 5100 13042 12679 9538 10915 9033 5817 6855 8668 8021 12713 9889 16807 9556 8472 15069 13986 7296 18726 18019 14135 16412 5566 9935 19157 17439 20143 5649 14574 3950 13331 13132 812 2156 9063 9298 14475 14777 10176 15199 3118 9158 15302 17417 6277 11710 0 10990 12196 14781 6471 12148
7425 18467 6013 8624 17531 12377 7924 4906 8897 15290 15883 16587 10885 14496 5510 5471 3532 4966 11781 10221 4757 6008 6507 11731 15866 11303 10857 10416 6431 9786 4993 9499 8585 8193 13231 17406 17233 7348 4618 8967 11014 11324 15835 4617 6958 11831 6778 10578 12272 14688 8708 10587 12407 9447 2102 7814 16509 6724 6125 11938 3886 15171 1506 11290 5710 15731 14850 19265 16996 17905 17558 6187 1310 9595 8404 12364 6786 6083 14606 17586 11937 11800 12986 3734 6299 4042 4019 10113 18267 9256 15805 17828 19424 14074 2865 10990 0 2409 18014 13232 13406
8527 20875 8128 10035 19880 14320 8707 7200 11095 17633 18120 18952 13153 16696 7919 7832 2762 5204 14055 11218 6795 7642 8823 12885 18257 13323 13264 11802 8069 11889 6076 11766 10734 9520 15302 19761 19620 8210 5789 11221 12714 13588 17749 7009 5356 14077 6808 12406 14567 16360 11037 12983 14721 11856 3344 9889 18213 9086 8434 14346 3030 17527 3587 13572 7203 18131 16832 21665 19362 20259 19967 8058 2545 10601 9758 13922 7182 7880 16012 19913 14340 13002 14298 6092 5383 5075 4615 12504 20649 9961 17916 20223 21831 15998 5069 12196 2409 0 20389 15245 15802
18375 2625 14302 17193 7361 13746 16867 14087 12203 7597 9986 6761 7666 5660 12587 13203 19946 18512 6820 15892 15359 14410 11620 15075 5639 13101 7829 13839 16346 9698 16527 8936 10384 14650 12404 7126 5714 16635 18084 11627 11763 7306 8952 13721 23066 10426 19171 14741 6212 11400 10988 8463 5931 8807 17564 11381 11244 11304 12011 6822 20163 7204 16861 7202 17023 2714 8268 5165 6696 922 3285 13458 18046 19180 17445 16801 18147 15774 13595 1854 7140 14797 14130 14297 21258 18429 19265 7922 439 17179 6447 1108 2913 9053 16015 14781 18014 20389 0 8412 4714
16949 10540 12502 16591 13517 15702 9192 11398 12181 12325 14613 12497 3807 2753 9213 10569 13853 11752 3567 7699 12887 7809 7282 6691 11089 14565 8335 5644 14783 3519 9866 4627 4768 7033 15068 13268 12091 9134 15397 11590 3571 3560 2782 10461 16325 12463 11864 15565 3835 3534 10576 9033 4199 7698 11942 5424 4468 7510 7567 8296 13964 11910 11767 3830 15020 8082 1640 12790 12699 7710 10458 7203 12700 18569 16686 18098 10797 14070 5472 6876 8815 6407 5734 9838 14338 15407 16025 6463 8841 9182 2891 9049 11171 1228 12460 6471 13232 15245 8412 0 6803
13823 5206 9632 12783 6771 10112 13376 9373 7773 5547 7912 5724 4076 4835 7927 8489 15580 14427 3581 12985 10655 10467 7182 12637 4336 9219 3221 11072 11739 6293 12481 4962 6547 11256 9076 6529 5477 13032 13387 7164 9203 3918 8735 9027 18857 6653 15335 10678 3083 10330 6413 3933 2686 4094 13133 7498 10960 6773 7565 2376 15825 5124 12332 3681 12372 2348 7605 6723 5958 4839 4535 9448 13539 14809 13005 12984 14376 11139 12228 4890 2838 12401 12157 9730 17163 13720 14552 3304 4910 13961 6593 4422 6129 7908 11314 12148 13406 15802 4714 6803 0
1 9 5 4
2 5 6 7
3 7 11 2
4 7 6 2
5 5 6 8
6 7 5 2
7 10 8 5
8 1 8 8
9 7 8 5
10 4 5 3
11 7 7 4
12 8 8 3
13 3 8 2
14 5 4 2
15 8 6 3
16 9 8 2
17 6 8 4
18 5 6 7
19 5 5 3
20 5 7 4
21 8 4 3
22 7 7 6
23 6 4 3
24 9 9 1
25 9 4 7
26 8 4 3
27 7 4 7
28 11 5 3
29 9 9 4
30 10 5 7
31 12 3 7
32 3 4 2
33 6 6 2
34 7 7 6
35 7 7 2
36 4 4 1
37 4 7 2
38 8 8 4
39 4 4 1
40 9 5 3
41 9 6 0
42 8 3 3
43 8 3 3
44 5 4 5
45 6 7 2
46 9 4 5
47 4 5 3
48 6 2 3
49 9 4 1
50 11 6 3
51 8 6 4
52 4 4 1
53 7 7 4
54 7 4 5
55 3 7 6
56 6 6 7
57 6 8 3
58 8 8 5
59 3 5 3
60 4 5 5
61 4 10 3
62 9 2 2
63 8 8 4
64 8 4 5
65 8 5 2
66 8 7 4
67 7 5 5
68 3 5 2
69 3 7 5
70 6 3 3
71 7 5 4
72 5 4 3
73 4 7 4
74 4 9 7
75 8 2 2
76 4 9 1
77 6 4 5
78 7 6 4
79 3 5 3
80 7 6 4
81 12 5 5
82 5 7 0
83 7 5 4
84 3 7 6
85 4 6 4
86 3 4 5
87 7 4 7
88 4 4 6
89 5 4 7
90 7 4 3
91 10 5 2
92 5 13 3
93 4 8 7
94 4 2 2
95 8 3 4
96 2 4 2
97 7 7 5
98 2 6 0
99 8 7 7
100 3 7 3
