700 100 3
30 60 700 9.00
0 8 56 2
0 11 17 3
0 1 20 3
0 16 8 3
0 8 31 2
0 4 36 2
0 5 97 1
0 18 95 3
0 7 88 2
0 8 64 2
0 14 23 2
0 14 27 1
0 6 26 1
0 1 38 3
0 3 11 2
0 2 2 2
0 5 86 1
0 5 8 2
0 9 42 2
0 6 19 2
0 8 48 3
0 9 70 3
0 5 14 3
0 11 23 3
0 18 67 3
0 1 80 3
0 6 29 2
0 5 36 1
0 16 83 2
0 7 82 2
0 11 26 2
0 7 49 1
0 8 7 2
0 6 57 2
0 20 13 1
0 1 52 1
0 12 10 1
0 2 48 1
0 1 70 1
0 4 42 3
0 8 31 1
0 9 94 1
0 22 1 1
0 11 86 3
0 8 38 2
0 5 58 3
0 14 100 2
0 6 26 3
0 8 38 2
0 25 100 3
0 8 28 3
0 3 48 2
0 8 28 2
0 2 76 1
0 6 83 3
0 3 93 1
0 8 19 2
0 3 23 2
0 7 1 1
0 1 61 2
0 6 76 2
0 9 19 1
0 25 34 1
0 6 16 3
0 21 68 2
0 3 70 2
0 5 2 1
0 5 79 2
0 5 32 1
0 6 67 1
0 20 34 3
0 4 87 2
0 2 37 1
0 1 21 1
0 8 46 3
0 4 56 1
0 8 34 3
0 1 25 1
0 2 25 1
0 12 70 1
0 7 59 2
0 7 99 2
0 9 93 1
0 4 78 2
0 16 98 3
0 13 86 2
0 2 68 3
0 4 48 1
0 9 24 3
0 9 74 3
0 6 81 2
0 7 61 3
0 3 56 2
0 7 91 2
0 1 2 2
0 1 97 1
0 17 68 1
0 14 92 1
0 4 96 1
0 12 12 2
0 15 51 1
0 13 67 2
0 18 84 3
0 9 85 2
0 4 4 2
0 5 8 2
0 23 83 1
0 4 34 1
0 2 75 1
0 3 42 1
0 15 8 2
0 3 70 1
0 13 57 2
0 4 63 1
0 9 40 2
0 3 11 2
0 8 16 2
0 3 17 2
0 4 6 1
0 11 96 3
0 22 72 2
0 5 94 2
0 9 58 1
0 1 100 1
0 23 72 3
0 3 68 1
0 1 100 1
0 6 83 3
0 4 70 1
0 3 1 1
0 14 76 1
0 2 59 2
0 12 19 3
0 1 75 1
0 3 100 3
0 4 87 1
0 5 30 3
0 19 98 3
0 5 92 3
0 18 1 1
0 24 41 2
0 11 98 1
0 23 37 2
0 3 52 1
0 18 57 2
0 2 34 1
0 4 45 2
0 16 52 3
0 16 33 2
0 4 72 3
0 2 64 2
0 21 73 3
0 3 14 2
0 23 50 1
0 5 32 1
0 2 44 1
0 3 33 3
0 11 86 3
0 5 30 2
0 1 2 3
0 10 52 1
0 9 72 1
0 3 49 1
0 2 5 1
0 5 49 1
0 5 15 3
0 6 77 1
0 2 34 1
0 5 8 1
0 6 10 3
0 10 72 1
0 7 86 3
0 1 38 1
0 13 41 3
0 6 60 2
0 12 53 3
0 8 93 1
0 3 59 1
0 8 64 3
0 9 32 3
0 6 61 2
0 12 8 2
0 14 96 3
0 3 21 2
0 6 72 2
0 8 39 3
0 2 31 1
0 1 25 3
0 25 2 3
0 14 66 1
0 2 70 2
0 5 23 1
0 2 50 1
0 23 4 3
0 24 42 1
0 22 59 2
0 6 60 3
0 6 20 1
0 2 15 2
0 8 5 2
0 1 26 2
0 2 91 1
0 4 88 2
0 9 85 2
0 3 100 1
0 3 45 2
0 6 76 1
0 9 24 1
0 12 6 3
0 25 90 3
0 12 37 3
0 11 57 1
0 20 50 3
0 14 84 1
0 8 76 3
0 8 6 3
0 13 28 3
0 6 71 2
0 6 62 2
0 1 22 3
0 25 64 3
0 9 33 2
0 2 1 3
0 3 36 1
0 7 75 1
0 4 100 1
0 20 52 1
0 12 37 2
0 6 43 2
0 5 5 3
0 4 63 3
0 11 45 1
0 1 63 3
0 4 14 1
0 5 55 3
0 22 48 3
0 2 96 1
0 1 59 2
0 4 63 1
0 9 73 2
0 1 71 1
0 3 45 1
0 1 89 1
0 4 4 2
0 18 76 2
0 6 55 2
0 2 25 1
0 15 33 3
0 3 54 2
0 10 71 2
0 3 11 3
0 7 27 2
0 1 95 2
0 5 72 3
0 3 53 1
0 2 33 3
0 5 82 1
0 11 60 2
0 9 58 2
0 13 91 3
0 9 68 2
0 1 92 2
0 5 40 2
0 3 90 1
0 4 47 3
0 20 59 2
0 2 31 2
0 3 9 2
0 19 46 1
0 10 45 2
0 6 20 1
0 3 89 2
0 14 83 3
0 13 8 1
0 17 86 1
0 22 68 3
0 10 85 3
0 4 15 3
0 16 90 1
0 3 25 2
0 7 33 2
0 2 54 1
0 24 100 2
0 5 60 3
0 1 74 2
0 5 56 1
0 7 73 3
0 5 86 1
0 3 89 2
0 14 52 2
0 10 47 1
0 3 3 1
0 2 27 2
0 6 30 3
0 15 46 2
0 10 68 2
0 8 97 2
0 11 44 2
0 9 61 1
0 9 86 2
0 5 2 3
0 22 12 3
0 2 76 1
0 6 24 3
0 11 67 2
0 2 90 1
0 4 82 3
0 2 58 2
0 3 64 2
0 6 9 3
0 9 80 1
0 9 85 3
0 5 10 1
0 2 80 3
0 2 69 1
0 9 90 2
0 1 77 1
0 1 3 1
0 15 52 1
0 9 65 2
0 1 47 1
0 4 92 1
0 15 74 2
0 18 74 3
0 14 10 2
0 16 38 2
0 1 22 1
0 3 3 3
0 1 22 3
0 10 60 3
0 10 25 1
0 22 79 2
0 8 7 3
0 8 3 2
0 3 96 1
0 21 58 1
0 1 74 2
0 9 85 1
0 3 100 3
0 1 74 3
0 5 46 3
0 5 100 1
0 5 16 2
0 8 82 2
0 14 80 3
0 7 5 2
0 4 89 2
0 14 70 1
0 3 38 1
0 3 21 3
0 10 26 3
0 1 50 2
0 7 71 3
0 3 45 1
0 6 12 3
0 3 39 1
0 1 75 2
0 5 48 2
0 7 23 3
0 5 75 3
0 9 41 1
0 15 86 3
0 25 21 1
0 3 15 1
0 12 18 1
0 6 85 3
0 13 68 3
0 10 66 1
0 3 81 1
0 2 19 3
0 2 69 3
0 2 41 1
0 19 72 3
0 20 96 2
0 5 94 3
0 7 64 2
0 19 42 1
0 11 41 3
0 13 79 2
0 2 96 2
0 1 85 1
0 3 2 2
0 7 63 2
0 2 23 1
0 20 100 1
0 16 8 3
0 14 13 2
0 2 17 3
0 5 37 3
0 1 4 3
0 1 65 2
0 6 3 1
0 1 34 3
0 8 79 1
0 2 6 1
0 17 33 2
0 1 1 2
0 8 30 3
0 14 94 1
0 11 32 3
0 7 78 1
0 9 69 1
0 6 27 1
0 19 24 1
0 6 93 1
0 7 68 1
0 10 90 2
0 4 47 3
0 7 3 1
0 7 63 3
0 8 56 3
0 4 62 3
0 10 83 2
0 9 10 1
0 7 50 3
0 14 71 3
0 1 10 2
0 18 85 3
0 10 73 2
0 13 31 1
0 6 78 1
0 8 26 2
0 6 92 1
0 12 97 1
0 9 91 2
0 11 69 1
0 7 67 1
0 5 28 3
0 4 50 2
0 13 50 3
0 6 28 3
0 15 37 1
0 1 26 1
0 3 97 3
0 20 50 3
0 1 28 3
0 3 13 2
0 4 27 3
0 1 48 3
0 11 41 3
0 12 56 3
0 9 74 3
0 16 68 2
0 10 19 2
0 1 12 3
0 10 15 3
0 9 99 1
0 2 2 2
0 10 66 1
0 5 55 2
0 4 13 1
0 1 52 2
0 21 99 2
0 21 38 3
0 4 60 1
0 17 77 2
0 6 78 3
0 2 75 3
0 8 80 2
0 4 9 2
0 8 28 2
0 8 49 2
0 2 100 2
0 3 14 1
0 1 24 3
0 12 95 1
0 8 63 1
0 20 85 2
0 12 13 3
0 13 14 2
0 2 58 3
0 1 61 3
0 13 94 3
0 2 2 2
0 6 7 2
0 18 87 1
0 17 79 2
0 25 10 3
0 18 74 2
0 3 29 3
0 5 89 2
0 3 8 2
0 8 81 1
0 7 49 2
0 1 27 1
0 5 42 2
0 14 74 3
0 11 5 1
0 8 29 1
0 12 99 2
0 2 23 2
0 3 66 3
0 7 9 2
0 14 35 2
0 1 14 3
0 19 88 2
0 8 53 1
0 8 57 3
0 1 62 3
0 5 54 1
0 4 40 1
0 1 20 2
0 16 97 2
0 11 25 3
0 12 60 1
0 19 53 1
0 4 20 3
0 5 17 1
0 13 43 2
0 7 70 3
0 3 96 2
0 5 38 1
0 10 33 2
0 2 19 2
0 24 26 3
0 2 16 2
0 12 82 2
0 4 48 1
0 14 61 3
0 9 28 1
0 9 10 3
0 11 20 2
0 1 59 1
0 10 94 2
0 8 79 3
0 17 76 2
0 7 42 3
0 9 12 2
0 3 22 1
0 7 69 3
0 2 95 3
0 2 50 3
0 17 51 1
0 3 32 1
0 1 27 1
0 1 91 1
0 23 21 1
0 5 87 2
0 15 10 1
0 9 77 2
0 8 92 3
0 6 21 3
0 11 25 2
0 8 61 2
0 5 47 1
0 2 98 1
0 16 94 3
0 6 2 3
0 6 55 3
0 12 72 1
0 10 89 3
0 15 99 1
0 18 83 1
0 4 88 1
0 3 9 1
0 2 53 3
0 2 27 2
0 1 38 1
0 3 89 2
0 18 85 2
0 8 57 2
0 1 27 3
0 8 99 3
0 7 15 3
0 5 44 3
0 6 62 2
0 5 46 1
0 8 11 2
0 16 89 1
0 4 41 2
0 10 30 2
0 2 86 3
0 1 99 2
0 6 46 1
0 4 89 3
0 1 64 1
0 4 52 3
0 4 35 2
0 16 90 2
0 13 14 2
0 2 9 2
0 2 86 3
0 1 31 1
0 9 21 3
0 8 53 3
0 7 54 1
0 11 91 3
0 5 34 1
0 12 10 3
0 3 23 1
0 5 6 1
0 4 33 1
0 1 29 1
0 6 73 2
0 23 94 2
0 1 81 1
0 5 10 3
0 2 84 1
0 12 33 1
0 6 24 2
0 3 41 1
0 20 47 1
0 1 94 2
0 4 26 2
0 20 69 1
0 7 18 3
0 1 17 2
0 3 66 2
0 4 48 3
0 14 68 3
0 1 68 2
0 6 92 2
0 6 90 3
0 11 28 2
0 22 9 3
0 1 29 3
0 19 49 3
0 4 92 3
0 6 9 1
0 25 29 2
0 18 26 2
0 10 29 1
0 6 39 2
0 8 50 1
0 8 67 1
0 1 64 3
0 6 94 3
0 8 100 2
0 16 93 3
0 7 96 2
0 17 89 1
0 1 17 2
0 3 41 2
0 25 24 2
0 7 50 3
0 2 1 1
0 7 6 3
0 1 27 2
0 1 41 1
0 19 50 1
0 10 31 2
0 1 36 3
0 20 93 2
0 3 98 3
0 12 82 3
0 2 10 2
0 4 33 3
0 3 37 3
0 14 77 2
0 17 48 1
0 2 41 2
0 22 18 1
0 4 91 3
0 1 99 1
0 4 56 2
0 4 85 2
0 5 55 1
0 19 37 2
0 5 12 2
0 1 39 1
0 16 50 2
0 6 42 2
0 12 25 1
0 6 69 3
0 5 15 3
0 7 60 2
0 13 18 3
0 9 44 2
0 6 84 1
0 9 61 2
0 20 87 1
0 13 21 3
0 3 36 3
0 22 26 3
0 1 66 1
0 7 74 1
0 19 93 2
0 5 91 1
0 19 35 3
0 8 39 1
0 6 92 3
0 5 48 3
0 1 33 2
0 1 61 1
0 3 68 1
0 21 46 1
0 5 53 3
0 14 67 3
0 15 63 3
0 23 43 1
0 4 70 2
0 1 85 1
0 13 20 3
0 3 26 2
0 3 82 1
0 10 44 1
0 2 59 2
0 8 28 2
0 10 14 2
0 10 85 1
0 8421 6405 2902 5580 5735 4398 8324 3776 12003 8276 12626 5720 4701 4198 4194 6382 6134 5851 7084 10828 3789 10528 5323 15470 5582 3352 15862 6269 2818 4635 10480 13479 5879 3660 10412 3248 11946 6062 5412 5699 4442 4267 3647 10909 3980 7576 11132 3959 5684 2134 13717 4606 5275 1990 13278 2766 7420 8658 12169 10004 5815 2877 7657 4174 11382 10183 15371 8754 8181 14301 14113 5621 11265 6017 2044 17419 13192 7203 8075 3669 5540 13741 6472 13011 5071 10922 9075 10414 4412 13138 9699 2358 9262 9057 9021 9027 11301 10892 9884 3380
8421 0 4799 8757 7787 4968 10549 2620 5327 3798 6559 9876 3399 12733 12609 10455 4743 2468 10153 5698 7909 6975 10827 4196 7578 5247 7358 7534 9044 7564 12208 6410 5349 12304 11358 4675 10117 5073 2545 11409 13294 12520 12515 6310 8337 10035 3177 9253 4479 5876 10503 6163 8302 13432 6432 5177 11152 1126 4169 12035 3341 2717 5599 6652 12541 4909 8731 7178 5448 16355 11758 11719 9582 3149 2407 7148 9302 9038 3893 951 11170 10824 11494 14648 7741 13168 3952 8914 3208 10508 6644 9058 6742 4698 11226 9939 7599 11052 6681 3820 10141
6405 4799 0 8295 3140 6942 6554 2843 2711 6961 2393 6757 1955 11094 10264 10037 7194 2947 10789 1115 4752 7412 6346 1492 9733 7081 7471 10691 10311 7321 8653 4101 8149 11923 10036 9163 6548 9847 2912 11233 12089 10829 10591 6692 4977 6112 1906 5553 4119 7681 8439 7857 8921 10247 4872 7932 8587 3794 2396 14998 4237 4297 3999 2126 9785 9612 11982 9975 9052 14467 15648 15553 10317 7840 3593 4419 11813 13328 1154 5268 7724 6468 15265 11397 12287 9936 8708 4411 4838 10192 6879 11989 6150 2911 13072 5253 3453 13996 10830 3868 9390
2902 8757 8295 0 8235 4558 7252 9494 5610 12548 10477 14917 7012 4304 5033 1781 5180 6981 2952 9189 12993 2028 13225 6927 16270 4298 1506 16262 3493 1194 7032 12361 14094 3695 2835 9345 6063 11084 6926 2941 4579 4163 4404 2507 13151 6861 8952 13519 4614 4063 3255 14680 1932 7057 3457 13914 4454 7998 10232 9454 11130 6060 4297 9938 5643 10433 7870 15935 7238 7857 11926 11716 2729 11080 6587 4544 18056 11293 8806 8129 6223 8430 11333 8102 11467 6961 10224 11639 11392 1908 14503 7247 2207 10900 6187 11736 11362 8645 9254 11180 1398
5580 7787 3140 8235 0 8596 3791 5979 3433 10078 3405 7279 4486 9818 8535 9745 9031 5560 11108 2817 5750 8117 4990 3688 12616 8638 7960 13745 11074 7608 6100 5999 11201 11458 9102 11809 4208 12720 5499 10972 11038 9539 9151 7532 5696 3472 5045 5703 5487 9114 7149 10718 9466 7876 4998 10984 6865 6703 5251 16469 7270 6553 4568 2707 7780 12405 13772 12983 11227 12792 17702 17573 10750 10900 6054 3691 14721 15721 4279 8096 5347 3413 17249 8918 14896 7550 11572 3512 7904 9951 9405 13591 6511 5544 13951 3508 3771 15499 13205 6803 8952
5735 4968 6942 4558 8596 0 9577 6687 5163 8659 9325 13532 5031 8858 9355 5977 656 4311 5243 8052 11477 2531 13125 5492 12482 294 3058 12120 4076 3501 10343 10344 10200 7669 7391 4827 8652 6532 4303 6728 9062 8708 8895 2201 11788 9062 6565 12467 3110 912 7311 11130 3499 10952 4287 10048 8331 4645 7943 8060 8040 2863 4183 9041 9702 5892 5179 11934 3028 12408 9140 8998 4667 6686 3648 5774 14069 7548 6826 4119 9336 10402 8665 12117 7276 10773 5670 11241 8078 5966 11479 5071 3386 8623 6423 11831 10395 7061 5171 8328 5917
4398 10549 6554 7252 3791 9577 0 9313 5262 13434 7191 10737 7178 7108 5428 8225 10167 8092 10160 6533 9434 8081 7553 6421 16266 9500 7699 17225 10666 7186 2351 9790 14689 9540 6883 13774 1215 15032 8017 9343 8481 6841 6317 7777 9312 531 8380 9119 6868 9759 4810 14378 9004 4190 5290 14472 3995 9424 8879 16556 10791 8543 5555 6495 4435 14583 14421 16527 12562 9506 18529 18355 9981 13685 8345 3836 18357 17119 7692 10578 1844 1287 17994 5157 16666 3864 13912 6755 11381 8466 13171 14007 6474 9254 13437 6120 7436 15674 14690 10404 7370
8324 2620 2843 9494 5979 6687 9313 0 4628 4131 4054 7291 2607 12968 12448 11272 6674 2555 11475 3430 5300 8073 8310 3093 7189 6918 8316 7919 10627 8353 11298 3856 5396 13184 11733 7294 9168 7571 2598 12371 13771 12723 12590 7336 5721 8845 941 6634 4881 7575 10455 5396 9555 12777 6448 5181 10836 2148 1549 14352 1682 3857 5499 4267 12139 7481 11108 7264 7883 16503 14328 14277 10935 5250 3109 6586 9206 11655 1701 3439 10319 9302 14038 13963 10349 12480 6490 6434 2131 11378 5015 11329 7298 2109 13109 7547 5047 13354 9275 1702 10780
3776 5327 2711 5610 3433 5163 5262 4628 0 8538 4882 9326 2095 8475 7828 7336 5605 2859 8219 3582 7384 4950 8120 1557 11816 5209 4917 12407 7919 4697 6899 6811 9940 9215 7357 8671 4793 9811 2782 8540 9413 8218 8030 4284 7553 4738 3824 7981 2053 5703 5878 10018 6413 8231 2165 9730 6208 4211 4884 13085 6291 3357 1351 4384 7518 9400 10340 11829 7847 11938 14276 14144 7782 8439 3084 1962 13819 12383 3427 5316 5871 5711 13818 9435 11683 7947 8679 6329 6753 7497 9363 10175 3522 5498 10762 6746 5817 12105 9878 6126 6679
12003 3798 6961 12548 10078 8659 13434 4131 8538 0 7634 9275 6443 16456 16198 14253 8334 5868 13892 7392 7751 10769 11583 7095 3825 8947 11155 3873 12703 11355 15364 6093 1552 16101 15108 6602 13233 5826 5941 15202 17068 16234 16190 10108 8247 12958 5071 9291 8154 9547 14123 2758 12070 16768 10027 1390 14662 4618 5001 14879 2933 6492 9128 8050 16016 6135 11565 3396 8357 20067 13783 13810 13318 3156 6054 10484 5508 10685 5809 4546 14363 13428 13671 17969 8981 16482 5179 9906 2257 14306 4194 12083 10497 5040 14658 11152 8393 13956 8825 3561 13927
8276 6559 2393 10477 3405 9325 7191 4054 4882 7634 0 4444 4305 12844 11755 12172 9554 5199 13087 1319 2552 9750 4269 3879 9554 9470 9772 10961 12676 9577 9505 2605 8471 14019 11934 11166 7572 11603 5178 13389 13955 12570 12251 9042 2674 6875 3386 3163 6496 10073 10148 7670 11247 11270 7020 8260 10063 5745 2682 17373 4703 6618 6228 699 11092 11469 14320 10106 11310 16019 17898 17816 12634 9294 5875 6232 11661 15446 2739 7223 8730 6666 17540 12322 14273 10945 10501 2381 5379 12345 6122 14357 8401 2617 15454 3542 1090 16370 12981 4084 11470
12626 9876 6757 14917 7279 13532 10737 7291 9326 9275 4444 0 8529 17072 15809 16600 13675 9246 17524 5751 2056 14166 4054 8242 9393 13707 14207 11413 17065 14020 13079 3476 9389 18431 16260 14517 11415 14508 9245 17821 18250 16794 16424 13449 1780 10562 7064 1619 10870 14335 14385 7879 15671 14927 11461 9228 14144 9389 5774 21490 6886 10710 10671 4991 15011 14553 18317 10423 15146 20058 21618 21567 17063 11882 9927 10593 11260 18896 6708 10728 12489 9846 21326 15840 17486 14600 13530 3991 7411 16776 5741 18456 12844 5184 19801 4917 3599 20485 16555 6239 15882
5720 3399 1955 7012 4486 5031 7178 2607 2095 6443 4305 8529 0 10364 9862 8792 5250 1082 9235 3068 6482 5808 8288 808 9763 5189 5963 10312 8595 5920 8959 5507 7849 10706 9144 7369 6836 8235 1027 9933 11188 10117 9984 5067 6770 6672 1943 7436 2473 5809 7852 7997 7325 10325 3849 7641 8271 2277 3238 13070 4288 2342 2898 4082 9600 7923 10030 9740 7108 13897 13701 13604 8727 6548 1664 4048 11744 11439 1883 3613 7942 7425 13313 11528 10480 10040 7087 6358 4700 8916 7531 10052 4806 3920 11281 7138 5385 12066 8929 4220 8249
4701 12733 11094 4304 9818 8858 7108 12968 8475 16456 12844 17072 10364 0 1944 3342 9484 10644 5524 11715 15380 6330 14469 10015 20045 8602 5800 20264 6896 5393 5531 15145 17972 3224 1469 13647 6020 15388 10577 3654 1404 279 833 6744 15414 6999 12255 15516 8304 8351 2697 18337 5871 4431 6522 17779 3119 11839 13358 12423 14649 10022 7469 12192 3107 14737 11640 19850 11492 3626 15477 15241 5770 15278 10402 6685 21938 15319 11903 12216 5348 8382 14852 5001 15663 4538 14516 13300 15022 3509 17833 10876 6002 13962 8739 12972 13495 11817 13444 14562 3013
4198 12609 10264 5033 8535 9355 5428 12448 7828 16198 11755 15809 9862 1944 0 4698 10007 10330 6985 10731 14239 6928 12938 9383 19625 9134 6383 20059 8173 5878 3633 14189 17667 5071 2656 14179 4461 15832 10256 5334 3328 1748 1129 7156 14220 5409 11651 14217 8133 9016 2121 17843 6876 2515 6184 17464 1694 11617 12620 13951 14118 9968 7070 11075 1168 15221 12819 19559 12212 4266 16794 16569 7114 15387 10210 5894 21596 16324 11194 12222 3599 6664 16181 3252 16471 2600 14874 11926 14561 4915 17125 12126 6128 13174 10333 11467 12292 13270 14267 13945 4081
4194 10455 10037 1781 9745 5977 8225 11272 7336 14253 12172 16600 8792 3342 4698 0 6544 8753 2288 10900 14704 3528 14715 8691 18000 5694 3100 17921 3558 2934 7505 14117 15803 1914 2054 10601 7011 12394 8699 1230 3138 3310 3761 4147 14844 7911 10733 15168 6392 5315 3583 16434 2642 7076 5171 15627 4749 9739 12009 9254 12904 7783 6047 11610 5606 11717 8298 17628 8329 6582 12165 11933 2446 12631 8341 6086 19756 11993 10578 9783 6883 9476 11544 7945 12412 7061 11616 13210 13156 244 16283 7540 3988 12674 5666 13210 13023 8578 10196 12960 855
6382 4743 7194 5180 9031 656 10167 6674 5605 8334 9554 13675 5250 9484 10007 6544 0 4429 5653 8308 11619 3153 13452 5782 12158 883 3689 11697 4373 4146 10981 10416 9861 8187 8015 4181 9264 5905 4433 7240 9650 9338 9535 2856 11950 9649 6644 12670 3558 1277 7966 10876 4003 11606 4886 9719 8987 4568 8007 7829 7932 2967 4712 9312 10359 5255 4807 11555 2403 13017 8671 8542 5078 6196 3747 6347 13685 6952 6975 3843 9969 10962 8221 12772 6630 11426 5074 11549 7916 6520 11342 4804 4037 8675 6502 12194 10635 6825 4544 8268 6524
6134 2468 2947 6981 5560 4311 8092 2555 2859 5868 5199 9246 1082 10644 10330 8753 4429 0 8925 4034 7190 5519 9291 1872 9402 4510 5766 9731 8123 5824 9746 6035 7351 10660 9344 6289 7649 7169 77 9832 11355 10412 10340 4781 7523 7575 2261 8265 2384 5158 8257 7731 7004 11008 4164 7152 8807 1357 3644 12253 4152 1464 3260 5054 10177 6845 9137 9240 6120 14234 12716 12628 8388 5593 685 4707 11305 10389 2548 2557 8711 8420 12346 12222 9403 10737 6022 7353 4423 8850 7562 9222 4808 4330 10694 8183 6289 11248 7885 4257 8298
5851 10153 10789 2952 11108 5243 10160 11475 8219 13892 13087 17524 9235 5524 6985 2288 5653 8925 0 11774 15540 3429 16090 9334 17710 4951 3319 17347 1575 3539 9688 14732 15437 2921 4334 9314 8957 11145 8887 2040 4979 5532 6023 4172 15745 9789 11102 16200 6766 4385 5760 16301 1922 9356 6172 15282 6960 9652 12458 6966 13001 7692 6868 12603 7886 10443 6237 17177 6902 8408 9961 9722 576 11838 8383 7431 19312 10060 11110 9346 8987 11361 9333 10233 10694 9331 10524 14440 13140 2071 16450 5417 4703 13145 3402 14616 14036 6306 8522 13175 3011
7084 5698 1115 9189 2817 8052 6533 3430 3582 7392 1319 5751 3068 11715 10731 10900 8308 4034 11774 0 3805 8432 5262 2577 9799 8187 8457 10971 11358 8270 8765 3458 8432 12761 10744 10180 6732 10771 4004 12112 12781 11443 11157 7723 3974 6150 2581 4476 5183 8782 9027 7901 9929 10459 5735 8215 9038 4766 2454 16110 4513 5407 4922 1020 10147 10575 13096 10186 10151 14979 16747 16656 11317 8629 4692 5047 11905 14390 1814 6253 7910 6228 16370 11563 13303 10139 9643 3323 5168 11067 6645 13103 7094 2731 14141 4247 2349 15109 11900 4007 10214
10828 7909 4752 12993 5750 11477 9434 5300 7384 7751 2552 2056 6482 15380 14239 14704 11619 7190 15540 3805 0 12161 4120 6225 8598 11653 12222 10397 15039 12058 11782 1666 8134 16560 14484 12575 9957 12675 7189 15916 16503 15105 14773 11437 496 9182 5019 1543 8846 12283 12683 6866 13671 13595 9540 7948 12552 7366 3761 19436 5107 8654 8716 3188 13525 12674 16272 9443 13117 18505 19617 19561 15069 10112 7872 8784 10621 16947 4652 8735 11086 8715 19313 14590 15588 13268 11659 3076 5699 14872 4881 16403 10883 3217 17760 4321 1998 18431 14574 4433 14011
3789 6975 7412 2028 8117 2531 8081 8073 4950 10769 9750 14166 5808 6330 6928 3528 3153 5519 3429 8432 12161 0 13015 5938 14547 2271 546 14401 2975 1070 8382 11310 12321 5334 4862 7326 6995 9057 5477 4434 6555 6185 6395 743 12386 7613 7676 12893 3343 2088 4966 13043 1518 8726 3142 12151 6079 6343 9030 8538 9634 4367 3623 9307 7391 8408 6394 14128 5284 9879 10512 10325 2921 9113 5009 4630 16260 9524 7685 6267 7448 9108 9955 9844 9550 8584 8199 11269 9816 3554 13071 5929 1664 9717 5840 11589 10735 7623 7357 9776 3392
10528 10827 6346 13225 4990 13125 7553 8310 8120 11583 4269 4054 8288 14469 12938 14715 13452 9291 16090 5262 4120 13015 0 7675 12718 13221 12901 14484 15989 12575 9775 5607 12151 16384 13929 15410 8486 15871 9257 15938 15772 14193 13730 12385 3670 7529 7651 2759 10078 13768 11896 10971 14412 11625 9945 11955 11379 9983 6861 21159 8725 10626 9401 4246 11986 15736 18258 13543 15395 17059 21989 21891 15720 13523 9938 8681 14736 19649 6971 11468 9394 6441 21597 12393 18525 11309 14770 1939 9384 14925 8999 18195 11453 6604 18854 1512 3274 20168 17162 8056 13908
5323 4196 1492 6927 3688 5492 6421 3093 1557 7095 3879 8242 808 10015 9383 8691 5782 1872 9334 2577 6225 5938 7675 0 10280 5617 6021 10947 8823 5903 8270 5439 8453 10594 8863 8139 6140 9038 1811 9867 10918 9760 9583 5212 6464 5923 2267 7042 2628 6206 7433 8469 7451 9698 3586 8240 7755 3079 3365 13551 4743 2988 2657 3551 9047 8717 10587 10335 7762 13493 14339 14233 8851 7345 2393 3501 12298 12155 1909 4418 7269 6630 13932 10891 11242 9405 7890 5766 5223 8833 7817 10555 4745 4006 11580 6463 4926 12552 9640 4569 8089
15470 7578 9733 16270 12616 12482 16266 7189 11816 3825 9554 9393 9763 20045 19625 18000 12158 9402 17710 9799 8598 14547 12718 10280 0 12770 14913 2258 16528 15081 18383 7228 2309 19868 18741 10066 16267 8894 9469 18981 20738 19810 19718 13869 9057 15840 8041 10043 11766 13372 17604 1898 15876 19930 13539 2440 18024 8274 7390 18442 5550 10217 12605 10145 19327 9374 15168 1337 12050 23624 16950 17013 17137 6556 9699 13775 2111 13759 8630 8366 17436 16027 16924 21102 11941 19627 8552 11429 5065 18064 3727 15750 14164 7079 18441 12733 9961 17554 12232 5866 17632
5582 5247 7081 4298 8638 294 9500 6918 5209 8947 9470 13707 5189 8602 9134 5694 883 4510 4951 8187 11653 2271 13221 5617 12770 0 2806 12414 3801 3265 10204 10545 10490 7377 7133 5063 8551 6786 4498 6436 8786 8455 8653 1995 11956 8989 6769 12619 3167 657 7104 11410 3205 10772 4211 10337 8142 4897 8150 7943 8293 3077 4172 9167 9505 6139 5138 12227 3173 12141 9144 8995 4375 6978 3856 5719 14362 7649 7005 4406 9205 10353 8656 11929 7442 10599 5941 11349 8343 5680 11737 4979 3225 8833 6196 11910 10534 6948 5310 8569 5648
3352 7358 7471 1506 7960 3058 7699 8316 4917 11155 9772 14207 5963 5800 6383 3100 3689 5766 3319 8457 12222 546 12901 6021 14913 2806 0 14825 3127 553 7904 11437 12706 4955 4334 7866 6587 9590 5719 4086 6067 5650 5852 1048 12427 7245 7866 12894 3492 2633 4431 13375 1512 8202 2962 12532 5555 6670 9200 8868 9909 4702 3568 9298 6857 8944 6851 14528 5829 9364 10965 10772 2865 9588 5299 4383 16657 10046 7823 6685 6988 8764 10398 9313 10093 8066 8719 11193 10121 3152 13328 6347 1449 9883 6005 11454 10731 7976 7897 10017 2891
15862 7534 10691 16262 13745 12120 17225 7919 12407 3873 10961 11413 10312 20264 20059 17921 11697 9731 17347 10971 10397 14401 14484 10947 2258 12414 14825 0 16038 15070 19207 8889 2545 19725 18892 8932 17075 7489 9805 18804 20819 20048 20026 13780 10877 16762 8846 11899 11979 12962 17976 3550 15606 20634 13881 2762 18532 8451 8517 17246 6476 10251 12991 11481 19889 8069 14070 998 11153 23884 15400 15489 16771 5611 9878 14356 2190 12194 9542 8139 18215 17140 15439 21833 10344 20346 7408 13036 5854 17955 5672 14741 14276 8366 17665 14331 11527 16417 10969 6969 17653
6269 9044 10311 3493 11074 4076 10666 10627 7919 12703 12676 17065 8595 6896 8173 3558 4373 8123 1575 11358 15039 2975 15989 8823 16528 3801 3127 16038 0 3553 10519 14091 14233 4491 5586 7800 9502 9632 8096 3587 6488 6867 7303 3643 15287 10244 10365 15831 6195 3169 6672 15206 1671 10418 6079 14089 7886 8674 11745 5962 12066 6775 6597 12256 8964 8926 4750 15922 5369 9940 8625 8397 1146 10474 7520 7508 18050 8519 10476 8183 9714 11793 8009 11382 9120 10355 9060 14242 12138 3388 15517 3982 4568 12434 2879 14557 13680 5170 6947 12306 4093
2818 7564 7321 1194 7608 3501 7186 8353 4697 11355 9577 14020 5920 5393 5878 2934 4146 5824 3539 8270 12058 1070 12575 5903 15081 3265 553 15070 3553 0 7353 11340 12901 4836 3938 8327 6061 10027 5771 4021 5760 5228 5394 1351 12243 6740 7848 12672 3479 3148 3897 13502 1890 7658 2637 12722 5010 6812 9155 9371 9975 4868 3349 9076 6322 9392 7402 14741 6342 8988 11513 11320 3145 9916 5408 3976 16863 10591 7750 6940 6441 8270 10945 8774 10612 7518 9129 10904 10222 3026 13368 6888 1175 9831 6415 11113 10508 8490 8424 10047 2584
4635 12208 8653 7032 6100 10343 2351 11298 6899 15364 9505 13079 8959 5531 3633 7505 10981 9746 9688 8765 11782 8382 9775 8270 18383 10204 7904 19207 10519 7353 0 12092 16693 8421 5755 14900 2132 16325 9669 8451 6935 5298 4699 8282 11664 2631 10388 11459 8091 10319 3932 16510 8944 1858 6214 16479 2762 11102 11030 16479 12854 9913 6779 8807 2484 15810 14754 18560 13370 7366 18861 18664 9642 15277 9872 5089 20453 17827 9756 12092 1050 3335 18287 2817 17606 1536 15246 9091 13410 7749 15408 14212 6987 11454 13081 8390 9784 15677 15511 12521 6696
10480 6410 4101 12361 5999 10344 9790 3856 6811 6093 2605 3476 5507 15145 14189 14117 10416 6035 14732 3458 1666 11310 5607 5439 7228 10545 11437 8889 14091 11340 12092 0 6547 16012 14126 11041 10123 11059 6048 15302 16175 14876 14605 10570 2158 9461 3779 3199 7967 11192 12466 5411 12827 13838 8965 6354 12496 5990 2409 18174 3458 7483 8071 3296 13591 11085 14952 7961 11739 18436 18165 18120 14230 8469 6696 8462 9306 15421 3625 7280 11292 9265 17886 14908 14014 13515 10065 4201 4037 14265 3617 15144 10185 1756 16722 5504 2751 17173 13091 2792 13486
13479 5349 8149 14094 11201 10200 14689 5396 9940 1552 8471 9389 7849 17972 17667 15803 9861 7351 15437 8432 8134 12321 12151 8453 2309 10490 12706 2545 14233 12901 16693 6547 0 17653 16635 7841 14563 6811 7422 16754 18605 17747 17690 11659 8626 14230 6315 9668 9669 11085 15607 1796 13620 18150 11515 218 16108 6138 5981 16197 3932 8035 10602 8969 17448 7228 12906 1893 9757 21576 14869 14916 14863 4322 7575 11898 3969 11709 7001 6094 15710 14595 14804 19343 9933 17858 6349 10613 3311 15857 3799 13468 12030 5861 16133 11897 9095 15296 10036 4438 15470
5879 12304 11923 3695 11458 7669 9540 13184 9215 16101 14019 18431 10706 3224 5071 1914 8187 10660 2921 12761 16560 5334 16384 10594 19868 7377 4955 19725 4491 4836 8421 16012 17653 0 2687 12093 8344 13914 10606 953 2237 3350 3955 5998 16685 9296 12646 16973 8304 6919 4730 18323 4185 7585 7051 17481 5710 11621 13919 9408 14811 9656 7943 13440 6175 13221 9123 19462 9726 5539 12691 12442 3382 14354 10234 7860 21595 12971 12486 11599 7990 10821 12056 8223 13609 7653 13212 14953 15054 1812 18196 8274 5901 14583 5697 14873 14842 8903 11426 14873 2550
3660 11358 10036 2835 9102 7391 6883 11733 7357 15108 11934 16260 9144 1469 2656 2054 8015 9344 4334 10744 14484 4862 13929 8863 18741 7133 4334 18892 5586 3938 5755 14126 16635 2687 0 12178 5702 13920 9279 2734 2056 1346 1717 5289 14557 6668 11064 14743 6976 6884 2082 17067 4445 5094 5299 16445 3025 10497 12226 11298 13409 8641 6250 11308 3633 13268 10297 18504 10033 5052 14207 13977 4493 13843 9061 5703 20604 13919 10768 10809 5303 8169 13588 5908 14220 5112 13052 12613 13752 2263 16660 9564 4616 12853 7678 12418 12663 10631 12000 13362 1569
10412 4675 9163 9345 11809 4827 13774 7294 8671 6602 11166 14517 7369 13647 14179 10601 4181 6289 9314 10180 12575 7326 15410 8139 10066 5063 7866 8932 7800 8327 14900 11041 7841 12093 12178 0 13025 1832 6342 11141 13735 13508 13716 7023 13008 13244 7789 13928 6909 5308 12118 9357 7974 15682 8687 7778 13096 5427 8843 8378 7748 5318 8232 11179 14485 1129 5143 9108 2446 17145 7274 7274 8773 3519 5756 9969 11099 4381 8439 3943 13862 14367 7106 16868 3124 15483 1529 13477 7384 10545 10576 5816 8126 9359 8881 14413 12228 7509 2226 8335 10663
3248 10117 6548 6063 4208 8652 1215 9168 4793 13233 7572 11415 6836 6020 4461 7011 9264 7649 8957 6732 9957 6995 8486 6140 16267 8551 6587 17075 9502 6061 2132 10123 14563 8344 5702 13025 0 14373 7572 8132 7368 5747 5256 6747 9890 981 8261 9809 6136 8761 3622 14400 7847 3727 4387 14348 2905 9003 8936 15417 10732 7909 4809 6875 3596 13888 13372 16430 11667 8660 17488 17308 8789 13209 7811 3076 18333 16197 7638 10043 1181 2480 16941 4851 15837 3408 13274 7488 11282 7251 13353 12923 5433 9384 12251 7008 7973 14549 13807 10412 6155
11946 5073 9847 11084 12720 6532 15032 7571 9811 5826 11603 14508 8235 15388 15832 12394 5905 7169 11145 10771 12675 9057 15871 9038 8894 6786 9590 7489 9632 10027 16325 11059 6811 13914 13920 1832 14373 0 7234 12962 15523 15239 15421 8698 13138 14501 8238 14117 8243 7084 13746 8484 9778 17218 10128 6794 14674 6059 9079 9777 7622 6488 9567 11723 16075 708 6693 7806 4272 18915 8065 8122 10603 2712 6755 11298 9679 4899 8966 4625 15278 15514 8030 18418 3155 17003 1148 13971 7131 12346 9995 7449 9726 9494 10625 15012 12617 8981 3507 8272 12423
6062 2545 2912 6926 5499 4303 8017 2598 2782 5941 5178 9245 1027 10577 10256 8699 4433 77 8887 4004 7189 5477 9257 1811 9469 4498 5719 9805 8096 5771 9669 6048 7422 10606 9279 6342 7572 7234 0 9782 11292 10344 10270 4739 7518 7499 2279 8253 2324 5144 8186 7793 6965 10931 4092 7223 8733 1434 3662 12259 4205 1466 3187 5024 10101 6906 9151 9312 6148 14165 12744 12655 8352 5668 698 4630 11374 10430 2542 2625 8634 8349 12372 12145 9454 10660 6087 7321 4483 8797 7609 9228 4750 4349 10677 8142 6267 11254 7925 4301 8240
5412 11409 11233 2941 10972 6728 9343 12371 8540 15202 13389 17821 9933 3654 5334 1230 7240 9832 2040 12112 15916 4434 15938 9867 18981 6436 4086 18804 3587 4021 8451 15302 16754 953 2734 11141 8132 12962 9782 0 2951 3715 4273 5119 16062 9054 11866 16395 7500 5970 4598 17459 3237 7815 6377 16585 5693 10754 13162 8780 13982 8783 7236 12832 6362 12269 8276 18554 8779 6368 11942 11697 2459 13414 9383 7316 20688 12097 11742 10687 7912 10608 11309 8566 12691 7843 12260 14439 14205 1045 17386 7447 5133 13833 5086 14432 14248 8208 10501 14067 2038
5699 13294 12089 4579 11038 9062 8481 13771 9413 17068 13955 18250 11188 1404 3328 3138 9650 11355 4979 12781 16503 6555 15772 10918 20738 8786 6067 20819 6488 5760 6935 16175 18605 2237 2056 13735 7368 15523 11292 2951 0 1652 2236 7086 16563 8348 13114 16715 8976 8439 3893 19085 5779 5770 7349 18419 4486 12474 14282 11644 15443 10581 8298 13320 4496 14849 11214 20463 11465 3464 14884 14638 5343 15655 11041 7735 22573 15006 12824 12699 6740 9760 14251 6225 15514 5900 14724 14540 15772 3217 18711 10395 6577 14909 7932 14268 14657 11122 13304 15408 3182
4442 12520 10829 4163 9539 8708 6841 12723 8218 16234 12570 16794 10117 279 1748 3310 9338 10412 5532 11443 15105 6185 14193 9760 19810 8455 5650 20048 6867 5228 5298 14876 17747 3350 1346 13508 5747 15239 10344 3715 1652 0 619 6575 15137 6727 12003 15237 8080 8221 2422 18096 5787 4256 6280 17552 2849 11616 13099 12459 14404 9812 7226 11917 2898 14593 11601 19626 11377 3836 15469 15235 5751 15090 10180 6418 21710 15252 11645 12015 5089 8117 14845 4880 15566 4348 14356 13021 14782 3491 17577 10850 5798 13701 8788 12695 13218 11835 13347 14311 2913
4267 12515 10591 4404 9151 8895 6317 12590 8030 16190 12251 16424 9984 833 1129 3761 9535 10340 6023 11157 14773 6395 13730 9583 19718 8653 5852 20026 7303 5394 4699 14605 17690 3955 1717 13716 5256 15421 10270 4273 2236 619 0 6727 14788 6230 11841 14854 8047 8462 2156 17979 6131 3639 6181 17492 2352 11577 12896 12975 14270 9823 7113 11588 2282 14786 12011 19576 11642 3914 15923 15692 6206 15164 10147 6173 21645 15611 11448 12051 4536 7583 15303 4296 15863 3729 14509 12609 14672 3960 17390 11281 5849 13482 9323 12239 12863 12329 13647 14149 3261
3647 6310 6692 2507 7532 2201 7777 7336 4284 10108 9042 13449 5067 6744 7156 4147 2856 4781 4172 7723 11437 743 12385 5212 13869 1995 1048 13780 3643 1351 8282 10570 11659 5998 5289 7023 6747 8698 4739 5119 7086 6575 6727 0 11669 7289 6933 12192 2605 2038 5111 12341 2257 8783 2634 11485 6150 5637 8287 9000 8906 3664 2985 8613 7510 8073 6645 13480 5151 10338 10753 10579 3660 8574 4284 4166 15609 9546 6945 5641 7307 8740 10218 9936 9428 8617 7785 10612 9100 4198 12338 6268 1315 8974 6478 10977 10039 8057 7274 9039 3904
10909 8337 4977 13151 5696 11788 9312 5721 7553 8247 2674 1780 6770 15414 14220 14844 11950 7523 15745 3974 496 12386 3670 6464 9057 11956 12427 10877 15287 12243 11664 2158 8626 16685 14557 13008 9890 13138 7518 16062 16563 15137 14788 11669 0 9086 5391 1047 9092 12580 12719 7341 13891 13491 9694 8441 12541 7759 4175 19776 5589 8984 8895 3253 13474 13127 16632 9919 13499 18483 20020 19959 15283 10588 8207 8869 11066 17375 4976 9148 11001 8538 19707 14461 16035 13163 12114 2782 6186 15017 5333 16744 11068 3660 18031 3978 1929 18771 14989 4912 14135
3980 10035 6112 6861 3472 9062 531 8845 4738 12958 6875 10562 6672 6999 5409 7911 9649 7575 9789 6150 9182 7613 7529 5923 15840 8989 7245 16762 10244 6740 2631 9461 14230 9296 6668 13244 981 14501 7499 9054 8348 6727 6230 7289 9086 0 7916 8948 6337 9259 4587 13956 8576 4413 4778 14014 3882 8910 8460 16110 10344 8013 5026 6177 4487 14052 13933 16076 12042 9568 18037 17866 9589 13167 7820 3311 17925 16601 7242 10054 1927 1573 17506 5447 16138 4086 13382 6603 10926 8149 12795 13532 5992 8857 13035 6062 7187 15220 14167 9974 7056
7576 3177 1906 8952 5045 6565 8380 941 3824 5071 3386 7064 1943 12255 11651 10733 6644 2261 11102 2581 5019 7676 7651 2267 8041 6769 7866 8846 10365 7848 10388 3779 6315 12646 11064 7789 8261 8238 2279 11866 13114 12003 11841 6933 5391 7916 0 6221 4378 7418 9694 6211 9183 11894 5765 6099 10018 2397 1384 14434 2491 3703 4815 3491 11298 8085 11254 8172 8109 15753 14649 14582 10580 6048 2917 5764 10083 12098 785 3851 9418 8361 14324 13073 10889 11594 7125 5738 3021 10853 5597 11401 6745 2071 12954 6785 4440 13430 9660 2308 10192
11132 9253 5553 13519 5703 12467 9119 6634 7981 9291 3163 1619 7436 15516 14217 15168 12670 8265 16200 4476 1543 12893 2759 7042 10043 12619 12894 11899 15831 12672 11459 3199 9668 16973 14743 13928 9809 14117 8253 16395 16715 15237 14854 12192 1047 8948 6221 0 9658 13228 12836 8356 14381 13308 10074 9484 12560 8613 5086 20499 6607 9713 9332 3597 13405 14085 17401 10936 14316 18459 20870 20801 15759 11592 8949 9116 12027 18280 5727 10034 10875 8231 20540 14221 16977 12982 13077 2373 7215 15353 6316 17474 11500 4623 18616 3362 2164 19494 15869 5928 14429
3959 4479 4119 4614 5487 3110 6868 4881 2053 8154 6496 10870 2473 8304 8133 6392 3558 2384 6766 5183 8846 3343 10078 2628 11766 3167 3492 11979 6195 3479 8091 7967 9669 8304 6976 6909 6136 8243 2324 7500 8976 8080 8047 2605 9092 6337 4378 9658 0 3691 6024 10114 4860 9107 1984 9477 6714 3536 5708 11083 6520 1867 1327 6117 8116 7752 8289 11547 5846 11913 12226 12093 6263 7321 2102 3065 13635 10406 4344 4122 7042 7525 11765 10323 9818 8866 7156 8229 6807 6499 9892 8143 2426 6391 8958 8748 7523 10095 7920 6570 5916
5684 5876 7681 4063 9114 912 9759 7575 5703 9547 10073 14335 5809 8351 9016 5315 1277 5158 4385 8782 12283 2088 13768 6206 13372 657 2633 12962 3169 3148 10319 11192 11085 6919 6884 5308 8761 7084 5144 5970 8439 8221 8462 2038 12580 9259 7418 13228 3691 0 7043 12037 2736 10776 4506 10936 8132 5551 8800 7392 8947 3731 4587 9753 9464 6413 4723 12802 3196 11838 8792 8630 3809 7473 4508 6040 14935 7511 7640 5017 9344 10667 8280 11910 7464 10621 6309 11910 8990 5277 12389 4477 3345 9484 5542 12435 11131 6406 5280 9226 5357
2134 10503 8439 3255 7149 7311 4810 10455 5878 14123 10148 14385 7852 2697 2121 3583 7966 8257 5760 9027 12683 4966 11896 7433 17604 7104 4431 17976 6672 3897 3932 12466 15607 4730 2082 12118 3622 13746 8186 4598 3893 2422 2156 5111 12719 4587 9694 12836 6024 7043 0 15849 5184 3806 4096 15406 1215 9527 10741 12610 12134 7850 5006 9495 2427 13145 11121 17497 10230 6060 15181 14969 5738 13266 8110 4020 19550 14468 9293 10103 3315 6094 14586 4885 14505 3706 12773 10647 12548 3827 15235 10501 4024 11327 9158 10388 10803 11842 12321 12001 2764
13717 6163 7857 14680 10718 11130 14378 5396 10018 2758 7670 7879 7997 18337 17843 16434 10876 7731 16301 7901 6866 13043 10971 8469 1898 11410 13375 3550 15206 13502 16510 5411 1796 18323 17067 9357 14400 8484 7793 17459 19085 18096 17979 12341 7341 13956 6211 8356 10114 12037 15849 0 14428 18078 11816 1739 16224 6705 5499 17632 3726 8678 10873 8254 17509 8846 14313 2580 11085 21891 16504 16539 15733 5880 8094 11969 4008 13375 6768 7033 15573 14129 16408 19242 11630 17772 7915 9603 3316 16513 2149 14813 12533 5181 17296 10905 8116 16703 11577 3989 16019
4606 8302 8921 1932 9466 3499 9004 9555 6413 12070 11247 15671 7325 5871 6876 2642 4003 7004 1922 9929 13671 1518 14412 7451 15876 3205 1512 15606 1671 1890 8944 12827 13620 4185 4445 7974 7847 9778 6965 3237 5779 5787 6131 2257 13891 8576 9183 14381 4860 2736 5184 14428 0 8980 4470 13459 6386 7754 10541 7580 11089 5787 5068 10788 7555 9095 5957 15391 5687 9222 9997 9786 1403 10181 6467 5861 17527 9480 9203 7529 8105 10123 9402 10007 9798 8890 9039 12703 11241 2573 14536 5317 2959 11229 4525 12963 12219 6742 7578 11255 2877
5275 13432 10247 7057 7876 10952 4190 12777 8231 16768 11270 14927 10325 4431 2515 7076 11606 11008 9356 10459 13595 8726 11625 9698 19930 10772 8202 20634 10418 7658 1858 13838 18150 7585 5094 15682 3727 17218 10931 7815 5770 4256 3639 8783 13491 4413 11894 13308 9107 10776 3806 18078 8980 0 7137 17938 2648 12357 12641 16301 14382 10971 7859 10571 1470 16658 14926 20033 13935 5617 18976 18762 9420 16414 11042 6304 21977 18248 11310 13210 2549 5185 18378 1217 18211 327 16185 10942 14906 7306 17077 14295 7574 13105 12742 10246 11598 15574 16051 14095 6366
1990 6432 4872 3457 4998 4287 5290 6448 2165 10027 7020 11461 3849 6522 6184 5171 4886 4164 6172 5735 9540 3142 9945 3586 13539 4211 2962 13881 6079 2637 6214 8965 11515 7051 5299 8687 4387 10128 4092 6377 7349 6280 6181 2634 9694 4778 5765 10074 1984 4506 4096 11816 4470 7137 0 11315 4732 5434 6949 11631 8129 3850 951 6485 6133 9600 9218 13404 7287 10085 13298 13136 5779 9304 4028 1540 15465 11833 5495 6106 5175 6161 12783 8351 11452 6904 9068 8268 8503 5333 11362 8888 1513 7591 8957 8493 7913 10691 9424 8063 4520
13278 5177 7932 13914 10984 10048 14472 5181 9730 1390 8260 9228 7641 17779 17464 15627 9719 7152 15282 8215 7948 12151 11955 8240 2440 10337 12532 2762 14089 12722 16479 6354 218 17481 16445 7778 14348 6794 7223 16585 18419 17552 17492 11485 8441 14014 6099 9484 9477 10936 15406 1739 13459 17938 11315 0 15902 5948 5764 16123 3714 7854 10401 8755 17240 7192 12825 2100 9659 21381 14843 14886 14708 4264 7385 11689 4159 11692 6783 5937 15496 14377 14769 19131 9926 17646 6298 10409 3094 15683 3677 13375 11843 5648 16014 11691 8890 15216 9982 4222 15287
2766 11152 8587 4454 6865 8331 3995 10836 6208 14662 10063 14144 8271 3119 1694 4749 8987 8807 6960 9038 12552 6079 11379 7755 18024 8142 5555 18532 7886 5010 2762 12496 16108 5710 3025 13096 2905 14674 8733 5693 4486 2849 2352 6150 12541 3882 10018 12560 6714 8132 1215 16224 6386 2648 4732 15902 0 10124 10954 13824 12497 8576 5560 9384 1409 14095 12308 18001 11298 5956 16379 16170 6950 14028 8745 4255 20016 15601 9537 10835 2296 5275 15787 3787 15576 2517 13667 10289 12959 4991 15457 11701 4971 11498 10360 9890 10612 13057 13409 12301 3953
7420 1126 3794 7998 6703 4645 9424 2148 4211 4618 5745 9389 2277 11839 11617 9739 4568 1357 9652 4766 7366 6343 9983 3079 8274 4897 6670 8451 8674 6812 11102 5990 6138 11621 10497 5427 9003 6059 1434 10754 12474 11616 11577 5637 7759 8910 2397 8613 3536 5551 9527 6705 7754 12357 5434 5948 10124 0 3615 12204 3396 1975 4564 5755 11502 5819 8963 8012 5758 15449 12262 12201 9093 4274 1437 6060 10106 9707 3013 1488 10067 9702 11949 13572 8544 12088 4917 8050 3488 9812 6844 9182 5897 4235 11049 9011 6817 11206 7263 3701 9358
8658 4169 2396 10232 5251 7943 8879 1549 4884 5001 2682 5774 3238 13358 12620 12009 8007 3644 12458 2454 3761 9030 6861 3365 7390 8150 9200 8517 11745 9155 11030 2409 5981 13919 12226 8843 8936 9079 3662 13162 14282 13099 12896 8287 4175 8460 1384 5086 5708 8800 10741 5499 10541 12641 6949 5764 10954 3615 0 15771 2080 5080 6012 3050 12172 9013 12562 7735 9373 16793 15856 15801 11941 6664 4296 6738 9487 13204 1458 4975 10114 8662 15556 13787 11893 12330 8014 5039 2749 12139 4505 12739 8029 690 14338 6224 3587 14768 10815 1554 11435
12169 12035 14998 9454 16469 8060 16556 14352 13085 14879 17373 21490 13070 12423 13951 9254 7829 12253 6966 16110 19436 8538 21159 13551 18442 7943 8868 17246 5962 9371 16479 18174 16197 9408 11298 8378 15417 9777 12259 8780 11644 12459 12975 9000 19776 16110 14434 20499 11083 7392 12610 17632 7580 16301 11631 16123 13824 12204 15771 0 15375 10793 11905 17101 14834 9177 3329 17477 6616 14835 3762 3497 6884 11887 11569 13153 19430 5806 14801 11088 15674 17631 3177 17199 7436 16260 9901 19291 15198 9036 18593 3034 10199 16420 3712 19825 18449 1005 6278 15822 9935
10004 3341 4237 11130 7270 8040 10791 1682 6291 2933 4703 6886 4288 14649 14118 12904 7932 4152 13001 4513 5107 9634 8725 4743 5550 8293 9909 6476 12066 9975 12854 3458 3932 14811 13409 7748 10732 7622 4205 13982 15443 14404 14270 8906 5589 10344 2491 6607 6520 8947 12134 3726 11089 14382 8129 3714 12497 3396 2080 15375 0 5314 7180 5122 13786 7688 12071 5738 8785 18184 14981 14958 12450 5011 4625 8243 7601 12115 3104 4288 11896 10665 14752 15557 10631 14080 6662 6997 676 13002 3454 12393 8945 2129 14430 8229 5494 14392 9883 680 12433
5815 2717 4297 6060 6553 2863 8543 3857 3357 6492 6618 10710 2342 10022 9968 7783 2967 1464 7692 5407 8654 4367 10626 2988 10217 3077 4702 10251 6775 4868 9913 7483 8035 9656 8641 5318 7909 6488 1466 8783 10581 9812 9823 3664 8984 8013 3703 9713 1867 3731 7850 8678 5787 10971 3850 7854 8576 1975 5080 10793 5314 0 3138 6423 9980 6051 7702 9884 4777 13646 11364 11265 7137 5454 787 4838 12000 9184 4008 2260 8864 9065 10972 12187 8361 10727 5373 8699 5456 7850 8767 7764 4026 5760 9272 9448 7705 9788 6667 5531 7435
2877 5599 3999 4297 4568 4183 5555 5499 1351 9128 6228 10671 2898 7469 7070 6047 4712 3260 6868 4922 8716 3623 9401 2657 12605 4172 3568 12991 6597 3349 6779 8071 10602 7943 6250 8232 4809 9567 3187 7236 8298 7226 7113 2985 8895 5026 4815 9332 1327 4587 5006 10873 5068 7859 951 10401 5560 4564 6012 11905 7180 3138 0 5735 6943 9079 9296 12494 7069 11022 13315 13167 6433 8557 3195 1739 14544 11637 4562 5354 5729 6262 12828 9076 11114 7606 8475 7646 7561 6197 10412 9057 2173 6661 9455 7992 7168 10940 9173 7113 5432
7657 6652 2126 9938 2707 9041 6495 4267 4384 8050 699 4991 4082 12192 11075 11610 9312 5054 12603 1020 3188 9307 4246 3551 10145 9167 9298 11481 12256 9076 8807 3296 8969 13440 11308 11179 6875 11723 5024 12832 13320 11917 11588 8613 3253 6177 3491 3597 6117 9753 9495 8254 10788 10571 6485 8755 9384 5755 3050 17101 5122 6423 5735 0 10400 11548 14106 10648 11171 15340 17767 17676 12164 9511 5712 5617 12256 15404 2761 7244 8032 5995 17389 11624 14299 10246 10604 2307 5796 11788 6774 14100 7903 3116 15063 3294 1433 16101 12916 4541 10891
4174 12541 9785 5643 7780 9702 4435 12139 7518 16016 11092 15011 9600 3107 1168 5606 10359 10177 7886 10147 13525 7391 11986 9047 19327 9505 6857 19889 8964 6322 2484 13591 17448 6175 3633 14485 3596 16075 10101 6362 4496 2898 2282 7510 13474 4487 11298 13405 8116 9464 2427 17509 7555 1470 6133 17240 1409 11502 12172 14834 13786 9980 6943 10400 0 15491 13510 19340 12646 5081 17543 17326 7956 15434 10134 5556 21337 16893 10780 12238 2592 5626 16940 2462 16923 1483 15073 11078 14268 5836 16663 12862 6360 12690 11272 10538 11551 14113 14744 13560 4900
11382 4909 9612 10433 12405 5892 14583 7481 9400 6135 11469 14553 7923 14737 15221 11717 5255 6845 10443 10575 12674 8408 15736 8717 9374 6139 8944 8069 8926 9392 15810 11085 7228 13221 13268 1129 13888 708 6906 12269 14849 14593 14786 8073 13127 14052 8085 14085 7752 6413 13145 8846 9095 16658 9600 7192 14095 5819 9013 9177 7688 6051 9079 11548 15491 0 6043 8333 3564 18250 7658 7695 9902 2978 6384 10816 10254 4556 8787 4346 14766 15110 7577 17852 2945 16449 1026 13821 7243 11665 10249 6779 9133 9469 9930 14822 12504 8358 2900 8317 11762
10183 8731 11982 7870 13772 5179 14421 11108 10340 11565 14320 18317 10030 11640 12819 8298 4807 9137 6237 13096 16272 6394 18258 10587 15168 5138 6851 14070 4750 7402 14754 14952 12906 9123 10297 5143 13372 6693 9151 8276 11214 11601 12011 6645 16632 13933 11254 17401 8289 4723 11121 14313 5957 14926 9218 12825 12308 8963 12562 3329 12071 7702 9296 14106 13510 6043 0 14245 3293 14643 4118 3936 5891 8615 8454 10756 16241 3900 11676 7788 13838 15372 3573 15964 4955 14823 6671 16353 11878 8136 15266 916 7948 13196 4281 16994 15407 2392 3225 12535 8760
15371 7178 9975 15935 12983 11934 16527 7264 11829 3396 10106 10423 9740 19850 19559 17628 11555 9240 17177 10186 9443 14128 13543 10335 1337 12227 14528 998 15922 14741 18560 7961 1893 19462 18504 9108 16430 7806 9312 18554 20463 19626 19576 13480 9919 16076 8172 10936 11547 12802 17497 2580 15391 20033 13404 2100 18001 8012 7735 17477 5738 9884 12494 10648 19340 8333 14245 0 11217 23458 15822 15896 16601 5657 9449 13788 2136 12620 8835 7868 17582 16389 15824 21223 10784 19739 7580 12131 5152 17675 4684 14873 13893 7534 17688 13431 10630 16617 11223 6181 17317
8754 5448 9052 7238 11227 3028 12562 7883 7847 8357 11310 15146 7108 11492 12212 8329 2403 6120 6902 10151 13117 5284 15395 7762 12050 3173 5829 11153 5369 6342 13370 11739 9757 9726 10033 2446 11667 4272 6148 8779 11465 11377 11642 5151 13499 12042 8109 14316 5846 3196 10230 11085 5687 13935 7287 9659 11298 5758 9373 6616 8785 4777 7069 11171 12646 3564 3293 11217 0 14908 6597 6508 6373 5564 5459 8735 13279 4569 8603 4512 12364 13331 6231 15083 4278 13767 3827 13462 8585 8252 11978 3728 6398 9987 6522 14224 12400 5653 2143 9262 8482
8181 16355 14467 7857 12792 12408 9506 16503 11938 20067 16019 20058 13897 3626 4266 6582 13017 14234 8408 14979 18505 9879 17059 13493 23624 12141 9364 23884 9940 8988 7366 18436 21576 5539 5052 17145 8660 18915 14165 6368 3464 3836 3914 10338 18483 9568 15753 18459 11913 11838 6060 21891 9222 5617 10085 21381 5956 15449 16793 14835 18184 13646 11022 15340 5081 18250 14643 23458 14908 0 18216 17964 8797 18894 14014 10057 25537 18458 15349 15842 7668 10659 17580 5346 18977 5895 18078 16147 18582 6675 21292 13806 9628 17369 11147 15618 16554 14399 16766 18060 6494
14301 11758 15648 11926 17702 9140 18529 14328 14276 13783 17898 21618 13701 15477 16794 12165 8671 12716 9961 16747 19617 10512 21989 14339 16950 9144 10965 15400 8625 11513 18861 18165 14869 12691 14207 7274 17488 8065 12744 11942 14884 15469 15923 10753 20020 18037 14649 20870 12226 8792 15181 16504 9997 18976 13298 14843 16379 12262 15856 3762 14981 11364 13315 17767 17543 7658 4118 15822 6597 18216 0 266 9720 10630 12056 14831 17576 3206 15179 10890 17953 19459 636 19983 5056 18887 8607 20058 14648 11978 17840 4682 12060 16434 7135 20800 18988 3868 5097 15538 12713
14113 11719 15553 11716 17573 8998 18355 14277 14144 13810 17816 21567 13604 15241 16569 11933 8542 12628 9722 16656 19561 10325 21891 14233 17013 8995 10772 15489 8397 11320 18664 18120 14916 12442 13977 7274 17308 8122 12655 11697 14638 15235 15692 10579 19959 17866 14582 20801 12093 8630 14969 16539 9786 18762 13136 14886 16170 12201 15801 3497 14958 11265 13167 17676 17326 7695 3936 15896 6508 17964 266 0 9487 10660 11964 14670 17668 3299 15102 10841 17760 19295 389 19763 5152 18675 8632 19962 14636 11744 17848 4469 11884 16385 6876 20691 18906 3606 5079 15508 12488
5621 9582 10317 2729 10750 4667 9981 10935 7782 13318 12634 17063 8727 5770 7114 2446 5078 8388 576 11317 15069 2921 15720 8851 17137 4375 2865 16771 1146 3145 9642 14230 14863 3382 4493 8773 8789 10603 8352 2459 5343 5751 6206 3660 15283 9589 10580 15759 6263 3809 5738 15733 1403 9420 5779 14708 6950 9093 11941 6884 12450 7137 6433 12164 7956 9902 5891 16601 6373 8797 9720 9487 0 11265 7837 7095 18736 9663 10606 8772 8894 11156 9098 10346 10232 9376 9966 14041 12580 2262 15901 5108 4286 12629 3467 14256 13596 6161 8045 12633 3056
11265 3149 7840 11080 10900 6686 13685 5250 8439 3156 9294 11882 6548 15278 15387 12631 6196 5593 11838 8629 10112 9113 13523 7345 6556 6978 9588 5611 10474 9916 15277 8469 4322 14354 13843 3519 13209 2712 5668 13414 15655 15090 15164 8574 10588 13167 6048 11592 7321 7473 13266 5880 10181 16414 9304 4264 14028 4274 6664 11887 5011 5454 8557 9511 15434 2978 8615 5657 5564 18894 10630 10660 11265 0 5405 10192 7717 7531 6823 3204 14232 13973 10528 17631 5852 16163 2038 11674 4473 12636 7291 9219 9315 6996 12060 12796 10249 10999 5718 5680 12475
6017 2407 3593 6587 6054 3648 8345 3109 3084 6054 5875 9927 1664 10402 10210 8341 3747 685 8383 4692 7872 5009 9938 2393 9699 3856 5299 9878 7520 5408 9872 6696 7575 10234 9061 5756 7811 6755 698 9383 11041 10180 10147 4284 8207 7820 2917 8949 2102 4508 8110 8094 6467 11042 4028 7385 8745 1437 4296 11569 4625 787 3195 5712 10134 6384 8454 9449 5459 14014 12056 11964 7837 5405 0 4788 11543 9777 3233 2237 8827 8764 11679 12259 8851 10783 5615 8004 4822 8423 8069 8537 4465 4977 10050 8802 6964 10564 7266 4799 7936
2044 7148 4419 4544 3691 5774 3836 6586 1962 10484 6232 10593 4048 6685 5894 6086 6347 4707 7431 5047 8784 4630 8681 3501 13775 5719 4383 14356 7508 3976 5089 8462 11898 7860 5703 9969 3076 11298 4630 7316 7735 6418 6173 4166 8869 3311 5764 9116 3065 6040 4020 11969 5861 6304 1540 11689 4255 6060 6738 13153 8243 4838 1739 5617 5556 10816 10756 13788 8735 10057 14831 14670 7095 10192 4788 0 15780 13298 5302 7004 4041 4635 14319 7516 12832 6030 10199 7124 8713 6284 11241 10427 2968 7312 10382 7194 6996 12219 10857 8051 5321
17419 9302 11813 18056 14721 14069 18357 9206 13819 5508 11661 11260 11744 21938 21596 19756 13685 11305 19312 11905 10621 16260 14736 12298 2111 14362 16657 2190 18050 16863 20453 9306 3969 21595 20604 11099 18333 9679 11374 20688 22573 21710 21645 15609 11066 17925 10083 12027 13635 14935 19550 4008 17527 21977 15465 4159 20016 10106 9487 19430 7601 12000 14544 12256 21337 10254 16241 2136 13279 25537 17576 17668 18736 7717 11543 15780 0 14372 10698 10004 19497 18133 17623 23156 12520 21677 9572 13504 7075 19805 5742 16898 15999 9189 19773 14806 12048 18595 13155 7953 19435
13192 9038 13328 11293 15721 7548 17119 11655 12383 10685 15446 18896 11439 15319 16324 11993 6952 10389 10060 14390 16947 9524 19649 12155 13759 7649 10046 12194 8519 10591 17827 15421 11709 12971 13919 4381 16197 4899 10430 12097 15006 15252 15611 9546 17375 16601 12098 18280 10406 7511 14468 13375 9480 18248 11833 11692 15601 9707 13204 5806 12115 9184 11637 15404 16893 4556 3900 12620 4569 18458 3206 3299 9663 7531 9777 13298 14372 0 12707 8252 16843 17899 3285 19353 1853 18108 5550 17710 11723 11855 14803 4805 10841 13733 8095 18572 16522 5339 2518 12711 12354
7203 3893 1154 8806 4279 6826 7692 1701 3427 5809 2739 6708 1883 11903 11194 10578 6975 2548 11110 1814 4652 7685 6971 1909 8630 7005 7823 9542 10476 7750 9756 3625 7001 12486 10768 8439 7638 8966 2542 11742 12824 11645 11448 6945 4976 7242 785 5727 4344 7640 9293 6768 9203 11310 5495 6783 9537 3013 1458 14801 3104 4008 4562 2761 10780 8787 11676 8835 8603 15349 15179 15102 10606 6823 3233 5302 10698 12707 0 4497 8807 7622 14833 12474 11554 11004 7844 5042 3690 10714 5943 11770 6610 2099 13142 6045 3821 13796 10243 2787 9991
8075 951 5268 8129 8096 4119 10578 3439 5316 4546 7223 10728 3613 12216 12222 9783 3843 2557 9346 6253 8735 6267 11468 4418 8366 4406 6685 8139 8183 6940 12092 7280 6094 11599 10809 3943 10043 4625 2625 10687 12699 12015 12051 5641 9148 10054 3851 10034 4122 5017 10103 7033 7529 13210 6106 5937 10835 1488 4975 11088 4288 2260 5354 7244 12238 4346 7788 7868 4512 15842 10890 10841 8772 3204 2237 7004 10004 8252 4497 0 11045 10963 10606 14427 7057 12960 3477 9537 4155 9820 7590 8107 6216 5545 10302 10497 8288 10104 5841 4750 9524
3669 11170 7724 6223 5347 9336 1844 10319 5871 14363 8730 12489 7942 5348 3599 6883 9969 8711 8987 7910 11086 7448 9394 7269 17436 9205 6988 18215 9714 6441 1050 11292 15710 7990 5303 13862 1181 15278 8634 7912 6740 5089 4536 7307 11001 1927 9418 10875 7042 9344 3315 15573 8105 2549 5175 15496 2296 10067 10114 15674 11896 8864 5729 8032 2592 14766 13838 17582 12364 7668 17953 17760 8894 14232 8827 4041 19497 16843 8807 11045 0 3065 17386 3673 16588 2229 14198 8528 12438 7128 14534 13325 6003 10565 12355 7950 9094 14847 14507 11585 6046
5540 10824 6468 8430 3413 10402 1287 9302 5711 13428 6666 9846 7425 8382 6664 9476 10962 8420 11361 6228 8715 9108 6441 6630 16027 10353 8764 17140 11793 8270 3335 9265 14595 10821 8169 14367 2480 15514 8349 10608 9760 8117 7583 8740 8538 1573 8361 8231 7525 10667 6094 14129 10123 5185 6161 14377 5275 9702 8662 17631 10665 9065 6262 5995 5626 15110 15372 16389 13331 10659 19459 19295 11156 13973 8764 4635 18133 17899 7622 10963 3065 0 18941 6008 17337 4868 14378 5860 11289 9714 12764 15005 7466 8952 14597 5070 6738 16729 15433 10213 8620
13741 11494 15265 11333 17249 8665 17994 14038 13818 13671 17540 21326 13313 14852 16181 11544 8221 12346 9333 16370 19313 9955 21597 13932 16924 8656 10398 15439 8009 10945 18287 17886 14804 12056 13588 7106 16941 8030 12372 11309 14251 14845 15303 10218 19707 17506 14324 20540 11765 8280 14586 16408 9402 18378 12783 14769 15787 11949 15556 3177 14752 10972 12828 17389 16940 7577 3573 15824 6231 17580 636 389 9098 10528 11679 14319 17623 3285 14833 10606 17386 18941 0 19376 5129 18292 8494 19671 14444 11355 17681 4086 11520 16147 6501 20386 18630 3235 4893 15294 12100
6472 14648 11397 8102 8918 12117 5157 13963 9435 17969 12322 15840 11528 5001 3252 7945 12772 12222 10233 11563 14590 9844 12393 10891 21102 11929 9313 21833 11382 8774 2817 14908 19343 8223 5908 16868 4851 18418 12145 8566 6225 4880 4296 9936 14461 5447 13073 14221 10323 11910 4885 19242 10007 1217 8351 19131 3787 13572 13787 17199 15557 12187 9076 11624 2462 17852 15964 21223 15083 5346 19983 19763 10346 17631 12259 7516 23156 19353 12474 14427 3673 6008 19376 0 19361 1488 17390 11848 16089 8165 18198 15304 8748 14233 13585 11069 12592 16506 17189 15255 7295
13011 7741 12287 11467 14896 7276 16666 10349 11683 8981 14273 17486 10480 15663 16471 12412 6630 9403 10694 13303 15588 9550 18525 11242 11941 7442 10093 10344 9120 10612 17606 14014 9933 13609 14220 3124 15837 3155 9454 12691 15514 15566 15863 9428 16035 16138 10889 16977 9818 7464 14505 11630 9798 18211 11452 9926 15576 8544 11893 7436 10631 8361 11114 14299 16923 2945 4955 10784 4278 18977 5056 5152 10232 5852 8851 12832 12520 1853 11554 7057 16588 17337 5129 19361 0 18041 3971 16594 10188 12305 13143 5859 10660 12375 9232 17536 15328 6834 2220 11255 12654
5071 13168 9936 6961 7550 10773 3864 12480 7947 16482 10945 14600 10040 4538 2600 7061 11426 10737 9331 10139 13268 8584 11309 9405 19627 10599 8066 20346 10355 7518 1536 13515 17858 7653 5112 15483 3408 17003 10660 7843 5900 4348 3729 8617 13163 4086 11594 12982 8866 10621 3706 17772 8890 327 6904 17646 2517 12088 12330 16260 14080 10727 7606 10246 1483 16449 14823 19739 13767 5895 18887 18675 9376 16163 10783 6030 21677 18108 11004 12960 2229 4868 18292 1488 18041 0 15962 10616 14608 7295 16760 14207 7390 12789 12726 9926 11271 15519 15889 13788 6329
10922 3952 8708 10224 11572 5670 13912 6490 8679 5179 10501 13530 7087 14516 14874 11616 5074 6022 10524 9643 11659 8199 14770 7890 8552 5941 8719 7408 9060 9129 15246 10065 6349 13212 13052 1529 13274 1148 6087 12260 14724 14356 14509 7785 12114 13382 7125 13077 7156 6309 12773 7915 9039 16185 9068 6298 13667 4917 8014 9901 6662 5373 8475 10604 15073 1026 6671 7580 3827 18078 8607 8632 9966 2038 5615 10199 9572 5550 7844 3477 14198 14378 8494 17390 3971 15962 0 12863 6218 11585 9255 7334 8749 8458 10337 13888 11526 9037 3687 7293 11587
9075 8914 4411 11639 3512 11241 6755 6434 6329 9906 2381 3991 6358 13300 11926 13210 11549 7353 14440 3323 3076 11269 1939 5766 11429 11349 11193 13036 14242 10904 9091 4201 10613 14953 12613 13477 7488 13971 7321 14439 14540 13021 12609 10612 2782 6603 5738 2373 8229 11910 10647 9603 12703 10942 8268 10409 10289 8050 5039 19291 6997 8699 7646 2307 11078 13821 16353 12131 13462 16147 20058 19962 14041 11674 8004 7124 13504 17710 5042 9537 8528 5860 19671 11848 16594 10616 12863 0 7668 13409 7787 16312 9756 4870 17090 1304 1520 18297 15222 6347 12433
10414 3208 4838 11392 7904 8078 11381 2131 6753 2257 5379 7411 4700 15022 14561 13156 7916 4423 13140 5168 5699 9816 9384 5223 5065 8343 10121 5854 12138 10222 13410 4037 3311 15054 13752 7384 11282 7131 4483 14205 15772 14782 14672 9100 6186 10926 3021 7215 6807 8990 12548 3316 11241 14906 8503 3094 12959 3488 2749 15198 676 5456 7561 5796 14268 7243 11878 5152 8585 18582 14648 14636 12580 4473 4822 8713 7075 11723 3690 4155 12438 11289 14444 16089 10188 14608 6218 7668 0 13243 3436 12245 9230 2798 14415 8903 6162 14224 9557 1328 12720
4412 10508 10192 1908 9951 5966 8466 11378 7497 14306 12345 16776 8916 3509 4915 244 6520 8850 2071 11067 14872 3554 14925 8833 18064 5680 3152 17955 3388 3026 7749 14265 15857 1812 2263 10545 7251 12346 8797 1045 3217 3491 3960 4198 15017 8149 10853 15353 6499 5277 3827 16513 2573 7306 5333 15683 4991 9812 12139 9036 13002 7850 6197 11788 5836 11665 8136 17675 8252 6675 11978 11744 2262 12636 8423 6284 19805 11855 10714 9820 7128 9714 11355 8165 12305 7295 11585 13409 13243 0 16391 7367 4111 12808 5436 13422 13205 8370 10091 13069 1096
13138 6644 6879 14503 9405 11479 13171 5015 9363 4194 6122 5741 7531 17833 17125 16283 11342 7562 16450 6645 4881 13071 8999 7817 3727 11737 13328 5672 15517 13368 15408 3617 3799 18196 16660 10576 13353 9995 7609 17386 18711 17577 17390 12338 5333 12795 5597 6316 9892 12389 15235 2149 14536 17077 11362 3677 15457 6844 4505 18593 3454 8767 10412 6774 16663 10249 15266 4684 11978 21292 17840 17848 15901 7291 8069 11241 5742 14803 5943 7590 14534 12764 17681 18198 13143 16760 9255 7787 3436 16391 0 15662 12302 3978 17844 9085 6366 17628 12792 3324 15773
9699 9058 11989 7247 13591 5071 14007 11329 10175 12083 14357 18456 10052 10876 12126 7540 4804 9222 5417 13103 16403 5929 18195 10555 15750 4979 6347 14741 3982 6888 14212 15144 13468 8274 9564 5816 12923 7449 9228 7447 10395 10850 11281 6268 16744 13532 11401 17474 8143 4477 10501 14813 5317 14295 8888 13375 11701 9182 12739 3034 12393 7764 9057 14100 12862 6779 916 14873 3728 13806 4682 4469 5108 9219 8537 10427 16898 4805 11770 8107 13325 15005 4086 15304 5859 14207 7334 16312 12245 7367 15662 0 7542 13391 3373 16889 15436 2030 4044 12821 8049
2358 6742 6150 2207 6511 3386 6474 7298 3522 10497 8401 12844 4806 6002 6128 3988 4037 4808 4703 7094 10883 1664 11453 4745 14164 3225 1449 14276 4568 1175 6987 10185 12030 5901 4616 8126 5433 9726 4750 5133 6577 5798 5849 1315 11068 5992 6745 11500 2426 3345 4024 12533 2959 7574 1513 11843 4971 5897 8029 10199 8945 4026 2173 7903 6360 9133 7948 13893 6398 9628 12060 11884 4286 9315 4465 2968 15999 10841 6610 6216 6003 7466 11520 8748 10660 7390 8749 9756 9230 4111 12302 7542 0 8699 7446 10005 9336 9278 8534 8979 3490
9262 4698 2911 10900 5544 8623 9254 2109 5498 5040 2617 5184 3920 13962 13174 12674 8675 4330 13145 2731 3217 9717 6604 4006 7079 8833 9883 8366 12434 9831 11454 1756 5861 14583 12853 9359 9384 9494 4349 13833 14909 13701 13482 8974 3660 8857 2071 4623 6391 9484 11327 5181 11229 13105 7591 5648 11498 4235 690 16420 2129 5760 6661 3116 12690 9469 13196 7534 9987 17369 16434 16385 12629 6996 4977 7312 9189 13733 2099 5545 10565 8952 16147 14233 12375 12789 8458 4870 2798 12808 3978 13391 8699 0 15023 6113 3365 15419 11374 1479 12090
9057 11226 13072 6187 13951 6423 13437 13109 10762 14658 15454 19801 11281 8739 10333 5666 6502 10694 3402 14141 17760 5840 18854 11580 18441 6196 6005 17665 2879 6415 13081 16722 16133 5697 7678 8881 12251 10625 10677 5086 7932 8788 9323 6478 18031 13035 12954 18616 8958 5542 9158 17296 4525 12742 8957 16014 10360 11049 14338 3712 14430 9272 9455 15063 11272 9930 4281 17688 6522 11147 7135 6876 3467 12060 10050 10382 19773 8095 13142 10302 12355 14597 6501 13585 9232 12726 10337 17090 14415 5436 17844 3373 7446 15023 0 17429 16478 3274 7354 14744 6413
9021 9939 5253 11736 3508 11831 6120 7547 6746 11152 3542 4917 7138 12972 11467 13210 12194 8183 14616 4247 4321 11589 1512 6463 12733 11910 11454 14331 14557 11113 8390 5504 11897 14873 12418 14413 7008 15012 8142 14432 14268 12695 12239 10977 3978 6062 6785 3362 8748 12435 10388 10905 12963 10246 8493 11691 9890 9011 6224 19825 8229 9448 7992 3294 10538 14822 16994 13431 14224 15618 20800 20691 14256 12796 8802 7194 14806 18572 6045 10497 7950 5070 20386 11069 17536 9926 13888 1304 8903 13422 9085 16889 10005 6113 17429 0 2805 18841 16066 7591 12401
9027 7599 3453 11362 3771 10395 7436 5047 5817 8393 1090 3599 5385 13495 12292 13023 10635 6289 14036 2349 1998 10735 3274 4926 9961 10534 10731 11527 13680 10508 9784 2751 9095 14842 12663 12228 7973 12617 6267 14248 14657 13218 12863 10039 1929 7187 4440 2164 7523 11131 10803 8116 12219 11598 7913 8890 10612 6817 3587 18449 5494 7705 7168 1433 11551 12504 15407 10630 12400 16554 18988 18906 13596 10249 6964 6996 12048 16522 3821 8288 9094 6738 18630 12592 15328 11271 11526 1520 6162 13205 6366 15436 9336 3365 16478 2805 0 17447 14063 4837 12294
11301 11052 13996 8645 15499 7061 15674 13354 12105 13956 16370 20485 12066 11817 13270 8578 6825 11248 6306 15109 18431 7623 20168 12552 17554 6948 7976 16417 5170 8490 15677 17173 15296 8903 10631 7509 14549 8981 11254 8208 11122 11835 12329 8057 18771 15220 13430 19494 10095 6406 11842 16703 6742 15574 10691 15216 13057 11206 14768 1005 14392 9788 10940 16101 14113 8358 2392 16617 5653 14399 3868 3606 6161 10999 10564 12219 18595 5339 13796 10104 14847 16729 3235 16506 6834 15519 9037 18297 14224 8370 17628 2030 9278 15419 3274 18841 17447 0 5475 14832 9216
10892 6681 10830 9254 13205 5171 14690 9275 9878 8825 12981 16555 8929 13444 14267 10196 4544 7885 8522 11900 14574 7357 17162 9640 12232 5310 7897 10969 6947 8424 15511 13091 10036 11426 12000 2226 13807 3507 7925 10501 13304 13347 13647 7274 14989 14167 9660 15869 7920 5280 12321 11577 7578 16051 9424 9982 13409 7263 10815 6278 9883 6667 9173 12916 14744 2900 3225 11223 2143 16766 5097 5079 8045 5718 7266 10857 13155 2518 10243 5841 14507 15433 4893 17189 2220 15889 3687 15222 9557 10091 12792 4044 8534 11374 7354 16066 14063 5475 0 10443 10435
9884 3820 3868 11180 6803 8328 10404 1702 6126 3561 4084 6239 4220 14562 13945 12960 8268 4257 13175 4007 4433 9776 8056 4569 5866 8569 10017 6969 12306 10047 12521 2792 4438 14873 13362 8335 10412 8272 4301 14067 15408 14311 14149 9039 4912 9974 2308 5928 6570 9226 12001 3989 11255 14095 8063 4222 12301 3701 1554 15822 680 5531 7113 4541 13560 8317 12535 6181 9262 18060 15538 15508 12633 5680 4799 8051 7953 12711 2787 4750 11585 10213 15294 15255 11255 13788 7293 6347 1328 13069 3324 12821 8979 1479 14744 7591 4837 14832 10443 0 12451
3380 10141 9390 1398 8952 5917 7370 10780 6679 13927 11470 15882 8249 3013 4081 855 6524 8298 3011 10214 14011 3392 13908 8089 17632 5648 2891 17653 4093 2584 6696 13486 15470 2550 1569 10663 6155 12423 8240 2038 3182 2913 3261 3904 14135 7056 10192 14429 5916 5357 2764 16019 2877 6366 4520 15287 3953 9358 11435 9935 12433 7435 5432 10891 4900 11762 8760 17317 8482 6494 12713 12488 3056 12475 7936 5321 19435 12354 9991 9524 6046 8620 12100 7295 12654 6329 11587 12433 12720 1096 15773 8049 3490 12090 6413 12401 12294 9216 10435 12451 0
1 8 9 6
2 9 11 5
3 10 7 8
4 10 6 4
5 10 10 6
6 9 9 3
7 9 7 3
8 9 7 4
9 11 8 6
10 7 9 5
11 7 8 8
12 12 7 7
13 9 15 4
14 8 10 6
15 9 10 4
16 13 10 6
17 6 6 3
18 9 4 4
19 9 11 8
20 8 8 4
21 8 6 7
22 7 10 5
23 11 11 4
24 9 7 8
25 9 10 10
26 9 11 11
27 7 7 6
28 12 11 3
29 7 11 8
30 8 8 5
31 10 10 7
32 11 7 5
33 12 9 4
34 10 7 5
35 10 8 9
36 7 8 1
37 12 9 4
38 10 8 5
39 7 13 9
40 10 9 8
41 15 9 2
42 9 7 7
43 10 9 8
44 6 8 5
45 11 10 9
46 12 8 6
47 10 6 4
48 12 9 4
49 11 9 6
50 9 7 6
51 11 9 5
52 6 12 4
53 7 9 7
54 11 11 5
55 11 7 5
56 12 12 7
57 10 8 2
58 8 7 4
59 9 9 3
60 10 7 6
61 9 10 4
62 11 10 0
63 7 8 6
64 7 12 9
65 9 11 6
66 14 10 2
67 8 11 5
68 11 13 8
69 9 10 4
70 9 7 7
71 8 6 6
72 8 9 9
73 12 10 11
74 11 9 4
75 9 8 4
76 8 8 6
77 4 6 9
78 8 9 6
79 13 6 8
80 9 8 4
81 6 7 9
82 11 8 7
83 9 8 2
84 7 12 6
85 8 11 5
86 10 9 5
87 13 2 6
88 9 12 5
89 12 11 4
90 13 10 5
91 9 8 3
92 9 6 6
93 7 11 10
94 8 12 5
95 13 9 11
96 10 7 6
97 11 9 1
98 13 5 3
99 12 6 6
100 8 8 8
