75 15 3
30 60 700 9.00
0 7 15 2
0 9 5 1
0 4 14 1
0 3 6 3
0 1 15 3
0 4 14 1
0 3 2 1
0 14 7 1
0 15 2 2
0 1 7 2
0 12 10 1
0 9 1 1
0 5 8 3
0 13 6 3
0 8 1 1
0 2 1 2
0 6 5 3
0 15 2 2
0 6 15 1
0 4 9 1
0 6 8 3
0 5 14 2
0 4 5 1
0 2 6 1
0 17 7 1
0 17 13 3
0 1 12 2
0 12 9 3
0 4 4 3
0 10 15 1
0 6 11 2
0 24 8 3
0 1 2 2
0 17 13 2
0 2 1 1
0 8 5 1
0 3 11 1
0 5 1 3
0 3 7 2
0 21 1 2
0 19 11 2
0 10 8 3
0 23 11 2
0 4 11 3
0 7 15 1
0 8 11 2
0 3 9 1
0 1 7 3
0 7 9 1
0 9 8 3
0 6 14 2
0 9 12 1
0 9 1 3
0 5 1 1
0 3 15 1
0 17 4 3
0 1 5 1
0 3 6 3
0 9 8 2
0 1 7 3
1 3 4 2
1 3 3 3
1 3 14 3
1 2 7 1
1 1 4 2
1 5 8 1
1 3 7 1
1 2 11 2
1 6 2 2
1 6 10 1
1 4 7 3
1 4 5 1
1 22 7 1
1 4 2 2
1 5 2 1
0 11768 9509 10498 14018 10282 10198 9203 7035 5872 9473 15867 15263 6552 18721 21697
11768 0 2820 16353 3048 15021 3370 10006 5871 5919 8292 4589 13471 5344 7112 14992
9509 2820 0 13561 5819 12260 4285 7351 5044 3708 5738 7408 11517 2965 9246 14535
10498 16353 13561 0 19380 1600 16954 6684 15011 12094 8492 20903 9209 12058 21235 17551
14018 3048 5819 19380 0 18062 4051 13053 7328 8394 11329 1854 16249 7972 6316 16704
10282 15021 12260 1600 18062 0 15831 5184 14107 11106 7001 19537 7767 10985 19703 16060
10198 3370 4285 16954 4051 15831 0 11299 3300 5042 9854 5878 15802 4912 9950 18234
9203 10006 7351 6684 13053 5184 11299 0 10293 7230 1816 14443 6086 6828 14556 12975
7035 5871 5044 15011 7328 14107 3300 10293 0 3081 9262 9168 15669 3502 12921 19558
5872 5919 3708 12094 8394 11106 5042 7230 3081 0 6316 10206 12776 803 12855 17412
9473 8292 5738 8492 11329 7001 9854 1816 9262 6316 0 12672 6465 5764 12763 12251
15867 4589 7408 20903 1854 19537 5878 14443 9168 10206 12672 0 17128 9750 5184 16679
15263 13471 11517 9209 16249 7767 15802 6086 15669 12776 6465 17128 0 12193 15297 8371
6552 5344 2965 12058 7972 10985 4912 6828 3502 803 5764 9750 12193 0 12174 16638
18721 7112 9246 21235 6316 19703 9950 14556 12921 12855 12763 5184 15297 12174 0 12606
21697 14992 14535 17551 16704 16060 18234 12975 19558 17412 12251 16679 8371 16638 12606 0
1 9 5 7
2 13 8 1
3 8 8 3
4 17 8 6
5 8 6 5
6 8 12 5
7 5 9 6
8 8 6 7
9 8 11 7
10 10 13 4
11 8 11 4
12 12 9 6
13 6 11 5
14 12 8 2
15 6 9 7
