75 15 3
30 60 700 9.00
0 10 15 1
0 1 1 3
0 8 5 1
0 2 10 3
0 16 15 2
0 22 8 1
0 11 13 2
0 13 2 1
0 5 8 1
0 11 6 2
0 9 13 2
0 15 9 3
0 3 10 3
0 19 8 2
0 3 8 2
0 6 8 1
0 7 11 2
0 23 11 3
0 1 8 2
0 7 14 2
0 7 13 1
0 9 13 3
0 1 6 1
0 3 11 1
0 17 6 3
0 6 15 3
0 13 5 1
0 12 13 1
0 19 1 1
0 6 2 2
0 1 15 3
0 2 7 2
0 4 6 2
0 24 2 1
0 3 1 3
0 12 12 3
0 2 6 3
0 2 12 1
0 2 9 3
0 10 4 1
0 2 11 2
0 13 13 2
0 9 14 2
0 8 6 1
0 5 15 2
1 12 2 1
1 3 11 3
1 15 6 2
1 3 15 3
1 1 14 2
1 1 6 2
1 3 11 1
1 1 11 2
1 11 3 2
1 10 12 3
1 18 15 2
1 6 10 1
1 10 7 1
1 21 12 3
1 15 5 3
1 3 9 2
1 1 6 1
1 1 14 3
1 4 13 2
1 6 13 3
1 3 14 1
1 2 9 1
1 15 6 1
1 13 6 2
1 21 4 3
1 12 13 3
1 10 14 1
1 5 3 1
1 20 11 2
1 14 7 3
0 2016 10091 16533 2504 5748 11465 5905 3747 13506 5699 10491 12086 6173 3779 5174
2016 0 11982 15940 4405 7613 11429 7309 4571 15493 5762 12147 13918 5998 4179 6962
10091 11982 0 19113 8625 4371 12999 5814 8654 4167 10337 2825 2167 11095 9563 5079
16533 15940 19113 0 18429 16986 6137 14310 13465 23100 11026 16738 19416 10416 12971 16282
2504 4405 8625 18429 0 4640 12966 5933 5027 11587 7406 9649 10749 8024 5459 4405
5748 7613 4371 16986 4640 0 10943 2684 4632 8111 6768 5010 6339 7552 5537 837
11465 11429 12999 6137 12966 10943 0 8259 7948 17033 5774 10719 13428 5432 7692 10283
5905 7309 5814 14310 5933 2684 8259 0 3073 9940 4528 5008 7249 5294 3923 2070
3747 4571 8654 13465 5027 4632 7948 3073 0 12652 2477 8080 10264 3199 914 3796
13506 15493 4167 23100 11587 8111 17033 9940 12652 0 14468 6386 3857 15234 13566 8914
5699 5762 10337 11026 7406 6768 5774 4528 2477 14468 0 9154 11641 784 1963 5945
10491 12147 2825 16738 9649 5010 10719 5008 8080 6386 9154 0 2719 9836 8914 5364
12086 13918 2167 19416 10749 6339 13428 7249 10264 3857 11641 2719 0 12359 11149 6957
6173 5998 11095 10416 8024 7552 5432 5294 3199 15234 784 9836 12359 0 2570 6728
3779 4179 9563 12971 5459 5537 7692 3923 914 13566 1963 8914 11149 2570 0 4702
5174 6962 5079 16282 4405 837 10283 2070 3796 8914 5945 5364 6957 6728 4702 0
1 11 5 6
2 6 5 2
3 7 5 2
4 7 7 2
5 11 9 3
6 1 3 4
7 6 4 2
8 5 7 6
9 8 5 1
10 9 7 4
11 7 8 0
12 6 8 2
13 10 1 4
14 7 6 5
15 8 7 7
