75 15 3
30 60 700 9.00
0 7 13 1
0 16 14 3
0 1 3 3
0 14 15 2
0 3 9 2
0 16 7 1
0 22 6 3
0 13 5 2
0 5 3 2
0 5 9 2
0 10 7 1
0 19 6 2
0 2 4 3
0 3 11 3
0 25 12 3
0 2 8 3
0 15 6 1
0 2 7 1
0 5 13 1
0 8 5 1
0 22 9 2
0 5 5 1
0 13 11 3
0 11 4 2
0 21 14 2
0 4 7 1
0 3 2 3
0 21 10 1
0 5 2 2
0 7 10 1
0 2 15 2
0 19 7 2
0 8 15 2
0 6 13 3
0 1 7 2
0 4 14 1
0 1 7 2
0 1 7 2
0 3 14 3
0 9 5 1
0 19 12 3
0 14 4 3
0 5 6 1
0 1 7 1
0 6 5 3
1 12 6 2
1 3 8 1
1 6 8 1
1 7 8 3
1 4 13 2
1 23 3 1
1 6 7 3
1 11 1 3
1 10 7 2
1 11 3 3
1 2 12 3
1 7 8 1
1 4 13 1
1 1 2 3
1 6 10 3
1 16 11 1
1 18 5 1
1 3 9 1
1 12 1 1
1 16 8 1
1 7 4 2
1 5 6 3
1 8 14 1
1 8 12 2
1 2 13 3
1 14 5 3
1 2 5 3
1 13 13 3
1 13 4 2
1 24 5 2
0 8986 5213 2879 8066 10569 8460 13084 16780 9415 10836 14291 11227 10497 6202 5696
8986 0 11573 9348 8847 16782 17402 15636 18513 6239 16756 17968 14516 18813 6991 14583
5213 11573 0 2628 5624 5573 7909 8282 12008 8763 5745 9151 6338 7627 5365 5489
2879 9348 2628 0 5621 8198 8633 10205 13903 7817 8371 11470 8354 9472 4284 5832
8066 8847 5624 5621 0 8993 13512 6816 9971 3683 8771 9130 5702 12961 2331 10951
10569 16782 5573 8198 8993 0 8827 6554 9570 12670 606 5588 5109 5766 9962 8008
8460 17402 7909 8633 13512 8827 0 14783 18207 16356 9414 14381 12932 4151 12812 2844
13084 15636 8282 10205 6816 6554 14783 0 3729 9849 5980 2734 1957 12275 8977 13156
16780 18513 12008 13903 9971 9570 18207 3729 0 12394 8965 4127 5672 15316 12263 16765
9415 6239 8763 7817 3683 12670 16356 9849 12394 0 12454 12409 9125 16345 3549 13614
10836 16756 5745 8371 8771 606 9414 5980 8965 12454 0 4987 4600 6366 9871 8521
14291 17968 9151 11470 9130 5588 14381 2734 4127 12409 4987 0 3469 11261 11099 13242
11227 14516 6338 8354 5702 5109 12932 1957 5672 9125 4600 3469 0 10661 7630 11221
10497 18813 7627 9472 12961 5766 4151 12275 15316 16345 6366 11261 10661 0 12993 5293
6202 6991 5365 4284 2331 9962 12812 8977 12263 3549 9871 11099 7630 12993 0 10066
5696 14583 5489 5832 10951 8008 2844 13156 16765 13614 8521 13242 11221 5293 10066 0
1 10 10 3
2 7 11 4
3 5 5 2
4 12 2 4
5 7 10 5
6 9 8 4
7 5 8 3
8 5 8 6
9 7 4 1
10 8 8 2
11 9 9 6
12 7 8 3
13 12 8 1
14 11 12 4
15 10 10 7
