500 100 3
30 60 700 9.00
0 3 91 3
0 9 54 2
0 22 26 1
0 2 71 1
0 20 82 3
0 10 62 3
0 16 21 1
0 7 4 2
0 13 64 1
0 1 2 1
0 8 56 1
0 7 57 1
0 5 86 2
0 10 78 3
0 8 55 1
0 8 93 2
0 3 83 1
0 1 42 1
0 16 64 3
0 9 88 3
0 9 58 3
0 2 1 1
0 13 82 1
0 1 23 2
0 7 61 1
0 8 15 3
0 3 95 3
0 9 18 3
0 5 1 2
0 2 4 1
0 2 62 1
0 8 36 2
0 5 59 3
0 1 39 3
0 6 37 3
0 13 89 1
0 2 91 1
0 1 36 3
0 3 60 3
0 6 52 3
0 5 60 3
0 3 100 1
0 4 68 2
0 12 54 1
0 11 77 2
0 13 78 2
0 15 40 2
0 4 61 1
0 19 35 1
0 4 65 3
0 5 43 2
0 4 83 1
0 3 77 3
0 5 42 2
0 7 72 3
0 4 28 3
0 6 60 1
0 19 18 1
0 12 70 1
0 4 15 1
0 1 7 2
0 2 55 2
0 3 72 1
0 2 35 2
0 10 8 2
0 4 57 1
0 2 25 2
0 2 52 3
0 2 5 2
0 8 94 1
0 6 42 2
0 2 54 1
0 18 73 3
0 4 29 1
0 5 99 3
0 5 90 2
0 1 45 3
0 2 18 2
0 10 46 1
0 17 1 2
0 2 31 1
0 8 65 1
0 22 41 2
0 1 13 3
0 6 2 1
0 4 36 3
0 5 71 1
0 2 8 3
0 3 9 2
0 1 30 2
0 4 79 3
0 6 58 1
0 6 32 3
0 2 42 3
0 14 92 1
0 22 56 2
0 3 77 3
0 2 98 3
0 2 25 3
0 3 81 1
0 4 54 3
0 3 14 3
0 5 9 1
0 22 54 1
0 8 76 3
0 5 17 3
0 7 42 3
0 5 93 1
0 15 43 1
0 21 73 1
0 5 18 1
0 20 16 2
0 5 41 3
0 6 4 1
0 22 6 3
0 11 87 1
0 2 15 1
0 22 24 1
0 8 68 2
0 20 4 3
0 7 91 1
0 3 62 2
0 2 68 3
0 3 83 2
0 16 67 1
0 8 79 1
0 2 42 2
0 4 71 1
0 11 46 2
0 14 4 2
0 15 27 2
0 9 30 1
0 11 35 2
0 4 67 1
0 3 51 1
0 5 36 3
0 1 23 3
0 20 64 1
0 4 50 3
0 15 24 3
0 2 84 3
0 18 31 3
0 10 40 3
0 10 7 3
0 1 18 2
0 4 82 3
0 12 58 1
0 6 97 2
0 1 24 3
0 4 60 1
0 8 86 1
0 6 33 2
0 20 59 1
0 3 14 3
0 1 54 2
0 7 6 2
0 18 51 2
0 5 92 1
0 3 18 1
0 7 17 1
0 3 96 1
0 5 79 2
0 1 10 3
0 5 97 1
0 1 77 1
0 3 50 1
0 15 63 3
0 9 96 2
0 7 20 1
0 20 7 1
0 4 9 1
0 2 29 2
0 17 47 1
0 11 9 2
0 19 4 3
0 23 70 2
0 15 44 1
0 5 51 2
0 16 23 3
0 8 97 1
0 10 86 3
0 2 52 3
0 17 83 1
0 14 71 1
0 20 50 3
0 4 21 2
0 3 2 2
0 13 76 1
0 20 20 1
0 2 45 1
0 14 53 3
0 2 29 1
0 10 41 3
0 5 15 1
0 2 43 2
0 5 69 2
0 4 14 1
0 21 50 2
0 23 39 2
0 12 49 1
0 1 91 3
0 1 82 3
0 10 96 2
0 14 50 2
0 1 22 2
0 14 86 2
0 9 46 1
0 24 43 2
0 8 80 3
0 4 76 2
0 16 90 1
0 6 99 3
0 11 47 3
0 12 44 2
0 22 8 1
0 10 40 1
0 6 42 2
0 12 17 3
0 20 60 2
0 12 99 3
0 15 71 3
0 2 6 3
0 24 7 2
0 2 81 2
0 6 72 2
0 7 36 2
0 1 33 1
0 16 99 3
0 11 50 2
0 20 7 3
0 24 73 1
0 8 42 3
0 17 43 1
0 1 72 3
0 8 29 1
0 1 73 2
0 4 63 1
0 20 98 2
0 5 91 1
0 10 90 2
0 7 8 3
0 6 89 1
0 3 56 3
0 20 39 3
0 13 39 3
0 10 95 3
0 3 47 3
0 1 75 1
0 2 69 2
0 1 12 2
0 2 26 2
0 8 60 1
0 8 52 1
0 4 20 3
0 8 50 3
0 13 43 3
0 6 53 3
0 22 84 1
0 21 78 1
0 5 51 1
0 5 65 2
0 2 75 3
0 2 34 3
0 4 82 2
0 9 74 2
0 14 75 2
0 7 24 2
0 13 40 3
0 1 48 3
0 6 64 1
0 7 34 2
0 3 81 3
0 3 92 3
0 22 41 1
0 2 62 2
0 3 8 3
0 14 88 1
0 4 98 2
0 1 44 3
0 1 47 1
0 24 3 3
0 14 28 3
0 2 28 1
0 3 40 3
0 11 56 1
0 1 14 2
0 5 23 2
0 7 81 1
0 14 20 1
0 5 19 1
0 15 100 3
0 6 14 3
0 2 61 3
0 4 94 2
0 4 60 2
0 7 2 3
0 1 90 1
0 11 51 2
0 15 60 2
0 22 39 3
1 9 62 1
1 2 24 2
1 2 26 1
1 16 73 2
1 4 66 1
1 4 93 2
1 4 28 3
1 7 25 3
1 9 19 2
1 7 38 1
1 14 53 2
1 12 74 2
1 8 47 1
1 22 1 2
1 11 40 3
1 22 19 3
1 18 38 1
1 7 99 1
1 7 90 2
1 7 82 3
1 7 21 1
1 14 9 3
1 1 71 2
1 2 8 1
1 21 63 2
1 13 61 2
1 7 59 3
1 6 45 2
1 11 90 1
1 9 76 2
1 5 89 1
1 9 79 2
1 1 86 3
1 3 73 2
1 1 12 1
1 23 90 1
1 1 96 3
1 17 60 3
1 22 24 2
1 8 36 2
1 8 68 3
1 6 87 2
1 10 84 1
1 1 12 3
1 12 97 1
1 1 80 3
1 16 40 3
1 1 87 2
1 1 43 3
1 2 5 2
1 4 58 2
1 17 99 1
1 2 30 1
1 18 77 2
1 9 99 3
1 22 50 2
1 14 3 3
1 6 8 1
1 3 3 2
1 1 15 3
1 8 83 2
1 2 19 3
1 2 46 1
1 8 47 1
1 15 96 2
1 25 61 3
1 17 40 2
1 13 86 2
1 1 80 3
1 4 25 3
1 8 91 1
1 3 60 3
1 8 37 3
1 2 18 3
1 6 8 3
1 4 40 3
1 15 70 2
1 18 13 3
1 13 46 1
1 12 46 3
1 2 74 2
1 10 72 3
1 13 93 3
1 9 46 3
1 5 48 2
1 10 5 2
1 3 90 2
1 7 96 1
1 7 7 1
1 7 41 3
1 3 66 3
1 1 76 3
1 9 11 2
1 22 18 3
1 24 100 1
1 24 97 2
1 5 79 2
1 23 94 2
1 1 94 1
1 8 23 2
1 3 44 3
1 8 88 3
1 13 56 3
1 5 6 2
1 1 82 2
1 1 21 3
1 5 6 1
1 10 60 3
1 19 95 2
1 7 1 1
1 12 5 2
1 1 3 3
1 19 83 1
1 8 63 2
1 2 86 3
1 3 62 1
1 3 57 2
1 4 70 3
1 17 81 1
1 2 17 3
1 3 2 2
1 19 51 1
1 12 18 1
1 8 32 3
1 12 97 1
1 4 46 1
1 1 28 2
1 11 95 2
1 6 18 2
1 1 18 2
1 1 54 1
1 3 34 1
1 1 10 1
1 2 83 2
1 21 22 1
1 23 41 3
1 25 75 2
1 4 100 2
1 17 14 3
1 9 36 2
1 22 14 1
1 12 94 1
1 2 50 1
1 2 79 1
1 21 32 2
1 1 53 3
1 7 12 1
1 19 18 3
1 10 54 2
1 11 60 3
1 4 31 2
1 22 7 2
1 3 89 2
1 1 72 3
1 2 10 1
1 2 93 3
1 11 29 1
1 23 46 2
1 2 86 3
1 12 73 2
1 3 19 1
1 11 8 3
1 4 8 2
1 8 61 1
1 3 47 2
1 3 80 1
1 1 1 2
1 6 34 3
1 2 88 2
1 1 8 1
1 5 79 1
1 7 70 1
1 3 54 2
1 17 7 1
1 21 84 2
1 18 99 3
1 6 2 2
1 18 57 1
1 14 10 1
1 2 71 1
1 15 85 2
1 2 98 2
1 4 15 1
1 2 17 3
1 2 92 2
1 8 14 3
1 4 19 3
1 18 41 3
1 6 78 2
1 9 99 2
1 2 77 3
1 1 51 2
1 3 10 3
1 3 38 2
1 3 47 3
1 4 42 2
1 5 50 2
1 4 34 1
1 13 24 1
1 16 63 2
0 9472 18263 6970 3540 8048 11996 14227 15967 5487 14947 11373 14543 10088 1168 9299 22060 14052 11487 7184 12724 3651 10397 13904 15682 8194 13973 8811 11999 15470 11634 16556 3944 17930 8870 12899 1447 11721 21536 7999 7881 20975 18009 15231 18491 15640 9197 5066 17198 16427 11158 12327 15456 8706 17133 11406 16863 20706 9155 16441 5299 12205 20750 11537 8505 7980 4437 1036 3375 12098 13611 13513 4540 6448 10248 14163 18113 17595 15582 2715 7097 8253 6838 18317 8894 6781 5827 16728 17600 9915 16908 18702 11468 19777 16479 17162 4391 9628 14172 13583 21985
9472 0 11545 5317 7524 6621 6709 8149 13996 4379 10275 7193 9634 5831 10062 2924 13282 9876 6153 10879 10219 8934 3713 7996 8841 2636 9335 2923 2699 8096 7373 7177 9882 9264 5089 4423 10595 2250 13464 6302 1855 12673 9851 9996 12515 14867 657 4889 8388 7144 6311 5437 10065 8784 8813 5417 11529 11256 4948 7403 6290 4578 13016 6713 979 10373 5220 9171 12288 12199 9992 4264 7157 3267 1490 5089 9466 13912 7366 8709 4182 7560 4817 12907 6123 6084 3778 8094 8233 6702 7669 13200 2025 11545 8367 11689 6923 4168 4741 4337 13463
18263 11545 0 16766 14855 10450 17492 18058 8431 15111 4356 7053 4330 17166 18185 14353 6814 5298 17057 14387 7538 15519 8392 18070 17867 14170 4911 14442 11526 16791 18430 11545 16081 5169 16602 7293 19695 10569 4492 10408 11770 4715 3601 20031 1688 10351 11200 13449 14388 7880 17375 15667 19981 10959 4269 16222 2800 10436 16425 13257 13002 14578 3271 17695 12183 13103 15466 18526 19584 10770 6062 8554 13890 12647 10057 12437 5091 5902 4801 18865 11303 10638 16228 2792 9456 17509 14361 5298 8472 18126 12539 2765 10329 3987 15889 2518 17707 8825 10783 11755 5930
6970 5317 16766 0 7288 9390 5026 7257 17873 2531 14937 11426 14339 3121 8011 3201 18420 14345 4521 11861 14067 8612 8509 6934 8737 2724 13931 2817 6748 8612 4748 10930 9471 14498 1912 9740 7469 7069 18764 9127 5139 17948 15161 8336 17611 18306 5576 5474 10839 12073 4190 5545 8545 11263 14115 4515 16441 15651 2221 10322 7368 5691 18333 4578 4585 11950 3265 6168 10336 15088 14263 9372 7640 4902 6763 8279 14703 18403 12683 4886 6799 10179 563 17878 9492 772 3075 13354 12988 3106 10999 18201 7061 16837 9791 16643 2727 8466 8899 7984 18686
3540 7524 14855 7288 0 4521 11965 14066 12551 4915 11420 7884 11031 10192 3332 8436 19087 10517 11385 4644 9205 1454 7389 13789 15282 7250 10455 7990 10220 14831 11943 14666 2407 14986 8908 10098 4982 9661 18329 4493 5692 17841 14890 15448 15004 12384 7060 2642 15836 13885 11197 11717 15625 5265 14085 11051 13349 18341 9095 14906 1868 11288 17474 11629 6681 5012 4024 4117 5066 8870 10071 11050 1001 4261 7857 12583 15156 14071 12553 5228 4075 4720 6906 14796 5416 7478 4765 13805 15123 10380 15192 15183 9320 16643 15517 13654 5634 6481 12212 11859 18909
8048 6621 10450 9390 4521 0 12901 14631 8605 6928 6900 3406 6514 11519 7806 8915 15296 6008 12306 4880 4933 5069 4284 14437 15444 7937 5935 8632 8996 14717 13279 12773 5672 11342 10374 7032 9494 8063 14193 318 5074 13823 10951 16366 10502 8916 5968 4130 14647 10983 12310 11959 16473 2164 10292 11707 8830 15514 10417 13530 2800 11178 13243 12750 6274 4000 6648 8515 9141 5784 5605 8528 3523 4550 6037 11354 11486 9706 8854 9297 2697 939 8855 10275 1092 9897 6316 10241 12258 12080 13525 10662 7630 12642 14911 9137 8911 3212 10425 10490 14965
11996 6709 17492 5026 11965 12901 0 2238 20700 7061 16888 13901 16236 1912 13032 3991 17197 16553 599 16313 16909 13373 10399 1909 3807 5002 15983 4278 5970 3955 1158 8327 14281 13863 3144 10245 12434 6939 18286 12594 7853 17318 14970 3518 18709 21513 7321 9691 7072 10868 845 1974 3672 15007 13910 1309 17965 13207 2898 7043 11584 3006 18189 573 6706 16162 8042 11176 15362 18661 16695 9002 12105 8502 8014 5866 14063 20554 12799 9791 10217 13809 5215 19260 12630 5297 7241 12933 11351 2418 7961 19514 7225 16385 5474 18082 7687 10860 7266 6151 17753
14227 8149 18058 7257 14066 14631 2238 0 22053 9197 17968 15254 17310 4149 15254 5795 16894 17739 2745 18309 18325 15491 11689 353 1678 6923 17122 6172 6710 2234 2934 7745 16413 13948 5361 11026 14671 7797 18303 14317 9559 17290 15214 1979 19403 23004 8799 11697 5823 10838 3082 2715 1970 16774 14189 3027 18851 12415 5093 6157 13554 3691 18360 2745 8358 18076 10205 13413 17589 20321 17963 9513 14140 10395 9262 5748 14137 21643 13269 12025 11994 15558 7422 20061 14246 7533 9308 13158 11074 4566 7140 20281 8162 16466 3924 18931 9924 12296 7364 6321 17574
15967 13996 8431 17873 12551 8605 20700 22053 0 15484 4855 6808 5402 19622 15360 16788 15237 4580 20135 9520 3827 12386 10365 21935 22469 16027 5294 16623 15518 21542 21292 17676 12453 12792 18606 11628 17343 14411 12847 8824 13032 13145 11462 23956 7099 1952 13379 12734 20267 14470 20253 19349 24005 7286 11601 19413 5645 18182 18583 19056 11217 18374 11596 20671 14062 8318 15252 16660 15780 4233 4153 13483 11612 12971 12792 17409 12802 3008 11064 17705 11075 8002 17321 6041 8381 18434 14827 12310 15496 20326 18643 6328 13999 12354 21208 5913 17507 9842 15956 16540 14357
5487 4379 15111 2531 4915 6928 7061 9197 15484 0 12845 9234 12280 5278 6326 3835 17606 12176 6487 9395 11708 6312 6719 8908 10495 2708 11827 3351 6646 10152 7037 11174 7222 13535 3995 8526 6406 6558 17587 6680 3373 16863 13961 10534 15786 15837 4334 2944 11711 11523 6284 6996 10713 8747 12964 6213 14476 15553 4181 10966 4839 6758 17016 6715 3419 9432 1068 4976 8676 12578 12022 8638 5159 2610 5547 8707 13734 16194 11450 4334 4439 7686 2057 15939 7130 2971 751 12343 12598 5525 11465 16282 6392 15702 11047 14706 2637 6440 8860 8174 17724
14947 10275 4356 14937 11420 6900 16888 17968 4855 12845 0 3678 658 16101 14679 13193 10835 994 16364 10221 3187 11830 6581 17895 18182 12664 1022 13134 11277 17194 17634 12932 12262 7996 15260 7098 16394 10177 8799 6955 9808 8856 6762 19924 3786 6565 9743 10589 15602 9634 16566 15326 19938 6894 6789 15579 1986 13354 15167 14394 9669 14286 7609 16953 10600 8914 12930 15381 15799 6431 1720 8895 10421 10238 8883 12923 8023 3676 6213 16016 8529 6833 14374 3384 6109 15605 12111 7460 10643 16935 13915 3775 9805 7899 16691 2321 15254 6471 11384 12085 10097
11373 7193 7053 11426 7884 3406 13901 15254 6808 9234 3678 0 3195 12890 11196 10021 12305 2943 13341 7621 3099 8470 3570 15130 15725 9335 2662 9887 8801 14832 14525 11578 9031 8586 11938 5365 12819 7707 10943 3393 6374 10667 7918 17150 7121 7825 6586 6911 13921 8988 13476 12546 17201 4173 7430 12610 5510 13349 11885 12724 6074 11582 9934 13888 7317 6430 9267 11753 12530 5834 2854 7194 6898 6624 5994 10853 8697 6979 6177 12343 4863 3620 10863 6979 2480 12063 8512 7621 10212 13647 12474 7356 7281 9518 14637 5799 11593 3069 9543 9966 11853
14543 9634 4330 14339 11031 6514 16236 17310 5402 12280 658 3195 0 15461 14316 12554 10582 1051 15713 10086 3280 11508 5947 17238 17527 12040 602 12501 10619 16540 16987 12322 11981 7565 14632 6449 15990 9519 8678 6544 9204 8658 6405 19267 4017 7043 9108 10088 14976 9068 15919 14669 19280 6696 6347 14927 2321 12880 14534 13767 9249 13628 7522 16304 9974 8792 12394 14944 15514 6610 1819 8253 10035 9677 8234 12275 7605 4333 5673 15532 8003 6524 13776 3785 5664 15014 11542 6963 10105 16302 13302 4164 9148 7649 16047 2623 14716 5877 10743 11435 9897
10088 5831 17166 3121 10192 11519 1912 4149 19622 5278 16101 12890 15461 0 11131 2908 17621 15668 1456 14634 15800 11576 9523 3820 5684 3611 15149 3003 5904 5696 1786 9185 12469 14016 1286 9876 10526 6671 18428 11223 6601 17511 14965 5267 18254 20300 6362 8040 8430 11194 1070 2938 5460 13566 13895 1773 17345 14081 1125 8174 9957 3562 18202 1464 5573 14566 6214 9265 13456 17303 15731 8935 10402 7006 7274 6546 14221 19722 12641 7889 8822 12396 3345 18704 11370 3394 5550 12987 11865 1038 9005 18986 6856 16499 7067 17495 5776 9820 7658 6575 18068
1168 10062 18185 8011 3332 7806 13032 15254 15360 6326 14679 11196 14316 11131 0 10162 22304 13752 12509 6292 12277 2980 10593 14937 16677 9023 13733 9677 12665 16422 12714 17214 3036 18184 9893 13208 2072 12301 21634 7803 8372 21122 18163 16313 18307 14914 9726 5389 18001 16860 12199 13268 16533 8180 17328 12387 16628 21219 10166 17198 5196 13084 20795 12588 9118 7203 5259 2199 2356 11379 13261 13965 4300 6904 10703 14898 18360 17144 15785 3882 7255 7880 7838 18062 8738 7870 6568 16990 18062 11004 17618 18452 12017 19922 17371 16938 5504 9743 14798 14274 22169
9299 2924 14353 3201 8436 8915 3991 5795 16788 3835 13193 10021 12554 2908 10162 0 15362 12771 3401 12533 12977 9886 6619 5568 6867 1187 12245 487 3583 6398 4505 7752 10831 11547 2272 7096 10108 4065 15902 8607 3862 15034 12356 7456 15391 17544 3460 5951 7930 8962 3468 3287 7572 11033 11291 2802 14446 12450 2072 7276 7774 2925 15578 3892 2734 12280 4903 8702 12511 14670 12852 6395 8408 4600 4379 5130 11753 16820 9951 7738 6241 9828 2906 15815 8644 3931 3710 10450 9824 3794 7882 16102 4156 13966 7214 14601 5626 6956 5702 4787 15696
22060 13282 6814 18420 19087 15296 17197 16894 15237 17606 10835 12305 10582 17621 22304 15362 0 11632 16957 19913 13842 20106 11712 17038 16085 15711 11055 15652 11814 15008 18320 9171 20858 4131 17545 9187 23381 11351 2827 15138 14383 2134 4387 18679 8312 17143 13273 16995 11654 6433 17410 15224 18534 16478 5021 16158 9593 5396 17266 10883 17260 14243 3935 17589 14205 18735 18309 22029 24130 17188 12400 9058 18258 15697 12069 11339 3948 12672 6535 21871 15050 15799 17982 9460 14205 19189 16933 5335 5854 18658 9916 9308 11375 2937 13592 9327 20198 12611 9982 11089 1145
14052 9876 5298 14345 10517 6008 16553 17739 4580 12176 994 2943 1051 15668 13752 12771 11632 0 16013 9227 2250 10882 6163 17647 18043 12169 722 12679 11098 17084 17250 13097 11294 8581 14774 7073 15497 9990 9697 6085 9252 9700 7449 19678 4780 6107 9311 9810 15693 9948 16188 15065 19705 5907 7360 15247 2972 13861 14700 14481 8796 14048 8526 16586 10119 7920 12200 14515 14830 5563 775 8918 9516 9566 8543 12884 8627 4071 6604 15204 7798 5885 13782 4335 5280 14992 11453 7934 11024 16468 14064 4729 9597 8698 16676 3311 14526 5908 11399 12025 10940
11487 6153 17057 4521 11385 12306 599 2745 20135 6487 16364 13341 15713 1456 12509 3401 16957 16013 0 15719 16339 12797 9854 2436 4234 4403 15450 3680 5559 4253 1394 8210 13709 13541 2617 9789 11964 6490 17967 11999 7263 17012 14608 4115 18248 20933 6757 9096 7158 10587 522 1794 4265 14410 13544 840 17471 13110 2349 7026 10987 2714 17836 648 6122 15564 7479 10686 14846 18068 16144 8610 11514 7903 7483 5670 13742 20024 12396 9336 9621 13212 4677 18780 12043 4843 6653 12583 11128 2166 7913 19039 6757 16057 5678 17595 7211 10294 6988 5875 17482
7184 10879 14387 11861 4644 4880 16313 18309 9520 9395 10221 7621 10086 14634 6292 12533 19913 9227 15719 0 7209 3642 9147 18060 19374 11387 9490 12138 13480 18791 16411 17530 3259 16082 13365 11912 8365 12661 18519 5134 9079 18283 15528 19829 14005 8779 10277 6623 19205 15862 15591 15794 19984 3462 14976 15284 12186 20392 13515 18143 4759 15194 17458 16032 10265 1315 8607 8101 6284 5327 8543 13370 4237 7959 10644 15887 16211 11782 13607 9554 6710 4173 11439 13457 5916 12101 9088 15024 17137 14918 18229 13850 12248 17138 19231 12529 10262 8072 15129 15059 19473
12724 10219 7538 14067 9205 4933 16909 18325 3827 11708 3187 3099 3280 15800 12277 12977 13842 2250 16339 7209 0 9321 6661 18193 18822 12202 2788 12803 11900 17931 17479 14508 9598 10622 14779 8308 14149 10805 11947 5115 9207 11937 9595 20206 6886 4727 9592 9036 16944 11639 16445 15613 20265 4132 9403 15630 5057 15773 14758 15740 7674 14664 10776 16865 10247 5895 11538 13308 13103 3353 1478 10168 8219 9168 9077 13928 10687 4872 8464 14202 7279 4493 13512 6258 4581 14643 11037 9863 12793 16499 15434 6650 10379 10915 17719 5404 13826 6052 12574 13044 13175
3651 8934 15519 8612 1454 5069 13373 15491 12386 6312 11830 8470 11508 11576 2980 9886 20106 10882 12797 3642 9321 0 8492 15210 16725 8699 10914 9437 11633 16282 13311 16046 956 16041 10290 11262 4969 11038 19192 5129 7089 18763 15839 16840 15521 11995 8447 4076 17271 15116 12594 13164 17023 5208 15086 12483 13799 19606 10490 16329 2906 12741 18279 13022 8112 4334 5370 4498 4082 8454 10355 12325 1899 5683 9184 14008 16204 14180 13577 5912 5271 4998 8261 15212 6092 8740 6203 14878 16368 11716 16594 15604 10684 17570 16969 14119 6724 7516 13590 13270 19866
10397 3713 8392 8509 7389 4284 10399 11689 10365 6719 6581 3570 5947 9523 10593 6619 11712 6163 9854 9147 6661 8492 0 11571 12163 6102 5626 6554 5269 11286 11086 8555 9314 7600 8687 2812 11760 4197 11173 4015 3403 10581 7615 13595 9116 11376 3163 5347 10631 6756 10024 8985 13641 6229 6742 9097 7948 11293 8587 9466 5598 8013 10464 10423 4036 8273 7105 10465 12450 9058 6301 4249 6606 4293 2427 7437 7773 10202 5195 10584 3338 5115 7954 9374 3350 9222 5969 6416 8030 10355 9359 9693 3761 9384 11174 8140 9318 1075 6294 6549 11592
13904 7996 18070 6934 13789 14437 1909 353 21935 8908 17895 15130 17238 3820 14937 5568 17038 17647 2436 18060 18193 15210 11571 0 2028 6679 17038 5930 6663 2528 2580 7910 16128 14030 5045 10992 14336 7738 18401 14123 9363 17394 15274 2031 19396 22861 8641 11442 6077 10932 2751 2587 2072 16574 14241 2778 18812 12624 4784 6359 13309 3610 18435 2402 8168 17845 9909 13084 17269 20144 17857 9518 13880 10163 9146 5828 14222 21571 13290 11687 11788 15360 7111 20037 14073 7197 9037 13217 11205 4216 7338 20263 8093 16552 4210 18898 9592 12154 7423 6362 17701
15682 8841 17867 8737 15282 15444 3807 1678 22469 10495 18182 15725 17527 5684 16677 6867 16085 18043 4234 19374 18822 16725 12163 2028 0 8044 17394 7296 6954 1099 4604 6933 17661 13452 6825 11114 16195 8062 17705 15127 10426 16670 14816 2690 19298 23538 9498 12818 4607 10324 4642 3584 2495 17606 13831 4295 18901 11331 6529 5204 14619 4267 17871 4352 9211 19049 11534 14905 19025 21026 18334 9444 15275 11416 9765 5433 13631 21837 13070 13570 12883 16381 8845 20034 14959 9077 10522 12778 10373 6198 6179 20226 8470 15932 2604 18951 11442 12880 7086 6173 16844
8194 2636 14170 2724 7250 7937 5002 6923 16027 2708 12664 9335 12040 3611 9023 1187 15711 12169 4403 11387 12202 8699 6102 6679 8044 0 11687 752 4176 7586 5347 8594 9644 11774 2605 7047 9068 4371 16044 7635 2996 15224 12447 8510 15099 16689 2994 4784 9004 9398 4375 4469 8644 10019 11398 3901 14037 13149 2556 8279 6632 4092 15631 4817 2067 11175 3768 7648 11366 13717 12187 6656 7238 3502 4115 6051 11979 16238 9979 6801 5241 8830 2271 15443 7760 3496 2527 10630 10361 4312 8817 15749 4341 14116 8376 14215 4767 6274 6386 5589 15964
13973 9335 4911 13931 10455 5935 15983 17122 5294 11827 1022 2662 602 15149 13733 12245 11055 722 15450 9490 2788 10914 5626 17038 17394 11687 0 12172 10459 16425 16705 12382 11382 7905 14287 6384 15420 9352 9219 5975 8810 9165 6818 19069 4616 6827 8787 9572 14987 9227 15639 14460 19090 6094 6684 14675 2895 13160 14201 13776 8685 13433 8079 16031 9626 8199 11908 14389 14915 6138 1389 8221 9458 9218 7969 12204 7958 4578 5891 15004 7507 5927 13369 4344 5110 14596 11093 7232 10307 15970 13350 4729 8967 8130 15992 3207 14232 5467 10706 11349 10401
8811 2923 14442 2817 7990 8632 4278 6172 16623 3351 13134 9887 12501 3003 9677 487 15652 12679 3680 12138 12803 9437 6554 5930 7296 752 12172 0 3930 6857 4688 8189 10380 11791 2167 7227 9624 4313 16118 8327 3624 15267 12550 7776 15437 17331 3395 5536 8415 9275 3686 3727 7905 10729 11490 3153 14441 12851 2035 7749 7382 3408 15761 4123 2570 11918 4418 8217 12027 14403 12731 6640 7989 4239 4408 5583 11997 16739 10118 7267 5942 9534 2479 15827 8410 3568 3247 10675 10173 3801 8342 16122 4360 14184 7697 14606 5166 6818 6090 5208 15958
11999 2699 11526 6748 10220 8996 5970 6710 15518 6646 11277 8801 10619 5904 12665 3583 11814 11098 5559 13480 11900 11633 5269 6663 6954 4176 10459 3930 0 6033 6947 4557 12581 8114 5731 4334 13032 1109 12524 8682 4550 11610 9082 8681 12778 16626 3229 7582 5728 5392 5917 4160 8678 11134 8014 4719 12149 8974 5455 4709 8968 3077 12318 6204 3569 12887 7616 11600 14928 14285 11381 3058 9851 5960 2982 2411 8319 14948 6837 10922 6773 9925 6383 13385 8322 7497 6184 7086 6244 6931 4981 13619 1522 10595 5947 12237 8936 6095 2220 1638 12199
15470 8096 16791 8612 14831 14717 3955 2234 21542 10152 17194 14832 16540 5696 16422 6398 15008 17084 4253 18791 17931 16282 11286 2528 1099 7586 16425 6857 6033 0 4935 5846 17229 12354 6715 10108 16076 7135 16608 14398 9762 15573 13721 3699 18234 22655 8749 12305 3635 9225 4728 3157 3533 16880 12739 4096 17869 10319 6393 4136 14054 3597 16773 4527 8552 18405 11210 14745 18777 20225 17397 8405 14759 10841 8917 4369 12532 20838 11997 13492 12212 15656 8650 18984 14179 9034 10104 11685 9279 6366 5117 19170 7554 14833 1692 17911 11338 12048 6017 5138 15756
11634 7373 18430 4748 11943 13279 1158 2934 21292 7037 17634 14525 16987 1786 12714 4505 18320 17250 1394 16411 17479 13311 11086 2580 4604 5347 16705 4688 6947 4935 0 9484 14191 14932 3046 11151 11946 7861 19358 12980 8312 18400 16002 3599 19601 22019 7949 9825 8191 11967 1071 3104 3822 15339 14938 2232 18789 14365 2911 8195 11742 4090 19231 747 7232 16352 7941 10757 15009 19061 17349 10001 12177 8782 8755 7004 15134 21282 13783 9280 10582 14163 5052 20113 13097 4854 7332 13977 12481 1732 9117 20378 8113 17449 6525 18921 7256 11461 8366 7251 18860
16556 7177 11545 10930 14666 12773 8327 7745 17676 11174 12932 11578 12322 9185 17214 7752 9171 13097 8210 17530 14508 16046 8555 7910 6933 8594 12382 8189 4557 5846 9484 0 16981 6701 9511 6216 17575 5008 10810 12480 8977 9765 8182 9508 13124 19119 7606 12051 2846 3671 8712 6417 9365 14782 7305 7502 13130 4904 9178 1787 13272 5623 11067 8796 8100 16770 12163 16142 19462 17397 13599 4393 14209 10432 6933 2676 6861 16363 6960 15394 10953 13646 10658 14023 11900 11623 10737 6254 3459 10188 1002 14142 5371 9098 4542 13096 13342 9592 2456 3007 9911
3944 9882 16081 9471 2407 5672 14281 16413 12453 7222 12262 9031 11981 12469 3036 10831 20858 11294 13709 3259 9598 956 9314 16128 17661 9644 11382 10380 12581 17229 14191 16981 0 16818 11184 12104 5107 11973 19859 5774 8034 19464 16559 17736 15997 11914 9388 5031 18226 15983 13495 14106 17923 5468 15836 13410 14244 20486 11392 17279 3775 13693 18916 13921 9065 4197 6255 4898 3536 8392 10723 13216 2789 6636 10101 14959 16976 14414 14343 6437 6152 5462 9140 15629 6734 9561 7140 15667 17241 12577 17538 16023 11614 18275 17924 14571 7460 8312 14524 14218 20585
17930 9264 5169 14498 14986 11342 13863 13948 12792 13535 7996 8586 7565 14016 18184 11547 4131 8581 13541 16082 10622 16041 7600 14030 13452 11774 7905 11791 8114 12354 14932 6701 16818 0 13788 5063 19251 7484 4426 11161 10274 3496 1576 15859 6848 14560 9204 12865 9523 3129 13951 11909 15761 12707 1221 12711 7400 5414 13534 8481 13174 10858 4422 14187 10158 14963 14207 17901 20041 13947 9294 5154 14177 11570 7988 8203 206 10750 2489 17771 10935 11920 14034 7898 10254 15270 12848 1205 3378 15045 7653 7921 7443 2527 11216 7251 16146 8528 6632 7733 4200
8870 5089 16602 1912 8908 10374 3144 5361 18606 3995 15260 11938 14632 1286 9893 2272 17545 14774 2617 13365 14779 10290 8687 5045 6825 2605 14287 2167 5731 6715 3046 9511 11184 13788 0 9362 9379 6318 18159 10085 5579 17280 14623 6552 17604 19214 5542 6790 9119 11120 2325 3703 6742 12387 13558 2624 16598 14348 347 8709 8710 4015 17848 2741 4661 13323 4929 8080 12229 16153 14791 8642 9130 5833 6575 6835 13994 18842 12223 6778 7687 11234 2072 17989 10290 2341 4293 12704 11907 1721 9461 18286 6426 16223 7950 16767 4629 8879 7713 6695 17916
12899 4423 7293 9740 10098 7032 10245 11026 11628 8526 7098 5365 6449 9876 13208 7096 9187 7073 9789 11912 8308 11262 2812 10992 11114 7047 6384 7227 4334 10108 11151 6216 12104 5063 9362 0 14202 3306 9079 6782 5221 8337 5453 13002 8464 12965 4238 7845 8659 3954 10091 8491 12988 8840 4440 8958 7826 8490 9166 7449 8358 7411 8594 10421 5225 10976 9157 12843 15162 11194 7490 1865 9367 6510 3012 5827 5254 10730 2951 12719 6024 7805 9235 9050 6026 10506 7821 3858 5230 10845 7128 9287 3039 7179 9609 7906 11156 3871 4328 4987 9218
1447 10595 19695 7469 4982 9494 12434 14671 17343 6406 16394 12819 15990 10526 2072 10108 23381 15497 11964 8365 14149 4969 11760 14336 16195 9068 15420 9624 13032 16076 11946 17575 5107 19251 9379 14202 0 12839 22920 9446 9100 22340 19375 15510 19936 16955 10375 6414 18038 17642 11589 12973 15752 10105 18482 11981 18310 21851 9689 17347 6745 12960 22151 11939 9618 9255 5417 1433 3445 13415 15052 14724 5983 7706 11472 15107 19436 19021 16930 2669 8488 9687 7442 19764 10339 7139 6857 18046 18791 10214 17869 20149 12613 21144 17189 18609 4754 11023 15233 14578 23334
11721 2250 10569 7069 9661 8063 6939 7797 14411 6558 10177 7707 9519 6671 12301 4065 11351 9990 6490 12661 10805 11038 4197 7738 8062 4371 9352 4313 1109 7135 7861 5008 11973 7484 6318 3306 12839 0 11841 7753 3980 10969 8317 9762 11770 15531 2606 7056 6585 5035 6808 5203 9767 10177 7249 5656 11085 9016 6078 5488 8278 4134 11550 7126 3222 12004 7446 11412 14506 13241 10272 2330 9205 5446 2030 3297 7690 13850 5971 10890 5995 8981 6641 12344 7332 7837 6000 6387 6051 7672 5599 12587 440 9905 6981 11183 9012 5068 2552 2427 11644
21536 13464 4492 18764 18329 14193 18286 18303 12847 17587 8799 10943 8678 18428 21634 15902 2827 9697 17967 18519 11947 19192 11173 18401 17705 16044 9219 16118 12524 16608 19358 10810 19859 4426 18159 9079 22920 11841 0 14086 14239 1056 3627 20185 5772 14786 13316 16514 13519 7471 18377 16328 20072 15058 4651 17137 7275 7865 17915 12592 16464 15281 1252 18613 14300 17275 18155 21638 23270 15230 10471 9520 17426 15403 12090 12577 4225 10127 6138 21696 14440 14552 18277 6893 13125 19534 16869 5455 7351 19454 11683 6691 11758 1935 15348 6971 20222 11911 11040 12147 1705
7999 6302 10408 9127 4493 318 12594 14317 8824 6680 6955 3393 6544 11223 7803 8607 15138 6085 11999 5134 5115 5129 4015 14123 15127 7635 5975 8327 8682 14398 12980 12480 5774 11161 10085 6782 9446 7753 14086 0 4761 13696 10807 16056 10511 9181 5650 3923 14338 10735 12008 11643 16161 2482 10126 11396 8864 15270 10123 13225 2714 10860 13155 12447 5959 4290 6433 8431 9209 6082 5717 8251 3504 4269 5726 11043 11307 9846 8672 9162 2401 1258 8588 10319 964 9646 6055 10048 12011 11793 13227 10703 7322 12510 14595 9165 8712 2940 10126 10180 14827
7881 1855 11770 5139 5692 5074 7853 9559 13032 3373 9808 6374 9204 6601 8372 3862 14383 9252 7263 9079 9207 7089 3403 9363 10426 2996 8810 3624 4550 9762 8312 8977 8034 10274 5579 5221 9100 3980 14239 4761 0 13540 10616 11297 12517 13707 1374 3077 10240 8548 7305 6901 11400 7215 9638 6638 11305 12849 5551 9257 4442 6178 13647 7738 1216 8643 3937 7704 10541 10810 9228 5633 5302 1474 2372 6944 10468 13322 8109 7499 2456 5999 4579 12748 4788 5834 2637 9072 9719 7297 9505 13075 3662 12368 10154 11512 6006 3346 6524 6185 14438
20975 12673 4715 17948 17841 13823 17318 17290 13145 16863 8856 10667 8658 17511 21122 15034 2134 9700 17012 18283 11937 18763 10581 17394 16670 15224 9165 15267 11610 15573 18400 9765 19464 3496 17280 8337 22340 10969 1056 13696 13540 0 2966 19162 6181 15063 12561 15926 12465 6472 17430 15355 19046 14825 3902 16186 7509 6861 17028 11545 15985 14316 1853 17656 13535 17065 17471 21034 22829 15263 10474 8640 16962 14752 11334 11576 3291 10545 5439 21026 13888 14243 17472 7328 12741 18720 16156 4595 6306 18540 10632 7174 10910 1199 14301 7232 19492 11379 10059 11170 1241
18009 9851 3601 15161 14890 10951 14970 15214 11462 13961 6762 7918 6405 14965 18163 12356 4387 7449 14608 15528 9595 15839 7615 15274 14816 12447 6818 12550 9082 13721 16002 8182 16559 1576 14623 5453 19375 8317 3627 10807 10616 2966 0 17152 5285 13282 9691 12961 11021 4535 14990 13046 17069 12091 1069 13770 5951 6884 14393 9946 13039 11972 3237 15256 10677 14348 14539 18071 19894 12946 8197 6032 14022 11802 8465 9474 1491 9282 2511 18087 10924 11425 14667 6353 9862 15930 13244 2057 4936 15979 9152 6360 8201 1769 12656 5775 16595 8419 7852 8921 4028
15231 9996 20031 8336 15448 16366 3518 1979 23956 10534 19924 17150 19267 5267 16313 7456 18679 19678 4115 19829 20206 16840 13595 2031 2690 8510 19069 7776 8681 3699 3599 9508 17736 15859 6552 13002 15510 9762 20185 16056 11297 19162 17152 0 21381 24862 10636 13207 7294 12737 4251 4615 292 18488 16134 4660 20827 14010 6353 7829 15102 5639 20277 3819 10118 19678 11481 14346 18605 22101 19885 11490 15614 12011 11170 7678 16045 23601 15238 12842 13696 17282 8607 22040 16042 8450 10749 15097 12903 5318 8813 22260 10121 18368 5294 20908 10848 14161 9310 8284 19400
18491 12515 1688 17611 15004 10502 18709 19403 7099 15786 3786 7121 4017 18254 18307 15391 8312 4780 18248 14005 6886 15521 9116 19396 19298 15099 4616 15437 12778 18234 19601 13124 15997 6848 17604 8464 19936 11770 5772 10511 12517 6181 5285 21381 0 9047 12106 13867 15959 9477 18537 16938 21345 10674 5905 17420 1829 12122 17451 14810 13192 15852 4521 18877 13064 12696 16038 18843 19530 9914 5471 9895 14014 13242 11029 13867 6775 4368 6255 19324 11733 10541 17060 1150 9598 18333 15035 6909 10124 19184 14123 1078 11492 5590 17402 1483 18328 9370 12218 13145 7348
15640 14867 10351 18306 12384 8916 21513 23004 1952 15837 6565 7825 7043 20300 14914 17544 17143 6107 20933 8779 4727 11995 11376 22861 23538 16689 6827 17331 16626 22655 22019 19119 11914 14560 19214 12965 16955 15531 14786 9181 13707 15063 13282 24862 9047 0 14227 12971 21622 16053 21006 20290 24931 7221 13354 20251 7554 19915 19225 20414 11283 19360 13536 21435 14812 7718 15478 16420 15050 3542 5529 14830 11514 13441 13781 18646 14582 4918 12704 17608 11548 8165 17769 7992 8930 18808 15232 14005 17130 20932 20065 8278 15105 14244 22440 7834 17650 10708 17266 17763 16281
9197 657 11200 5576 7060 5968 7321 8799 13379 4334 9743 6586 9108 6362 9726 3460 13273 9311 6757 10277 9592 8447 3163 8641 9498 2994 8787 3395 3229 8749 7949 7606 9388 9204 5542 4238 10375 2606 13316 5650 1374 12561 9691 10636 12106 14227 0 4451 8951 7276 6894 6089 10709 8132 8673 6038 11057 11511 5430 7936 5741 5235 12812 7303 996 9744 5077 8962 11910 11542 9401 4361 6637 2843 1227 5638 9404 13361 7186 8619 3569 6907 5048 12455 5466 6329 3668 8016 8417 7196 8151 12758 2293 11412 8993 11229 6942 3540 5152 4851 13398
5066 4889 13449 5474 2642 4130 9691 11697 12734 2944 10589 6911 10088 8040 5389 5951 16995 9810 9096 6623 9036 4076 5347 11442 12818 4784 9572 5536 7582 12305 9825 12051 5031 12865 6790 7845 6414 7056 16514 3923 3077 15926 12961 13207 13867 12971 4451 0 13196 11474 8977 9235 13361 5822 12071 8670 12377 15861 6917 12264 1921 8730 15770 9419 4039 6534 2519 5130 7485 9657 9541 8588 2458 1623 5338 9941 13047 13709 10520 5458 2146 4806 4984 13853 4555 5885 2497 11664 12683 8408 12558 14220 6733 14730 12919 12645 4790 4655 9600 9220 16924
17198 8388 14388 10839 15836 14647 7072 5823 20267 11711 15602 13921 14976 8430 18001 7930 11654 15693 7158 19205 16944 17271 10631 6077 4607 9004 14987 8415 5728 3635 8191 2846 18226 9523 9119 8659 18038 6585 13519 14338 10240 12465 11021 7294 15959 21622 8951 13196 0 6517 7679 5495 7101 16750 10150 6658 15909 6733 8772 1212 14678 5148 13849 7621 9161 18585 12766 16631 20327 19660 16144 6795 15536 11592 8614 3319 9676 19101 9761 15629 12501 15562 10706 16842 13888 11425 11436 9100 6208 9311 1870 16969 7016 11871 2006 15890 13482 11591 4378 4160 12494
16427 7144 7880 12073 13885 10983 10868 10838 14470 11523 9634 8988 9068 11194 16860 8962 6433 9948 10587 15862 11639 15116 6756 10932 10324 9398 9227 9275 5392 9225 11967 3671 15983 3129 11120 3954 17642 5035 7471 10735 8548 6472 4535 12737 9477 16053 7276 11474 6517 0 11024 8898 12636 12737 3634 9773 9599 4537 10837 5417 12214 7877 7551 11227 8112 14905 12341 16236 18920 14772 10542 2918 13217 9983 6179 5107 3311 12896 3450 15853 9846 11738 11664 10407 9963 12835 10910 2584 1276 12232 4660 10508 5138 5630 8121 9536 14032 7822 3603 4718 6895
11158 6311 17375 4190 11197 12310 845 3082 20253 6284 16566 13476 15919 1070 12199 3468 17410 16188 522 15591 16445 12594 10024 2751 4642 4375 15639 3686 5917 4728 1071 8712 13495 13951 2325 10091 11589 6808 18377 12008 7305 17430 14990 4251 18537 21006 6894 8977 7679 11024 0 2300 4429 14392 13924 1253 17719 13613 2104 7545 10883 3173 18223 444 6201 15478 7246 10334 14526 18087 16295 8975 11369 7853 7686 6151 14153 20216 12747 8946 9616 13206 4397 19044 12093 4453 6505 12975 11592 1655 8428 19310 7052 16461 6183 17851 6842 10415 7432 6322 17920
12327 5437 15667 5545 11717 11959 1974 2715 19349 6996 15326 12546 14669 2938 13268 3287 15224 15065 1794 15794 15613 13164 8985 2587 3584 4469 14460 3727 4160 3157 3104 6417 14106 11909 3703 8491 12973 5203 16328 11643 6901 15355 13046 4615 16938 20290 6089 9235 5495 8898 2300 0 4656 14111 11991 1165 16287 11316 3363 5265 11037 1089 16255 2389 5690 15490 8053 11623 15624 17622 15271 7130 11693 7838 6559 3900 12108 19002 10930 10428 9352 12891 5532 17540 11545 6043 6969 11001 9380 3857 6132 17778 5538 14434 4250 16385 8264 9582 5297 4184 15781
15456 10065 19981 8545 15625 16473 3672 1970 24005 10713 19938 17201 19280 5460 16533 7572 18534 19705 4265 19984 20265 17023 13641 2072 2495 8644 19090 7905 8678 3533 3822 9365 17923 15761 6742 12988 15752 9767 20072 16161 11400 19046 17069 292 21345 24931 10709 13361 7101 12636 4429 4656 0 18601 16057 4771 20814 13826 6533 7669 15251 5658 20181 4003 10215 19818 11671 14578 18831 22196 19923 11450 15776 12144 11215 7598 15945 23613 15184 13083 13811 17392 8804 22016 16131 8676 10913 15016 12774 5548 8650 22232 10132 18264 5096 20891 11077 14225 9238 8227 19266
8706 8784 10959 11263 5265 2164 15007 16774 7286 8747 6894 4173 6696 13566 8180 11033 16478 5907 14410 3462 4132 5208 6229 16574 17606 10019 6094 10729 11134 16880 15339 14782 5468 12707 12387 8840 10105 10177 15058 2482 7215 14825 12091 18488 10674 7221 8132 5822 16750 12737 14392 14111 18601 0 11575 13831 8879 17226 12452 15618 4066 13340 14002 14834 8423 2260 8297 9375 8984 3836 5287 10462 4337 6560 8162 13473 12828 8975 10253 10444 4792 1225 10750 10219 2883 11705 8206 11687 14002 14073 15570 10615 9741 13684 17062 9215 10433 5195 12482 12602 16019
17133 8813 4269 14115 14085 10292 13910 14189 11601 12964 6789 7430 6347 13895 17328 11291 5021 7360 13544 14976 9403 15086 6742 14241 13831 11398 6684 11490 8014 12739 14938 7305 15836 1221 13558 4440 18482 7249 4651 10126 9638 3902 1069 16134 5905 13354 8673 12071 10150 3634 13924 11991 16057 11575 0 12706 6284 6583 13325 9044 12249 10915 4307 14192 9654 13835 13570 17160 19118 12732 8073 4962 13244 10861 7446 8459 1289 9638 1551 17126 10074 10830 13626 6898 9201 14885 12255 1060 4223 14909 8291 6960 7137 2739 11725 6160 15596 7605 6825 7882 4852
11406 5417 16222 4515 11051 11707 1309 3027 19413 6213 15579 12610 14927 1773 12387 2802 16158 15247 840 15284 15630 12483 9097 2778 4295 3901 14675 3153 4719 4096 2232 7502 13410 12711 2624 8958 11981 5656 17137 11396 6638 16186 13770 4660 17420 20251 6038 8670 6658 9773 1253 1165 4771 13831 12706 0 16661 12406 2298 6416 10532 1923 16999 1486 5466 15070 7244 10658 14738 17445 15396 7770 11113 7388 6707 4913 12913 19245 11556 9397 9040 12624 4570 17961 11394 4957 6288 11747 10341 2707 7267 18217 5930 15225 5349 16780 7241 9578 6180 5069 16668
16863 11529 2800 16441 13349 8830 17965 18851 5645 14476 1986 5510 2321 17345 16628 14446 9593 2972 17471 12186 5057 13799 7948 18812 18901 14037 2895 14441 12149 17869 18789 13130 14244 7400 16598 7826 18310 11085 7275 8864 11305 7509 5951 20827 1829 7554 11057 12377 15909 9599 17719 16287 20814 8879 6284 16661 0 12809 16474 14723 11570 15217 6036 18083 11974 10876 14642 17263 17780 8125 3646 9464 12353 11889 10071 13517 7376 3354 6176 17830 10273 8805 15882 1476 7983 17138 13730 7158 10436 18231 14131 1847 10758 6713 17191 347 16956 8037 11903 12732 8730
20706 11256 10436 15651 18341 15514 13207 12415 18182 15553 13354 13349 12880 14081 21219 12450 5396 13861 13110 20392 15773 19606 11293 12624 11331 13149 13160 12851 8974 10319 14365 4904 20486 5414 14348 8490 21851 9016 7865 15270 12849 6861 6884 14010 12122 19915 11511 15861 6733 4537 13613 11316 13826 17226 6583 12406 12809 0 14023 6265 16712 10521 8614 13688 12233 19416 16461 20426 23341 19022 14536 7291 17709 14314 10523 7542 5433 16155 7310 19869 14337 16255 15327 13219 14485 16373 15015 5929 3263 15088 5292 13199 9242 6781 8738 12649 17909 12359 6767 7677 6440
9155 4948 16425 2221 9095 10417 2898 5093 18583 4181 15167 11885 14534 1125 10166 2072 17266 14700 2349 13515 14758 10490 8587 4784 6529 2556 14201 2035 5455 6393 2911 9178 11392 13534 347 9166 9689 6078 17915 10123 5551 17028 14393 6353 17451 19225 5430 6917 8772 10837 2104 3363 6533 12452 13325 2298 16474 14023 0 8365 8832 3670 17622 2534 4581 13441 5145 8380 12507 16200 14735 8395 9285 5892 6425 6503 13740 18764 12007 7099 7722 11288 2329 17856 10296 2681 4428 12460 11607 1769 9120 18148 6203 15980 7611 16637 4945 8820 7407 6380 17650
16441 7403 13257 10322 14906 13530 7043 6157 19056 10966 14394 12724 13767 8174 17198 7276 10883 14481 7026 18143 15740 16329 9466 6359 5204 8279 13776 7749 4709 4136 8195 1787 17279 8481 8709 7449 17347 5488 12592 13225 9257 11545 9946 7829 14810 20414 7936 12264 1212 5417 7545 5265 7669 15618 9044 6416 14723 6265 8365 0 13677 4695 12854 7558 8226 17488 12005 15926 19504 18477 14933 5585 14559 10647 7516 2323 8643 17901 8591 15013 11455 14439 10133 15676 12747 10956 10634 7987 5242 9121 986 15812 5910 10885 2757 14709 12892 10443 3187 3090 11659
5299 6290 13002 7368 1868 2800 11584 13554 11217 4839 9669 6074 9249 9957 5196 7774 17260 8796 10987 4759 7674 2906 5598 13309 14619 6632 8685 7382 8968 14054 11742 13272 3775 13174 8710 8358 6745 8278 16464 2714 4442 15985 13039 15102 13192 11283 5741 1921 14678 12214 10883 11037 15251 4066 12249 10532 11570 16712 8832 13677 0 10459 15606 11325 5581 4614 4265 5719 6871 7880 8405 9441 1010 3212 6356 11374 13340 12491 10725 6528 2377 3219 6891 13028 3595 7737 4418 12001 13469 10327 13872 13411 7902 14787 14561 11866 6367 4649 10820 10592 17061
12205 4578 14578 5691 11288 11178 3006 3691 18374 6758 14286 11582 13628 3562 13084 2925 14243 14048 2714 15194 14664 12741 8013 3610 4267 4092 13433 3408 3077 3597 4090 5623 13693 10858 4015 7411 12960 4134 15281 10860 6178 14316 11972 5639 15852 19360 5235 8730 5148 7877 3173 1089 5658 13340 10915 1923 15217 10521 3670 4695 10459 0 15187 3351 4964 14817 7826 11572 15435 16773 14275 6042 11178 7247 5589 2998 11058 17962 9842 10500 8632 12115 5569 16461 10700 6288 6616 9931 8420 4568 5473 16696 4483 13380 4289 15310 8345 8664 4276 3162 14770
20750 13016 3271 18333 17474 13243 18189 18360 11596 17016 7609 9934 7522 18202 20795 15578 3935 8526 17836 17458 10776 18279 10464 18435 17871 15631 8079 15761 12318 16773 19231 11067 18916 4422 17848 8594 22151 11550 1252 13155 13647 1853 3237 20277 4521 13536 12812 15770 13849 7551 18223 16255 20181 14002 4307 16999 6036 8614 17622 12854 15606 15187 0 18484 13806 16198 17526 20899 22361 14035 9298 9269 16550 14740 11594 12612 4241 8878 5652 21040 13664 13553 17829 5644 12191 19100 16284 5256 7641 19215 11987 5450 11423 1980 15603 5728 19652 11129 11018 12105 2877
11537 6713 17695 4578 11629 12750 573 2745 20671 6715 16953 13888 16304 1464 12588 3892 17589 16586 648 16032 16865 13022 10423 2402 4352 4817 16031 4123 6204 4527 747 8796 13921 14187 2741 10421 11939 7126 18613 12447 7738 17656 15256 3819 18877 21435 7303 9419 7621 11227 444 2389 4003 14834 14192 1486 18083 13688 2534 7558 11325 3351 18484 0 6626 15922 7668 10700 14909 18525 16702 9256 11808 8296 8070 6285 14388 20608 13041 9287 10057 13647 4807 19399 12526 4801 6944 13230 11755 1853 8464 19661 7386 16703 6044 18210 7201 10831 7627 6512 18121
8505 979 12183 4585 6681 6274 6706 8358 14062 3419 10600 7317 9974 5573 9118 2734 14205 10119 6122 10265 10247 8112 4036 8168 9211 2067 9626 2570 3569 8552 7232 8100 9065 10158 4661 5225 9618 3222 14300 5959 1216 13535 10677 10118 13064 14812 996 4039 9161 8112 6201 5690 10215 8423 9654 5466 11974 12233 4581 8226 5581 4964 13806 6626 0 9854 4242 8193 11363 11983 10161 5220 6390 2431 2213 5903 10359 14185 8175 7741 3672 7203 4054 13386 5929 5335 2802 8976 9210 6349 8549 13696 3003 12392 8982 12157 5993 4248 5681 5201 14356
7980 10373 13103 11950 5012 4000 16162 18076 8318 9432 8914 6430 8792 14566 7203 12280 18735 7920 15564 1315 5895 4334 8273 17845 19049 11175 8199 11918 12887 18405 16352 16770 4197 14963 13323 10976 9255 12004 17275 4290 8643 17065 14348 19678 12696 7718 9744 6534 18585 14905 15478 15490 19818 2260 13835 15070 10876 19416 13441 17488 4614 14817 16198 15922 9854 0 8757 8824 7464 4197 7232 12521 4364 7682 9974 15275 15085 10497 12504 10162 6200 3171 11489 12143 4951 12268 9031 13934 16177 14938 17512 12536 11578 15931 18737 11219 10618 7206 14409 14425 18265
4437 5220 15466 3265 4024 6648 8042 10205 15252 1068 12930 9267 12394 6214 5259 4903 18309 12200 7479 8607 11538 5370 7105 9909 11534 3768 11908 4418 7616 11210 7941 12163 6255 14207 4929 9157 5417 7446 18155 6433 3937 17471 14539 11481 16038 15478 5077 2519 12766 12341 7246 8053 11671 8297 13570 7244 14642 16461 5145 12005 4265 7826 17526 7668 4242 8757 0 3984 7609 12129 11980 9433 4408 2819 6248 9732 14403 16157 12036 3563 4404 7318 2891 16116 7009 3512 1447 13007 13451 6357 12484 16471 7245 16296 12114 14891 2326 6672 9816 9173 18375
1036 9171 18526 6168 4117 8515 11176 13413 16660 4976 15381 11753 14944 9265 2199 8702 22029 14515 10686 8101 13308 4498 10465 13084 14905 7648 14389 8217 11600 14745 10757 16142 4898 17901 8080 12843 1433 11412 21638 8431 7704 21034 18071 14346 18843 16420 8962 5130 16631 16236 10334 11623 14578 9375 17160 10658 17263 20426 8380 15926 5719 11572 20899 10700 8193 8824 3984 0 4294 12883 14116 13318 5090 6335 10074 13680 18089 18164 15609 1684 7249 8816 6095 18728 9281 5909 5425 16696 17377 9030 16441 19108 11190 19840 15819 17552 3504 9778 13800 13147 22008
3375 12288 19584 10336 5066 9141 15362 17589 15780 8676 15799 12530 15514 13456 2356 12511 24130 14830 14846 6284 13103 4082 12450 17269 19025 11366 14915 12027 14928 18777 15009 19462 3536 20041 12229 15162 3445 14506 23270 9209 10541 22829 19894 18605 19530 15050 11910 7485 20327 18920 14526 15624 18831 8984 19118 14738 17780 23341 12507 19504 6871 15435 22361 14909 11363 7464 7609 4294 0 11610 14254 16057 5875 9067 12821 17195 20209 17881 17596 5925 9140 8991 10181 19164 10173 10156 8891 18864 20146 13289 19897 19559 14202 21633 19723 18107 7762 11519 17029 16549 23921
12098 12199 10770 15088 8870 5784 18661 20321 4233 12578 6431 5834 6610 17303 11379 14670 17188 5563 18068 5327 3353 8454 9058 20144 21026 13717 6138 14403 14285 20225 19061 17397 8392 13947 16153 11194 13415 13241 15230 6082 10810 15263 12946 22101 9914 3542 11542 9657 19660 14772 18087 17622 22196 3836 12732 17445 8125 19022 16200 18477 7880 16773 14035 18525 11983 4197 12129 12883 11610 0 4791 13005 8027 10322 11323 16496 14019 6795 11725 14098 8481 4924 14569 9104 6077 15539 12023 13145 15967 17854 18276 9472 12801 14258 20221 8466 14236 8192 15290 15607 16503
13611 9992 6062 14263 10071 5605 16695 17963 4153 12022 1720 2854 1819 15731 13261 12852 12400 775 16144 8543 1478 10355 6301 17857 18334 12187 1389 12731 11381 17397 17349 13599 10723 9294 14791 7490 15052 10272 10471 5717 9228 10474 8197 19885 5471 5529 9401 9541 16144 10542 16295 15271 19923 5287 8073 15396 3646 14536 14735 14933 8405 14275 9298 16702 10161 7232 11980 14116 14254 4791 0 9351 9071 9423 8717 13257 9347 4179 7249 14877 7600 5382 13701 4936 4986 14888 11314 8608 11647 16498 14553 5331 9866 9468 17056 3990 14300 5915 11815 12387 11714
13513 4264 8554 9372 11050 8528 9002 9513 13483 8638 8895 7194 8253 8935 13965 6395 9058 8918 8610 13370 10168 12325 4249 9518 9444 6656 8221 6640 3058 8405 10001 4393 13216 5154 8642 1865 14724 2330 9520 8251 5633 8640 6032 11490 9895 14830 4361 8588 6795 2918 8975 7130 11450 10462 4962 7770 9464 7291 8395 5585 9441 6042 9269 9256 5220 12521 9433 13318 16057 13005 9351 0 10432 7075 3267 4058 5360 12487 3801 12958 7064 9363 8926 10595 7594 10143 8009 4065 4097 9951 5280 10796 2317 7585 7797 9508 11182 5316 2489 3271 9320
4540 7157 13890 7640 1001 3523 12105 14140 11612 5159 10421 6898 10035 10402 4300 8408 18258 9516 11514 4237 8219 1899 6606 13880 15275 7238 9458 7989 9851 14759 12177 14209 2789 14177 9130 9367 5983 9205 17426 3504 5302 16962 14022 15614 14014 11514 6637 2458 15536 13217 11369 11693 15776 4337 13244 11113 12353 17709 9285 14559 1010 11178 16550 11808 6390 4364 4408 5090 5875 8027 9071 10432 0 3969 7315 12246 14343 13081 11724 6108 3373 3729 7207 13798 4438 7920 4865 13007 14469 10684 14786 14185 8839 15766 15341 12658 6281 5650 11754 11483 18047
6448 3267 12647 4902 4261 4550 8502 10395 12971 2610 10238 6624 9677 7006 6904 4600 15697 9566 7903 7959 9168 5683 4293 10163 11416 3502 9218 4239 5960 10841 8782 10432 6636 11570 5833 6510 7706 5446 15403 4269 1474 14752 11802 12011 13242 13441 2843 1623 11592 9983 7853 7838 12144 6560 10861 7388 11889 14314 5892 10647 3212 7247 14740 8296 2431 7682 2819 6335 9067 10322 9423 7075 3969 0 3808 8325 11760 13591 9314 6301 1900 5401 4351 13357 4591 5481 1890 10365 11169 7532 10935 13706 5135 13567 11375 12127 5085 3873 7984 7598 15697
10248 1490 10057 6763 7857 6037 8014 9262 12792 5547 8883 5994 8234 7274 10703 4379 12069 8543 7483 10644 9077 9184 2427 9146 9765 4115 7969 4408 2982 8917 8755 6933 10101 7988 6575 3012 11472 2030 12090 5726 2372 11334 8465 11170 11029 13781 1227 5338 8614 6179 7686 6559 11215 8162 7446 6707 10071 10523 6425 7516 6356 5589 11594 8070 2213 9974 6248 10074 12821 11323 8717 3267 7315 3808 0 5317 8187 12542 5962 9805 4021 6960 6245 11437 5339 7522 4864 6796 7362 8170 7590 11725 1606 10185 8928 10223 8164 3133 4498 4455 12178
14163 5089 12437 8279 12583 11354 5866 5748 17409 8707 12923 10853 12275 6546 14898 5130 11339 12884 5670 15887 13928 14008 7437 5828 5433 6051 12204 5583 2411 4369 7004 2676 14959 8203 6835 5827 15107 3297 12577 11043 6944 11576 9474 7678 13867 18646 5638 9941 3319 5107 6151 3900 7598 13473 8459 4913 13517 7542 6503 2323 11374 2998 12612 6285 5903 15275 9732 13680 17195 16496 13257 4058 12246 8325 5317 0 8393 16537 7638 12838 9182 12275 8031 14616 10628 8961 8343 7419 5488 7562 2766 14801 3735 10724 3800 13552 10750 8352 1654 890 11932
18113 9466 5091 14703 15156 11486 14063 14137 12802 13734 8023 8697 7605 14221 18360 11753 3948 8627 13742 16211 10687 16204 7773 14222 13631 11979 7958 11997 8319 12532 15134 6861 16976 206 13994 5254 19436 7690 4225 11307 10468 3291 1491 16045 6775 14582 9404 13047 9676 3311 14153 12108 15945 12828 1289 12913 7376 5433 13740 8643 13340 11058 4241 14388 10359 15085 14403 18089 20209 14019 9347 5360 14343 11760 8187 8393 0 10722 2637 17966 11110 12054 14238 7837 10396 15475 13046 1397 3510 15250 7807 7850 7648 2332 11382 7219 16346 8693 6828 7931 3997
17595 13912 5902 18403 14071 9706 20554 21643 3008 16194 3676 6979 4333 19722 17144 16820 12672 4071 20024 11782 4872 14180 10202 21571 21837 16238 4578 16739 14948 20838 21282 16363 14414 10750 18842 10730 19021 13850 10127 9846 13322 10545 9282 23601 4368 4918 13361 13709 19101 12896 20216 19002 23613 8975 9638 19245 3354 16155 18764 17901 12491 17962 8878 20608 14185 10497 16157 18164 17881 6795 4179 12487 13081 13591 12542 16537 10722 0 9452 19002 11778 9351 17841 3234 9157 19042 15481 10498 13772 20533 17359 3456 13481 9889 20279 3507 18476 9979 14968 15713 11715
15582 7366 4801 12683 12553 8854 12799 13269 11064 11450 6213 6177 5673 12641 15785 9951 6535 6604 12396 13607 8464 13577 5195 13290 13070 9979 5891 10118 6837 11997 13783 6960 14343 2489 12223 2951 16930 5971 6138 8672 8109 5439 2511 15238 6255 12704 7186 10520 9761 3450 12747 10930 15184 10253 1551 11556 6176 7310 12007 8591 10725 9842 5652 13041 8175 12504 12036 15609 17596 11725 7249 3801 11724 9314 5962 7638 2637 9452 0 15588 8530 9440 12182 7086 7765 13450 10734 1445 4433 13638 7962 7231 5805 4260 11150 6137 14085 6077 5984 6957 6404
2715 8709 18865 4886 5228 9297 9791 12025 17705 4334 16016 12343 15532 7889 3882 7738 21871 15204 9336 9554 14202 5912 10584 11687 13570 6801 15004 7267 10922 13492 9280 15394 6437 17771 6778 12719 2669 10890 21696 9162 7499 21026 18087 12842 19324 17608 8619 5458 15629 15853 8946 10428 13083 10444 17126 9397 17830 19869 7099 15013 6528 10500 21040 9287 7741 10162 3563 1684 5925 14098 14877 12958 6108 6301 9805 12838 17966 19002 15588 0 7592 9736 4932 19305 9924 4495 4953 16570 16932 7548 15602 19674 10726 19847 14668 18100 2164 10041 13143 12388 21937
7097 4182 11303 6799 4075 2697 10217 11994 11075 4439 8529 4863 8003 8822 7255 6241 15050 7798 9621 6710 7279 5271 3338 11788 12883 5241 7507 5942 6773 12212 10582 10953 6152 10935 7687 6024 8488 5995 14440 2401 2456 13888 10924 13696 11733 11548 3569 2146 12501 9846 9616 9352 13811 4792 10074 9040 10273 14337 7722 11455 2377 8632 13664 10057 3672 6200 4404 7249 9140 8481 7600 7064 3373 1900 4021 9182 11110 11778 8530 7592 0 3592 6250 11749 2698 7363 3758 9747 11097 9398 11592 12111 5599 12689 12549 10533 6730 2536 8513 8366 14919
8253 7560 10638 10179 4720 939 13809 15558 8002 7686 6833 3620 6524 12396 7880 9828 15799 5885 13212 4173 4493 4998 5115 15360 16381 8830 5927 9534 9925 15656 14163 13646 5462 11920 11234 7805 9687 8981 14552 1258 5999 14243 11425 17282 10541 8165 6907 4806 15562 11738 13206 12891 17392 1225 10830 12624 8805 16255 11288 14439 3219 12115 13553 13647 7203 3171 7318 8816 8991 4924 5382 9363 3729 5401 6960 12275 12054 9351 9440 9736 3592 0 9654 10214 1780 10655 7108 10853 13010 12931 14415 10606 8547 13077 15846 9126 9528 4057 11319 11408 15410
6838 4817 16228 563 6906 8855 5215 7422 17321 2057 14374 10863 13776 3345 7838 2906 17982 13782 4677 11439 13512 8261 7954 7111 8845 2271 13369 2479 6383 8650 5052 10658 9140 14034 2072 9235 7442 6641 18277 8588 4579 17472 14667 8607 17060 17769 5048 4984 10706 11664 4397 5532 8804 10750 13626 4570 15882 15327 2329 10133 6891 5569 17829 4807 4054 11489 2891 6095 10181 14569 13701 8926 7207 4351 6245 8031 14238 17841 12182 4932 6250 9654 0 17321 8940 1281 2547 12882 12607 3481 10774 17645 6610 16354 9753 16086 2776 7903 8563 7685 18227
18317 12907 2792 17878 14796 10275 19260 20061 6041 15939 3384 6979 3785 18704 18062 15815 9460 4335 18780 13457 6258 15212 9374 20037 20034 15443 4344 15827 13385 18984 20113 14023 15629 7898 17989 9050 19764 12344 6893 10319 12748 7328 6353 22040 1150 7992 12455 13853 16842 10407 19044 17540 22016 10219 6898 17961 1476 13219 17856 15676 13028 16461 5644 19399 13386 12143 16116 18728 19164 9104 4936 10595 13798 13357 11437 14616 7837 3234 7086 19305 11749 10214 17321 0 9447 18582 15193 7869 11120 19606 15025 395 12037 6735 18220 1236 18428 9499 12980 13863 8487
8894 6123 9456 9492 5416 1092 12630 14246 8381 7130 6109 2480 5664 11370 8738 8644 14205 5280 12043 5916 4581 6092 3350 14073 14959 7760 5110 8410 8322 14179 13097 11900 6734 10254 10290 6026 10339 7332 13125 964 4788 12741 9862 16042 9598 8930 5466 4555 13888 9963 12093 11545 16131 2883 9201 11394 7983 14485 10296 12747 3595 10700 12191 12526 5929 4951 7009 9281 10173 6077 4986 7594 4438 4591 5339 10628 10396 9157 7765 9924 2698 1780 8940 9447 0 10061 6455 9157 11236 12010 12687 9827 6893 11558 14267 8276 9323 2312 9602 9750 13878
6781 6084 17509 772 7478 9897 5297 7533 18434 2971 15605 12063 15014 3394 7870 3931 19189 14992 4843 12101 14643 8740 9222 7197 9077 3496 14596 3568 7497 9034 4854 11623 9561 15270 2341 10506 7139 7837 19534 9646 5834 18720 15930 8450 18333 18808 6329 5885 11425 12835 4453 6043 8676 11705 14885 4957 17138 16373 2681 10956 7737 6288 19100 4801 5335 12268 3512 5909 10156 15539 14888 10143 7920 5481 7522 8961 15475 19042 13450 4495 7363 10655 1281 18582 10061 0 3607 14126 13740 3135 11661 18908 7832 17608 10290 17346 2406 9137 9633 8699 19457
5827 3778 14361 3075 4765 6316 7241 9308 14827 751 12111 8512 11542 5550 6568 3710 16933 11453 6653 9088 11037 6203 5969 9037 10522 2527 11093 3247 6184 10104 7332 10737 7140 12848 4293 7821 6857 6000 16869 6055 2637 16156 13244 10749 15035 15232 3668 2497 11436 10910 6505 6969 10913 8206 12255 6288 13730 15015 4428 10634 4418 6616 16284 6944 2802 9031 1447 5425 8891 12023 11314 8009 4865 1890 4864 8343 13046 15481 10734 4953 3758 7108 2547 15193 6455 3607 0 11652 12011 5917 11082 15535 5803 14990 10895 13959 3370 5694 8377 7756 17031
16728 8094 5298 13354 13805 10241 12933 13158 12310 12343 7460 7621 6963 12987 16990 10450 5335 7934 12583 15024 9863 14878 6416 13217 12778 10630 7232 10675 7086 11685 13977 6254 15667 1205 12704 3858 18046 6387 5455 10048 9072 4595 2057 15097 6909 14005 8016 11664 9100 2584 12975 11001 15016 11687 1060 11747 7158 5929 12460 7987 12001 9931 5256 13230 8976 13934 13007 16696 18864 13145 8608 4065 13007 10365 6796 7419 1397 10498 1445 16570 9747 10853 12882 7869 9157 14126 11652 0 3278 14009 7244 7951 6316 3520 10665 7063 14958 7363 5795 6865 5382
17600 8233 8472 12988 15123 12258 11351 11074 15496 12598 10643 10212 10105 11865 18062 9824 5854 11024 11128 17137 12793 16368 8030 11205 10373 10361 10307 10173 6244 9279 12481 3459 17241 3378 11907 5230 18791 6051 7351 12011 9719 6306 4936 12903 10124 17130 8417 12683 6208 1276 11592 9380 12774 14002 4223 10341 10436 3263 11607 5242 13469 8420 7641 11755 9210 16177 13451 17377 20146 15967 11647 4097 14469 11169 7362 5488 3510 13772 4433 16932 11097 13010 12607 11120 11236 13740 12011 3278 0 12900 4350 11182 6209 5663 7999 10340 15059 9097 4211 5292 6501
9915 6702 18126 3106 10380 12080 2418 4566 20326 5525 16935 13647 16302 1038 11004 3794 18658 16468 2166 14918 16499 11716 10355 4216 6198 4312 15970 3801 6931 6366 1732 10188 12577 15045 1721 10845 10214 7672 19454 11793 7297 18540 15979 5318 19184 20932 7196 8408 9311 12232 1655 3857 5548 14073 14909 2707 18231 15088 1769 9121 10327 4568 19215 1853 6349 14938 6357 9030 13289 17854 16498 9951 10684 7532 8170 7562 15250 20533 13638 7548 9398 12931 3481 19606 12010 3135 5917 14009 12900 0 9974 19895 7841 17523 7838 18390 5530 10584 8695 7610 19104
16908 7669 12539 10999 15192 13525 7961 7140 18643 11465 13915 12474 13302 9005 17618 7882 9916 14064 7913 18229 15434 16594 9359 7338 6179 8817 13350 8342 4981 5117 9117 1002 17538 7653 9461 7128 17869 5599 11683 13227 9505 10632 9152 8813 14123 20065 8151 12558 1870 4660 8428 6132 8650 15570 8291 7267 14131 5292 9120 986 13872 5473 11987 8464 8549 17512 12484 16441 19897 18276 14553 5280 14786 10935 7590 2766 7807 17359 7962 15602 11592 14415 10774 15025 12687 11661 11082 7244 4350 9974 0 15142 5994 10012 3686 14098 13507 10375 3104 3349 10711
18702 13200 2765 18201 15183 10662 19514 20281 6328 16282 3775 7356 4164 18986 18452 16102 9308 4729 19039 13850 6650 15604 9693 20263 20226 15749 4729 16122 13619 19170 20378 14142 16023 7921 18286 9287 20149 12587 6691 10703 13075 7174 6360 22260 1078 8278 12758 14220 16969 10508 19310 17778 22232 10615 6960 18217 1847 13199 18148 15812 13411 16696 5450 19661 13696 12536 16471 19108 19559 9472 5331 10796 14185 13706 11725 14801 7850 3456 7231 19674 12111 10606 17645 395 9827 18908 15535 7951 11182 19895 15142 0 12289 6638 18378 1580 18780 9842 13159 14059 8311
11468 2025 10329 7061 9320 7630 7225 8162 13999 6392 9805 7281 9148 6856 12017 4156 11375 9597 6757 12248 10379 10684 3761 8093 8470 4341 8967 4360 1522 7554 8113 5371 11614 7443 6426 3039 12613 440 11758 7322 3662 10910 8201 10121 11492 15105 2293 6733 7016 5138 7052 5538 10132 9741 7137 5930 10758 9242 6203 5910 7902 4483 11423 7386 3003 11578 7245 11190 14202 12801 9866 2317 8839 5135 1606 3735 7648 13481 5805 10726 5599 8547 6610 12037 6893 7832 5803 6316 6209 7841 5994 12289 0 9824 7420 10865 8895 4627 2919 2861 11625
19777 11545 3987 16837 16643 12642 16385 16466 12354 15702 7899 9518 7649 16499 19922 13966 2937 8698 16057 17138 10915 17570 9384 16552 15932 14116 8130 14184 10595 14833 17449 9098 18275 2527 16223 7179 21144 9905 1935 12510 12368 1199 1769 18368 5590 14244 11412 14730 11871 5630 16461 14434 18264 13684 2739 15225 6713 6781 15980 10885 14787 13380 1980 16703 12392 15931 16296 19840 21633 14258 9468 7585 15766 13567 10185 10724 2332 9889 4260 19847 12689 13077 16354 6735 11558 17608 14990 3520 5663 17523 10012 6638 9824 0 13637 6466 18334 10179 9159 10260 2336
16479 8367 15889 9791 15517 14911 5474 3924 21208 11047 16691 14637 16047 7067 17371 7214 13592 16676 5678 19231 17719 16969 11174 4210 2604 8376 15992 7697 5947 1692 6525 4542 17924 11216 7950 9609 17189 6981 15348 14595 10154 14301 12656 5294 17402 22440 8993 12919 2006 8121 6183 4250 5096 17062 11725 5349 17191 8738 7611 2757 14561 4289 15603 6044 8982 18737 12114 15819 19723 20221 17056 7797 15341 11375 8928 3800 11382 20279 11150 14668 12549 15846 9753 18220 14267 10290 10895 10665 7999 7838 3686 18378 7420 13637 0 17203 12504 12038 5312 4678 14396
17162 11689 2518 16643 13654 9137 18082 18931 5913 14706 2321 5799 2623 17495 16938 14601 9327 3311 17595 12529 5404 14119 8140 18898 18951 14215 3207 14606 12237 17911 18921 13096 14571 7251 16767 7906 18609 11183 6971 9165 11512 7232 5775 20908 1483 7834 11229 12645 15890 9536 17851 16385 20891 9215 6160 16780 347 12649 16637 14709 11866 15310 5728 18210 12157 11219 14891 17552 18107 8466 3990 9508 12658 12127 10223 13552 7219 3507 6137 18100 10533 9126 16086 1236 8276 17346 13959 7063 10340 18390 14098 1580 10865 6466 17203 0 17201 8266 11929 12778 8447
4391 6923 17707 2727 5634 8911 7687 9924 17507 2637 15254 11593 14716 5776 5504 5626 20198 14526 7211 10262 13826 6724 9318 9592 11442 4767 14232 5166 8936 11338 7256 13342 7460 16146 4629 11156 4754 9012 20222 8712 6006 19492 16595 10848 18328 17650 6942 4790 13482 14032 6842 8264 11077 10433 15596 7241 16956 17909 4945 12892 6367 8345 19652 7201 5993 10618 2326 3504 7762 14236 14300 11182 6281 5085 8164 10750 16346 18476 14085 2164 6730 9528 2776 18428 9323 2406 3370 14958 15059 5530 13507 18780 8895 18334 12504 17201 0 8958 11151 10344 20340
9628 4168 8825 8466 6481 3212 10860 12296 9842 6440 6471 3069 5877 9820 9743 6956 12611 5908 10294 8072 6052 7516 1075 12154 12880 6274 5467 6818 6095 12048 11461 9592 8312 8528 8879 3871 11023 5068 11911 2940 3346 11379 8419 14161 9370 10708 3540 4655 11591 7822 10415 9582 14225 5195 7605 9578 8037 12359 8820 10443 4649 8664 11129 10831 4248 7206 6672 9778 11519 8192 5915 5316 5650 3873 3133 8352 8693 9979 6077 10041 2536 4057 7903 9499 2312 9137 5694 7363 9097 10584 10375 9842 4627 10179 12038 8266 8958 0 7291 7469 12431
14172 4741 10783 8899 12212 10425 7266 7364 15956 8860 11384 9543 10743 7658 14798 5702 9982 11399 6988 15129 12574 13590 6294 7423 7086 6386 10706 6090 2220 6017 8366 2456 14524 6632 7713 4328 15233 2552 11040 10126 6524 10059 7852 9310 12218 17266 5152 9600 4378 3603 7432 5297 9238 12482 6825 6180 11903 6767 7407 3187 10820 4276 11018 7627 5681 14409 9816 13800 17029 15290 11815 2489 11754 7984 4498 1654 6828 14968 5984 13143 8513 11319 8563 12980 9602 9633 8377 5795 4211 8695 3104 13159 2919 9159 5312 11929 11151 7291 0 1115 10494
13583 4337 11755 7984 11859 10490 6151 6321 16540 8174 12085 9966 11435 6575 14274 4787 11089 12025 5875 15059 13044 13270 6549 6362 6173 5589 11349 5208 1638 5138 7251 3007 14218 7733 6695 4987 14578 2427 12147 10180 6185 11170 8921 8284 13145 17763 4851 9220 4160 4718 6322 4184 8227 12602 7882 5069 12732 7677 6380 3090 10592 3162 12105 6512 5201 14425 9173 13147 16549 15607 12387 3271 11483 7598 4455 890 7931 15713 6957 12388 8366 11408 7685 13863 9750 8699 7756 6865 5292 7610 3349 14059 2861 10260 4678 12778 10344 7469 1115 0 11609
21985 13463 5930 18686 18909 14965 17753 17574 14357 17724 10097 11853 9897 18068 22169 15696 1145 10940 17482 19473 13175 19866 11592 17701 16844 15964 10401 15958 12199 15756 18860 9911 20585 4200 17916 9218 23334 11644 1705 14827 14438 1241 4028 19400 7348 16281 13398 16924 12494 6895 17920 15781 19266 16019 4852 16668 8730 6440 17650 11659 17061 14770 2877 18121 14356 18265 18375 22008 23921 16503 11714 9320 18047 15697 12178 11932 3997 11715 6404 21937 14919 15410 18227 8487 13878 19457 17031 5382 6501 19104 10711 8311 11625 2336 14396 8447 20340 12431 10494 11609 0
1 6 6 7
2 4 3 4
3 6 5 4
4 10 7 1
5 5 1 2
6 3 4 4
7 7 8 3
8 1 5 2
9 8 9 1
10 5 4 1
11 3 3 4
12 3 6 1
13 12 2 1
14 4 5 6
15 8 4 1
16 7 9 4
17 8 3 3
18 5 4 2
19 5 9 3
20 10 6 7
21 4 7 2
22 9 7 3
23 4 4 2
24 7 10 4
25 11 4 2
26 8 3 3
27 4 11 2
28 8 3 1
29 4 2 3
30 6 8 3
31 4 8 5
32 5 4 1
33 7 4 4
34 4 2 2
35 4 6 4
36 6 10 4
37 3 2 0
38 6 2 1
39 8 7 2
40 7 7 0
41 8 3 1
42 9 5 2
43 8 2 4
44 4 8 4
45 8 10 6
46 7 3 0
47 4 6 4
48 5 2 3
49 7 5 3
50 4 5 2
51 5 8 6
52 8 3 7
53 10 2 3
54 7 2 4
55 7 6 2
56 7 7 6
57 6 6 7
58 8 4 3
59 4 10 3
60 3 3 2
61 5 3 2
62 5 6 4
63 9 3 3
64 8 4 1
65 12 9 5
66 4 9 1
67 6 7 6
68 9 10 2
69 6 8 4
70 7 8 1
71 7 6 3
72 8 6 2
73 8 1 5
74 7 4 3
75 7 6 4
76 6 6 5
77 6 5 1
78 9 4 4
79 3 4 3
80 5 6 0
81 3 4 4
82 6 2 2
83 3 3 4
84 4 7 4
85 8 3 4
86 5 0 1
87 7 3 4
88 6 8 4
89 7 3 2
90 4 4 5
91 7 4 3
92 7 4 2
93 7 6 3
94 4 5 4
95 4 7 3
96 8 6 2
97 2 7 3
98 6 8 5
99 3 5 1
100 5 3 2
