500 100 3
30 60 700 9.00
0 7 32 3
0 7 51 1
0 3 63 1
0 7 89 3
0 20 51 2
0 3 95 3
0 3 29 3
0 5 81 1
0 3 42 2
0 1 19 3
0 8 31 3
0 24 68 1
0 7 42 1
0 15 51 1
0 5 7 3
0 12 46 3
0 2 32 3
0 22 31 3
0 15 62 2
0 3 39 3
0 13 63 1
0 4 65 3
0 15 46 1
0 4 86 1
0 11 92 2
0 11 74 2
0 2 75 1
0 2 73 1
0 18 23 2
0 6 82 2
0 3 57 2
0 1 57 1
0 10 93 3
0 6 57 2
0 1 36 3
0 4 90 1
0 20 58 2
0 16 97 3
0 14 38 1
0 5 83 2
0 4 80 1
0 1 91 3
0 23 65 1
0 21 62 2
0 6 100 3
0 10 77 2
0 2 94 1
0 1 76 1
0 13 86 3
0 4 49 3
0 19 70 1
0 7 55 1
0 8 36 3
0 3 62 1
0 4 9 2
0 9 30 3
0 3 56 2
0 1 87 3
0 1 62 3
0 4 33 3
0 12 49 1
0 3 77 1
0 3 67 3
0 15 67 1
0 16 74 1
0 9 11 2
0 7 77 1
0 6 83 1
0 1 2 1
0 11 70 2
0 4 26 1
0 6 8 2
0 2 8 2
0 8 85 3
0 20 38 2
0 14 78 1
0 18 82 3
0 13 4 1
0 7 65 3
0 8 73 1
0 9 39 1
0 25 17 3
0 15 49 3
0 7 58 1
0 5 89 1
0 15 52 1
0 4 23 2
0 16 80 3
0 22 91 3
0 7 37 2
0 11 41 2
0 10 83 3
0 1 79 3
0 16 9 2
0 10 35 2
0 3 42 1
0 21 58 1
0 2 77 1
0 11 21 2
0 5 71 1
0 6 81 1
0 3 53 2
0 4 91 1
0 1 26 3
0 6 12 3
0 4 99 3
0 5 85 2
0 23 36 2
0 5 7 2
0 6 47 1
0 1 19 1
0 3 42 3
0 9 82 3
0 14 65 1
0 16 43 2
0 20 24 1
0 8 82 1
0 16 49 1
0 7 94 1
0 12 87 3
0 1 94 1
0 18 89 2
0 7 9 3
0 4 19 2
0 22 14 2
0 12 6 3
0 3 81 1
0 7 54 2
0 18 79 1
0 4 72 2
0 1 94 1
0 19 45 2
0 11 64 2
0 7 53 2
0 12 50 3
0 7 6 3
0 16 34 1
0 6 95 3
0 11 61 2
0 1 66 2
0 2 97 2
0 2 79 2
0 10 80 1
0 3 5 2
0 7 10 2
0 13 87 1
0 3 40 2
0 25 47 1
0 1 17 2
0 4 99 2
0 8 91 2
0 7 100 2
0 2 91 1
0 11 64 1
0 10 10 1
0 6 10 1
0 8 7 2
0 25 99 1
0 12 26 3
0 11 40 1
0 5 83 1
0 3 52 3
0 6 17 2
0 19 92 1
0 1 69 2
0 4 8 2
0 2 26 1
0 2 48 3
0 2 99 2
0 23 70 1
0 1 29 1
0 7 32 1
0 21 4 3
0 1 64 2
0 14 39 2
0 4 57 2
0 1 44 2
0 7 15 2
0 2 26 3
0 5 37 3
0 14 15 2
0 17 74 2
0 20 1 1
0 18 95 2
0 2 33 2
0 7 24 2
0 2 22 1
0 2 2 1
0 8 20 2
0 9 21 2
0 15 61 2
0 5 27 2
0 9 73 3
0 19 59 2
0 6 84 1
0 12 89 2
0 15 71 1
0 5 93 1
0 1 48 1
0 22 22 2
0 11 21 1
0 8 87 1
0 3 73 3
0 19 7 2
0 3 65 1
0 16 53 2
0 8 93 1
0 10 48 1
0 11 26 3
0 12 51 1
0 19 38 2
0 10 97 1
0 2 55 1
0 14 44 3
0 2 56 2
0 2 53 1
0 11 71 2
0 1 7 3
0 10 37 1
0 5 31 3
0 4 54 3
0 12 51 2
0 7 42 2
0 16 59 2
0 1 1 2
0 15 85 1
0 10 52 1
0 6 57 2
0 5 80 3
0 4 85 1
0 8 65 1
0 17 87 1
0 8 76 3
0 8 15 3
0 16 27 2
0 5 47 1
0 3 81 2
0 8 50 1
0 17 39 3
0 13 94 3
0 9 18 2
0 8 26 1
0 3 4 1
0 9 50 2
0 2 76 1
0 3 34 2
0 4 27 3
0 5 100 3
0 1 1 3
0 9 78 1
0 14 6 2
0 7 87 1
0 17 95 2
0 7 35 1
0 2 91 3
0 4 76 1
0 1 48 1
0 5 3 3
0 2 25 1
0 9 31 2
0 23 63 3
0 16 32 3
0 19 42 1
0 3 43 3
0 8 73 3
0 1 16 3
0 1 70 3
0 13 89 1
0 8 34 1
0 6 70 3
0 13 25 1
0 18 63 3
0 11 40 3
0 9 8 1
0 21 39 3
0 12 77 1
0 6 24 3
0 3 15 3
0 21 75 1
0 10 78 1
0 12 15 3
0 11 89 2
0 20 56 1
0 2 47 2
0 6 65 2
0 7 67 2
0 4 96 1
0 25 72 1
0 2 58 2
0 9 29 2
0 9 92 2
0 18 33 1
0 4 47 2
0 4 82 1
0 15 59 1
0 10 98 3
0 12 49 2
0 10 100 2
0 18 80 3
0 3 16 1
0 2 96 1
0 9 99 2
0 8 5 3
0 6 98 1
0 17 26 1
0 1 70 3
0 11 79 3
0 3 88 2
0 3 56 3
0 1 51 2
0 8 2 2
0 3 96 3
0 20 20 2
0 2 32 2
0 3 25 3
0 16 82 2
0 20 71 3
0 6 66 2
0 3 27 3
0 16 91 1
0 11 15 2
0 2 73 2
0 3 7 3
0 1 40 3
0 4 89 2
0 9 71 3
0 2 76 2
0 3 53 1
0 15 58 2
0 1 8 3
0 24 14 1
0 18 84 1
0 7 78 3
0 1 99 1
0 3 16 3
0 9 35 1
0 14 25 2
0 1 51 1
0 3 36 1
0 5 67 2
0 1 7 3
0 1 89 3
0 9 27 3
0 11 8 1
0 8 67 2
0 3 57 1
0 12 29 1
0 5 15 2
0 5 22 1
0 9 36 2
0 4 12 1
0 20 61 1
0 1 12 2
0 6 28 2
0 23 30 3
0 10 57 3
0 21 53 3
0 15 43 1
0 6 49 3
0 2 46 1
0 3 44 3
0 5 19 1
0 16 10 1
0 2 70 1
0 10 47 2
0 3 9 3
0 9 82 1
0 13 4 2
0 16 64 2
0 7 17 1
0 3 14 1
0 9 91 1
0 5 100 1
0 2 15 3
0 2 90 1
0 9 91 2
0 5 69 2
0 5 5 1
0 7 99 3
0 2 66 1
0 3 36 3
0 5 18 2
0 25 60 1
0 4 27 1
0 13 6 1
0 2 66 3
0 8 54 2
0 15 62 1
0 8 79 1
0 5 88 2
0 7 72 1
0 9 39 1
0 5 81 2
0 13 52 3
0 5 60 2
0 10 43 3
0 2 17 2
0 1 84 1
0 7 29 2
0 3 10 1
1 5 1 1
1 8 70 3
1 3 28 1
1 2 87 1
1 6 60 2
1 19 3 1
1 2 7 2
1 9 58 1
1 11 8 2
1 6 27 1
1 2 87 3
1 20 18 2
1 20 72 1
1 18 76 2
1 12 76 2
1 13 1 1
1 8 46 2
1 20 72 3
1 3 57 3
1 5 100 1
1 4 66 1
1 2 38 1
1 8 54 1
1 16 57 1
1 5 66 3
1 3 72 3
1 2 16 2
1 23 64 2
1 7 49 2
1 17 88 1
1 6 88 3
1 1 89 3
1 23 57 1
1 2 81 2
1 25 65 1
1 16 37 1
1 5 10 2
1 14 18 1
1 18 15 1
1 4 46 1
1 4 72 1
1 10 41 2
1 3 80 2
1 22 59 3
1 19 35 1
1 6 39 2
1 16 39 3
1 2 24 1
1 4 26 2
1 1 38 1
1 1 75 1
1 8 95 2
1 3 13 1
1 16 91 1
1 19 50 2
1 5 46 3
1 24 65 1
1 12 17 3
1 8 35 1
1 7 13 3
1 5 15 2
1 4 54 1
1 6 71 3
1 1 42 2
1 24 97 3
1 8 27 3
1 5 54 1
1 10 67 1
1 1 78 3
1 18 79 3
1 22 21 2
1 6 94 3
1 25 51 3
1 10 56 2
1 11 34 3
1 12 15 1
1 10 47 2
1 16 92 3
1 10 82 3
1 10 13 3
1 8 62 1
1 9 28 2
1 20 50 2
1 19 75 1
1 12 63 3
1 4 90 3
1 12 59 2
1 2 37 1
1 12 74 2
1 6 54 2
1 4 85 2
1 11 2 2
1 6 72 3
1 11 76 2
1 11 83 2
1 8 19 3
1 4 60 1
1 6 67 3
1 12 73 3
1 18 52 3
0 17815 7706 20833 10306 10497 9970 16160 9628 9668 10704 5624 11773 15407 14842 9168 12042 9852 8577 4165 9894 4513 3654 14332 10515 4455 11580 18776 11839 11591 18537 14837 14816 18078 19141 17842 14390 15039 12051 17104 14194 10808 7073 11890 2409 18279 10043 18803 12261 14375 5010 13538 18970 5402 12874 11991 7956 8886 6213 17837 14022 18805 3983 11671 3323 10518 17321 7792 19387 3679 13578 14135 9296 16693 4446 20338 7095 19596 12209 13707 18517 14690 5380 19822 12874 6435 9699 5447 11102 15772 16167 2603 12737 17455 12357 10446 17627 13794 19501 17863 6851
17815 0 10427 3908 10304 13804 10157 7366 10652 13703 9358 18932 12275 2460 8480 9831 13708 8252 9438 13660 8250 16201 14565 9543 11347 14716 15913 8346 6591 15443 1201 13593 3146 1138 9873 10445 10559 3746 14726 10829 9272 9565 16477 6116 15551 6358 7779 5975 11937 12304 13124 11310 2834 13270 12643 6189 12217 15638 12018 2274 9054 7393 14336 6155 16458 7710 8987 11873 11347 14249 12642 8478 13647 4683 15860 2576 15710 4564 15364 4425 10674 8021 17792 9218 12777 11488 12246 14058 7944 6275 7249 15993 6841 5487 5614 8460 1086 6208 6693 5848 14347
7706 10427 0 13176 6990 9828 3273 11021 6556 5835 3630 10665 9800 8162 10318 5075 7587 3943 1006 3874 2222 5886 4198 10395 4740 6159 8709 13643 4141 8399 11303 12941 7698 10536 14521 13738 10980 7366 11569 13323 7318 6925 9526 5193 5317 10693 3167 11169 6712 8703 2750 10675 11304 2863 10914 4345 6348 10014 1594 10906 9853 13318 3939 4363 6035 2831 12703 2536 15304 4649 8202 7006 5525 9002 5524 13000 8915 11890 8750 6113 14361 7442 9670 14799 10994 1367 8014 3788 5856 8207 8751 6570 5104 11488 5527 5398 10090 6150 13648 11977 4690
20833 3908 13176 0 14138 17687 12026 11089 14445 15143 11160 22509 16181 6129 12322 13501 14530 11748 12261 16760 10958 18593 17371 13408 12794 18150 16845 11613 9048 16367 4243 17444 6857 3048 13149 13971 14418 5811 18633 14463 9703 13409 20195 9664 18476 5059 11017 4345 12780 12477 15925 15201 1877 15876 16546 8845 15923 19460 14747 5772 12937 10601 17102 9300 19046 10345 12552 14072 14667 17423 13053 9056 15185 4849 18288 3251 19430 2307 16137 7137 14105 8433 21376 12293 16681 14400 16088 16485 11714 6516 7065 19259 8590 8994 9164 12181 3465 7630 9641 9252 16408
10306 10304 6990 14138 0 3705 9864 5996 678 12825 9810 9183 2913 8022 4555 1915 14486 3668 6534 6848 6944 11413 8712 4051 11522 5977 15697 8525 7917 15388 10481 5953 7295 11095 8836 7592 4289 9564 5113 6933 12933 753 6364 4905 8906 14152 5058 14284 13370 15123 7863 3748 12611 8725 3955 7501 2483 5334 7615 9253 3716 8672 8729 6144 10889 7231 7016 9505 9165 6887 14803 12319 12509 11957 11043 12324 5614 13974 15728 8134 8265 12459 8074 9537 4047 6631 1952 9859 2516 12185 13138 7782 9576 7707 5316 2292 10698 10223 9532 8017 11309
10497 13804 9828 17687 3705 0 12981 8189 3684 15492 13071 7355 1917 11622 6512 5182 17407 7202 9631 8256 10307 12931 10186 5484 14554 6162 18308 10196 11505 18059 13842 4375 10902 14664 9941 8341 4955 13268 1779 7434 16407 4356 4264 8609 9905 17855 8566 17988 16494 18381 9810 3838 16230 10791 2624 11129 3528 2414 9976 12493 5577 10672 10323 9807 12120 10684 8420 12173 9685 7928 17968 15841 15140 15662 12599 15631 3767 17640 18477 11837 8970 16030 6458 10953 2575 9067 1906 11855 6216 15857 16789 7928 13153 10338 9019 5975 14285 13859 11760 10516 13512
9970 10157 3273 12026 9864 12981 0 12810 9531 3697 868 13721 12758 8370 12466 7985 4703 6353 3360 6774 3116 6725 6327 12774 1696 9313 6359 15264 3720 5953 11239 15772 8164 9907 16361 15848 13502 6509 14688 15582 4274 9647 12778 6648 7603 8508 5087 9119 3520 5439 5124 13378 10183 4568 13818 4269 9559 13281 4042 11286 12187 14750 5992 5229 7403 3176 14642 2237 17350 7571 4987 4166 3562 7318 6468 12663 12180 10303 6136 5817 16418 4733 12783 16421 13911 4464 11120 4763 8196 6037 6260 9427 3452 12718 6758 7913 9509 4401 14820 13229 4386
16160 7366 11021 11089 5996 8189 12810 0 6650 16396 12359 15016 6301 6252 1678 7027 17410 7121 10162 12361 9754 16511 14025 2773 14463 11943 19162 2671 9458 18762 6850 6501 5816 8478 3553 3314 3629 8987 8446 3500 14253 5388 12023 6162 14493 13230 7949 13035 15883 17083 12877 4662 10192 13529 6150 8862 8479 10513 12226 5322 2614 2676 13954 7625 16231 9636 1905 13422 4633 12580 17072 13468 16173 11132 16131 8312 11329 11899 18929 8194 3751 13303 13946 3803 6276 11306 7382 14624 5319 12176 13259 13709 10821 2318 6083 5923 8263 10905 3609 2370 15710
9628 10652 6556 14445 678 3684 9531 6650 0 12377 9531 8624 3246 8316 5229 1555 14106 3522 6177 6197 6701 10792 8076 4725 11166 5306 15244 9195 7823 14948 10892 6411 7588 11397 9514 8263 4929 9681 5243 7592 12763 1298 5885 5021 8242 14228 4896 14396 13049 14854 7270 4321 12870 8153 4361 7445 1845 5028 7082 9713 4394 9326 8104 6136 10244 7039 7694 9045 9833 6218 14498 12178 12053 12053 10424 12747 5124 14179 15306 8220 8936 12353 7504 10212 4439 6102 1799 9284 2734 12184 13108 7106 9473 8306 5466 2354 10989 10176 10166 8630 10770
9668 13703 5835 15143 12825 15492 3697 16396 12377 0 4388 14532 15613 12037 15926 10910 2376 9615 6422 7902 6642 5350 6552 16123 2375 10656 2874 18900 7407 2574 14823 18774 11855 13340 19947 19339 16766 9980 17261 19006 5889 12747 14358 10248 7704 10940 8505 11652 2982 4884 6043 16503 13376 5078 16738 7964 11964 15296 5546 14952 15557 18416 6234 8892 6441 6819 18192 3338 20871 8600 4017 6284 389 10300 5295 16147 13897 13183 2996 9458 19933 6948 13793 20060 16816 6426 13751 4405 11528 8727 8544 10106 6867 16402 10401 11145 12970 7634 18511 16912 2817
10704 9358 3630 11160 9810 13071 868 12359 9531 4388 0 14248 12721 7652 12117 7976 5052 6204 3473 7339 2888 7578 7052 12497 2145 9777 6906 14755 3052 6475 10457 15652 7493 9074 15901 15464 13269 5680 14744 15246 3698 9530 13143 6224 8317 7680 4866 8278 3628 5322 5783 13216 9320 5310 13746 3632 9726 13524 4645 10565 11899 14200 6722 4735 8227 2777 14217 3060 16940 8134 5006 3469 4299 6451 7314 11845 12516 9437 6586 5070 16017 3991 13277 15906 13845 4926 11186 5586 7969 5196 5472 10022 2598 12139 6277 7751 8682 3534 14214 12651 5254
5624 18932 10665 22509 9183 7355 13721 15016 8624 14532 14248 0 9168 16489 13410 9118 16872 10761 11167 6954 12406 9895 7980 12547 14756 4555 16816 17318 14258 16753 19339 11525 15787 19507 17228 15668 12207 17074 8335 14777 17944 9907 3096 12858 6876 21115 11617 21488 16697 18831 8730 11130 20769 9567 9977 14174 6836 5022 9692 18265 12470 17650 8300 13322 8727 13005 15604 11891 17039 6163 18137 17670 14143 19178 9731 21208 3709 21792 17334 15585 16308 18104 1140 18174 9921 9326 7638 10128 11101 18706 19357 4433 15598 16880 13361 10520 19068 16585 18617 17168 11809
11773 12275 9800 16181 2913 1917 12758 6301 3246 15613 12721 9168 0 10224 4623 4775 17351 6572 9413 8982 9857 13681 10922 3573 14404 7327 18475 8281 10772 18185 12214 3261 9522 13199 8068 6502 3056 12137 2462 5623 15824 3315 6074 7572 10850 16760 7959 16827 16271 18036 10306 1962 14819 11238 1173 10326 4050 4317 10248 10813 3703 8758 11004 8937 12995 10137 6510 12277 7907 8809 17709 15194 15284 14546 13327 13960 5494 16309 18550 10778 7147 15309 8211 9054 1224 9282 2124 12352 5173 14924 15909 9170 12431 8493 7918 5122 12844 13026 9854 8646 13909
15407 2460 8162 6129 8022 11622 8370 6252 8316 12037 7652 16489 10224 0 6963 7408 12400 5792 7159 11244 6060 14014 12232 7902 9758 12256 14477 7955 4657 14024 3153 11928 728 3081 9371 9548 8916 2823 12686 9728 8456 7303 14085 3657 13175 7012 5364 6885 10688 11451 10804 9509 4609 11024 10730 4150 9815 13335 9738 2917 7346 7164 12019 3812 14190 5585 8094 9843 10716 11816 11625 7643 11928 4882 13662 4932 13318 6097 14034 2601 9914 7348 15350 9008 10863 9144 9974 11880 5584 5993 7073 13542 5390 5035 3154 6062 2676 5096 6861 5518 12336
14842 8480 10318 12322 4555 6512 12466 1678 5229 15926 12117 13410 4623 6963 0 5859 17146 6377 9548 11199 9353 15540 12955 1141 14153 10531 18753 3980 9398 18377 8135 5122 6398 9542 4359 3422 2108 9503 6802 3131 14398 4041 10392 5924 13312 13961 7425 13847 15719 17093 11904 3043 11250 12635 4519 8823 7013 8845 11375 6632 947 4240 12917 7471 15163 9343 2506 12806 4986 11342 16994 13645 15673 11791 15160 9727 9711 12903 18598 8488 4043 13560 12356 4983 4648 10417 5774 13755 4464 12640 13712 12335 10899 3918 5984 4976 9271 11143 5263 4031 14973
9168 9831 5075 13501 1915 5182 7985 7027 1555 10910 7976 9118 4775 7408 5859 0 12583 2058 4638 5351 5151 9726 7101 5627 9629 5183 13783 9679 6346 13473 10223 7868 6694 10466 10218 9143 6047 8436 6788 8580 11229 1948 6699 3866 7475 12902 3390 13116 11500 13299 6114 5627 11839 6923 5857 6007 2433 6219 5758 9196 5173 9647 7075 4765 9307 5504 8364 7593 10731 5555 12946 10659 10596 10762 9349 12092 5935 13045 13814 6946 9804 10855 7978 10767 5944 4773 3276 8058 2042 10776 11669 6811 7984 8318 4354 1416 10038 8730 10335 8709 9449
12042 13708 7587 14530 14486 17407 4703 17410 14106 2376 5052 16872 17351 12400 17146 12583 0 11045 7954 10145 7814 7681 8897 17476 3007 12893 2321 19784 8021 1845 14884 20425 12356 13160 20949 20509 18204 9977 19154 20270 4841 14314 16572 11274 10069 9891 9790 10643 1780 2821 8280 18059 12892 7351 18439 8617 13902 17397 7632 15252 16887 19199 8573 9785 8797 7809 19269 5307 21991 10872 1925 5479 2756 9729 7649 15990 16074 12396 1657 9808 21066 6097 16107 20930 18527 8420 15601 6761 12898 8017 7555 12441 7012 17112 11328 12604 12843 7502 19144 17623 5192
9852 8252 3943 11748 3668 7202 6353 7121 3522 9615 6204 10761 6572 5792 6377 2058 11045 0 3196 5726 3316 9442 7110 6508 8043 6464 12472 9771 4304 12121 8812 9449 5124 8756 10591 9798 7173 6457 8746 9407 9267 3328 8589 2136 7807 10864 1389 11099 9809 11490 5842 7028 10017 6424 7557 3950 4399 8257 5110 7999 5946 9525 6987 2729 9274 3565 8765 6434 11361 6183 11210 8665 9342 8744 9062 10662 7838 11125 12395 4956 10418 8831 9629 10919 7660 4212 5302 7508 1922 8719 9614 7803 5952 7847 2637 1560 8314 6676 9985 8307 8617
8577 9438 1006 12261 6534 9631 3360 10162 6177 6422 3473 11167 9413 7159 9548 4638 7954 3196 0 4597 1327 6889 5147 9703 4992 6616 9285 12760 3281 8941 10303 12471 6692 9575 13686 12970 10348 6462 11330 12600 7038 6372 9772 4229 6215 10008 2233 10443 6880 8753 3698 10128 10395 3868 10488 3416 6253 10060 2582 9901 9142 12402 4904 3357 7033 1956 11886 3267 14522 5334 8343 6628 6146 8217 6528 12009 9115 11055 9239 5160 13580 6995 10128 13920 10578 2143 7763 4783 5115 7557 8191 7248 4441 10539 4543 4724 9127 5453 12698 11032 5585
4165 13660 3874 16760 6848 8256 6774 12361 6197 7902 7339 6954 8982 11244 11199 5351 10145 5726 4597 0 5922 4705 1944 10871 7827 2755 10500 15022 7874 10339 14372 12233 10651 13953 15557 14415 11126 11004 10014 13780 11021 7192 6459 7731 2134 14561 5882 15022 9792 11915 1865 10457 14912 2828 10153 7956 4934 7549 2738 13685 10470 14948 2067 7531 4051 6551 13706 4975 15997 797 11256 10795 7517 12814 4360 16176 6030 15643 10854 9624 15084 11269 6057 16116 10190 2509 6873 3727 7131 12079 12618 2700 8971 13462 8195 6486 13501 10010 15554 13893 5468
9894 8250 2222 10958 6944 10307 3116 9754 6701 6642 2888 12406 9857 6060 9353 5151 7814 3316 1327 5922 0 7964 6420 9663 4809 7851 9421 12267 1955 9034 9170 12764 5667 8321 13307 12744 10406 5150 11939 12467 6119 6643 10856 3610 7521 8723 1986 9139 6504 8182 4971 10330 9088 5023 10866 2123 7095 10978 3810 8890 9073 11816 6161 2381 8216 630 11561 3876 14257 6652 7894 5613 6427 6897 7618 10826 10170 9728 9245 3896 13322 5905 11347 13428 10967 3466 8406 5825 5099 6300 6993 8561 3203 9855 3801 4862 7877 4180 11996 10360 6348
4513 16201 5886 18593 11413 12931 6725 16511 10792 5350 7578 9895 13681 14014 15540 9726 7681 9442 6889 4705 7964 0 2761 15350 6706 6999 7068 19179 9666 7090 17134 16936 13576 16189 19880 18867 15700 12859 14672 18297 10581 11656 10544 11029 3223 15218 8990 15841 8176 10206 3640 15099 16723 3055 14853 10017 9637 11980 4391 16790 14897 18966 2690 10239 1192 8491 18027 4543 20455 5018 9358 10710 5008 14005 381 18776 10299 16992 7714 11797 19526 11335 9390 20313 14892 5231 11576 2143 11194 12760 12918 5750 10036 17250 11392 10606 15756 11054 19402 17723 2636
3654 14565 4198 17371 8712 10186 6327 14025 8076 6552 7052 7980 10922 12232 12955 7101 8897 7110 5147 1944 6420 2761 0 12697 6995 4403 8932 16696 8328 8828 15385 14175 11706 14721 17312 16232 13000 11561 11936 15628 10574 9001 8074 8930 1280 14637 6939 15173 8845 10984 1450 12366 15498 1767 12093 8542 6876 9353 2629 14853 12268 16555 343 8425 2209 7027 15457 4189 17818 2331 10240 10490 6163 13099 2417 17128 7739 16031 9388 10304 16896 11039 7264 17812 12132 3090 8815 2151 8723 12129 12513 3558 9120 14953 9350 8103 14274 10177 17082 15407 3868
14332 9543 10395 13408 4051 5484 12774 2773 4725 16123 12497 12547 3573 7902 1141 5627 17476 6508 9703 10871 9663 15350 12697 0 14470 9944 18977 4772 9924 18620 9243 4056 7296 10584 4829 3545 1020 10330 5675 2957 14994 3697 9491 6423 12949 14856 7689 14778 16121 17596 11740 1903 12284 12532 3384 9369 6400 7858 11321 7750 612 5189 12688 7976 14892 9724 3078 12919 5126 10937 17443 14263 15849 12664 14974 10857 8839 13913 18877 9221 4216 14223 11522 5653 3512 10343 4955 13663 4598 13416 14477 11779 11485 5051 6563 4998 10296 11815 6283 5142 14978
10515 11347 4740 12794 11522 14554 1696 14463 11166 2375 2145 14756 14404 9758 14153 9629 3007 8043 4992 7827 4809 6706 6995 14470 0 10496 4761 16885 5195 4331 12478 17445 9626 10966 18011 17527 15197 7615 16280 17272 3886 11325 14077 8307 8264 8753 6783 9438 1996 4091 6027 15064 11013 5258 15477 5777 11088 14720 5127 12663 13881 16341 6653 6852 7597 4832 16307 2866 19021 8605 3489 4110 2390 7962 6530 13777 13520 10879 4466 7162 18092 4765 13883 18038 15568 5757 12715 5080 9891 6441 6376 10363 4506 14283 8391 9603 10599 5259 16359 14795 4104
4455 14716 6159 18150 5977 6162 9313 11943 5306 10656 9777 4555 7327 12256 10531 5183 12893 6464 6616 2755 7851 6999 4403 9944 10496 0 13230 14501 9713 13081 15245 10438 11583 15196 14770 13425 9952 12597 7820 12667 13472 6556 3712 8600 3827 16565 7159 16948 12480 14586 4618 9084 16368 5580 8441 9651 3543 4981 5369 14319 9672 14615 4635 8878 6063 8453 12974 7678 14957 2096 13957 13161 10271 14649 6708 17105 3336 17315 13604 11124 14098 13576 3517 15510 8448 4857 5244 6422 7221 14151 14807 1855 11044 13454 9101 6579 14749 12031 15407 13820 8174
11580 15913 8709 16845 15697 18308 6359 19162 15244 2874 6906 16816 18475 14477 18753 13783 2321 12472 9285 10500 9421 7068 8932 18977 4761 13230 0 21622 9954 479 17076 21645 14374 15410 22715 22158 19632 12168 20082 21846 7162 15621 16941 13000 9943 12204 11329 12957 4071 4903 8682 19377 15194 7687 19605 10538 14780 18000 8333 17364 18407 21095 8649 11585 8257 9534 20982 6199 23677 11140 4069 7790 3192 12034 7152 18242 16529 14717 923 11875 22742 8415 16177 22778 19681 9248 16592 6818 14379 10331 9875 12460 9129 19043 13117 14009 15080 9710 21119 19555 5069
18776 8346 13643 11613 8525 10196 15264 2671 9195 18900 14755 17318 8281 7955 3980 9679 19784 9771 12760 15022 12267 19179 16696 4772 16885 14501 21622 0 11769 21209 7497 7475 7703 9480 1540 2679 5262 10778 10076 3504 16320 7971 14263 8657 17151 14615 10533 14299 18195 19244 15546 6393 11123 16189 7819 11172 10991 12596 14881 6078 4884 1020 16626 10037 18902 12093 1805 16006 3054 15223 19308 15515 18694 12673 18798 8483 13610 12868 21341 10248 2582 15272 16286 1162 7925 13967 9705 17279 7989 13937 15012 16293 13000 2945 8507 8595 9383 12938 2188 2514 18330
11839 6591 4141 9048 7917 11505 3720 9458 7823 7407 3052 14258 10772 4657 9398 6346 8021 4304 3281 7874 1955 9666 8328 9924 5195 9713 9954 11769 0 9519 7611 13419 4449 6523 12969 12652 10785 3239 13026 12520 5110 7461 12536 3501 9457 6863 2966 7235 6434 7694 6885 10911 7172 6842 11672 598 8557 12461 5701 7573 9313 11179 8055 1949 10027 1325 11345 5281 14079 8598 7623 4434 7282 4960 9339 9151 11821 7773 9602 2169 13171 4542 13179 12912 11785 5418 9606 7528 5665 4525 5345 10501 1659 9102 3421 5651 6091 2415 11165 9614 7759
11591 15443 8399 16367 15388 18059 5953 18762 14948 2574 6475 16753 18185 14024 18377 13473 1845 12121 8941 10339 9034 7090 8828 18620 4331 13081 479 21209 9519 0 16608 21340 13929 14936 22314 21776 19288 11700 19830 21477 6685 15295 16793 12600 9877 11733 10956 12486 3592 4474 8503 19053 14715 7515 19308 10105 14530 17808 8096 16907 18046 20672 8535 11171 8271 9128 20589 5912 23290 10999 3626 7312 2919 11556 7148 17767 16364 14240 645 11423 22356 7937 16087 22364 19387 8992 16324 6694 14021 9852 9400 12373 8668 18614 12706 13663 14607 9239 20684 19126 4960
18537 1201 11303 4243 10481 13842 11239 6850 10892 14823 10457 19339 12214 3153 8135 10223 14884 8812 10303 14372 9170 17134 15385 9243 12478 15245 17076 7497 7611 16608 0 13250 3722 2146 9037 9756 10241 4909 14633 10224 10473 9730 16768 6690 16322 7428 8502 6988 13117 13505 13957 11080 3653 14162 12472 7167 12547 15797 12884 1529 8806 6509 15171 6963 17336 8662 8323 12879 10538 14923 13839 9678 14755 5856 16786 1869 16003 5391 16540 5447 9924 9222 18199 8290 12606 12296 12392 14995 8252 7470 8433 16610 7977 4768 6203 8819 2239 7383 5698 5059 15365
14837 13593 12941 17444 5953 4375 15772 6501 6411 18774 15652 11525 3261 11928 5122 7868 20425 9449 12471 12233 12764 16936 14175 4056 17445 10438 21645 7475 13419 21340 13250 0 11298 14640 6676 4993 3036 14247 3223 4048 18527 6128 8504 10000 14062 18826 10800 18782 19254 20921 13565 2522 16340 14492 2089 12913 7299 6511 13477 11739 4584 8261 14262 11496 16229 12965 5733 15449 5944 12032 20659 17845 18455 16618 16584 14798 8098 17965 21681 13037 5474 17881 10728 7868 2044 12503 5361 15609 7767 17251 18289 12249 15050 8805 10244 7906 14351 15512 9492 8768 17152
14816 3146 7698 6857 7295 10902 8164 5816 7588 11855 7493 15787 9522 728 6398 6694 12356 5124 6692 10651 5667 13576 11706 7296 9626 11583 14374 7703 4449 13929 3722 11298 0 3809 9067 9128 8304 3171 11983 9252 8620 6578 13364 2989 12614 7566 4791 7486 10679 11571 10291 8857 5328 10560 10052 3897 9095 12607 9255 3223 6727 6975 11505 3337 13704 5240 7693 9507 10362 11202 11689 7814 11725 5393 13218 5549 12597 6788 13973 2582 9530 7575 14647 8792 10184 8617 9247 11453 4857 6360 7444 12903 5390 4844 2493 5340 3404 5238 6798 5345 11996
18078 1138 10536 3048 11095 14664 9907 8478 11397 13340 9074 19507 13199 3081 9542 10466 13160 8756 9575 13953 8321 16189 14721 10584 10966 15196 15410 9480 6523 14936 2146 14640 3809 0 11009 11579 11604 3398 15658 11951 8573 10370 17155 6649 15765 5284 8120 4865 11381 11579 13272 12318 1716 13332 13620 6205 12883 16414 12128 3404 10079 8522 14473 6427 16526 7741 10119 11762 12485 14583 11977 7803 13315 3779 15861 2832 16389 3431 14814 4425 11811 7294 18371 10341 13754 11680 13046 14050 8666 5460 6370 16379 6492 6625 6147 9136 452 5726 7794 6985 14200
19141 9873 14521 13149 8836 9941 16361 3553 9514 19947 15901 17228 8068 9371 4359 10218 20949 10591 13686 15557 13307 19880 17312 4829 18011 14770 22715 1540 12969 22314 9037 6676 9067 11009 0 1688 5022 12188 9557 2643 17651 8381 14138 9715 17666 16117 11485 15814 19403 20536 16241 6109 12658 16945 7409 12372 11227 12354 15665 7610 5122 2548 17269 11166 19520 13186 1855 16951 1523 15684 20562 16853 19722 14146 19500 10006 13534 14403 22477 11570 1273 16640 16244 1233 7497 14722 9742 18057 8724 15364 16444 16601 14275 4428 9623 9282 10902 14276 3624 4028 19205
17842 10445 13738 13971 7592 8341 15848 3314 8263 19339 15464 15668 6502 9548 3422 9143 20509 9798 12970 14415 12744 18867 16232 3545 17527 13425 22158 2679 12652 21776 9756 4993 9128 11579 1688 0 3510 12299 7884 956 17533 7231 12572 9242 16494 16489 10835 16258 19040 20322 15244 4541 13276 16007 5772 12063 9889 10747 14766 8254 3971 3634 16216 10763 18431 12701 1467 16228 1588 14479 20274 16754 19089 14419 18490 10951 11992 15009 21984 11493 675 16605 14709 2878 5853 13799 8289 17133 7882 15489 16573 15272 14074 4990 9237 8374 11410 14200 4856 4723 18384
14390 10559 10980 14418 4289 4955 13502 3629 4929 16766 13269 12207 3056 8916 2108 6047 18204 7173 10348 11126 10406 15700 13000 1020 15197 9952 19632 5262 10785 19288 10241 3036 8304 11604 5022 3510 0 11316 4884 2715 15878 4104 9118 7294 13156 15858 8421 15789 16896 18426 12131 1131 13304 12966 2589 10244 6437 7367 11801 8740 1579 5823 13018 8837 15173 10509 3470 13515 5008 11119 18243 15159 16478 13661 15329 11831 8513 14933 19568 10176 4176 15141 11225 5999 2705 10817 4781 14101 5308 14382 15437 11805 12372 5943 7469 5624 11316 12740 6983 5984 15485
15039 3746 7366 5811 9564 13268 6509 8987 9681 9980 5680 17074 12137 2823 9503 8436 9977 6457 6462 11004 5150 12859 11561 10330 7615 12597 12168 10778 3239 11700 4909 14247 3171 3398 12188 12299 11316 0 14558 12415 5719 8934 15044 4665 12671 4625 5457 4721 8215 8747 10115 11752 3938 10078 12819 3051 10844 14643 8937 5380 9739 9981 11291 3766 13259 4535 10860 8390 13514 11694 9001 4906 9940 2409 12541 6172 14295 4720 11633 1503 12694 4557 15962 11828 12946 8604 11460 10732 7054 3191 4275 13565 3114 7856 4251 7328 3002 2479 9623 8335 10811
12051 14726 11569 18633 5113 1779 14688 8446 5243 17261 14744 8335 2462 12686 6802 6788 19154 8746 11330 10014 11939 14672 11936 5675 16280 7820 20082 10076 13026 19830 14633 3223 11983 15658 9557 7884 4884 14558 0 6932 18004 5650 5372 9950 11608 19176 10130 19260 18206 20063 11587 3790 17281 12569 2301 12614 5302 3361 11752 13208 5949 10699 12081 11252 13834 12282 8271 13937 9039 9658 19673 17411 16911 16966 14345 16354 5060 18769 20243 13174 8450 17566 7590 10674 2180 10837 3568 13630 7537 17281 18245 9527 14683 10720 10320 7401 15305 15335 11867 10816 15290
17104 10829 13323 14463 6933 7434 15582 3500 7592 19006 15246 14777 5623 9728 3131 8580 20270 9407 12600 13780 12467 18297 15628 2957 17272 12667 21846 3504 12520 21477 10224 4048 9252 11951 2643 956 2715 12415 6932 0 17488 6641 11680 9053 15834 16724 10521 16535 18850 20213 14694 3675 13661 15489 4845 11940 9149 9832 14276 8702 3471 4394 15628 10598 17815 12470 1952 15837 2300 13804 20123 16724 18742 14610 17922 11524 11116 15379 21710 11510 1538 16612 13834 3820 4922 13300 7481 16621 7486 15591 16672 14520 13999 5476 9101 7928 11751 14196 5633 5280 17927
14194 9272 7318 9703 12933 16407 4274 14253 12763 5889 3698 17944 15824 8456 14398 11229 4841 9267 7038 11021 6119 10581 10574 14994 3886 13472 7162 16320 5110 6685 10473 18527 8620 8573 17651 17533 15878 5719 18004 17488 0 12528 16796 8584 11854 5104 7879 5841 3138 3037 9398 16021 8116 8808 16757 5635 13206 17069 8303 11094 14382 15589 10235 7047 11429 5725 16158 6402 18879 11818 3413 814 6052 4957 10390 11369 16150 7555 6435 6082 18004 1293 16974 17413 16868 8624 14502 8844 10767 3217 2727 13691 3509 13456 8435 10711 8310 3382 15313 13951 7990
10808 9565 6925 13409 753 4356 9647 5388 1298 12747 9530 9907 3315 7303 4041 1948 14314 3328 6372 7192 6643 11656 9001 3697 11325 6556 15621 7971 7461 15295 9730 6128 6578 10370 8381 7231 4104 8934 5650 6641 12528 0 7112 4301 9290 13541 4697 13650 13126 14816 8056 3758 11901 8871 4238 7012 3141 6077 7698 8500 3278 8059 8992 5625 11199 6875 6539 9459 8817 7304 14535 11887 12446 11337 11281 11571 6360 13288 15608 7529 7897 11995 8792 9015 4345 6713 2681 10005 1888 11634 12607 8327 9118 7008 4685 1817 9977 9714 8877 7334 11383
7073 16477 9526 20195 6364 4264 12778 12023 5885 14358 13143 3096 6074 14085 10392 6699 16572 8589 9772 6459 10856 10544 8074 9491 14077 3712 16941 14263 12536 16793 16768 8504 13364 17155 14138 12572 9118 15044 5372 11680 16796 7112 0 10561 7321 19352 9672 19641 16072 18149 8316 8036 18537 9288 6888 12341 4272 2010 8978 15596 9446 14630 8325 11290 9506 11398 12532 11311 13944 5802 17560 16399 13974 17292 10286 18627 767 19710 17313 13542 13212 16745 2225 15098 6836 8336 4652 10129 8537 17060 17831 4843 14034 13973 11052 8024 16731 14941 15632 14232 11882
11890 6116 5193 9664 4905 8609 6648 6162 5021 10248 6224 12858 7572 3657 5924 3866 11274 2136 4229 7731 3610 11029 8930 6423 8307 8600 13000 8657 3501 12600 6690 10000 2989 6649 9715 9242 7294 4665 9950 9053 8584 4301 10561 0 9751 9248 2040 9385 9804 11185 7564 7480 7976 7975 8361 2949 6299 10013 6640 5957 5812 8223 8761 1555 11018 3476 8000 7397 10718 8248 11070 7870 10037 7053 10658 8533 9799 9191 12773 3231 9793 7882 11722 9818 8482 5879 6795 8971 2413 7354 8352 9920 5079 6314 504 2667 6212 5517 8472 6810 9799
2409 15551 5317 18476 8906 9905 7603 14493 8242 7704 8317 6876 10850 13175 13312 7475 10069 7807 6215 2134 7521 3223 1280 12949 8264 3827 9943 17151 9457 9877 16322 14062 12614 15765 17666 16494 13156 12671 11608 15834 11854 9290 7321 9751 0 15871 7824 16394 10093 12228 2602 12431 16608 3047 12007 9631 6821 8792 3805 15706 12565 17082 1621 9396 2237 8141 15818 5468 18070 2048 11470 11763 7318 14289 2974 18097 7088 17200 10459 11368 17165 12307 6254 18242 12032 4086 8725 3314 9262 13364 13770 2555 10328 15584 10197 8619 15315 11385 17683 16019 4941
18279 6358 10693 5059 14152 17855 8508 13230 14228 10940 7680 21115 16760 7012 13961 12902 9891 10864 10008 14561 8723 15218 14637 14856 8753 16565 12204 14615 6863 11733 7428 18826 7566 5284 16117 16489 15858 4625 19176 16724 5104 13541 19352 9248 15871 0 9684 762 8236 7571 13276 16347 4007 12941 17439 7012 15255 19119 12080 8611 14279 13698 14320 8138 15906 8114 15023 10738 17546 15322 8236 4661 11066 2218 14972 7577 18624 2753 11421 6018 16802 3998 20040 15542 17568 12053 16020 13266 11655 2507 2396 17243 5590 11689 8858 11888 5278 4556 13049 12101 12751
10043 7779 3167 11017 5058 8566 5087 7949 4896 8505 4866 11617 7959 5364 7425 3390 9790 1389 2233 5882 1986 8990 6939 7689 6783 7159 11329 10533 2966 10956 8502 10800 4791 8120 11485 10835 8421 5457 10130 10521 7879 4697 9672 2040 7824 9684 0 9972 8488 10123 5549 8352 9216 5936 8934 2682 5606 9505 4601 7914 7104 10170 6755 1721 8996 2179 9703 5476 12368 6475 9867 7283 8259 7627 8618 10296 8940 10175 11194 3970 11429 7465 10505 11694 9039 3863 6662 6934 3113 7451 8307 8259 4594 8322 2420 2895 7669 5369 10481 8811 7817
18803 5975 11169 4345 14284 17988 9119 13035 14396 11652 8278 21488 16827 6885 13847 13116 10643 11099 10443 15022 9139 15841 15173 14778 9438 16948 12957 14299 7235 12486 6988 18782 7486 4865 15814 16258 15789 4721 19260 16535 5841 13650 19641 9385 16394 762 9972 0 8978 8333 13794 16325 3447 13497 17462 7329 15498 19334 12593 8248 14213 13361 14862 8371 16501 8519 14791 11338 17264 15773 8997 5368 11769 2355 15587 6993 18904 2041 12178 6179 16546 4703 20402 15192 17592 12520 16178 13862 11774 3083 3119 17690 6073 11394 8970 12045 4918 5021 12659 11788 13403
12261 11937 6712 12780 13370 16494 3520 15883 13049 2982 3628 16697 16271 10688 15719 11500 1780 9809 6880 9792 6504 8176 8845 16121 1996 12480 4071 18195 6434 3592 13117 19254 10679 11381 19403 19040 16896 8215 18206 18850 3138 13126 16072 9804 10093 8236 8488 8978 0 2140 7970 16833 11123 7149 17320 7032 13050 16709 7112 13517 15522 17576 8505 8278 9184 6397 17762 4817 20493 10563 1494 3724 3243 7963 8062 14210 15516 10675 3434 8111 19578 4358 15845 19333 17416 7754 14638 6821 11595 6264 5865 12284 5300 15472 9811 11363 11065 5736 17476 15982 5546
14375 12304 8703 12477 15123 18381 5439 17083 14854 4884 5322 18831 18036 11451 17093 13299 2821 11490 8753 11915 8182 10206 10984 17596 4091 14586 4903 19244 7694 4474 13505 20921 11571 11579 20536 20322 18426 8747 20063 20213 3037 14816 18149 11185 12228 7571 10123 8333 2140 0 10102 18455 11006 9289 19046 8272 14991 18716 9217 14126 16987 18545 10644 9630 11252 7957 18983 6944 21715 12691 900 3845 5204 7888 10118 14353 17576 10235 4023 9000 20822 4288 17971 20353 19148 9815 16502 8946 13178 6148 5419 14422 6264 16414 11112 13017 11330 6355 18312 16915 7600
5010 13124 2750 15925 7863 9810 5124 12877 7270 6043 5783 8730 10306 10804 11904 6114 8280 5842 3698 1865 4971 3640 1450 11740 6027 4618 8682 15546 6885 8503 13957 13565 10291 13272 16241 15244 12131 10115 11587 14694 9398 8056 8316 7564 2602 13276 5549 13794 7970 10102 0 11591 14052 999 11476 7093 6341 9321 1203 13456 11274 15352 1215 6993 3456 5580 14388 3162 16832 2604 9422 9249 5659 11688 3260 15689 7863 14607 9007 8854 15899 9770 7881 16677 11529 1686 8258 2053 7558 10770 11203 4342 7726 13682 7968 6967 12825 8783 15825 14146 3716
13538 11310 10675 15201 3748 3838 13378 4662 4321 16503 13216 11130 1962 9509 3043 5627 18059 7028 10128 10457 10330 15099 12366 1903 15064 9084 19377 6393 10911 19053 11080 2522 8857 12318 6109 4541 1131 11752 3790 3675 16021 3758 8036 7480 12431 16347 8352 16325 16833 18455 11591 0 13998 12468 1489 10399 5631 6251 11363 9605 2274 6945 12409 8983 14506 10500 4600 13206 5969 10384 18219 15332 16199 14134 14733 12729 7452 15585 19366 10522 5190 15362 10169 7117 1614 10377 3849 13600 5279 14735 15770 10939 12537 6953 7722 5470 12005 12991 8093 7031 15056
18970 2834 11304 1877 12611 16230 10183 10192 12870 13376 9320 20769 14819 4609 11250 11839 12892 10017 10395 14912 9088 16723 15498 12284 11013 16368 15194 11123 7172 14715 3653 16340 5328 1716 12658 13276 13304 3938 17281 13661 8116 11901 18537 7976 16608 4007 9216 3447 11123 11006 14052 13998 0 13999 15279 6980 14271 17898 12873 5053 11770 10147 15227 7495 17169 8472 11819 12207 14146 15585 11514 7418 13401 3165 16416 3571 17774 1745 14522 5294 13493 6826 19641 11941 15413 12536 14562 14612 10137 4899 5607 17434 6738 8305 7486 10562 1993 5801 9349 8646 14559
5402 13270 2863 15876 8725 10791 4568 13529 8153 5078 5310 9567 11238 11024 12635 6923 7351 6424 3868 2828 5023 3055 1767 12532 5258 5580 7687 16189 6842 7515 14162 14492 10560 13332 16945 16007 12966 10078 12569 15489 8808 8871 9288 7975 3047 12941 5936 13497 7149 9289 999 12468 13999 0 12406 7128 7306 10319 1337 13764 12045 15945 1427 7226 3194 5592 15099 2426 17592 3525 8574 8733 4692 11479 2683 15845 8849 14437 8026 8911 16655 9290 8763 17331 12462 2225 9211 1135 8227 10435 10781 5140 7480 14203 8342 7666 12891 8534 16358 14680 2724
12874 12643 10914 16546 3955 2624 13818 6150 4361 16738 13746 9977 1173 10730 4519 5857 18439 7557 10488 10153 10866 14853 12093 3384 15477 8441 19605 7819 11672 19308 12472 2089 10052 13620 7409 5772 2589 12819 2301 4845 16757 4238 6888 8361 12007 17439 8934 17462 17320 19046 11476 1489 15279 12406 0 11199 5219 4995 11403 11017 3699 8411 12177 9792 14160 11112 6016 13406 7071 9969 18746 16105 16414 15221 14500 14154 6378 16826 19663 11515 6383 16188 9080 8478 135 10433 3286 13521 6014 15703 16711 10274 13323 8435 8665 6053 13289 13865 9571 8520 15071
11991 6189 4345 8845 7501 11129 4269 8862 7445 7964 3632 14174 10326 4150 8823 6007 8617 3950 3416 7956 2123 10017 8542 9369 5777 9651 10538 11172 598 10105 7167 12913 3897 6205 12372 12063 10244 3051 12614 11940 5635 7012 12341 2949 9631 7012 2682 7329 7032 8272 7093 10399 6980 7128 11199 0 8284 12178 5932 7055 8758 10585 8284 1417 10321 1536 10751 5714 13485 8654 8215 4933 7828 5005 9681 8761 11614 7709 10194 1784 12579 4989 13080 12315 11314 5556 9239 7875 5184 4776 5665 10537 2138 8511 2840 5217 5764 2731 10582 9023 8204
7956 12217 6348 15923 2483 3528 9559 8479 1845 11964 9726 6836 4050 9815 7013 2433 13902 4399 6253 4934 7095 9637 6876 6400 11088 3543 14780 10991 8557 14530 12547 7299 9095 12883 11227 9889 6437 10844 5302 9149 13206 3141 4272 6299 6821 15255 5606 15498 13050 14991 6341 5631 14271 7306 5219 8284 0 3906 6449 11435 6138 11155 6968 7127 8947 7555 9436 8649 11431 4774 14535 12706 11611 13143 9287 14413 3507 15473 14951 9346 10563 12968 5706 11982 5256 5539 1940 8393 4296 13057 13902 5383 10145 10147 6785 3757 12458 10970 12009 10475 10017
8886 15638 10014 19460 5334 2414 13281 10513 5028 15296 13524 5022 4317 13335 8845 6219 17397 8257 10060 7549 10978 11980 9353 7858 14720 4981 18000 12596 12461 17808 15797 6511 12607 16414 12354 10747 7367 14643 3361 9832 17069 6077 2010 10013 8792 19119 9505 19334 16709 18716 9321 6251 17898 10319 4995 12178 3906 0 9773 14524 7900 13045 9558 10981 11024 11453 10827 12090 12065 7022 18203 16591 14922 16981 11687 17627 1791 19196 18287 13159 11370 16866 4231 13366 4929 8990 3406 11275 7761 16953 17806 6476 14051 12593 10474 7359 16010 14873 14107 12804 13010
6213 12018 1594 14747 7615 9976 4042 12226 7082 5546 4645 9692 10248 9738 11375 5758 7632 5110 2582 2738 3810 4391 2629 11321 5127 5369 8333 14881 5701 8096 12884 13477 9255 12128 15665 14766 11801 8937 11752 14276 8303 7698 8978 6640 3805 12080 4601 12593 7112 9217 1203 11363 12873 1337 11403 5932 6449 9773 0 12450 10817 14622 2355 5929 4453 4408 13823 2336 16348 3532 8593 8113 5182 10486 4018 14590 8453 13408 8542 7704 15408 8616 8779 16027 11469 986 8291 2398 6941 9575 10026 5388 6524 12869 7011 6400 11683 7581 15025 13346 3694
17837 2274 10906 5772 9253 12493 11286 5322 9713 14952 10565 18265 10813 2917 6632 9196 15252 7999 9901 13685 8890 16790 14853 7750 12663 14319 17364 6078 7573 16907 1529 11739 3223 3404 7610 8254 8740 5380 13208 8702 11094 8500 15596 5957 15706 8611 7914 8248 13517 14126 13456 9605 5053 13764 11017 7055 11435 14524 12450 0 7332 5119 14666 6554 16889 8452 6812 12720 9093 14179 14373 10283 14845 6819 16429 3148 14837 6797 16896 5502 8446 9901 17129 6945 11151 11774 11124 14671 7172 8292 9319 15781 8245 3266 5511 7780 3335 7826 4448 3593 15211
14022 9054 9853 12937 3716 5577 12187 2614 4394 15557 11899 12470 3703 7346 947 5173 16887 5946 9142 10470 9073 14897 12268 612 13881 9672 18407 4884 9313 18046 8806 4584 6727 10079 5122 3971 1579 9739 5949 3471 14382 3278 9446 5812 12565 14279 7104 14213 15522 16987 11274 2274 11770 12045 3699 8758 6138 7900 10817 7332 0 5184 12248 7365 14470 9124 3303 12370 5559 10570 16839 13651 15287 12082 14519 10461 8769 13383 18296 8616 4630 13613 11421 5844 3832 9845 4837 13174 4029 12816 13875 11492 10873 4796 5951 4457 9779 11205 6209 4944 14460
18805 7393 13318 10601 8672 10672 14750 2676 9326 18416 14200 17650 8758 7164 4240 9647 19199 9525 12402 14948 11816 18966 16555 5189 16341 14615 21095 1020 11179 20672 6509 8261 6975 8522 2548 3634 5823 9981 10699 4394 15589 8059 14630 8223 17082 13698 10170 13361 17576 18545 15352 6945 10147 15945 8411 10585 11155 13045 14622 5119 5184 0 16465 9525 18751 11597 2530 15616 4069 15201 18645 14779 18226 11797 18586 7463 13952 11891 20778 9548 3592 14509 16592 1857 8525 13737 10013 17014 7836 13112 14180 16372 12333 2133 8021 8468 8443 12209 1241 1646 17987
3983 14336 3939 17102 8729 10323 5992 13954 8104 6234 6722 8300 11004 12019 12917 7075 8573 6987 4904 2067 6161 2690 343 12688 6653 4635 8649 16626 8055 8535 15171 14262 11505 14473 17269 16216 13018 11291 12081 15628 10235 8992 8325 8761 1621 14320 6755 14862 8505 10644 1215 12409 15227 1427 12177 8284 6968 9558 2355 14666 12248 16465 0 8208 2289 6762 15415 3847 17803 2544 9903 10156 5846 12801 2327 16903 7969 15739 9089 10051 16878 10707 7568 17747 12219 2892 8908 1844 8642 11813 12187 3872 8815 14834 9172 8031 14027 9872 16969 15292 3580
11671 6155 4363 9300 6144 9807 5229 7625 6136 8892 4735 13322 8937 3812 7471 4765 9785 2729 3357 7531 2381 10239 8425 7976 6852 8878 11585 10037 1949 11171 6963 11496 3337 6427 11166 10763 8837 3766 11252 10598 7047 5625 11290 1555 9396 8138 1721 8371 8278 9630 6993 8983 7495 7226 9792 1417 7127 10981 5929 6554 7365 9525 8208 0 10382 2075 9490 6256 12218 8155 9525 6350 8709 6016 9881 8706 10546 8474 11315 2267 11301 6398 12205 11193 9908 5340 7935 8118 3778 6050 6994 9965 3555 7519 1542 3852 5975 4090 9646 8027 8727
3323 16458 6035 19046 10889 12120 7403 16231 10244 6441 8227 8727 12995 14190 15163 9307 8797 9274 7033 4051 8216 1192 2209 14892 7597 6063 8257 18902 10027 8271 17336 16229 13704 16526 19520 18431 15173 13259 13834 17815 11429 11199 9506 11018 2237 15906 8996 16501 9184 11252 3456 14506 17169 3194 14160 10321 8947 11024 4453 16889 14470 18751 2289 10382 0 8785 17666 5169 20016 4204 10421 11494 6084 14570 1148 19032 9307 17547 8891 12104 19096 12099 8256 20020 14191 5139 10874 2641 10924 13420 13656 4673 10572 17121 11416 10308 16085 11614 19258 17580 3653
10518 7710 2831 10345 7231 10684 3176 9636 7039 6819 2777 13005 10137 5585 9343 5504 7809 3565 1956 6551 630 8491 7027 9724 4832 8453 9534 12093 1325 9128 8662 12965 5240 7741 13186 12701 10509 4535 12282 12470 5725 6875 11398 3476 8141 8114 2179 8519 6397 7957 5580 10500 8472 5592 11112 1536 7555 11453 4408 8452 9124 11597 6762 2075 8785 0 11475 4268 14189 7280 7735 5167 6634 6270 8151 10286 10701 9099 9298 3320 13262 5413 11940 13251 11218 4094 8778 6348 5227 5708 6434 9188 2637 9593 3587 5066 7300 3583 11717 10102 6759
17321 8987 12703 12552 7016 8420 14642 1905 7694 18192 14217 15604 6510 8094 2506 8364 19269 8765 11886 13706 11561 18027 15457 3078 16307 12974 20982 1805 11345 20589 8323 5733 7693 10119 1855 1467 3470 10860 8271 1952 16158 6539 12532 8000 15818 15023 9703 14791 17762 18983 14388 4600 11819 15099 6016 10751 9436 10827 13823 6812 3303 2530 15415 9490 17666 11475 0 15152 2734 13843 18964 15373 17957 12960 17647 9579 11896 13550 20772 10097 1847 15205 14590 2576 6121 12876 8032 16213 6884 14051 15135 14794 12723 3558 7951 7434 9946 12809 3765 3334 17382
7792 11873 2536 14072 9505 12173 2237 13422 9045 3338 3060 11891 12277 9843 12806 7593 5307 6434 3267 4975 3876 4543 4189 12919 2866 7678 6199 16006 5281 5912 12879 15449 9507 11762 16951 16228 13515 8390 13937 15837 6402 9459 11311 7397 5468 10738 5476 11338 4817 6944 3162 13206 12207 2426 13406 5714 8649 12090 2336 12720 12370 15616 3847 6256 5169 4268 15152 0 17784 5747 6283 6375 3008 9462 4265 14431 10789 12449 6306 7449 16842 6959 11028 17167 13482 3124 10417 2528 8355 8255 8497 7497 5496 13699 7645 7921 11341 6511 15849 14200 2493
19387 11347 15304 14667 9165 9685 17350 4633 9833 20871 16940 17039 7907 10716 4986 10731 21991 11361 14522 15997 14257 20455 17818 5126 19021 14957 23677 3054 14079 23290 10538 5944 10362 12485 1523 1588 5008 13514 9039 2300 18879 8817 13944 10718 18070 17546 12368 17264 20493 21715 16832 5969 14146 17592 7071 13485 11431 12065 16348 9093 5559 4069 17803 12218 20016 14189 2734 17784 0 16051 21698 18090 20627 15539 20078 11529 13395 15891 23484 12807 943 17907 16111 2600 7136 15383 9781 18718 9450 16702 17785 16808 15453 5871 10681 9953 12362 15520 5138 5501 19958
3679 14249 4649 17423 6887 7928 7571 12580 6218 8600 8134 6163 8809 11816 11342 5555 10872 6183 5334 797 6652 5018 2331 10937 8605 2096 11140 15223 8598 10999 14923 12032 11202 14583 15684 14479 11119 11694 9658 13804 11818 7304 5802 8248 2048 15322 6475 15773 10563 12691 2604 10384 15585 3525 9969 8654 4774 7022 3532 14179 10570 15201 2544 8155 4204 7280 13843 5747 16051 0 12022 11589 8213 13549 4701 16744 5427 16356 11529 10291 15152 12059 5281 16297 9997 3282 6685 4327 7442 12847 13399 1922 9734 13796 8724 6788 14131 10768 15859 14211 6080
13578 12642 8202 13053 14803 17968 4987 17072 14498 4017 5006 18137 17709 11625 16994 12946 1925 11210 8343 11256 7894 9358 10240 17443 3489 13957 4069 19308 7623 3626 13839 20659 11689 11977 20562 20274 18243 9001 19673 20123 3413 14535 17560 11070 11470 8236 9867 8997 1494 900 9422 18219 11514 8574 18746 8215 14535 18203 8593 14373 16839 18645 9903 9525 10421 7735 18964 6283 21698 12022 0 4175 4350 8364 9281 14781 17008 10846 3220 9107 20794 4705 17302 20432 18843 9246 16106 8170 12959 6619 5993 13715 6313 16523 11038 12756 11702 6550 18471 17029 6769
14135 8478 7006 9056 12319 15841 4166 13468 12178 6284 3469 17670 15194 7643 13645 10659 5479 8665 6628 10795 5613 10710 10490 14263 4110 13161 7790 15515 4434 7312 9678 17845 7814 7803 16853 16754 15159 4906 17411 16724 814 11887 16399 7870 11763 4661 7283 5368 3724 3845 9249 15332 7418 8733 16105 4933 12706 16591 8113 10283 13651 14779 10156 6350 11494 5167 15373 6375 18090 11589 4175 0 6405 4253 10494 10611 15736 6967 7104 5286 17220 664 16675 16605 16218 8346 13935 8873 10099 2541 2270 13485 2795 12646 7700 10073 7528 2578 14499 13140 8170
9296 13647 5525 15185 12509 15140 3562 16173 12053 389 4299 14143 15284 11928 15673 10596 2756 9342 6146 7517 6427 5008 6163 15849 2390 10271 3192 18694 7282 2919 14755 18455 11725 13315 19722 19089 16478 9940 16911 18742 6052 12446 13974 10037 7318 11066 8259 11769 3243 5204 5659 16199 13401 4692 16414 7828 11611 14922 5182 14845 15287 18226 5846 8709 6084 6634 17957 3008 20627 8213 4350 6405 0 10351 4940 16112 13516 13258 3366 9362 19687 7069 13404 19855 16490 6073 13408 4017 11259 8810 8673 9717 6827 16226 10206 10863 12937 7632 18344 16736 2446
16693 4683 9002 4849 11957 15662 7318 11132 12053 10300 6451 19178 14546 4882 11791 10762 9729 8744 8217 12814 6897 14005 13099 12664 7962 14649 12034 12673 4960 11556 5856 16618 5393 3779 14146 14419 13661 2409 16966 14610 4957 11337 17292 7053 14289 2218 7627 2355 7963 7888 11688 14134 3165 11479 15221 5005 13143 16981 10486 6819 12082 11797 12801 6016 14570 6270 12960 9462 15539 13549 8364 4253 10351 0 13724 6479 16553 2988 11357 3833 14764 3665 18084 13653 15350 10330 13840 11952 9454 1745 2591 15457 4001 9729 6652 9706 3617 2957 11256 10170 11696
4446 15860 5524 18288 11043 12599 6468 16131 10424 5295 7314 9731 13327 13662 15160 9349 7649 9062 6528 4360 7618 381 2417 14974 6530 6708 7152 18798 9339 7148 16786 16584 13218 15861 19500 18490 15329 12541 14345 17922 10390 11281 10286 10658 2974 14972 8618 15587 8062 10118 3260 14733 16416 2683 14500 9681 9287 11687 4018 16429 14519 18586 2327 9881 1148 8151 17647 4265 20078 4701 9281 10494 4940 13724 0 18436 10021 16710 7764 11462 19148 11112 9190 19933 14540 4852 11226 1811 10813 12505 12687 5521 9745 16873 11023 10226 15427 10770 19025 17345 2519
20338 2576 13000 3251 12324 15631 12663 8312 12747 16147 11845 21208 13960 4932 9727 12092 15990 10662 12009 16176 10826 18776 17128 10857 13777 17105 18242 8483 9151 17767 1869 14798 5549 2832 10006 10951 11831 6172 16354 11524 11369 11571 18627 8533 18097 7577 10296 6993 14210 14353 15689 12729 3571 15845 14154 8761 14413 17627 14590 3148 10461 7463 16903 8706 19032 10286 9579 14431 11529 16744 14781 10611 16112 6479 18436 0 17863 5085 17644 6991 11024 10082 20068 9095 14287 14046 14222 16633 10119 8208 9046 18451 9285 6070 8041 10688 3179 8552 6440 6246 16897
7095 15710 8915 19430 5614 3767 12180 11329 5124 13897 12516 3709 5494 13318 9711 5935 16074 7838 9115 6030 10170 10299 7739 8839 13520 3336 16529 13610 11821 16364 16003 8098 12597 16389 13534 11992 8513 14295 5060 11116 16150 6360 767 9799 7088 18624 8940 18904 15516 17576 7863 7452 17774 8849 6378 11614 3507 1791 8453 14837 8769 13952 7969 10546 9307 10701 11896 10789 13395 5427 17008 15736 13516 16553 10021 17863 0 18954 16869 12793 12640 16069 2718 14468 6337 7764 3947 9741 7770 16347 17130 4708 13336 13249 10289 7257 15965 14231 14936 13518 11490
19596 4564 11890 2307 13974 17640 10303 11899 14179 13183 9437 21792 16309 6097 12903 13045 12396 11125 11055 15643 9728 16992 16031 13913 10879 17315 14717 12868 7773 14240 5391 17965 6788 3431 14403 15009 14933 4720 18769 15379 7555 13288 19710 9191 17200 2753 10175 2041 10675 10235 14607 15585 1745 14437 16826 7709 15473 19196 13408 6797 13383 11891 15739 8474 17547 9099 13550 12449 15891 16356 10846 6967 13258 2988 16710 5085 18954 0 13977 6208 15233 6320 20678 13681 16959 13190 15914 14934 11468 4458 4858 18245 6975 10045 8723 11838 3642 5940 11080 10390 14676
12209 15364 8750 16137 15728 18477 6136 18929 15306 2996 6586 17334 18550 14034 18598 13814 1657 12395 9239 10854 9245 7714 9388 18877 4466 13604 923 21341 9602 645 16540 21681 13973 14814 22477 21984 19568 11633 20243 21710 6435 15608 17313 12773 10459 11421 11194 12178 3434 4023 9007 19366 14522 8026 19663 10194 14951 18287 8542 16896 18296 20778 9089 11315 8891 9298 20772 6306 23484 11529 3220 7104 3366 11357 7764 17644 16869 13977 0 11438 22554 7709 16651 22492 19744 9415 16721 7245 14281 9635 9122 12941 8652 18703 12855 13947 14499 9158 20752 19215 5527
13707 4425 6113 7137 8134 11837 5817 8194 8220 9458 5070 15585 10778 2601 8488 6946 9808 4956 5160 9624 3896 11797 10304 9221 7162 11124 11875 10248 2169 11423 5447 13037 2582 4425 11570 11493 10176 1503 13174 11510 6082 7529 13542 3231 11368 6018 3970 6179 8111 9000 8854 10522 5294 8911 11515 1784 9346 13159 7704 5502 8616 9548 10051 2267 12104 3320 10097 7449 12807 10291 9107 5286 9362 3833 11462 6991 12793 6208 11438 0 11944 5112 14470 11353 11640 7283 10008 9655 5642 4214 5261 12142 2813 7420 2860 5874 3982 2713 9373 7924 9927
18517 10674 14361 14105 8265 8970 16418 3751 8936 19933 16017 16308 7147 9914 4043 9804 21066 10418 13580 15084 13322 19526 16896 4216 18092 14098 22742 2582 13171 22356 9924 5474 9530 11811 1273 675 4176 12694 8450 1538 18004 7897 13212 9793 17165 16802 11429 16546 19578 20822 15899 5190 13493 16655 6383 12579 10563 11370 15408 8446 4630 3592 16878 11301 19096 13262 1847 16842 943 15152 20794 17220 19687 14764 19148 11024 12640 15233 22554 11944 0 17051 15358 2506 6460 14444 8957 17780 8507 15885 16968 15946 14565 5188 9767 9012 11666 14656 4763 4866 19016
14690 8021 7442 8433 12459 16030 4733 13303 12353 6948 3991 18104 15309 7348 13560 10855 6097 8831 6995 11269 5905 11335 11039 14223 4765 13576 8415 15272 4542 7937 9222 17881 7575 7294 16640 16605 15141 4557 17566 16612 1293 11995 16745 7882 12307 3998 7465 4703 4358 4288 9770 15362 6826 9290 16188 4989 12968 16866 8616 9901 13613 14509 10707 6398 12099 5413 15205 6959 17907 12059 4705 664 7069 3665 11112 10082 16069 6320 7709 5112 17051 0 17093 16346 16304 8796 14127 9471 10174 1928 1610 13966 2883 12377 7673 10190 7041 2417 14179 12864 8810
5380 17792 9670 21376 8074 6458 12783 13946 7504 13793 13277 1140 8211 15350 12356 7978 16107 9629 10128 6057 11347 9390 7264 11522 13883 3517 16177 16286 13179 16087 18199 10728 14647 18371 16244 14709 11225 15962 7590 13834 16974 8792 2225 11722 6254 20040 10505 20402 15845 17971 7881 10169 19641 8763 9080 13080 5706 4231 8779 17129 11421 16592 7568 12205 8256 11940 14590 11028 16111 5281 17302 16675 13404 18084 9190 20068 2718 20678 16651 14470 15358 17093 0 17164 9034 8350 6585 9411 9963 17646 18318 3717 14546 15779 12225 9381 17932 15522 17541 16075 11128
19822 9218 14799 12293 9537 10953 16421 3803 10212 20060 15906 18174 9054 9008 4983 10767 20930 10919 13920 16116 13428 20313 17812 5653 18038 15510 22778 1162 12912 22364 8290 7868 8792 10341 1233 2878 5999 11828 10674 3820 17413 9015 15098 9818 18242 15542 11694 15192 19333 20353 16677 7117 11941 17331 8478 12315 11982 13366 16027 6945 5844 1857 17747 11193 20020 13251 2576 17167 2600 16297 20432 16605 19855 13653 19933 9095 14468 13681 22492 11353 2506 16346 17164 0 8573 15108 10608 18425 9120 14966 16035 17318 14120 3972 9665 9717 10277 14030 2655 3498 19488
12874 12777 10994 16681 4047 2575 13911 6276 4439 16816 13845 9921 1224 10863 4648 5944 18527 7660 10578 10190 10967 14892 12132 3512 15568 8448 19681 7925 11785 19387 12606 2044 10184 13754 7497 5853 2705 12946 2180 4922 16868 4345 6836 8482 12032 17568 9039 17592 17416 19148 11529 1614 15413 12462 135 11314 5256 4929 11469 11151 3832 8525 12219 9908 14191 11218 6121 13482 7136 9997 18843 16218 16490 15350 14540 14287 6337 16959 19744 11640 6460 16304 9034 8573 0 10500 3319 13575 6131 15826 16833 10276 13438 8563 8789 6162 13423 13984 9688 8645 15132
6435 11488 1367 14400 6631 9067 4464 11306 6102 6426 4926 9326 9282 9144 10417 4773 8420 4212 2143 2509 3466 5231 3090 10343 5757 4857 9248 13967 5418 8992 12296 12503 8617 11680 14722 13799 10817 8604 10837 13300 8624 6713 8336 5879 4086 12053 3863 12520 7754 9815 1686 10377 12536 2225 10433 5556 5539 8990 986 11774 9845 13737 2892 5340 5139 4094 12876 3124 15383 3282 9246 8346 6073 10330 4852 14046 7764 13190 9415 7283 14444 8796 8350 15108 10500 0 7349 3338 6002 9570 10118 5203 6463 12028 6282 5444 11230 7504 14177 12498 4680
9699 12246 8014 16088 1952 1906 11120 7382 1799 13751 11186 7638 2124 9974 5774 3276 15601 5302 7763 6873 8406 11576 8815 4955 12715 5244 16592 9705 9606 16324 12392 5361 9247 13046 9742 8289 4781 11460 3568 7481 14502 2681 4652 6795 8725 16020 6662 16178 14638 16502 8258 3849 14562 9211 3286 9239 1940 3406 8291 11124 4837 10013 8908 7935 10874 8778 8032 10417 9781 6685 16106 13935 13408 13840 11226 14222 3947 15914 16721 10008 8957 14127 6585 10608 3319 7349 0 10310 4446 13982 14903 7097 11251 9327 7227 4134 12650 11969 10989 9581 11909
5447 14058 3788 16485 9859 11855 4763 14624 9284 4405 5586 10128 12352 11880 13755 8058 6761 7508 4783 3727 5825 2143 2151 13663 5080 6422 6818 17279 7528 6694 14995 15609 11453 14050 18057 17133 14101 10732 13630 16621 8844 10005 10129 8971 3314 13266 6934 13862 6821 8946 2053 13600 14612 1135 13521 7875 8393 11275 2398 14671 13174 17014 1844 8118 2641 6348 16213 2528 18718 4327 8170 8873 4017 11952 1811 16633 9741 14934 7245 9655 17780 9471 9411 18425 13575 3338 10310 0 9334 10781 11020 5709 7961 15240 9314 8782 13617 8995 17398 15721 1753
11102 7944 5856 11714 2516 6216 8196 5319 2734 11528 7969 11101 5173 5584 4464 2042 12898 1922 5115 7131 5099 11194 8723 4598 9891 7221 14379 7989 5665 14021 8252 7767 4857 8666 8724 7882 5308 7054 7537 7486 10767 1888 8537 2413 9262 11655 3113 11774 11595 13178 7558 5279 10137 8227 6014 5184 4296 7761 6941 7172 4029 7836 8642 3778 10924 5227 6884 8355 9450 7442 12959 10099 11259 9454 10813 10119 7770 11468 14281 5642 8507 10174 9963 9120 6131 6002 4446 9334 0 9754 10737 8815 7312 6354 2804 657 8255 7861 8426 6771 10511
15772 6275 8207 6516 12185 15857 6037 12176 12184 8727 5196 18706 14924 5993 12640 10776 8017 8719 7557 12079 6300 12760 12129 13416 6441 14151 10331 13937 4525 9852 7470 17251 6360 5460 15364 15489 14382 3191 17281 15591 3217 11634 17060 7354 13364 2507 7451 3083 6264 6148 10770 14735 4899 10435 15703 4776 13057 16953 9575 8292 12816 13112 11813 6050 13420 5708 14051 8255 16702 12847 6619 2541 8810 1745 12505 8208 16347 4458 9635 4214 15885 1928 17646 14966 15826 9570 13982 10781 9754 0 1084 14769 3118 11001 7038 9894 5248 2127 12672 11468 10340
16167 7249 8751 7065 13138 16789 6260 13259 13108 8544 5472 19357 15909 7073 13712 11669 7555 9614 8191 12618 6993 12918 12513 14477 6376 14807 9875 15012 5345 9400 8433 18289 7444 6370 16444 16573 15437 4275 18245 16672 2727 12607 17831 8352 13770 2396 8307 3119 5865 5419 11203 15770 5607 10781 16711 5665 13902 17806 10026 9319 13875 14180 12187 6994 13656 6434 15135 8497 17785 13399 5993 2270 8673 2591 12687 9046 17130 4858 9122 5261 16968 1610 18318 16035 16833 10118 14903 11020 10737 1084 0 15317 3797 12074 8057 10846 6197 2939 13720 12537 10410
2603 15993 6570 19259 7782 7928 9427 13709 7106 10106 10022 4433 9170 13542 12335 6811 12441 7803 7248 2700 8561 5750 3558 11779 10363 1855 12460 16293 10501 12373 16610 12249 12903 16379 16601 15272 11805 13565 9527 14520 13691 8327 4843 9920 2555 17243 8259 17690 12284 14422 4342 10939 17434 5140 10274 10537 5383 6476 5388 15781 11492 16372 3872 9965 4673 9188 14794 7497 16808 1922 13715 13485 9717 15457 5521 18451 4708 18245 12941 12142 15946 13966 3717 17318 10276 5203 7097 5709 8815 14769 15317 0 11656 15128 10410 8161 15928 12688 17124 15513 7415
12737 6841 5104 8590 9576 13153 3452 10821 9473 6867 2598 15598 12431 5390 10899 7984 7012 5952 4441 8971 3203 10036 9120 11485 4506 11044 9129 13000 1659 8668 7977 15050 5390 6492 14275 14074 12372 3114 14683 13999 3509 9118 14034 5079 10328 5590 4594 6073 5300 6264 7726 12537 6738 7480 13323 2138 10145 14051 6524 8245 10873 12333 8815 3555 10572 2637 12723 5496 15453 9734 6313 2795 6827 4001 9745 9285 13336 6975 8652 2813 14565 2883 14546 14120 13438 6463 11251 7961 7312 3118 3797 11656 0 10213 4928 7310 6111 1058 12186 10720 7822
17455 5487 11488 8994 7707 10338 12718 2318 8306 16402 12139 16880 8493 5035 3918 8318 17112 7847 10539 13462 9855 17250 14953 5051 14283 13454 19043 2945 9102 18614 4768 8805 4844 6625 4428 4990 5943 7856 10720 5476 13456 7008 13973 6314 15584 11689 8322 11394 15472 16414 13682 6953 8305 14203 8435 8511 10147 12593 12869 3266 4796 2133 14834 7519 17121 9593 3558 13699 5871 13796 16523 12646 16226 9729 16873 6070 13249 10045 18703 7420 5188 12377 15779 3972 8563 12028 9327 15240 6354 11001 12074 15128 10213 0 6056 7009 6491 10076 2160 512 16113
12357 5614 5527 9164 5316 9019 6758 6083 5466 10401 6277 13361 7918 3154 5984 4354 11328 2637 4543 8195 3801 11392 9350 6563 8391 9101 13117 8507 3421 12706 6203 10244 2493 6147 9623 9237 7469 4251 10320 9101 8435 4685 11052 504 10197 8858 2420 8970 9811 11112 7968 7722 7486 8342 8665 2840 6785 10474 7011 5511 5951 8021 9172 1542 11416 3587 7951 7645 10681 8724 11038 7700 10206 6652 11023 8041 10289 8723 12855 2860 9767 7673 12225 9665 8789 6282 7227 9314 2804 7038 8057 10410 4928 6056 0 3117 5710 5278 8204 6560 10077
10446 8460 5398 12181 2292 5975 7913 5923 2354 11145 7751 10520 5122 6062 4976 1416 12604 1560 4724 6486 4862 10606 8103 4998 9603 6579 14009 8595 5651 13663 8819 7906 5340 9136 9282 8374 5624 7328 7401 7928 10711 1817 8024 2667 8619 11888 2895 12045 11363 13017 6967 5470 10562 7666 6053 5217 3757 7359 6400 7780 4457 8468 8031 3852 10308 5066 7434 7921 9953 6788 12756 10073 10863 9706 10226 10688 7257 11838 13947 5874 9012 10190 9381 9717 6162 5444 4134 8782 657 9894 10846 8161 7310 7009 3117 0 8717 7935 9075 7424 10011
17627 1086 10090 3465 10698 14285 9509 8263 10989 12970 8682 19068 12844 2676 9271 10038 12843 8314 9127 13501 7877 15756 14274 10296 10599 14749 15080 9383 6091 14607 2239 14351 3404 452 10902 11410 11316 3002 15305 11751 8310 9977 16731 6212 15315 5278 7669 4918 11065 11330 12825 12005 1993 12891 13289 5764 12458 16010 11683 3335 9779 8443 14027 5975 16085 7300 9946 11341 12362 14131 11702 7528 12937 3617 15427 3179 15965 3642 14499 3982 11666 7041 17932 10277 13423 11230 12650 13617 8255 5248 6197 15928 6111 6491 5710 8717 0 5378 7771 6874 13786
13794 6208 6150 7630 10223 13859 4401 10905 10176 7634 3534 16585 13026 5096 11143 8730 7502 6676 5453 10010 4180 11054 10177 11815 5259 12031 9710 12938 2415 9239 7383 15512 5238 5726 14276 14200 12740 2479 15335 14196 3382 9714 14941 5517 11385 4556 5369 5021 5736 6355 8783 12991 5801 8534 13865 2731 10970 14873 7581 7826 11205 12209 9872 4090 11614 3583 12809 6511 15520 10768 6550 2578 7632 2957 10770 8552 14231 5940 9158 2713 14656 2417 15522 14030 13984 7504 11969 8995 7861 2127 2939 12688 1058 10076 5278 7935 5378 0 11957 10572 8787
19501 6693 13648 9641 9532 11760 14820 3609 10166 18511 14214 18617 9854 6861 5263 10335 19144 9985 12698 15554 11996 19402 17082 6283 16359 15407 21119 2188 11165 20684 5698 9492 6798 7794 3624 4856 6983 9623 11867 5633 15313 8877 15632 8472 17683 13049 10481 12659 17476 18312 15825 8093 9349 16358 9571 10582 12009 14107 15025 4448 6209 1241 16969 9646 19258 11717 3765 15849 5138 15859 18471 14499 18344 11256 19025 6440 14936 11080 20752 9373 4763 14179 17541 2655 9688 14177 10989 17398 8426 12672 13720 17124 12186 2160 8204 9075 7771 11957 0 1680 18269
17863 5848 11977 9252 8017 10516 13229 2370 8630 16912 12651 17168 8646 5518 4031 8709 17623 8307 11032 13893 10360 17723 15407 5142 14795 13820 19555 2514 9614 19126 5059 8768 5345 6985 4028 4723 5984 8335 10816 5280 13951 7334 14232 6810 16019 12101 8811 11788 15982 16915 14146 7031 8646 14680 8520 9023 10475 12804 13346 3593 4944 1646 15292 8027 17580 10102 3334 14200 5501 14211 17029 13140 16736 10170 17345 6246 13518 10390 19215 7924 4866 12864 16075 3498 8645 12498 9581 15721 6771 11468 12537 15513 10720 512 6560 7424 6874 10572 1680 0 16609
6851 14347 4690 16408 11309 13512 4386 15710 10770 2817 5254 11809 13909 12336 14973 9449 5192 8617 5585 5468 6348 2636 3868 14978 4104 8174 5069 18330 7759 4960 15365 17152 11996 14200 19205 18384 15485 10811 15290 17927 7990 11383 11882 9799 4941 12751 7817 13403 5546 7600 3716 15056 14559 2724 15071 8204 10017 13010 3694 15211 14460 17987 3580 8727 3653 6759 17382 2493 19958 6080 6769 8170 2446 11696 2519 16897 11490 14676 5527 9927 19016 8810 11128 19488 15132 4680 11909 1753 10511 10340 10410 7415 7822 16113 10077 10011 13786 8787 18269 16609 0
1 10 6 6
2 6 4 9
3 6 12 5
4 9 6 6
5 11 10 5
6 8 10 4
7 9 10 8
8 6 14 9
9 15 8 5
10 6 6 4
11 11 11 5
12 11 12 3
13 8 11 6
14 7 9 6
15 9 9 6
16 10 6 5
17 10 6 2
18 9 4 4
19 13 10 8
20 8 9 8
21 8 7 6
22 9 11 7
23 13 2 5
24 11 4 11
25 7 6 5
26 9 4 4
27 10 5 5
28 12 8 5
29 11 11 6
30 6 7 6
31 8 8 1
32 13 5 4
33 8 9 7
34 10 6 5
35 8 7 4
36 9 11 5
37 7 3 8
38 12 10 5
39 11 5 2
40 10 15 9
41 17 13 4
42 11 5 6
43 12 7 3
44 6 7 9
45 9 8 5
46 11 9 3
47 10 3 6
48 13 9 6
49 13 7 6
50 8 4 7
51 12 7 5
52 9 6 6
53 8 10 5
54 9 3 3
55 9 7 9
56 4 10 6
57 6 10 5
58 4 3 7
59 10 6 5
60 12 11 2
61 10 6 2
62 7 8 7
63 9 11 4
64 15 6 5
65 7 10 9
66 7 7 5
67 7 6 8
68 10 10 7
69 10 10 5
70 12 15 5
71 13 4 6
72 9 12 3
73 8 9 3
74 8 6 5
75 10 6 9
76 10 5 4
77 10 8 6
78 8 11 7
79 8 9 1
80 10 10 8
81 8 7 4
82 16 10 2
83 9 20 8
84 10 9 5
85 13 11 7
86 9 8 6
87 9 4 6
88 11 7 4
89 10 10 4
90 13 13 7
91 7 7 3
92 10 6 5
93 6 11 4
94 8 9 4
95 13 5 6
96 6 6 6
97 6 5 9
98 12 9 8
99 8 6 8
100 12 12 8
