105 15 3
30 60 700 9.00
0 11 2 2
0 14 5 2
0 4 6 2
0 9 7 1
0 8 12 2
0 6 1 2
0 3 2 2
0 21 5 1
0 4 10 1
0 4 4 2
0 19 12 1
0 6 3 2
0 1 9 3
0 4 13 2
0 2 5 2
0 3 12 1
0 4 3 1
0 2 12 1
0 4 12 3
0 15 13 1
0 7 6 3
0 3 11 1
0 8 2 2
0 25 15 3
0 15 3 3
0 20 3 1
0 20 10 3
0 1 5 2
0 4 5 3
0 7 6 3
0 5 2 3
0 14 11 3
0 9 10 1
0 7 9 2
0 16 3 3
0 12 14 1
0 20 12 3
0 6 5 1
0 6 9 1
0 1 5 2
0 10 5 2
0 8 4 2
0 1 15 2
0 12 7 1
0 1 4 2
0 6 8 2
0 5 15 1
0 12 5 2
0 4 6 1
0 3 7 2
0 1 8 3
0 1 13 3
0 2 15 3
0 1 10 2
0 6 3 1
0 15 15 1
0 8 8 2
0 10 2 1
0 11 5 3
0 6 3 1
0 17 1 2
0 10 4 3
0 8 7 2
1 2 6 3
1 14 7 2
1 5 10 2
1 20 10 2
1 19 14 1
1 7 5 1
1 4 2 3
1 19 5 3
1 21 10 1
1 2 15 1
1 3 3 1
1 3 14 2
1 4 7 2
1 23 15 2
1 6 4 1
1 11 12 3
1 1 4 3
1 10 15 3
1 5 2 1
1 3 1 3
1 2 4 2
1 13 12 3
1 9 10 1
1 11 2 2
1 3 4 3
1 13 8 2
1 3 15 2
1 9 5 3
1 10 10 3
1 5 8 1
1 16 12 2
1 5 8 1
1 13 3 2
1 10 8 2
1 13 1 2
1 15 11 2
1 3 8 3
1 12 14 3
1 13 14 2
1 1 5 1
1 20 7 1
1 5 11 2
0 4983 5403 7084 7693 6280 8298 6178 12449 7382 2978 7506 12056 4118 6100 10824
4983 0 10381 10381 12253 1631 4194 7694 7495 12353 6932 2777 8853 7969 10889 10601
5403 10381 0 6915 3792 11603 13357 8677 17850 1990 4914 12813 16696 4525 2574 13598
7084 10381 6915 0 10707 12005 14491 3668 16539 8047 4107 13143 12588 9833 4680 7500
7693 12253 3792 10707 0 13116 14285 12265 19670 3305 8322 14223 19681 4474 6218 17230
6280 1631 11603 12005 13116 0 2590 9303 6585 13541 8478 1229 9386 8695 12318 11953
8298 4194 13357 14491 14285 2590 0 11886 6418 15208 10801 1851 11138 9817 14398 14431
6178 7694 8677 3668 12265 9303 11886 0 13069 10320 3998 10314 8977 9994 7209 4971
12449 7495 17850 16539 19670 6585 6418 13069 0 19831 13932 5604 7449 15274 18116 13289
7382 12353 1990 8047 3305 13541 15208 10320 19831 0 6759 14742 18593 5895 3367 15142
2978 6932 4914 4107 8322 8478 10801 3998 13932 6759 0 9686 11841 6146 4246 8963
7506 2777 12813 13143 14223 1229 1851 10314 5604 14742 9686 0 9376 9773 13547 12617
12056 8853 16696 12588 19681 9386 11138 8977 7449 18593 11841 9376 0 16025 15877 6772
4118 7969 4525 9833 4474 8695 9817 9994 15274 5895 6146 9773 16025 0 6722 14827
6100 10889 2574 4680 6218 12318 14398 7209 18116 3367 4246 13547 15877 6722 0 11887
10824 10601 13598 7500 17230 11953 14431 4971 13289 15142 8963 12617 6772 14827 11887 0
1 9 11 4
2 10 6 4
3 10 7 4
4 11 8 5
5 6 6 0
6 12 8 3
7 6 4 10
8 7 7 4
9 11 13 6
10 7 9 5
11 12 6 6
12 10 7 6
13 8 11 7
14 7 5 4
15 10 3 3
