900 100 3
30 60 700 9.00
0 4 50 2
0 9 16 3
0 18 25 1
0 5 22 2
0 21 73 2
0 3 4 2
0 2 16 2
0 6 23 2
0 14 41 2
0 8 39 2
0 1 30 1
0 4 66 2
0 6 71 3
0 5 11 3
0 4 84 2
0 1 96 1
0 11 42 1
0 1 49 2
0 16 50 3
0 12 84 1
0 2 26 2
0 8 31 2
0 5 35 3
0 1 34 3
0 5 64 1
0 13 88 1
0 3 64 2
0 4 66 2
0 5 92 1
0 8 69 2
0 3 77 3
0 1 91 1
0 6 73 2
0 4 64 1
0 2 24 3
0 15 6 3
0 23 45 3
0 4 61 3
0 20 28 1
0 2 64 1
0 3 21 2
0 25 32 3
0 11 96 1
0 5 39 1
0 2 20 2
0 5 10 2
0 11 99 1
0 3 83 1
0 1 50 3
0 7 4 2
0 6 46 3
0 13 22 1
0 16 33 1
0 19 13 2
0 7 100 1
0 2 73 1
0 6 64 3
0 1 6 1
0 3 55 3
0 1 30 1
0 3 40 1
0 7 28 3
0 7 39 2
0 1 43 2
0 2 25 3
0 6 85 3
0 1 84 1
0 5 46 1
0 8 62 2
0 14 11 1
0 2 53 2
0 5 82 1
0 3 95 1
0 8 32 2
0 5 41 3
0 7 8 1
0 5 41 3
0 10 52 2
0 2 53 2
0 5 75 2
0 17 51 2
0 1 46 2
0 15 85 2
0 15 15 3
0 3 49 3
0 4 49 1
0 2 29 2
0 8 26 2
0 18 59 1
0 5 71 3
0 3 89 2
0 14 70 3
0 13 23 3
0 5 44 2
0 1 92 3
0 11 18 2
0 12 23 1
0 1 64 3
0 1 26 3
0 4 15 2
0 8 32 2
0 6 93 1
0 3 75 3
0 10 38 1
0 2 99 2
0 3 6 1
0 5 90 1
0 6 49 2
0 12 18 2
0 11 69 2
0 1 29 1
0 24 36 2
0 12 56 3
0 17 31 3
0 12 88 2
0 5 13 3
0 15 10 2
0 16 91 1
0 14 90 3
0 23 63 3
0 1 77 1
0 1 21 2
0 9 93 2
0 5 30 2
0 12 87 2
0 2 66 3
0 12 35 1
0 1 17 3
0 13 17 3
0 2 5 2
0 17 3 1
0 14 12 3
0 1 37 1
0 12 88 2
0 11 2 2
0 8 54 3
0 4 29 3
0 5 99 2
0 20 71 3
0 7 88 2
0 9 68 1
0 20 61 3
0 9 61 2
0 23 2 3
0 9 20 3
0 17 70 2
0 13 47 3
0 1 27 3
0 14 77 1
0 6 14 2
0 18 44 3
0 2 42 3
0 1 29 2
0 4 78 2
0 14 92 3
0 13 86 2
0 6 69 3
0 8 47 2
0 2 30 1
0 9 24 1
0 18 5 1
0 1 47 1
0 5 59 3
0 14 21 1
0 20 74 1
0 1 28 3
0 1 3 3
0 3 89 3
0 3 47 2
0 8 51 2
0 8 42 1
0 11 66 1
0 8 84 1
0 5 43 2
0 8 3 3
0 1 56 2
0 14 48 3
0 6 6 1
0 5 77 1
0 7 31 1
0 1 29 2
0 10 3 1
0 15 56 1
0 5 8 1
0 6 20 3
0 1 91 2
0 12 78 2
0 2 44 1
0 8 53 2
0 6 67 2
0 8 49 1
0 11 33 2
0 5 85 1
0 1 87 3
0 7 5 2
0 6 81 1
0 18 53 3
0 12 71 1
0 5 8 2
0 5 94 2
0 8 31 2
0 7 19 3
0 3 78 3
0 3 56 1
0 1 15 3
0 23 93 2
0 1 1 1
0 3 26 3
0 2 29 2
0 21 5 1
0 12 98 2
0 20 67 3
0 4 98 3
0 9 50 1
0 4 31 3
0 3 95 2
0 15 89 2
0 4 4 2
0 4 51 3
0 3 23 1
0 2 75 3
0 7 25 2
0 13 56 3
0 4 35 3
0 1 16 1
0 20 18 3
0 6 17 2
0 13 52 1
0 14 64 1
0 2 16 1
0 3 68 1
0 1 86 2
0 3 81 3
0 17 65 1
0 19 86 1
0 7 41 3
0 22 9 3
0 2 98 2
0 2 17 1
0 3 2 3
0 2 98 2
0 7 78 3
0 4 92 2
0 21 50 1
0 13 82 2
0 6 4 3
0 13 51 3
0 4 76 1
0 13 70 1
0 7 9 2
0 10 91 1
0 9 90 1
0 13 82 2
0 4 19 3
0 14 92 3
0 7 27 1
0 24 12 3
0 2 47 3
0 19 27 2
0 9 70 3
0 21 98 1
0 7 32 1
0 20 55 1
0 5 98 3
0 3 94 2
0 3 50 2
0 9 16 3
0 9 80 1
0 8 59 3
0 3 27 2
0 3 87 2
0 2 97 1
0 13 43 2
0 2 71 3
0 7 57 3
0 2 77 1
0 23 69 1
0 11 72 3
0 6 64 2
0 8 69 3
0 8 32 3
0 5 100 3
0 5 35 3
0 3 55 1
0 3 93 3
0 17 6 3
0 22 83 1
0 3 58 1
0 4 23 1
0 20 44 1
0 22 47 3
0 9 8 3
0 21 32 2
0 11 23 1
0 9 11 3
0 24 31 1
0 2 43 1
0 16 78 1
0 2 21 1
0 11 63 2
0 17 19 2
0 3 36 3
0 6 55 1
0 2 70 3
0 9 28 2
0 5 45 1
0 11 58 3
0 10 43 2
0 7 68 2
0 16 95 3
0 15 31 1
0 4 72 2
0 3 46 2
0 25 73 1
0 8 91 3
0 21 20 2
0 7 86 1
0 2 89 2
0 6 63 3
0 9 79 1
0 13 33 2
0 13 95 2
0 2 3 3
0 4 11 1
0 7 68 3
0 1 93 2
0 1 13 1
0 24 8 1
0 2 17 1
0 4 15 3
0 17 52 1
0 12 16 1
0 7 69 2
0 10 32 3
0 10 12 2
0 4 78 1
0 5 12 1
0 1 44 2
0 5 84 1
0 1 38 2
0 9 34 3
0 12 2 1
0 2 48 1
0 3 52 1
0 2 92 2
0 6 93 1
0 16 63 3
0 15 66 2
0 2 30 3
0 4 62 3
0 6 8 1
0 13 83 1
0 16 27 2
0 5 13 3
0 20 44 1
0 12 82 3
0 20 45 3
0 5 87 1
0 4 25 1
0 2 80 2
0 11 95 3
0 13 69 2
0 3 44 2
0 5 47 1
0 2 77 1
0 13 74 1
0 11 100 2
0 12 83 3
0 1 61 1
0 9 78 2
0 24 18 3
0 2 60 2
0 3 16 3
0 15 2 3
0 11 63 1
0 1 22 1
0 10 65 2
0 21 66 2
0 15 38 2
0 8 92 2
0 24 18 3
0 2 57 1
0 4 64 2
0 2 86 2
0 14 32 3
0 12 81 2
0 1 72 3
0 12 58 2
0 20 84 2
0 1 86 3
0 9 75 2
0 4 20 2
0 8 24 3
0 18 48 3
0 4 93 3
0 10 50 1
0 7 55 1
0 9 61 2
0 21 27 2
0 22 95 1
0 1 55 1
0 10 45 2
0 9 75 2
0 4 18 1
0 4 56 1
0 9 37 3
0 6 44 3
0 7 95 3
0 4 94 2
0 10 3 1
0 23 36 2
0 17 49 3
0 21 73 3
0 4 57 2
0 6 55 3
0 15 87 3
0 14 88 2
0 7 74 2
0 4 72 1
0 7 17 1
0 19 2 1
0 5 39 3
0 2 79 2
0 6 53 2
0 1 56 2
0 8 1 1
0 6 72 2
0 12 18 3
0 23 90 2
0 2 72 3
0 13 40 3
0 16 39 1
0 5 4 1
0 11 51 1
0 1 46 2
0 9 99 1
0 1 85 2
0 10 60 1
0 18 17 2
0 2 75 1
0 16 92 3
0 1 28 3
0 7 66 1
0 9 15 3
0 4 65 1
0 4 10 3
0 1 35 1
0 3 50 3
0 13 17 1
0 9 81 3
0 17 43 1
0 13 2 1
0 1 46 3
0 5 20 3
0 3 82 1
0 6 60 1
0 11 54 1
0 2 24 2
0 14 25 2
0 5 33 1
0 5 25 3
0 15 62 3
0 8 1 1
0 10 62 2
0 5 29 1
0 3 26 3
0 10 9 2
0 1 80 2
0 3 23 2
0 21 1 3
0 11 71 1
0 5 10 3
0 8 67 1
0 5 29 3
0 13 35 2
0 6 39 1
0 15 77 3
0 2 11 2
0 13 52 3
0 12 42 2
0 8 39 3
0 3 30 2
0 7 4 1
0 8 51 3
0 4 13 1
0 25 21 1
0 10 7 1
0 9 32 2
0 4 37 3
0 16 3 2
0 8 37 2
0 19 18 3
0 18 31 1
0 3 57 1
0 5 46 2
0 8 48 2
0 9 61 1
0 2 38 3
0 7 100 1
0 5 62 1
0 2 62 1
0 18 23 2
0 1 88 3
0 15 63 1
0 6 12 3
0 1 78 2
0 12 97 3
0 1 26 2
0 19 78 3
0 13 72 2
0 11 81 3
0 2 97 2
0 24 97 3
0 3 57 1
0 3 64 2
0 2 100 2
0 1 30 2
0 4 80 3
0 1 57 1
0 19 43 3
0 5 70 1
0 3 55 2
0 15 85 2
0 13 34 3
0 6 92 3
0 2 80 2
0 9 17 1
0 7 90 1
0 3 60 3
0 5 100 3
0 6 30 2
0 1 88 1
0 14 54 2
0 9 71 3
0 9 29 2
0 19 98 2
0 15 24 1
0 9 67 1
0 20 77 2
0 6 49 2
1 12 100 1
1 1 78 3
1 3 86 3
1 21 26 2
1 2 33 1
1 17 15 2
1 6 2 1
1 2 83 3
1 2 61 1
1 6 29 3
1 10 75 1
1 1 8 2
1 5 56 2
1 2 42 1
1 5 33 2
1 2 3 3
1 11 31 2
1 20 55 1
1 4 5 2
1 2 61 1
1 4 22 1
1 8 47 2
1 7 59 1
1 22 83 3
1 25 37 1
1 2 31 2
1 3 78 2
1 9 32 3
1 2 50 1
1 9 99 1
1 8 49 3
1 9 66 2
1 2 7 1
1 4 29 2
1 2 92 1
1 11 80 3
1 6 44 2
1 4 25 1
1 12 68 3
1 2 87 3
1 5 40 1
1 4 63 1
1 6 22 3
1 24 47 2
1 3 7 1
1 2 50 3
1 3 17 1
1 7 29 3
1 16 9 1
1 6 2 1
1 2 7 2
1 4 18 1
1 9 48 3
1 6 42 3
1 13 62 1
1 1 61 2
1 9 48 3
1 19 59 2
1 7 76 3
1 2 37 1
1 5 60 1
1 22 54 3
1 2 35 2
1 7 55 2
1 1 65 2
1 18 15 3
1 2 30 2
1 22 37 1
1 6 3 2
1 4 54 1
1 1 93 2
1 1 7 1
1 4 22 1
1 3 74 3
1 2 19 2
1 23 57 2
1 7 86 1
1 12 44 1
1 4 51 3
1 5 30 1
1 17 25 2
1 15 71 1
1 5 62 2
1 22 60 2
1 7 82 3
1 1 87 2
1 3 69 1
1 6 48 3
1 6 9 1
1 20 15 3
1 22 82 2
1 12 6 2
1 1 52 2
1 2 66 3
1 5 35 1
1 1 63 3
1 3 82 3
1 3 83 1
1 4 38 3
1 4 31 1
1 9 34 3
1 2 10 3
1 21 75 1
1 24 75 3
1 3 42 3
1 20 24 3
1 3 63 3
1 15 59 1
1 15 56 1
1 7 23 2
1 2 84 3
1 7 25 1
1 16 93 3
1 23 68 2
1 1 9 3
1 7 11 1
1 3 89 2
1 2 89 1
1 2 47 1
1 6 80 2
1 1 44 3
1 5 91 1
1 1 55 1
1 14 35 1
1 7 1 2
1 14 52 1
1 9 22 3
1 10 55 3
1 8 43 3
1 22 74 3
1 5 3 3
1 4 49 3
1 6 48 1
1 5 28 2
1 1 72 2
1 9 11 1
1 15 97 3
1 3 71 1
1 4 9 2
1 5 38 3
1 9 38 1
1 7 72 2
1 2 96 2
1 3 48 1
1 3 26 1
1 19 34 1
1 11 84 2
1 8 44 3
1 14 22 2
1 12 58 1
1 2 2 1
1 1 33 1
1 17 46 1
1 8 62 2
1 14 9 3
1 10 39 1
1 10 21 3
1 11 82 3
1 5 19 1
1 10 39 2
1 7 4 1
1 12 55 1
1 2 24 3
1 4 48 1
1 13 25 2
1 2 31 3
1 5 86 2
1 19 79 1
1 3 49 2
1 4 67 1
1 12 45 3
1 2 12 3
1 12 41 1
1 9 52 2
1 21 76 2
1 8 73 3
1 18 1 1
1 7 85 2
1 2 61 1
1 18 71 2
1 2 4 1
1 9 98 1
1 1 50 1
1 3 48 2
1 7 6 2
1 3 20 2
1 5 82 1
1 25 82 3
1 5 55 3
1 5 63 1
1 7 54 1
1 4 21 3
1 2 26 1
1 7 5 2
1 4 50 3
1 1 64 1
1 7 75 3
1 4 95 1
1 5 10 2
1 12 19 1
1 6 65 3
1 4 92 1
1 9 6 3
1 8 42 1
1 21 80 2
1 13 38 3
1 7 23 2
1 13 40 3
1 18 83 3
1 3 77 2
1 17 47 3
1 3 96 2
1 11 68 1
1 3 7 2
1 12 27 2
1 10 29 2
1 16 73 1
1 4 100 2
1 11 2 3
1 1 89 3
1 7 32 1
1 6 37 1
1 6 38 3
1 3 1 1
1 9 31 3
1 18 90 3
1 4 84 3
1 4 73 1
1 8 78 3
1 4 14 3
1 11 41 1
1 5 44 2
1 8 34 1
1 13 64 3
1 12 79 1
1 11 84 2
1 6 29 3
1 4 26 2
1 12 50 3
1 2 49 1
1 17 38 3
1 20 82 1
1 17 36 1
1 4 48 3
1 2 20 2
1 3 71 3
1 5 57 3
1 3 89 3
1 7 26 3
1 3 81 1
1 6 10 1
1 23 99 2
1 2 19 1
1 1 40 1
1 4 87 1
1 21 56 3
1 5 14 1
1 18 65 2
1 5 49 1
1 8 78 2
1 7 1 1
1 3 80 3
1 18 40 2
1 4 53 2
1 12 11 1
1 5 36 3
1 1 65 1
1 1 35 3
1 21 85 2
1 2 27 3
1 10 57 3
1 8 79 2
1 17 68 3
1 21 26 2
1 20 5 2
1 4 77 1
1 1 47 1
1 11 53 3
1 5 18 3
1 9 13 1
1 5 34 2
1 9 45 3
1 1 47 3
1 4 73 2
1 5 8 2
1 13 27 1
1 8 86 1
1 23 90 2
1 1 93 2
1 11 7 1
1 8 98 3
1 13 46 3
1 5 8 3
1 9 20 2
1 20 46 1
1 4 95 2
1 4 71 2
1 7 65 3
1 25 23 2
1 23 84 2
1 1 96 1
1 5 54 3
1 15 35 2
1 16 80 1
1 18 98 2
1 14 95 2
1 13 32 3
1 3 38 2
1 8 22 2
1 8 68 3
1 5 90 2
1 12 45 3
1 14 66 1
1 9 89 2
1 7 87 1
1 2 8 3
1 1 92 1
1 19 1 3
1 8 74 1
1 19 98 1
1 4 62 1
1 2 94 2
1 14 96 2
1 6 88 1
1 11 78 3
1 5 99 1
1 19 6 1
1 11 41 1
1 3 93 2
1 5 40 3
1 11 20 3
1 7 12 1
1 1 7 3
1 6 66 2
1 17 34 3
1 8 97 3
1 19 13 2
1 15 37 2
1 17 66 1
1 5 45 2
1 3 89 2
1 3 42 1
1 10 68 1
1 25 77 1
1 10 80 1
1 1 17 3
1 1 85 3
1 1 22 1
1 4 9 3
1 10 59 3
1 16 4 1
1 9 31 2
1 2 78 2
1 6 7 1
1 4 92 1
1 16 2 3
1 7 64 3
1 7 53 3
1 2 89 2
1 4 77 3
0 3655 24044 4256 10015 4361 13317 14129 8054 12644 16310 19856 18064 17112 18564 16711 6878 17679 9519 15245 12275 16686 10468 3549 11065 15420 15930 16059 17870 1361 16445 11410 15631 7988 18176 22019 22316 1621 5666 18048 13831 12540 15419 17501 12065 13275 21274 20802 22996 12422 6380 20982 12016 13669 20122 14004 20949 19676 10134 9022 15670 11224 9710 8494 15537 20448 13243 16526 13616 22488 8322 9895 10625 13428 18304 7373 9193 14504 13554 8700 14677 18687 8690 13735 6445 16512 14640 13343 14134 16896 18861 21660 7419 13804 18943 12395 14358 12022 12417 2364 15609
3655 0 21743 7140 6804 7314 9670 14023 5726 10587 15421 18468 18283 16071 18953 14729 8682 14230 8845 11899 9539 16920 7702 6539 10133 14303 16837 12434 15538 5013 14543 10267 12157 4389 17574 20308 20188 2362 4640 15807 13152 10857 12228 16559 8945 13223 19854 19095 20759 9178 5503 19747 8482 11509 19354 13203 18668 20064 8935 5429 12025 7658 10262 6691 11884 17594 10760 14001 13834 19937 6169 9593 8724 12371 15744 3913 7287 14732 11587 5970 14832 19260 9997 10083 7729 12861 11042 9813 14312 16358 15786 19382 6720 12074 16036 9805 11511 9892 9457 1453 11955
24044 21743 0 23778 15494 23982 17194 14503 16109 11405 10833 7134 15506 9879 16430 7478 21390 12499 15517 12475 12304 15521 14097 23863 13980 10538 18581 15912 6209 24895 7837 13380 13506 18659 11470 4597 2104 22518 18437 5996 12761 11720 11292 10119 13489 14953 6526 5102 1134 13705 17848 7655 15815 10375 10372 12313 3096 16633 14368 17997 16712 16536 17828 15555 17224 5918 10984 7801 15787 2621 15763 15882 13434 12017 6175 18399 14852 15668 10537 15780 15354 17414 19984 18376 20343 18439 15571 15115 15539 12049 8418 2384 17093 10501 7200 11957 10624 12023 12685 22136 17363
4256 7140 23778 0 11900 225 16160 11714 9066 12640 14600 18548 15122 15527 15452 16300 3328 19646 8299 17049 13222 13787 11644 714 9889 14028 12465 18684 17870 3454 15944 10434 17730 10834 16052 21024 21859 4817 6084 17913 12062 12076 16902 15783 13623 10868 19948 19845 22669 14172 6308 19449 14427 13704 18098 12358 20749 16533 9415 11774 18447 13767 7055 8803 18410 21139 13749 16872 10903 22632 9074 8177 10669 12127 18614 9966 9480 11721 13349 10074 11957 15412 5368 16828 3689 19583 17165 15682 11426 14765 19991 21432 6759 13278 19773 13124 15314 12177 13689 5698 18508
10015 6804 15494 11900 0 12122 5140 12218 3232 5626 11902 13725 16477 12183 17392 9266 11538 7780 7529 5252 3303 15301 1965 11578 7751 10516 16481 7059 9449 11234 9243 7401 5830 3168 14325 14926 14198 8403 5985 9839 10426 6647 5434 12797 2157 11683 14966 13781 14610 2407 6165 15178 2862 6128 15634 10229 12522 18394 6509 2650 7041 2623 10610 4413 7169 10874 4845 7710 12674 13446 3576 8653 4811 9073 9335 3003 4263 13428 6592 2071 13374 18012 11688 6297 10187 8627 5504 3912 12989 13374 8984 13218 6647 7472 9296 3836 4911 4962 2819 7698 7304
4361 7314 23982 225 12122 0 16370 11851 9291 12856 14766 18725 15220 15697 15537 16505 3424 19869 8495 17274 13446 13889 11869 816 10083 14207 12522 18899 18082 3500 16148 10632 17952 11040 16198 21210 22059 4981 6309 18122 12230 12284 17127 15947 13847 11007 20124 20033 22872 14395 6531 19617 14644 13919 18246 12530 20956 16614 9621 11983 18659 13981 7194 9026 18620 21360 13970 17090 11024 22845 9299 8357 10887 12312 18831 10175 9702 11836 13560 10299 12075 15483 5466 17031 3852 19788 17382 15901 11546 14911 20215 21638 6974 13483 19995 13347 15538 12395 13914 5868 18717
13317 9670 17194 16160 5140 16370 0 17187 8298 9991 16371 17366 21341 16462 22295 12671 16362 5722 12664 4722 7150 20231 6807 15708 12781 14953 21578 2854 12022 14665 12808 12361 3898 5377 18791 17910 16449 11869 10729 12551 15250 11253 5925 17103 5233 16709 18414 16913 16562 4522 11084 18865 2362 10095 19824 14992 14650 23254 11591 4392 2355 2575 15739 9549 2251 11546 8580 10205 17732 14731 8693 13788 9749 13803 11297 6195 9390 18452 10772 7162 18375 22969 16720 1336 15045 3536 1879 2192 18019 17983 9072 15251 11715 11775 10058 7815 7376 9468 6119 10993 2348
14129 14023 14503 11714 12218 11851 17187 0 9683 7583 3698 7798 4364 4695 5203 8159 8511 17034 5265 14736 10324 3097 10389 12127 4485 4131 4832 18310 10312 14290 7694 4830 16041 14116 4392 10585 12400 13202 9383 9989 2251 6194 13734 4649 12104 859 9036 9609 13390 12885 8523 8261 14825 8039 6455 2693 12038 6253 5787 14324 18613 14813 4659 8245 18893 14596 9351 10569 1285 14439 9139 4430 7443 3742 11666 13184 8089 1424 7238 10528 1237 5794 6571 18440 8079 20448 16915 15385 1113 3142 14902 12545 7308 6304 13917 9710 11329 7901 11378 13418 19048
8054 5726 16109 9066 3232 9291 8298 9683 0 4861 10179 12853 14039 10692 14880 9003 8354 10667 4596 8041 4277 12773 2583 8850 5251 8923 13596 10284 9902 9074 8819 5124 8860 4435 12500 14594 14492 6470 2984 10133 8229 5232 7836 11238 4588 9034 14215 13384 15097 5203 2984 14189 6085 5795 14095 8152 13018 15935 3926 4700 10271 5727 7466 1439 10388 12430 5197 8483 9931 14450 557 5685 3061 7132 10258 3530 1737 10750 5864 1162 10746 15404 8457 9367 6997 11819 8731 7128 10306 11392 11015 13733 3423 6402 10957 4344 6387 4168 4629 6030 10519
12644 10587 11405 12640 5626 12856 9991 7583 4861 0 6393 8197 11470 6582 12461 4144 10776 9511 4887 7154 2857 10467 3680 12635 3883 4979 12327 10784 5281 13496 3962 3218 8460 8465 8821 9751 9688 11136 7037 5412 5437 1390 6196 7207 4760 7318 9503 8548 10352 5501 6487 9614 7692 1065 10022 5109 8312 13364 3471 8216 11149 7913 8046 4151 11472 8640 1792 4271 8420 10015 4440 5730 2034 3923 5982 7851 3451 8969 1026 4875 8819 13213 9922 11307 9535 13036 9452 8003 8573 7993 8038 9021 5882 1849 7446 2200 3820 718 3916 10809 11631
16310 15421 10833 14600 11902 14766 16371 3698 10179 6393 0 4154 5667 1009 6709 5149 11625 15037 6797 13069 9221 5121 9938 14902 5319 1418 7938 16934 7244 16723 4720 5161 14443 14432 2430 6910 8730 15126 10932 6818 2541 5255 11889 1196 11138 4262 5469 5912 9730 11858 10096 4856 14084 6345 3938 2308 8502 7405 6488 14372 17386 14292 7742 8878 17745 11524 7858 7969 4980 10944 9630 6509 7267 3066 8681 13645 8442 4841 5614 10687 4532 7619 9856 17693 10913 19304 15707 14334 4707 1768 12267 8958 8942 4599 11108 8556 9551 6980 10260 15137 17905
19856 18468 7134 18548 13725 18725 17366 7798 12853 8197 4154 0 8378 3148 9320 4697 15688 14633 10425 13268 10550 8408 11834 18796 8829 4524 11497 17242 5918 20411 4574 8446 14623 16658 4336 2805 5113 18538 14268 5342 6565 7626 11960 3164 12372 8411 1419 2036 6125 12949 13493 1499 15304 7598 3503 6217 5549 9602 9735 16360 17852 15730 11842 11778 18288 9549 8983 7446 9061 7929 12352 10373 9792 6479 7251 16040 11193 8784 7181 13047 8460 10305 13978 18698 14888 19784 16290 15190 8730 5007 11073 5756 12444 6465 9709 9935 10009 8910 11428 18415 18448
18064 18283 15506 15122 16477 15220 21341 4364 14039 11470 5667 8378 0 6229 1042 10808 11797 20602 9615 18499 14310 1379 14595 15642 8811 6909 3746 22246 12872 18050 10385 9082 19850 18474 4066 11010 13489 17288 13661 12415 6091 10129 17384 5731 16168 5090 9115 10415 14503 16934 12810 8037 18990 11694 5365 6368 13705 1917 10127 18657 22618 19041 8354 12603 22934 17112 13142 13628 4478 16155 13492 8719 11668 7561 14319 17547 12421 3578 10905 14856 3452 1981 9755 22622 11722 24497 20920 19445 3980 3922 17934 14032 11605 9889 16766 13664 14996 11907 15373 17586 23091
17112 16071 9879 15527 12183 15697 16462 4695 10692 6582 1009 3148 6229 0 7261 4661 12591 14773 7595 12935 9334 5858 10220 15812 6060 1774 8787 16855 6660 17568 4275 5816 14316 14843 2481 5902 7779 15884 11654 6190 3472 5589 11712 646 11251 5271 4479 4916 8786 11940 10834 3927 14219 6368 3455 3175 7647 7847 7149 14716 17348 14487 8721 9449 17729 10883 7888 7582 5973 10101 10153 7392 7700 3719 8111 14099 8962 5792 5704 11111 5476 8207 10845 17793 11847 19279 15689 14376 5682 2342 11799 8069 9709 4736 10583 8671 9437 7222 10344 15855 17890
18564 18953 16430 15452 17392 15537 22295 5203 14880 12461 6709 9320 1042 7261 0 11849 12128 21633 10395 19514 15293 2107 15529 16002 9685 7947 3475 23244 13909 18482 11427 9991 20861 19311 5045 11901 14432 17861 14357 13450 7055 11110 18407 6752 17139 5864 9988 11353 15443 17909 13515 8891 19939 12709 6177 7353 14697 1116 10990 19527 23605 19970 8872 13441 23914 18144 14148 14670 5122 17143 14338 9450 12592 8543 15357 18369 13291 4230 11918 15730 4168 985 10097 23568 12163 25476 21906 20419 4660 4962 18976 15009 12323 10904 17807 14651 16016 12882 16356 18200 24071
16711 14729 7478 16300 9266 16505 12671 8159 9003 4144 5149 4697 10808 4661 11849 0 13990 10223 8061 8631 5996 10236 7483 16387 6562 4093 12869 12607 2155 17495 466 5935 10001 12330 7122 5685 5620 15235 11058 1860 6019 4249 7341 5260 7740 8339 5783 4519 6376 8281 10423 6197 10637 3255 7508 5545 4468 12493 6889 11917 13190 11103 10598 8237 13616 6454 4428 2958 9358 6592 8583 8510 6102 4879 3553 11831 7556 9538 3170 8930 9276 12767 12715 14002 12898 15126 11607 10493 9272 6888 7142 5137 9624 3023 5960 5430 5312 4837 6798 14939 13776
6878 8682 21390 3328 11538 3424 16362 8511 8354 10776 11625 15688 11797 12591 12128 13990 0 18940 5978 16304 12015 10465 10742 3883 7428 11224 9198 18586 15770 6490 13591 8062 17201 11378 12891 18282 19391 6744 5634 15725 9127 9931 15906 12782 12862 7684 17062 17140 20263 13529 5376 16476 14322 11801 14950 9475 18453 13212 7324 12154 18499 13818 3902 7586 18556 19415 12179 15037 7626 20513 8158 5510 9003 9445 16697 10385 8141 8422 11300 9501 8669 12105 2042 17246 1360 19890 17032 15449 8144 11616 18615 19106 5193 11019 18185 11760 13988 10459 12699 7427 18675
17679 14230 12499 19646 7780 19869 5722 17034 10667 9511 15037 14633 20602 14773 21633 10223 18940 0 13837 2636 7144 19761 8199 19347 13268 13707 21824 3550 8726 18945 10543 12652 2086 9904 17254 14340 12263 16092 13623 9306 14818 10891 3315 15403 6088 16822 15349 13590 12107 5479 13630 16075 5799 9002 17720 14429 10516 22418 12457 8885 4398 6669 17149 11369 4917 6584 7719 7271 17926 9894 10794 14879 10425 13299 7513 10333 10877 18441 9804 9589 18270 22467 18690 6533 17583 5967 3843 4495 18059 16799 4094 10972 13779 10779 5423 7605 5708 9361 6290 15322 5034
9519 8845 15517 8299 7529 8495 12664 5265 4596 4887 6797 10425 9615 7595 10395 8061 5978 13837 0 11266 6693 8299 6002 8458 1608 5929 9007 14282 9793 9994 7683 2140 12388 8970 8784 12777 13571 8338 4227 9760 4367 3954 10597 7985 8054 4533 11842 11583 14400 8823 3367 11484 10340 5872 10657 4497 12528 11477 1434 9295 14418 10144 3312 3184 14611 13494 6462 9103 5359 14542 4091 1124 3418 3947 10733 8002 3277 6204 5330 5597 6230 10862 5041 13820 4839 16113 12772 11163 5761 7540 12890 13197 2167 5059 12332 6272 8419 4693 7595 8400 14755
15245 11899 12475 17049 5252 17274 4722 14736 8041 7154 13069 13268 18499 12935 19514 8631 16304 2636 11266 0 4594 17572 5563 16769 10788 11687 19471 3978 7579 16481 8870 10199 1381 7700 15389 13455 11800 13641 11006 8140 12565 8545 1320 13579 3456 14459 14171 12543 11865 2883 10998 14756 3796 6805 16091 12206 9999 20357 9908 6736 4599 4663 14575 8735 5058 6858 5391 5849 15556 10010 8159 12326 7870 11041 6682 7986 8253 16123 7596 6979 15973 20307 16074 5911 14946 6521 3161 2747 15725 14802 4453 10576 11146 8610 5344 5112 3519 6913 3681 12906 5214
12275 9539 12304 13222 3303 13446 7150 10324 4277 2857 9221 10550 14310 9334 15293 5996 12015 7144 6693 4594 0 13276 1839 13061 6212 7803 14972 7987 6180 13338 6008 5647 5796 6444 11641 11632 10927 10668 7170 6549 8246 4183 3929 9971 1920 9973 11743 10498 11381 2644 6934 12027 4886 3005 12733 7942 9285 16210 5318 5942 8313 5204 10005 4476 8624 8174 1573 4505 11056 10401 4162 7739 3282 6750 6216 6100 3875 11674 3631 3606 11550 16024 11592 8473 10677 10187 6614 5146 11262 10845 6772 9989 6824 4626 6683 666 2112 2424 1063 10131 8782
16686 16920 15521 13787 15301 13889 20231 3097 12773 10467 5121 8408 1379 5858 2107 10236 10465 19761 8299 17572 13276 0 13450 14295 7581 6197 3124 21248 12355 16684 9793 7901 18906 17204 4110 11151 13457 15909 12305 11938 5032 9098 16501 5468 15101 3765 9324 10425 14474 15875 11457 8312 17873 10783 5807 5367 13491 3178 8883 17420 21587 17886 6978 11334 21886 16644 12187 12948 3101 15947 12231 7375 10508 6545 13784 16264 11186 2200 9984 13625 2090 2749 8424 21497 10356 23446 19888 18384 2608 3531 17288 13879 10256 8987 16180 12642 14098 10855 14337 16211 22042
10468 7702 14097 11644 1965 11869 6807 10389 2583 3680 9938 11834 14595 10220 15529 7483 10742 8199 6002 5563 1839 13450 0 11433 5975 8551 14791 8281 7928 11561 7417 5559 6516 4852 12362 13168 12654 8856 5560 8257 8520 4685 5263 10832 2136 9902 13104 11999 13150 2861 5460 13272 4446 4268 13672 8303 11053 16513 4816 4538 8426 4446 9239 3186 8639 9988 3157 6314 10929 12235 2612 7118 2946 7136 8044 4373 2780 11645 4666 1774 11570 16179 10577 8051 9384 10164 6771 5166 11211 11424 8455 11762 5594 5518 8474 2150 3890 3003 2046 8300 8787
3549 6539 23863 714 11578 816 15708 12127 8850 12635 14902 18796 15642 15812 16002 16387 3883 19347 8458 16769 13061 14295 11433 0 10062 14272 13068 18274 17893 2751 16044 10577 17404 10356 16433 21226 21972 4193 5893 17959 12361 12145 16674 16092 13365 11275 20204 20038 22762 13887 6210 19738 14037 13700 18467 12637 20816 17090 9499 11317 18012 13353 7475 8699 17959 21057 13666 16833 11366 22646 8900 8428 10636 12343 18588 9518 9390 12201 13383 9814 12427 15989 5905 16337 4051 19101 16768 15309 11891 15142 19833 21506 6782 13366 19664 12999 15165 12140 13479 5088 18053
11065 10133 13980 9889 7751 10083 12781 4485 5251 3883 5319 8829 8811 6060 9685 6562 7428 13268 1608 10788 6212 7581 5975 10062 0 4356 8833 14106 8397 11582 6164 688 12008 9680 7447 11170 12009 9825 5613 8316 3045 2686 9965 6488 7835 3934 10247 9977 12857 8621 4780 9918 10421 4737 9234 3070 11025 10719 1324 9847 14336 10360 4227 3829 14581 12273 5624 7891 4954 13108 4697 1976 3057 2365 9434 8778 3610 5680 4080 6047 5623 10270 6236 14009 6367 16120 12651 11078 5242 6257 11896 11681 3650 3622 11213 5679 7652 3910 7217 9818 14732
15420 14303 10538 14028 10516 14207 14953 4131 8923 4979 1418 4524 6909 1774 7947 4093 11224 13707 5929 11687 7803 6197 8551 14272 4356 0 8777 15534 6244 15923 3636 4062 13056 13107 3842 7059 8450 14161 9914 5886 2226 3878 10525 2322 9721 4449 5934 5933 9410 10440 9105 5562 12669 4936 5186 1795 7938 8711 5392 13012 15976 12885 7442 7675 16333 10547 6445 6754 5380 10319 8382 5851 5949 1992 7642 12347 7191 5471 4198 9368 5198 8817 9604 16275 10378 17893 14296 12916 5234 3115 11091 8475 8003 3181 9996 7137 8168 5577 8842 14109 16493
15930 16837 18581 12465 16481 12522 21578 4832 13596 12327 7938 11497 3746 8787 3475 12869 9198 21824 9007 19471 14972 3124 14791 13068 8833 8777 0 22926 15022 15677 12409 9337 20747 17904 7228 14259 16501 15438 12435 14654 7083 10939 18514 8472 16662 5012 12445 13498 17517 17449 11658 11436 19226 12849 8905 7518 16428 4366 9988 18291 23168 19104 6585 12192 23413 19323 14113 15385 3917 18877 13098 7912 11890 8565 16411 16907 12223 3408 12052 14600 3625 3078 7252 22776 9493 24950 21482 19912 3768 6534 19725 16856 10563 11133 18714 14388 16116 12573 16006 15902 23564
16059 12434 15912 18684 7059 18899 2854 18310 10284 10784 16934 17242 22246 16855 23244 12607 18586 3550 14282 3978 7987 21248 8281 18274 14106 15534 22926 0 11501 17394 12841 13589 2624 8072 19290 17334 15493 14569 12988 12070 16216 12151 5283 17500 6274 17944 18125 16465 15437 5489 13221 18728 4282 10603 20053 15894 13707 24130 13050 7046 853 4921 17509 11352 1368 10034 9116 9810 19017 13335 10583 15394 11061 14707 10492 8787 11045 19656 11368 9122 19536 23996 18722 3198 17240 2585 1555 3160 19239 18641 7506 14226 13676 12394 8731 8609 7419 10411 6934 13712 1484
17870 15538 6209 17870 9449 18082 12022 10312 9902 5281 7244 5918 12872 6660 13909 2155 15770 8726 9793 7579 6180 12355 7928 17893 8397 6244 15022 11501 0 18762 2619 7732 8882 12611 9059 5895 4750 16329 12307 580 8156 5848 6261 7217 7587 10474 6648 4966 5226 7955 11768 7349 10244 4225 9149 7683 3131 14504 8502 12037 12171 10848 12548 9404 12637 4303 4788 1835 11503 4766 9567 10372 7312 6949 1452 12274 8696 11693 4523 9582 11431 14842 14623 13317 14611 14076 10709 9835 11425 8952 5233 3844 11117 4776 3945 5779 4788 5856 6705 15931 12793
1361 5013 24895 3454 11234 3500 14665 14290 9074 13496 16723 20411 18050 17568 18482 17495 6490 18945 9994 16481 13338 16684 11561 2751 11582 15923 15677 17394 18762 0 17203 11990 16910 9322 18465 22672 23114 2856 6459 18908 14205 13274 16603 17918 13244 13431 21829 21461 23829 13636 7076 21474 13322 14540 20454 14417 21806 19584 10764 10351 17017 12542 9731 9358 16889 21503 14220 17490 13665 23431 9289 10229 11463 13940 19269 8674 10067 14533 14365 9810 14732 18533 8438 15095 6329 17872 15964 14644 14189 17175 19996 22513 7995 14535 20021 13413 15438 12906 13546 3683 16963
16445 14543 7837 15944 9243 16148 12808 7694 8819 3962 4720 4574 10385 4275 11427 466 13591 10543 7683 8870 6008 9793 7417 16044 6164 3636 12409 12841 2619 17203 0 5548 10246 12269 6749 5794 5933 14985 10783 2322 5553 3933 7595 4887 7802 7874 5736 4601 6724 8375 10128 6068 10730 3152 7228 5080 4863 12087 6545 11892 13403 11164 10166 7995 13820 6915 4435 3308 8892 7030 8381 8099 5867 4426 4006 11736 7324 9074 2956 8803 8813 12339 12289 14142 12515 15341 11800 10641 8807 6470 7552 5518 9297 2683 6392 5416 5487 4670 6858 14713 13981
11410 10267 13380 10434 7401 10632 12361 4830 5124 3218 5161 8446 9082 5816 9991 5935 8062 12652 2140 10199 5647 7901 5559 10577 688 4062 9337 13589 7732 11990 5548 0 11439 9512 7404 10698 11431 10112 5855 7666 3113 1998 9343 6292 7332 4368 9864 9494 12261 8118 5056 9599 9998 4051 9099 3032 10402 10998 1334 9609 13846 9986 4915 3755 14107 11586 4977 7203 5429 12456 4567 2653 2613 2104 8752 8648 3414 6102 3392 5813 6015 10622 6916 13610 6966 15654 12154 10598 5674 6271 11216 11066 4001 2961 10525 5088 7010 3293 6671 10047 14259
15631 12157 13506 17730 5830 17952 3898 16041 8860 8460 14443 14623 19850 14316 20861 10001 17201 2086 12388 1381 5796 18906 6516 17404 12008 13056 20747 2624 8882 16910 10246 11439 0 7820 16768 14729 12964 14055 11767 9450 13888 9847 2664 14959 4383 15738 15501 13847 12964 3675 11844 16107 3713 8159 17470 13539 11168 21715 11065 6799 3303 4583 15682 9700 3789 7728 6720 7187 16830 10977 9047 13470 9031 12366 7905 8270 9276 17417 8945 7741 17275 21645 17093 4928 15841 5195 2096 2414 17014 16171 5218 11714 12101 9963 6310 6360 4892 8174 4808 13271 3940
7988 4389 18659 10834 3168 11040 5377 14116 4435 8465 14432 16658 18474 14843 19311 12330 11378 9904 8970 7700 6444 17204 4852 10356 9680 13107 17904 8072 12611 9322 12269 9512 7820 0 16807 18011 17361 6503 5877 12992 12625 9257 8226 15426 5222 13457 17945 16848 17778 5216 6456 18078 4116 9119 18290 12516 15690 20369 8356 1040 7714 3275 11534 5872 7623 13905 7947 10879 14328 16580 4984 10018 7165 11442 12494 1024 6098 15162 9478 3745 15168 19820 12070 5997 10132 8749 6657 5443 14718 15747 11855 16386 7395 10255 12315 6928 8056 7757 5975 5640 7710
18176 17574 11470 16052 14325 16198 18791 4392 12500 8821 2430 4336 4066 2481 5045 7122 12891 17254 8784 15389 11641 4110 12362 16433 7447 3842 7228 19290 9059 18465 6749 7404 16768 16807 0 7046 9435 17095 13000 8560 4426 7678 14177 1863 13560 5207 5217 6369 10450 14274 12145 4230 16511 8735 2063 4386 9652 5484 8700 16776 19762 16722 9010 11157 20132 13206 10254 10057 5463 12097 11946 8281 9652 5372 10510 15996 10767 4926 8023 13064 4605 6025 10963 20115 12384 21687 18092 16740 5013 1293 14243 9968 10951 7016 13000 10976 11880 9410 12675 17184 20292
22019 20308 4597 21024 14926 21210 17910 10585 14594 9751 6910 2805 11010 5902 11901 5685 18282 14340 12777 13455 11632 11151 13168 21226 11170 7059 14259 17334 5895 22672 5794 10698 14729 18011 7046 0 2847 20620 16364 5359 9216 9516 12141 5967 13276 11171 1932 1219 3753 13733 15642 3060 16063 8931 5787 8829 4048 12056 11910 17572 18030 16612 14488 13687 18505 8412 10081 7705 11855 6015 14139 12864 11592 8898 6858 17515 13043 11590 8734 14597 11265 12882 16643 19209 17407 19917 16598 15719 11531 7803 10422 3916 14678 8264 9020 11095 10600 10462 12350 20409 18659
22316 20188 2104 21859 14198 22059 16449 12400 14492 9688 8730 5113 13489 7779 14432 5620 19391 12263 13571 11800 10927 13457 12654 21972 12009 8450 16501 15493 4750 23114 5933 11431 12964 17361 9435 2847 0 20822 16671 4399 10675 9861 10534 8032 12306 12854 4689 3080 1018 12623 16043 5805 14851 8701 8466 10232 1801 14687 12476 16779 16248 15506 15781 13827 16746 5929 9499 6521 13684 3195 14110 13882 11692 9980 5155 17013 13135 13566 8763 14268 13253 15417 17942 17694 18375 18068 14956 14300 13435 9968 8201 1299 15230 8616 6840 10505 9465 10344 11442 20490 16894
1621 2362 22518 4817 8403 4981 11869 13202 6470 11136 15126 18538 17288 15884 17861 15235 6744 16092 8338 13641 10668 15909 8856 4193 9825 14161 15438 14569 16329 2856 14985 10112 14055 6503 17095 20620 20822 0 4272 16523 12698 11111 13800 16306 10446 12361 19951 19402 21481 10809 5057 19711 10470 12146 18994 12833 19422 18977 8805 7523 14214 9697 8999 6998 14106 18840 11666 14952 12812 20918 6764 8847 9134 12174 16728 5823 7687 13710 12068 7085 13856 18062 8319 12366 6010 15145 13124 11791 13318 15831 17241 20135 6184 12372 17330 10803 12745 10497 10798 912 14186
5666 4640 18437 6084 5985 6309 10729 9383 2984 7037 10932 14268 13661 11654 14357 11058 5634 13623 4227 11006 7170 12305 5560 5893 5613 9914 12435 12988 12307 6459 10783 5855 11767 5877 13000 16364 16671 4272 0 12449 8575 6874 10819 12099 7561 8589 15679 15146 17374 8145 864 15452 8712 8084 14838 8665 15347 15463 4538 6569 12875 8186 5875 2911 12924 15220 7851 11086 9236 16998 3008 4955 5004 7936 12861 4858 3621 10128 7913 4035 10215 14707 6194 11631 4322 14258 11438 9877 9703 11764 13941 16054 2081 8139 13797 7129 9276 6455 7605 4205 13042
18048 15807 5996 17913 9839 18122 12551 9989 10133 5412 6818 5342 12415 6190 13450 1860 15725 9306 9760 8140 6549 11938 8257 17959 8316 5886 14654 12070 580 18908 2322 7666 9450 12992 8560 5359 4399 16523 12449 0 7872 5845 6821 6731 8030 10192 6070 4403 4964 8428 11878 6770 10735 4379 8595 7398 2901 14021 8511 12448 12735 11320 12415 9561 13198 4707 5101 2346 11201 4792 9775 10282 7445 6733 1967 12620 8857 11354 4579 9873 11084 14390 14515 13851 14594 14644 11262 10361 11101 8502 5782 3612 11177 4706 4470 6109 5270 6027 7132 16153 13354
13831 13152 12761 12062 10426 12230 15250 2251 8229 5437 2541 6565 6091 3472 7055 6019 9127 14818 4367 12565 8246 5032 8520 12361 3045 2226 7083 16216 8156 14205 5553 3113 13888 12625 4426 9216 10675 12698 8575 7872 0 4066 11530 3733 10084 2320 7935 8121 11631 10855 7722 7388 12900 5816 6298 474 10111 8005 4338 12707 16559 12966 5280 6837 16862 12412 7174 8328 3357 12455 7672 3978 5617 1524 9476 11757 6527 3675 5014 8920 3471 7780 7428 16533 8378 18424 14859 13365 3341 3213 12655 10669 6534 4060 11687 7610 9122 5829 9308 12764 17019
12540 10857 11720 12076 6647 12284 11253 6194 5232 1390 5255 7626 10129 5589 11110 4249 9931 10891 3954 8545 4183 9098 4685 12145 2686 3878 10939 12151 5848 13274 3933 1998 9847 9257 7678 9516 9861 11111 6874 5845 4066 0 7578 6183 6046 5932 9000 8298 10623 6807 6199 8957 8923 2066 9041 3760 8674 12031 2666 9136 12496 9071 6912 4183 12806 9598 3174 5210 7035 10607 4726 4633 2172 2568 6790 8536 3572 7578 1399 5536 7429 11846 8889 12555 8764 14368 10796 9317 7183 6761 9238 9361 5375 1265 8527 3544 5189 1785 5246 10894 12963
15419 12228 11292 16902 5434 17127 5925 13734 7836 6196 11889 11960 17384 11712 18407 7341 15906 3315 10597 1320 3929 16501 5263 16674 9965 10525 18514 5283 6261 16603 7595 9343 2664 8226 14177 12141 10534 13800 10819 6821 11530 7578 0 12352 3359 13509 12853 11224 10638 3054 10708 13445 4646 5720 14822 11151 8733 19224 9196 7335 5918 5458 13904 8326 6377 5849 4405 4531 14613 8885 7865 11615 7179 10007 5395 8358 7771 15138 6522 6873 14971 19222 15521 7160 14559 7837 4461 3824 14752 13636 3633 9327 10714 7515 4279 4330 2407 6055 3229 13122 6534
17501 16559 10119 15783 12797 15947 17103 4649 11238 7207 1196 3164 5731 646 6752 5260 12782 15403 7985 13579 9971 5468 10832 16092 6488 2322 8472 17500 7217 17918 4887 6292 14959 15426 1863 5967 8032 16306 12099 6731 3733 6183 12352 0 11889 5303 4391 5072 9046 12581 11268 3696 14856 7011 2864 3502 8029 7290 7625 15317 17994 15116 8890 9971 18374 11404 8531 8196 5902 10486 10695 7705 8271 4188 8669 14669 9504 5626 6340 11688 5303 7712 10983 18434 12095 19925 16335 15020 5565 1943 12386 8411 10122 5365 11153 9307 10082 7839 10984 16304 18535
12065 8945 13489 13623 2157 13847 5233 12104 4588 4760 11138 12372 16168 11251 17139 7740 12862 6088 8054 3456 1920 15101 2136 13365 7835 9721 16662 6274 7587 13244 7802 7332 4383 5222 13560 13276 12306 10446 7561 8030 10084 6046 3359 11889 0 11698 13520 12182 12650 786 7542 13859 2973 4904 14642 9802 10583 18074 6785 4508 6514 3364 11328 5321 6790 8723 3415 5785 12761 11362 4708 9155 4788 8610 7314 5157 4896 13423 5550 3552 13318 17848 12710 6555 11503 8347 4821 3283 13000 12752 6843 11263 7728 6545 7142 2585 2866 4263 944 9782 6945
13275 13223 14953 10868 11683 11007 16709 859 9034 7318 4262 8411 5090 5271 5864 8339 7684 16822 4533 14459 9973 3765 9902 11275 3934 4449 5012 17944 10474 13431 7874 4368 15738 13457 5207 11171 12854 12361 8589 10192 2320 5932 13509 5303 11698 0 9692 10151 13830 12484 7732 8966 14348 7875 7267 2794 12386 6943 5192 13707 18213 14294 3813 7595 18475 14721 9106 10583 1106 14752 8498 3636 6965 3655 11783 12509 7492 1745 7085 9926 1712 6372 5770 17943 7225 20022 16519 14967 1309 3936 14880 12923 6522 6213 13957 9381 11116 7566 11014 12592 18628
21274 19854 6526 19948 14966 20124 18414 9036 14215 9503 5469 1419 9115 4479 9988 5783 17062 15349 11842 14171 11743 9324 13104 20204 10247 5934 12445 18125 6648 21829 5736 9864 15501 17945 5217 1932 4689 19951 15679 6070 7935 9000 12853 4391 13520 9692 0 1862 5645 14061 14908 1129 16418 8843 3855 7602 5576 10125 11149 17611 18769 16884 13199 13166 19221 9836 10170 8323 10276 7771 13722 11778 11158 7896 7854 17354 12572 9929 8480 14372 9602 10967 15323 19738 16282 20689 17251 16226 9913 6093 11609 5605 13862 7815 10214 11148 11039 10220 12577 19820 19379
20802 19095 5102 19845 13781 20033 16913 9609 13384 8548 5912 2036 10415 4916 11353 4519 17140 13590 11583 12543 10498 10425 11999 20038 9977 5933 13498 16465 4966 21461 4601 9494 13847 16848 6369 1219 3080 19402 15146 4403 8121 8298 11224 5072 12182 10151 1862 0 4090 12666 14426 2872 15009 7748 5423 7718 3730 11613 10698 16431 17137 15533 13375 12469 17601 7975 8937 6726 10889 6001 12926 11697 10377 7727 6078 16334 11827 10684 7529 13404 10364 12338 15535 18224 16242 19042 15662 14721 10594 6978 9786 3820 13468 7046 8387 9946 9563 9262 11249 19190 17757
22996 20759 1134 22669 14610 22872 16562 13390 15097 10352 9730 6125 14503 8786 15443 6376 20263 12107 14400 11865 11381 14474 13150 22762 12857 9410 17517 15437 5226 23829 6724 12261 12964 17778 10450 3753 1018 21481 17374 4964 11631 10623 10638 9046 12650 13830 5645 4090 0 12910 16771 6769 15078 9335 9452 11182 2098 15687 13264 17149 16216 15770 16694 14503 16722 5605 10015 6899 14674 2531 14738 14754 12375 10884 5365 17481 13803 14569 9464 14808 14257 16428 18851 17776 19222 17993 14998 14445 14432 10983 8014 1392 15998 9396 6711 11002 9787 10984 11818 21117 16865
12422 9178 13705 14172 2407 14395 4522 12885 5203 5501 11858 12949 16934 11940 17909 8281 13529 5479 8823 2883 2644 15875 2861 13887 8621 10440 17449 5489 7955 13636 8375 8118 3675 5216 14274 13733 12623 10809 8145 8428 10855 6807 3054 12581 786 12484 14061 12666 12910 0 8181 14442 2357 5575 15310 10566 10870 18838 7565 4389 5730 2894 12087 6032 6011 8700 4063 6127 13547 11487 5372 9927 5573 9373 7547 5304 5638 14207 6252 4111 14100 18623 13433 5853 12170 7570 4036 2511 13785 13489 6658 11534 8428 7260 7109 3307 3168 5027 1599 10104 6167
6380 5503 17848 6308 6165 6531 11084 8523 2984 6487 10096 13493 12810 10834 13515 10423 5376 13630 3367 10998 6934 11457 5460 6210 4780 9105 11658 13221 11768 7076 10128 5056 11844 6456 12145 15642 16043 5057 864 11878 7722 6199 10708 11268 7542 7732 14908 14426 16771 8181 0 14654 8973 7547 13994 7820 14767 14619 3759 7063 13161 8517 5136 2496 13242 14848 7456 10634 8396 16494 2848 4097 4461 7119 12397 5432 3180 9286 7311 4125 9367 13880 5669 12051 4023 14621 11666 10077 8858 10906 13693 15470 1218 7461 13467 6816 9013 5952 7479 5046 13366
20982 19747 7655 19449 15178 19617 18865 8261 14189 9614 4856 1499 8037 3927 8891 6197 16476 16075 11484 14756 12027 8312 13272 19738 9918 5562 11436 18728 7349 21474 6068 9599 16107 18078 4230 3060 5805 19711 15452 6770 7388 8957 13445 3696 13859 8966 1129 2872 6769 14442 14654 0 16796 9059 2735 7102 6599 9004 10915 17806 19344 17214 12586 13062 19782 10784 10463 8924 9468 8853 13676 11319 11130 7553 8638 17435 12503 9057 8608 14435 8730 9866 14677 20197 15766 21274 17786 16689 9075 5215 12440 6677 13564 7842 11060 11406 11508 10321 12916 19631 19941
12016 8482 15815 14427 2862 14644 2362 14825 6085 7692 14084 15304 18990 14219 19939 10637 14322 5799 10340 3796 4886 17873 4446 14037 10421 12669 19226 4282 10244 13322 10730 9998 3713 4116 16511 16063 14851 10470 8712 10735 12900 8923 4646 14856 2973 14348 16418 15009 15078 2357 8973 16796 0 7877 17615 12649 13076 20904 9239 3089 4191 881 13463 7264 4308 10495 6383 8409 15373 13487 6437 11465 7387 11463 9720 4647 7064 16090 8516 4928 16013 20609 14542 3635 12982 5777 2743 1331 15657 15671 8199 13720 9505 9502 8924 5549 5467 7142 3902 9652 4443
13669 11509 10375 13704 6128 13919 10095 8039 5795 1065 6345 7598 11694 6368 12709 3255 11801 9002 5872 6805 3005 10783 4268 13700 4737 4936 12849 10603 4225 14540 3152 4051 8159 9119 8735 8931 8701 12146 8084 4379 5816 2066 5720 7011 4904 7875 8843 7748 9335 5575 7547 9059 7877 0 9739 5431 7280 13556 4479 8769 11041 8208 8952 5185 11401 7624 1521 3237 8981 8951 5410 6652 3088 4299 4925 8586 4479 9453 803 5675 9273 13509 10883 11428 10575 12959 9362 8011 9081 8039 7172 7992 6945 1805 6486 2360 3315 1649 3983 11791 11561
20122 19354 10372 18098 15634 18246 19824 6455 14095 10022 3938 3503 5365 3455 6177 7508 14950 17720 10657 16091 12733 5807 13672 18467 9234 5186 8905 20053 9149 20454 7228 9099 17470 18290 2063 5787 8466 18994 14838 8595 6298 9041 14822 2864 14642 7267 3855 5423 9452 15310 13994 2735 17615 9739 0 6174 9049 6270 10425 18171 20592 17911 11064 12811 20993 13005 11247 10449 7512 11407 13549 10237 11135 7003 10556 17533 12359 6934 9116 14553 6619 7147 13026 21159 14422 22529 18960 17707 7051 3336 14378 9227 12820 8173 13051 12074 12654 10672 13722 19040 21154
14004 13203 12313 12358 10229 12530 14992 2693 8152 5109 2308 6217 6368 3175 7353 5545 9475 14429 4497 12206 7942 5367 8303 12637 3070 1795 7518 15894 7683 14417 5080 3032 13539 12516 4386 8829 10232 12833 8665 7398 474 3760 11151 3502 9802 2794 7602 7718 11182 10566 7820 7102 12649 5431 6174 0 9646 8272 4314 12561 16253 12743 5660 6785 16566 11943 6819 7877 3825 11985 7596 4218 5438 1193 9007 11670 6432 4114 4629 8791 3897 8109 7817 16284 8683 18128 14554 13077 3793 3240 12210 10208 6651 3654 11229 7298 8744 5540 9006 12866 16723
20949 18668 3096 20749 12522 20956 14650 12038 13018 8312 8502 5549 13705 7647 14697 4468 18453 10516 12528 9999 9285 13491 11053 20816 11025 7938 16428 13707 3131 21806 4863 10402 11168 15690 9652 4048 1801 19422 15347 2901 10111 8674 8733 8029 10583 12386 5576 3730 2098 10870 14767 6599 13076 7280 9049 9646 0 15080 11335 15075 14456 13745 14995 12461 14953 4366 7919 4814 13306 2457 12669 12961 10343 9199 3363 15385 11758 13306 7458 12714 13008 15675 17133 15893 17366 16285 13156 12504 13120 9960 6489 714 14037 7480 5105 8905 7726 8928 9739 19044 15101
19676 20064 16633 16533 18394 16614 23254 6253 15935 13364 7405 9602 1917 7847 1116 12493 13212 22418 11477 20357 16210 3178 16513 17090 10719 8711 4366 24130 14504 19584 12087 10998 21715 20369 5484 12056 14687 18977 15463 14021 8005 12031 19224 7290 18074 6943 10125 11613 15687 18838 14619 9004 20904 13556 6270 8272 15080 0 12031 20565 24513 20958 9987 14497 24833 18685 15018 15367 6230 17505 15390 10546 13585 9465 15955 19435 14328 5335 12774 16765 5259 1343 11186 24537 13269 26397 22816 21349 5761 5637 19635 15346 13424 11752 18430 15561 16847 13812 17273 19315 24991
10134 8935 14368 9415 6509 9621 11591 5787 3926 3471 6488 9735 10127 7149 10990 6889 7324 12457 1434 9908 5318 8883 4816 9499 1324 5392 9988 13050 8502 10764 6545 1334 11065 8356 8700 11910 12476 8805 4538 8511 4338 2666 9196 7625 6785 5192 11149 10698 13264 7565 3759 10915 9239 4479 10425 4314 11335 12031 0 8537 13233 9129 4712 2508 13455 12101 5028 7716 6166 13266 3374 2422 2039 3437 9377 7454 2304 6933 3992 4742 6897 11554 6473 12795 6119 14979 11564 9971 6491 7537 11457 12018 2777 3867 10915 4867 6993 3259 6258 8720 13603
9022 5429 17997 11774 2650 11983 4392 14324 4700 8216 14372 16360 18657 14716 19527 11917 12154 8885 9295 6736 5942 17420 4538 11317 9847 13012 18291 7046 12037 10351 11892 9609 6799 1040 16776 17572 16779 7523 6569 12448 12707 9136 7335 15317 4508 13707 17611 16431 17149 4389 7063 17806 3089 8769 18171 12561 15075 20565 8537 0 6711 2238 12041 6126 6643 13085 7493 10264 14624 15849 5217 10379 7136 11446 11822 1814 6237 15434 9203 3801 15418 20079 12725 5110 10875 7825 5620 4412 14989 15765 10967 15761 7900 10046 11494 6486 7373 7529 5338 6669 6736
15670 12025 16712 18447 7041 18659 2355 18613 10271 11149 17386 17852 22618 17348 23605 13190 18499 4398 14418 4599 8313 21587 8426 18012 14336 15976 23168 853 12171 17017 13403 13846 3303 7714 19762 18030 16248 14214 12875 12735 16559 12496 5918 17994 6514 18213 18769 17137 16216 5730 13161 19344 4191 11041 20592 16253 14456 24513 13233 6711 0 4706 17601 11411 520 10849 9534 10447 19273 14144 10607 15538 11280 15062 11208 8495 11154 19937 11789 9112 19830 24336 18729 2430 17164 1938 1700 3263 19515 19073 8319 14989 13688 12814 9519 8955 7938 10732 7251 13342 651
11224 7658 16536 13767 2623 13981 2575 14813 5727 7913 14292 15730 19041 14487 19970 11103 13818 6669 10144 4663 5204 17886 4446 13353 10360 12885 19104 4921 10848 12542 11164 9986 4583 3275 16722 16612 15506 9697 8186 11320 12966 9071 5458 15116 3364 14294 16884 15533 15770 2894 8517 17214 881 8208 17911 12743 13745 20958 9129 2238 4706 0 13179 7002 4738 11303 6754 9019 15293 14247 6134 11266 7378 11569 10405 3882 6885 16039 8795 4600 15979 20607 14145 3676 12492 6108 3433 2179 15601 15831 9042 14402 9141 9751 9723 5850 6061 7314 4307 8863 4857
9710 10262 17828 7055 10610 7194 15739 4659 7466 8046 7742 11842 8354 8721 8872 10598 3902 17149 3312 14575 10005 6978 9239 7475 4227 7442 6585 17509 12548 9731 10166 4915 15682 11534 9010 14488 15781 8999 5875 12415 5280 6912 13904 8890 11328 3813 13199 13375 16694 12087 5136 12586 13463 8952 11064 5660 14995 9987 4712 12041 17601 13179 0 6199 17765 16496 9710 12118 3935 17189 7046 2319 6728 5812 13640 10517 6464 4807 8307 8580 5001 9067 2165 16832 3438 19236 15982 14367 4459 7728 16084 15615 4145 7791 15435 9577 11698 7945 10900 9384 17904
8494 6691 15555 8803 4413 9026 9549 8245 1439 4151 8878 11778 12603 9449 13441 8237 7586 11369 3184 8735 4476 11334 3186 8699 3829 7675 12192 11352 9404 9358 7995 3755 9700 5872 11157 13687 13827 6998 2911 9561 6837 4183 8326 9971 5321 7595 13166 12469 14503 6032 2496 13062 7264 5185 12811 6785 12461 14497 2508 6126 11411 7002 6199 0 11567 12359 4969 8180 8498 14087 910 4291 2136 5814 9953 4952 710 9313 5070 2419 9307 13965 7404 10671 6235 13038 9812 8196 8869 10021 11211 13171 2411 5424 10972 4324 6532 3548 5113 6725 11705
15537 11884 17224 18410 7169 18620 2251 18893 10388 11472 17745 18288 22934 17729 23914 13616 18556 4917 14611 5058 8624 21886 8639 17959 14581 16333 23413 1368 12637 16889 13820 14107 3789 7623 20132 18505 16746 14106 12924 13198 16862 12806 6377 18374 6790 18475 19221 17601 16722 6011 13242 19782 4308 11401 20993 16566 14953 24833 13455 6643 520 4738 17765 11567 0 11366 9887 10899 19527 14659 10745 15734 11525 15373 11693 8445 11339 20206 12139 9233 20105 24634 18841 2057 17229 1564 2040 3510 19780 19421 8836 15490 13810 13163 10030 9273 8343 11033 7561 13225 161
20448 17594 5918 21139 10874 21360 11546 14596 12430 8640 11524 9549 17112 10883 18144 6454 19415 6584 13494 6858 8174 16644 9988 21057 12273 10547 19323 10034 4303 21503 6915 11586 7728 13905 13206 8412 5929 18840 15220 4707 12412 9598 5849 11404 8723 14721 9836 7975 5605 8700 14848 10784 10495 7624 13005 11943 4366 18685 12101 13085 10849 11303 16496 12359 11366 0 7393 4393 15768 3310 12248 14231 10500 11128 2937 13878 11668 15986 8199 11762 15728 19090 18485 12651 18169 12537 9821 9594 15709 13205 2530 4639 14440 8746 1592 8103 6104 8999 8137 18283 11500
13243 10760 10984 13749 4845 13970 8580 9351 5197 1792 7858 8983 13142 7888 14148 4428 12179 7719 6462 5391 1573 12187 3157 13666 5624 6445 14113 9116 4788 14220 4435 4977 6720 7947 10254 10081 9499 11666 7851 5101 7174 3174 4405 8531 3415 9106 10170 8937 10015 4063 7456 10463 6383 1521 11247 6819 7919 15018 5028 7493 9534 6754 9710 4969 9887 7393 0 3285 10209 9252 4932 7392 3176 5650 5062 7527 4276 10746 2255 4796 10588 14926 11494 9913 10887 11448 7851 6491 10355 9538 6450 8631 7088 3281 6042 1020 2034 1769 2481 11212 10048
16526 14001 7801 16872 7710 17090 10205 10569 8483 4271 7969 7446 13628 7582 14670 2958 15037 7271 9103 5849 4505 12948 6314 16833 7891 6754 15385 9810 1835 17490 3308 7203 7187 10879 10057 7705 6521 14952 11086 2346 8328 5210 4531 8196 5785 10583 8323 6726 6899 6127 10634 8924 8409 3237 10449 7877 4814 15367 7716 10264 10447 9019 12118 8180 10899 4393 3285 0 11665 5968 8209 9842 6203 6933 1779 10598 7474 11989 3812 8032 11760 15561 14093 11507 13806 12368 8941 8015 11669 9733 4348 5507 10130 4436 3384 4197 2959 4696 4926 14493 11057
13616 13834 15787 10903 12674 11024 17732 1285 9931 8420 4980 9061 4478 5973 5122 9358 7626 17926 5359 15556 11056 3101 10929 11366 4954 5380 3917 19017 11503 13665 8892 5429 16830 14328 5463 11855 13684 12812 9236 11201 3357 7035 14613 5902 12761 1106 10276 10889 14674 13547 8396 9468 15373 8981 7512 3825 13306 6230 6166 14624 19273 15293 3935 8498 19527 15768 10209 11665 0 15698 9407 4356 8005 4748 12832 13361 8448 901 8191 10867 1067 5512 5620 18953 7361 21070 17582 16021 525 4278 15972 13820 7210 7312 15033 10471 12221 8656 12092 13110 19679
22488 19937 2621 22632 13446 22845 14731 14439 14450 10015 10944 7929 16155 10101 17143 6592 20513 9894 14542 10010 10401 15947 12235 22646 13108 10319 18877 13335 4766 23431 7030 12456 10977 16580 12097 6015 3195 20918 16998 4792 12455 10607 8885 10486 11362 14752 7771 6001 2531 11487 16494 8853 13487 8951 11407 11985 2457 17505 13266 15849 14144 14247 17189 14087 14659 3310 9252 5968 15698 0 14167 15074 12033 11448 4199 16416 13377 15729 9288 13978 15435 18122 19300 15879 19370 15846 13058 12701 15530 12417 5829 2182 15876 9496 4676 10152 8535 10548 10630 20459 14795
8322 6169 15763 9074 3576 9299 8693 9139 557 4440 9630 12352 13492 10153 14338 8583 8158 10794 4091 8159 4162 12231 2612 8900 4697 8382 13098 10583 9567 9289 8381 4567 9047 4984 11946 14139 14110 6764 3008 9775 7672 4726 7865 10695 4708 8498 13722 12926 14738 5372 2848 13676 6437 5410 13549 7596 12669 15390 3374 5217 10607 6134 7046 910 10745 12248 4932 8209 9407 14167 0 5193 2565 6580 9988 4087 1191 10220 5425 1535 10210 14870 8140 9794 6799 12198 9035 7423 9775 10836 10932 13383 3095 5917 10805 4145 6269 3766 4637 6382 10880
9895 9593 15882 8177 8653 8357 13788 4430 5685 5730 6509 10373 8719 7392 9450 8510 5510 14879 1124 12326 7739 7375 7118 8428 1976 5851 7912 15394 10372 10229 8099 2653 13470 10018 8281 12864 13882 8847 4955 10282 3978 4633 11615 7705 9155 3636 11778 11697 14754 9927 4097 11319 11465 6652 10237 4218 12961 10546 2422 10379 15538 11266 2319 4291 15734 14231 7392 9842 4356 15074 5193 0 4458 3970 11405 9035 4401 5228 6032 6709 5287 9868 4263 14942 4545 17237 13888 12282 4792 7003 13768 13607 2887 5596 13138 7286 9386 5629 8667 9012 15878
10625 8724 13434 10669 4811 10887 9749 7443 3061 2034 7267 9792 11668 7700 12592 6102 9003 10425 3418 7870 3282 10508 2946 10636 3057 5949 11890 11061 7312 11463 5867 2613 9031 7165 9652 11592 11692 9134 5004 7445 5617 2172 7179 8271 4788 6965 11158 10377 12375 5573 4461 11130 7387 3088 11135 5438 10343 13585 2039 7136 11280 7378 6728 2136 11525 10500 3176 6203 8005 12033 2565 4458 0 4310 7953 6400 1457 8706 2934 3421 8626 13234 8384 10997 7712 13065 9597 8022 8274 8629 9617 11051 3941 3352 9202 2859 5041 1508 4223 8846 11676
13428 12371 12017 12127 9073 12312 13803 3742 7132 3923 3066 6479 7561 3719 8543 4879 9445 13299 3947 11041 6750 6545 7136 12343 2365 1992 8565 14707 6949 13940 4426 2104 12366 11442 5372 8898 9980 12174 7936 6733 1524 2568 10007 4188 8610 3655 7896 7727 10884 9373 7119 7553 11463 4299 7003 1193 9199 9465 3437 11446 15062 11569 5812 5814 15373 11128 5650 6933 4748 11448 6580 3970 4310 0 8196 10624 5397 5161 3497 7702 4975 9290 7967 15097 8515 16936 13362 11884 4802 4319 11226 9808 6011 2570 10312 6108 7600 4347 7814 12136 15531
18304 15744 6175 18614 9335 18831 11297 11666 10258 5982 8681 7251 14319 8111 15357 3553 16697 7513 10733 6682 6216 13784 8044 18588 9434 7642 16411 10492 1452 19269 4006 8752 7905 12494 10510 6858 5155 16728 12861 1967 9476 6790 5395 8669 7314 11783 7854 6078 5365 7547 12397 8638 9720 4925 10556 9007 3363 15955 9377 11822 11208 10405 13640 9953 11693 2937 5062 1779 12832 4199 9988 11405 7953 8196 0 12272 9245 13061 5402 9781 12806 16287 15668 12552 15490 13076 9843 9144 12778 10398 3828 4000 11861 5856 2503 5953 4450 6448 6519 16261 11845
7373 3913 18399 9966 3003 10175 6195 13184 3530 7851 13645 16040 17547 14099 18369 11831 10385 10333 8002 7986 6100 16264 4373 9518 8778 12347 16907 8787 12274 8674 11736 8648 8270 1024 15996 17515 17013 5823 4858 12620 11757 8536 8358 14669 5157 12509 17354 16334 17481 5304 5432 17435 4647 8586 17533 11670 15385 19435 7454 1814 8495 3882 10517 4952 8445 13878 7527 10598 13361 16416 4087 9035 6400 10624 12272 0 5239 14203 8875 3003 14217 18862 11049 6916 9127 9639 7315 5971 13760 14908 11952 16089 6381 9593 12298 6512 7887 7134 5793 5009 8542
9193 7287 14852 9480 4263 9702 9390 8089 1737 3451 8442 11193 12421 8962 13291 7556 8141 10877 3277 8253 3875 11186 2780 9390 3610 7191 12223 11045 8696 10067 7324 3414 9276 6098 10767 13043 13135 7687 3621 8857 6527 3572 7771 9504 4896 7492 12572 11827 13803 5638 3180 12503 7064 4479 12359 6432 11758 14328 2304 6237 11154 6885 6464 710 11339 11668 4276 7474 8448 13377 1191 4401 1457 5397 9245 5239 0 9230 4386 2439 9199 13857 7825 10560 6801 12837 9522 7908 8787 9670 10566 12468 2949 4790 10294 3672 5894 2839 4591 7388 11481
14504 14732 15668 11721 13428 11836 18452 1424 10750 8969 4841 8784 3578 5792 4230 9538 8422 18441 6204 16123 11674 2200 11645 12201 5680 5471 3408 19656 11693 14533 9074 6102 17417 15162 4926 11590 13566 13710 10128 11354 3675 7578 15138 5626 13423 1745 9929 10684 14569 14207 9286 9057 16090 9453 6934 4114 13306 5335 6933 15434 19937 16039 4807 9313 20206 15986 10746 11989 901 15729 10220 5228 8706 5161 13061 14203 9230 0 8653 11660 327 4659 6397 19688 8217 21755 18242 16696 444 3844 16324 13786 8095 7726 15331 11071 12734 9257 12722 14011 20359
13554 11587 10537 13349 6592 13560 10772 7238 5864 1026 5614 7181 10905 5704 11918 3170 11300 9804 5330 7596 3631 9984 4666 13383 4080 4198 12052 11368 4523 14365 2956 3392 8945 9478 8023 8734 8763 12068 7913 4579 5014 1399 6522 6340 5550 7085 8480 7529 9464 6252 7311 8608 8516 803 9116 4629 7458 12774 3992 9203 11789 8795 8307 5070 12139 8199 2255 3812 8191 9288 5425 6032 2934 3497 5402 8875 4386 8653 0 5901 8472 12713 10287 12100 10111 13700 10103 8720 8284 7284 7896 8159 6601 1026 7142 2967 4116 1744 4653 11771 12299
8700 5970 15780 10074 2071 10299 7162 10528 1162 4875 10687 13047 14856 11111 15730 8930 9501 9589 5597 6979 3606 13625 1774 9814 6047 9368 14600 9122 9582 9810 8803 5813 7741 3745 13064 14597 14268 7085 4035 9873 8920 5536 6873 11688 3552 9926 14372 13404 14808 4111 4125 14435 4928 5675 14553 8791 12714 16765 4742 3801 9112 4600 8580 2419 9233 11762 4796 8032 10867 13978 1535 6709 3421 7702 9781 3003 2439 11660 5901 0 11634 16294 9617 8260 8146 10674 7569 5968 11217 12013 10188 13426 4577 6593 10245 3835 5662 4157 3740 6526 9366
14677 14832 15354 11957 13374 12075 18375 1237 10746 8819 4532 8460 3452 5476 4168 9276 8669 18270 6230 15973 11550 2090 11570 12427 5623 5198 3625 19536 11431 14732 8813 6015 17275 15168 4605 11265 13253 13856 10215 11084 3471 7429 14971 5303 13318 1712 9602 10364 14257 14100 9367 8730 16013 9273 6619 3897 13008 5259 6897 15418 19830 15979 5001 9307 20105 15728 10588 11760 1067 15435 10210 5287 8626 4975 12806 14217 9199 327 8472 11634 0 4661 6651 19619 8426 21657 18133 16596 544 3517 16100 13483 8167 7531 15092 10940 12566 9128 12602 14138 20259
18687 19260 17414 15412 18012 15483 22969 5794 15404 13213 7619 10305 1981 8207 985 12767 12105 22467 10862 20307 16024 2749 16179 15989 10270 8817 3078 23996 14842 18533 12339 10622 21645 19820 6025 12882 15417 18062 14707 14390 7780 11846 19222 7712 17848 6372 10967 12338 16428 18623 13880 9866 20609 13509 7147 8109 15675 1343 11554 20079 24336 20607 9067 13965 24634 19090 14926 15561 5512 18122 14870 9868 13234 9290 16287 18862 13857 4659 12713 16294 4661 0 10101 24229 12250 26194 22636 21131 5102 5890 19879 15991 12708 11708 18726 15390 16823 13604 17086 18445 24790
8690 9997 19984 5368 11688 5466 16720 6571 8457 9922 9856 13978 9755 10845 10097 12715 2042 18690 5041 16074 11592 8424 10577 5905 6236 9604 7252 18722 14623 8438 12289 6916 17093 12070 10963 16643 17942 8319 6194 14515 7428 8889 15521 10983 12710 5770 15323 15535 18851 13433 5669 14677 14542 10883 13026 7817 17133 11186 6473 12725 18729 14145 2165 7404 18841 18485 11494 14093 5620 19300 8140 4263 8384 7967 15668 11049 7825 6397 10287 9617 6651 10101 0 17715 2309 20253 17173 15562 6133 9703 17931 17759 5046 9850 17362 11236 13423 9729 12401 8886 18971
13735 10083 18376 16828 6297 17031 1336 18440 9367 11307 17693 18698 22622 17793 23568 14002 17246 6533 13820 5911 8473 21497 8051 16337 14009 16275 22776 3198 13317 15095 14142 13610 4928 5997 20115 19209 17694 12366 11631 13851 16533 12555 7160 18434 6555 17943 19738 18224 17776 5853 12051 20197 3635 11428 21159 16284 15893 24537 12795 5110 2430 3676 16832 10671 2057 12651 9913 11507 18953 15879 9794 14942 10997 15097 12552 6916 10560 19688 12100 8260 19619 24229 17715 0 15951 2779 2831 3512 19252 19295 10146 16481 12757 13099 11203 9139 8701 10772 7449 11468 2062
6445 7729 20343 3689 10187 3852 15045 8079 6997 9535 10913 14888 11722 11847 12163 12898 1360 17583 4839 14946 10677 10356 9384 4051 6367 10378 9493 17240 14611 6329 12515 6966 15841 10132 12384 17407 18375 6010 4322 14594 8378 8764 14559 12095 11503 7225 16282 16242 19222 12170 4023 15766 12982 10575 14422 8683 17366 13269 6119 10875 17164 12492 3438 6235 17229 18169 10887 13806 7361 19370 6799 4545 7712 8515 15490 9127 6801 8217 10111 8146 8426 12250 2309 15951 0 18576 15685 14099 7886 11094 17309 18032 3853 9897 16910 10437 12667 9186 11348 6584 17349
16512 12861 18439 19583 8627 19788 3536 20448 11819 13036 19304 19784 24497 19279 25476 15126 19890 5967 16113 6521 10187 23446 10164 19101 16120 17893 24950 2585 14076 17872 15341 15654 5195 8749 21687 19917 18068 15145 14258 14644 18424 14368 7837 19925 8347 20022 20689 19042 17993 7570 14621 21274 5777 12959 22529 18128 16285 26397 14979 7825 1938 6108 19236 13038 1564 12537 11448 12368 21070 15846 12198 17237 13065 16936 13076 9639 12837 21755 13700 10674 21657 26194 20253 2779 18576 0 3597 5064 21328 20983 10021 16796 15240 14724 11281 10837 9875 12595 9124 14247 1405
14640 11042 15571 17165 5504 17382 1879 16915 8731 9452 15707 16290 20920 15689 21906 11607 17032 3843 12772 3161 6614 19888 6771 16768 12651 14296 21482 1555 10709 15964 11800 12154 2096 6657 18092 16598 14956 13124 11438 11262 14859 10796 4461 16335 4821 16519 17251 15662 14998 4036 11666 17786 2743 9362 18960 14554 13156 22816 11564 5620 1700 3433 15982 9812 2040 9821 7851 8941 17582 13058 9035 13888 9597 13362 9843 7315 9522 18242 10103 7569 18133 22636 17173 2831 15685 3597 0 1616 17821 17387 7314 13724 12127 11128 8384 7256 6317 9032 5551 12282 2200
13343 9813 15115 15682 3912 15901 2192 15385 7128 8003 14334 15190 19445 14376 20419 10493 15449 4495 11163 2747 5146 18384 5166 15309 11078 12916 19912 3160 9835 14644 10641 10598 2414 5443 16740 15719 14300 11791 9877 10361 13365 9317 3824 15020 3283 14967 16226 14721 14445 2511 10077 16689 1331 8011 17707 13077 12504 21349 9971 4412 3263 2179 14367 8196 3510 9594 6491 8015 16021 12701 7423 12282 8022 11884 9144 5971 7908 16696 8720 5968 16596 21131 15562 3512 14099 5064 1616 0 16271 15982 7198 13118 10516 9736 8058 5804 5189 7538 4087 10978 3663
14134 14312 15539 11426 12989 11546 18019 1113 10306 8573 4707 8730 3980 5682 4660 9272 8144 18059 5761 15725 11262 2608 11211 11891 5242 5234 3768 19239 11425 14189 8807 5674 17014 14718 5013 11531 13435 13318 9703 11101 3341 7183 14752 5565 13000 1309 9913 10594 14432 13785 8858 9075 15657 9081 7051 3793 13120 5761 6491 14989 19515 15601 4459 8869 19780 15709 10355 11669 525 15530 9775 4792 8274 4802 12778 13760 8787 444 8284 11217 544 5102 6133 19252 7886 21328 17821 16271 0 3865 15996 13616 7663 7371 15022 10663 12351 8848 12307 13607 19933
16896 16358 12049 14765 13374 14911 17983 3142 11392 7993 1768 5007 3922 2342 4962 6888 11616 16799 7540 14802 10845 3531 11424 15142 6257 3115 6534 18641 8952 17175 6470 6271 16171 15747 1293 7803 9968 15831 11764 8502 3213 6761 13636 1943 12752 3936 6093 6978 10983 13489 10906 5215 15671 8039 3336 3240 9960 5637 7537 15765 19073 15831 7728 10021 19421 13205 9538 9733 4278 12417 10836 7003 8629 4319 10398 14908 9670 3844 7284 12013 3517 5890 9703 19295 11094 20983 17387 15982 3865 0 14021 10353 9705 6259 12845 10182 11283 8531 11897 15936 19581
18861 15786 8418 19991 8984 20215 9072 14902 11015 8038 12267 11073 17934 11799 18976 7142 18615 4094 12890 4453 6772 17288 8455 19833 11896 11091 19725 7506 5233 19996 7552 11216 5218 11855 14243 10422 8201 17241 13941 5782 12655 9238 3633 12386 6843 14880 11609 9786 8014 6658 13693 12440 8199 7172 14378 12210 6489 19635 11457 10967 8319 9042 16084 11211 8836 2530 6450 4348 15972 5829 10932 13768 9617 11226 3828 11952 10566 16324 7896 10188 16100 19879 17931 10146 17309 10021 7314 7198 15996 14021 0 6904 13476 8677 1403 6895 4680 8206 6450 16609 8970
21660 19382 2384 21432 13218 21638 15251 12545 13733 9021 8958 5756 14032 8069 15009 5137 19106 10972 13197 10576 9989 13879 11762 21506 11681 8475 16856 14226 3844 22513 5518 11066 11714 16386 9968 3916 1299 20135 16054 3612 10669 9361 9327 8411 11263 12923 5605 3820 1392 11534 15470 6677 13720 7992 9227 10208 714 15346 12018 15761 14989 14402 15615 13171 15490 4639 8631 5507 13820 2182 13383 13607 11051 9808 4000 16089 12468 13786 8159 13426 13483 15991 17759 16481 18032 16796 13724 13118 13616 10353 6904 0 14729 8157 5549 9615 8402 9640 10428 19758 15636
7419 6720 17093 6759 6647 6974 11715 7308 3423 5882 8942 12444 11605 9709 12323 9624 5193 13779 2167 11146 6824 10256 5594 6782 3650 8003 10563 13676 11117 7995 9297 4001 12101 7395 10951 14678 15230 6184 2081 11177 6534 5375 10714 10122 7728 6522 13862 13468 15998 8428 1218 13564 9505 6945 12820 6651 14037 13424 2777 7900 13688 9141 4145 2411 13810 14440 7088 10130 7210 15876 3095 2887 3941 6011 11861 6381 2949 8095 6601 4577 8167 12708 5046 12757 3853 15240 12127 10516 7663 9705 13476 14729 0 6614 13130 6592 8821 5444 7514 6233 13942
13804 12074 10501 13278 7472 13483 11775 6304 6402 1849 4599 6465 9889 4736 10904 3023 11019 10779 5059 8610 4626 8987 5518 13366 3622 3181 11133 12394 4776 14535 2683 2961 9963 10255 7016 8264 8616 12372 8139 4706 4060 1265 7515 5365 6545 6213 7815 7046 9396 7260 7461 7842 9502 1805 8173 3654 7480 11752 3867 10046 12814 9751 7791 5424 13163 8746 3281 4436 7312 9496 5917 5596 3352 2570 5856 9593 4790 7726 1026 6593 7531 11708 9850 13099 9897 14724 11128 9736 7371 6259 8677 8157 6614 0 7817 3960 5114 2518 5661 12145 13323
18943 16036 7200 19773 9296 19995 10058 13917 10957 7446 11108 9709 16766 10583 17807 5960 18185 5423 12332 5344 6683 16180 8474 19664 11213 9996 18714 8731 3945 20021 6392 10525 6310 12315 13000 9020 6840 17330 13797 4470 11687 8527 4279 11153 7142 13957 10214 8387 6711 7109 13467 11060 8924 6486 13051 11229 5105 18430 10915 11494 9519 9723 15435 10972 10030 1592 6042 3384 15033 4676 10805 13138 9202 10312 2503 12298 10294 15331 7142 10245 15092 18726 17362 11203 16910 11281 8384 8058 15022 12845 1403 5549 13130 7817 0 6669 4585 7726 6582 16754 10170
12395 9805 11957 13124 3836 13347 7815 9710 4344 2200 8556 9935 13664 8671 14651 5430 11760 7605 6272 5112 666 12642 2150 12999 5679 7137 14388 8609 5779 13413 5416 5088 6360 6928 10976 11095 10505 10803 7129 6109 7610 3544 4330 9307 2585 9381 11148 9946 11002 3307 6816 11406 5549 2360 12074 7298 8905 15561 4867 6486 8955 5850 9577 4324 9273 8103 1020 4197 10471 10152 4145 7286 2859 6108 5953 6512 3672 11071 2967 3835 10940 15390 11236 9139 10437 10837 7256 5804 10663 10182 6895 9615 6592 3960 6669 0 2229 1816 1717 10312 9431
14358 11511 10624 15314 4911 15538 7376 11329 6387 3820 9551 10009 14996 9437 16016 5312 13988 5708 8419 3519 2112 14098 3890 15165 7652 8168 16116 7419 4788 15438 5487 7010 4892 8056 11880 10600 9465 12745 9276 5270 9122 5189 2407 10082 2866 11116 11039 9563 9787 3168 9013 11508 5467 3315 12654 8744 7726 16847 6993 7373 7938 6061 11698 6532 8343 6104 2034 2959 12221 8535 6269 9386 5041 7600 4450 7887 5894 12734 4116 5662 12566 16823 13423 8701 12667 9875 6317 5189 12351 11283 4680 8402 8821 5114 4585 2229 0 3762 2095 12180 8504
12022 9892 12023 12177 4962 12395 9468 7901 4168 718 6980 8910 11907 7222 12882 4837 10459 9361 4693 6913 2424 10855 3003 12140 3910 5577 12573 10411 5856 12906 4670 3293 8174 7757 9410 10462 10344 10497 6455 6027 5829 1785 6055 7839 4263 7566 10220 9262 10984 5027 5952 10321 7142 1649 10672 5540 8928 13812 3259 7529 10732 7314 7945 3548 11033 8999 1769 4696 8656 10548 3766 5629 1508 4347 6448 7134 2839 9257 1744 4157 9128 13604 9729 10772 9186 12595 9032 7538 8848 8531 8206 9640 5444 2518 7726 1816 3762 0 3483 10146 11190
12417 9457 12685 13689 2819 13914 6119 11378 4629 3916 10260 11428 15373 10344 16356 6798 12699 6290 7595 3681 1063 14337 2046 13479 7217 8842 16006 6934 6705 13546 6858 6671 4808 5975 12675 12350 11442 10798 7605 7132 9308 5246 3229 10984 944 11014 12577 11249 11818 1599 7479 12916 3902 3983 13722 9006 9739 17273 6258 5338 7251 4307 10900 5113 7561 8137 2481 4926 12092 10630 4637 8667 4223 7814 6519 5793 4591 12722 4653 3740 12602 17086 12401 7449 11348 9124 5551 4087 12307 11897 6450 10428 7514 5661 6582 1717 2095 3483 0 10189 7718
2364 1453 22136 5698 7698 5868 10993 13418 6030 10809 15137 18415 17586 15855 18200 14939 7427 15322 8400 12906 10131 16211 8300 5088 9818 14109 15902 13712 15931 3683 14713 10047 13271 5640 17184 20409 20490 912 4205 16153 12764 10894 13122 16304 9782 12592 19820 19190 21117 10104 5046 19631 9652 11791 19040 12866 19044 19315 8720 6669 13342 8863 9384 6725 13225 18283 11212 14493 13110 20459 6382 9012 8846 12136 16261 5009 7388 14011 11771 6526 14138 18445 8886 11468 6584 14247 12282 10978 13607 15936 16609 19758 6233 12145 16754 10312 12180 10146 10189 0 13302
15609 11955 17363 18508 7304 18717 2348 19048 10519 11631 17905 18448 23091 17890 24071 13776 18675 5034 14755 5214 8782 22042 8787 18053 14732 16493 23564 1484 12793 16963 13981 14259 3940 7710 20292 18659 16894 14186 13042 13354 17019 12963 6534 18535 6945 18628 19379 17757 16865 6167 13366 19941 4443 11561 21154 16723 15101 24991 13603 6736 651 4857 17904 11705 161 11500 10048 11057 19679 14795 10880 15878 11676 15531 11845 8542 11481 20359 12299 9366 20259 24790 18971 2062 17349 1405 2200 3663 19933 19581 8970 15636 13942 13323 10170 9431 8504 11190 7718 13302 0
1 3 8 3
2 11 11 2
3 9 9 4
4 5 7 6
5 8 7 4
6 10 9 4
7 9 6 4
8 11 6 2
9 8 3 0
10 7 8 1
11 5 8 5
12 6 13 5
13 8 12 7
14 9 6 3
15 12 13 4
16 8 5 8
17 8 13 2
18 12 9 4
19 7 9 5
20 10 5 6
21 6 6 2
22 8 6 3
23 8 8 7
24 12 10 4
25 10 6 4
26 11 7 4
27 7 5 1
28 10 6 7
29 12 8 0
30 7 10 6
31 6 9 3
32 7 10 5
33 7 7 7
34 6 6 3
35 11 7 4
36 11 10 3
37 5 8 6
38 8 10 0
39 10 9 6
40 7 5 4
41 5 9 7
42 9 11 2
43 13 9 2
44 4 7 0
45 11 7 1
46 7 9 8
47 9 9 7
48 5 3 1
49 5 9 2
50 4 8 5
51 12 9 8
52 13 7 6
53 10 11 2
54 9 8 1
55 6 6 8
56 12 5 7
57 11 9 3
58 10 4 9
59 8 6 6
60 12 9 2
61 9 5 7
62 4 8 2
63 13 12 2
64 10 8 6
65 12 6 2
66 6 7 6
67 5 6 7
68 3 4 4
69 10 11 5
70 7 7 4
71 8 10 5
72 18 9 6
73 9 14 7
74 6 5 4
75 10 8 1
76 12 6 6
77 7 7 2
78 16 5 4
79 6 11 3
80 5 5 1
81 13 10 6
82 9 11 1
83 12 7 3
84 8 2 4
85 8 3 3
86 9 8 8
87 6 13 4
88 11 8 2
89 7 13 4
90 13 1 6
91 10 9 6
92 10 7 7
93 9 4 1
94 6 4 6
95 8 6 8
96 8 1 6
97 9 4 6
98 11 11 3
99 7 7 7
100 12 5 4
