75 15 3
30 60 700 9.00
0 20 14 1
0 3 10 1
0 2 8 1
0 6 3 3
0 1 15 3
0 8 9 2
0 3 6 3
0 10 3 1
0 14 6 3
0 12 14 1
0 3 15 3
0 8 6 2
0 5 4 3
0 16 2 2
0 5 4 1
0 7 2 1
0 16 13 1
0 5 12 3
0 18 14 2
0 17 2 1
0 1 13 3
0 5 13 1
0 1 11 3
0 17 3 1
0 2 9 3
0 5 15 3
0 3 4 3
0 7 4 1
0 2 9 1
0 5 1 1
0 1 9 2
0 12 6 1
0 9 15 1
0 1 7 1
0 2 11 3
0 1 1 1
0 11 5 1
0 8 3 2
0 23 9 3
0 6 5 2
0 18 5 3
0 4 8 3
0 16 14 1
0 9 9 1
0 8 10 2
0 12 5 2
0 16 14 2
0 6 7 3
0 10 13 3
0 2 8 2
0 5 11 3
0 1 2 1
0 3 12 1
0 20 2 1
0 1 2 3
0 5 1 1
0 22 3 3
0 8 13 3
0 3 4 2
0 20 7 1
0 6 12 3
0 25 8 1
0 10 1 3
0 1 6 2
0 4 1 1
0 11 7 3
0 11 5 1
0 5 14 1
0 18 2 1
0 4 2 1
0 13 7 1
0 10 1 3
0 8 1 2
0 2 8 1
0 7 15 2
0 7862 5411 18188 11287 16758 9291 10837 12658 3068 1740 14682 13230 15540 2259 18213
7862 0 4496 17199 5951 19553 12943 4492 5119 10895 7383 19302 14568 11866 6085 17807
5411 4496 0 14217 5896 15287 8461 5678 7979 7912 4091 14810 10562 10398 4955 14564
18188 17199 14217 0 12039 8699 10821 13808 16130 18933 16450 12769 6075 6914 18823 1369
11287 5951 5896 12039 0 16460 11579 1779 4301 13770 9970 17625 11126 5998 10444 12895
16758 19553 15287 8699 16460 0 7470 17904 20710 16021 15290 4756 5337 13783 18329 7451
9291 12943 8461 10821 11579 7470 0 12534 15347 8839 7830 6372 4822 11813 10890 10331
10837 4492 5678 13808 1779 17904 12534 0 2846 13550 9728 18748 12597 7722 9673 14642
12658 5119 7979 16130 4301 20710 15347 2846 0 15566 11814 21586 15388 9579 11114 17070
3068 10895 7912 18933 13770 16021 8839 13550 15566 0 3825 13178 13393 17334 5229 18737
1740 7383 4091 16450 9970 15290 7830 9728 11814 3825 0 13544 11562 13912 3093 16486
14682 19302 14810 12769 17625 4756 6372 18748 21586 13178 13544 0 7622 16483 16623 11685
13230 14568 10562 6075 11126 5337 4822 12597 15388 13393 11562 7622 0 8903 14362 5510
15540 11866 10398 6914 5998 13783 11813 7722 9579 17334 13912 16483 8903 0 15351 8083
2259 6085 4955 18823 10444 18329 10890 9673 11114 5229 3093 16623 14362 15351 0 19005
18213 17807 14564 1369 12895 7451 10331 14642 17070 18737 16486 11685 5510 8083 19005 0
1 7 7 3
2 7 2 4
3 10 10 5
4 8 6 5
5 6 9 3
6 7 4 3
7 7 10 5
8 8 5 4
9 7 4 5
10 3 6 4
11 10 6 5
12 6 6 5
13 8 3 1
14 8 2 4
15 7 6 7
