105 15 3
30 60 700 9.00
0 8 1 3
0 4 12 3
0 1 10 3
0 14 5 2
0 3 2 1
0 16 1 2
0 23 2 1
0 4 10 3
0 17 3 1
0 10 1 2
0 10 4 1
0 3 9 3
0 7 13 3
0 1 14 3
0 6 8 1
0 20 10 1
0 4 12 2
0 12 14 3
0 1 4 3
0 1 15 2
0 15 3 3
0 4 9 2
0 1 2 1
0 13 8 2
0 17 3 2
0 4 6 2
0 15 15 3
0 5 11 1
0 7 6 3
0 13 4 3
0 6 10 3
0 8 7 2
0 1 15 1
0 15 13 3
0 2 12 2
0 7 6 3
0 6 13 2
0 8 9 1
0 9 7 1
0 16 8 3
0 7 2 3
0 2 10 3
0 3 7 3
0 24 1 1
0 5 2 1
0 23 6 1
0 21 10 3
0 8 8 3
0 9 6 3
0 7 1 3
0 5 7 1
0 1 12 2
0 18 13 1
0 11 2 1
0 3 1 1
0 5 8 2
0 4 12 3
0 14 2 2
0 12 15 2
0 3 10 1
0 5 15 3
0 10 11 2
0 20 3 2
0 12 11 3
0 3 11 1
0 25 11 2
0 18 14 3
0 6 12 1
0 9 13 3
0 9 15 3
0 3 7 3
0 4 9 3
0 19 1 1
0 14 6 2
0 3 9 3
0 1 13 3
0 23 12 2
0 16 9 1
0 19 14 1
0 11 9 3
0 5 2 2
0 11 8 2
0 2 7 2
0 7 12 3
1 12 5 1
1 12 6 2
1 9 10 3
1 12 9 1
1 20 2 3
1 11 10 3
1 3 7 2
1 5 5 2
1 5 11 2
1 17 8 1
1 3 6 3
1 15 4 3
1 15 2 3
1 1 2 1
1 8 8 2
1 24 12 2
1 16 1 2
1 11 5 3
1 12 11 2
1 18 9 2
1 4 13 3
0 8671 4989 12875 16807 9462 12263 16151 1973 676 17040 15992 1748 18806 6117 13393
8671 0 8265 12729 10513 1005 11529 8831 9888 8208 8985 13989 8946 11308 7968 15972
4989 8265 0 7887 13133 9265 7298 13152 6932 4376 14592 11067 3482 15741 1269 8949
12875 12729 7887 0 10193 13599 1280 11831 14807 12261 14043 3771 11301 13676 6841 4778
16807 10513 13133 10193 0 10699 9158 2707 18615 16149 4878 8196 16043 3525 11940 14970
9462 1005 9265 13599 10699 0 12382 8806 10566 9034 8700 14701 9839 11175 8972 16936
12263 11529 7298 1280 9158 12382 0 10660 14222 11626 12843 3817 10771 12598 6152 5869
16151 8831 13152 11831 2707 8806 10660 0 17821 15528 2321 10451 15655 2655 12080 16524
1973 9888 6932 14807 18615 10566 14222 17821 0 2638 18565 17960 3535 20467 8082 15081
676 8208 4376 12261 16149 9034 11626 15528 2638 0 16456 15342 1393 18183 5475 12923
17040 8985 14592 14043 4878 8700 12843 2321 18565 16456 0 12772 16762 2855 13620 18685
15992 13989 11067 3771 8196 14701 3817 10451 17960 15342 12772 0 14549 11685 9879 7851
1748 8946 3482 11301 16043 9839 10771 15655 3535 1393 16762 14549 0 18304 4704 11647
18806 11308 15741 13676 3525 11175 12598 2655 20467 18183 2855 11685 18304 0 14638 18445
6117 7968 1269 6841 11940 8972 6152 12080 8082 5475 13620 9879 4704 14638 0 8470
13393 15972 8949 4778 14970 16936 5869 16524 15081 12923 18685 7851 11647 18445 8470 0
1 13 4 2
2 5 4 1
3 7 7 5
4 9 5 5
5 5 4 4
6 10 7 4
7 9 7 3
8 6 4 3
9 8 7 5
10 6 6 3
11 12 6 3
12 6 7 5
13 4 10 0
14 5 9 2
15 9 4 5
