900 100 3
30 60 700 9.00
0 14 77 3
0 8 96 2
0 23 31 1
0 7 16 3
0 8 3 1
0 10 87 2
0 7 47 2
0 4 48 1
0 4 34 1
0 3 36 2
0 1 78 2
0 6 69 1
0 3 56 2
0 13 33 3
0 10 78 2
0 3 66 1
0 24 82 2
0 3 28 1
0 17 22 1
0 1 95 2
0 5 52 1
0 3 66 1
0 10 69 1
0 9 32 1
0 1 19 1
0 4 18 2
0 21 28 3
0 6 91 1
0 4 82 2
0 12 55 1
0 15 53 3
0 4 19 1
0 15 67 1
0 7 48 2
0 24 17 3
0 5 25 1
0 11 24 3
0 5 92 2
0 23 45 2
0 19 79 1
0 3 51 1
0 13 35 3
0 18 19 3
0 4 30 1
0 20 99 1
0 15 50 2
0 3 71 3
0 23 94 3
0 4 66 2
0 12 31 3
0 5 46 3
0 2 61 3
0 3 42 3
0 4 15 2
0 5 99 1
0 1 78 1
0 9 65 2
0 2 47 2
0 3 30 1
0 2 56 3
0 1 99 1
0 5 94 1
0 9 80 3
0 5 16 2
0 15 3 1
0 3 73 2
0 9 95 3
0 6 4 3
0 3 31 3
0 19 100 2
0 17 92 2
0 18 67 1
0 2 57 3
0 4 3 2
0 2 77 2
0 3 78 1
0 5 30 3
0 3 67 3
0 1 43 3
0 11 6 3
0 18 14 1
0 14 18 2
0 4 48 1
0 4 35 3
0 15 8 2
0 8 40 2
0 6 96 2
0 3 91 2
0 6 93 2
0 4 60 1
0 17 19 3
0 3 11 2
0 24 60 2
0 22 9 1
0 11 82 2
0 13 55 1
0 5 90 3
0 13 44 1
0 1 30 3
0 25 98 3
0 2 15 2
0 14 10 1
0 1 59 1
0 19 40 3
0 13 73 1
0 10 60 2
0 18 9 3
0 5 35 1
0 4 64 1
0 14 39 3
0 3 40 3
0 18 81 1
0 3 60 2
0 1 60 1
0 10 62 1
0 1 47 3
0 5 94 3
0 9 43 2
0 12 44 2
0 1 49 2
0 7 65 1
0 2 45 2
0 21 75 2
0 4 13 1
0 4 8 3
0 17 91 3
0 19 36 3
0 22 16 2
0 5 65 3
0 19 11 1
0 20 88 3
0 2 33 3
0 7 45 2
0 8 66 2
0 10 95 1
0 6 7 3
0 3 94 3
0 8 22 2
0 4 28 2
0 8 10 2
0 4 44 1
0 9 22 2
0 1 40 1
0 8 1 2
0 4 5 3
0 2 100 1
0 9 29 1
0 5 58 2
0 8 13 1
0 4 31 2
0 13 60 1
0 6 74 3
0 17 3 1
0 4 45 1
0 17 40 1
0 8 49 1
0 13 40 2
0 5 82 1
0 7 81 2
0 6 45 3
0 8 3 1
0 15 93 1
0 9 53 2
0 8 72 1
0 7 44 3
0 2 89 3
0 5 35 2
0 15 56 2
0 11 17 2
0 6 38 3
0 4 19 1
0 3 45 3
0 7 6 3
0 8 52 2
0 3 47 1
0 8 1 3
0 5 81 2
0 11 96 1
0 14 63 1
0 9 24 1
0 3 98 3
0 22 38 2
0 1 63 3
0 3 91 3
0 9 64 2
0 7 46 1
0 15 80 1
0 6 15 3
0 5 94 2
0 2 85 2
0 8 34 1
0 16 64 1
0 9 61 2
0 1 12 1
0 3 31 3
0 18 82 2
0 9 33 3
0 4 40 1
0 15 86 1
0 12 23 2
0 6 34 1
0 15 10 2
0 4 18 3
0 3 17 1
0 20 97 2
0 9 53 1
0 13 76 2
0 24 52 2
0 3 95 2
0 3 98 3
0 13 64 1
0 1 50 1
0 6 41 1
0 4 74 3
0 1 34 1
0 9 37 3
0 3 24 1
0 4 24 1
0 5 22 3
0 7 37 3
0 6 7 1
0 25 58 2
0 2 71 2
0 6 51 3
0 21 24 2
0 2 3 3
0 1 10 1
0 3 74 3
0 3 67 1
0 4 35 3
0 3 13 2
0 14 95 2
0 3 16 2
0 3 53 2
0 7 33 1
0 4 61 1
0 4 47 1
0 16 72 1
0 11 92 3
0 13 63 1
0 2 17 1
0 2 48 2
0 12 89 1
0 5 52 2
0 16 33 2
0 11 89 1
0 3 67 3
0 5 90 3
0 12 49 1
0 10 38 2
0 5 14 3
0 9 33 1
0 2 26 3
0 5 19 3
0 20 86 3
0 5 26 2
0 7 23 2
0 4 98 3
0 5 85 3
0 4 33 2
0 25 73 3
0 7 10 1
0 11 39 1
0 4 73 2
0 3 4 3
0 1 87 2
0 17 55 2
0 24 58 1
0 12 85 1
0 16 27 3
0 16 17 1
0 2 60 1
0 15 23 2
0 3 29 1
0 4 29 3
0 7 87 2
0 3 42 3
0 2 76 2
0 10 65 2
0 10 67 3
0 2 17 2
0 5 47 2
0 8 69 3
0 6 77 3
0 8 85 3
0 1 60 2
0 5 96 3
0 2 22 1
0 7 74 2
0 24 41 3
0 2 31 3
0 5 64 2
0 1 81 2
0 9 89 3
0 2 73 2
0 10 60 2
0 7 27 2
0 4 80 2
0 17 58 1
0 6 90 1
0 8 86 1
0 3 36 1
0 2 63 2
0 2 40 1
0 8 36 2
0 4 45 3
0 12 92 2
0 13 93 1
0 16 72 2
0 11 65 3
0 1 2 2
0 16 48 1
0 7 28 3
0 5 90 3
0 5 8 1
0 13 13 2
0 2 63 2
0 3 31 1
0 8 40 1
0 4 55 2
0 4 69 1
0 19 6 3
0 3 77 3
0 5 66 3
0 2 36 3
0 7 72 3
0 3 14 2
0 7 57 3
0 3 39 3
0 9 34 1
0 10 24 2
0 16 80 1
0 10 80 3
0 20 39 3
0 5 95 1
0 4 89 3
0 1 61 1
0 4 100 2
0 5 51 2
0 15 12 3
0 22 74 2
0 1 97 1
0 16 93 2
0 5 26 3
0 1 87 3
0 3 42 2
0 2 20 3
0 12 11 1
0 1 5 1
0 14 50 2
0 19 24 1
0 24 4 3
0 20 31 1
0 3 100 1
0 11 70 1
0 1 79 1
0 25 74 3
0 12 35 1
0 6 95 1
0 25 1 1
0 5 18 1
0 8 97 1
0 6 1 3
0 11 9 3
0 15 35 1
0 8 96 3
0 1 13 3
0 17 96 1
0 5 62 1
0 16 44 1
0 3 31 3
0 1 77 3
0 21 82 1
0 1 13 2
0 9 30 3
0 3 64 1
0 5 42 3
0 12 71 2
0 17 66 3
0 5 26 2
0 3 72 3
0 3 12 3
0 1 72 1
0 11 57 3
0 4 1 3
0 22 41 3
0 18 75 2
0 14 42 2
0 3 13 3
0 7 69 2
0 17 87 1
0 18 27 3
0 4 25 1
0 11 45 2
0 15 38 1
0 14 24 1
0 1 2 2
0 2 84 2
0 7 80 2
0 16 28 3
0 6 58 3
0 13 55 2
0 16 59 1
0 6 8 2
0 14 23 2
0 2 73 3
0 2 97 2
0 6 2 1
0 1 58 2
0 6 98 2
0 10 87 2
0 8 3 2
0 4 49 2
0 3 77 3
0 3 65 1
0 16 50 1
0 1 82 3
0 11 91 2
0 1 75 1
0 2 13 1
0 4 8 2
0 3 100 2
0 3 3 2
0 1 49 3
0 1 14 3
0 16 14 3
0 12 23 3
0 11 12 2
0 1 78 2
0 6 93 1
0 1 12 3
0 19 22 3
0 19 43 2
0 1 86 2
0 21 59 1
0 5 90 2
0 11 32 3
0 17 83 2
0 6 34 3
0 18 65 1
0 6 80 2
0 9 71 3
0 2 64 1
0 17 29 2
0 20 32 1
0 21 49 1
0 16 87 1
0 8 2 1
0 3 61 3
0 5 47 2
0 14 70 3
0 4 68 3
0 1 100 2
0 24 82 2
0 9 55 3
0 6 29 3
0 12 62 2
0 17 83 2
0 1 7 2
0 11 14 3
0 19 100 3
0 1 36 3
0 2 66 2
0 2 74 3
0 4 15 2
0 16 40 1
0 17 40 1
0 5 14 2
0 10 95 1
0 12 27 1
0 25 64 1
0 5 3 1
0 2 72 2
0 13 1 1
0 20 11 1
0 9 10 1
0 15 72 2
0 6 19 3
0 8 51 3
0 2 93 1
0 1 28 2
0 2 96 2
0 2 20 3
0 11 26 2
0 3 48 3
0 3 56 1
0 16 32 3
0 14 34 1
0 7 85 3
0 4 33 2
0 3 70 3
0 1 4 1
0 1 19 3
0 6 52 3
0 10 7 3
0 15 55 3
0 6 92 2
0 3 38 1
0 7 25 3
0 6 20 3
0 7 64 3
0 15 8 3
0 3 98 1
0 9 7 1
0 1 99 2
0 9 68 1
0 7 9 1
0 7 7 2
0 22 92 1
0 10 92 2
0 7 12 2
0 3 47 2
0 5 84 1
0 10 84 3
0 2 96 1
0 5 85 2
0 8 77 3
0 12 24 1
0 22 34 2
0 25 58 1
0 8 28 2
0 6 42 1
0 3 83 1
0 21 79 2
0 2 28 3
0 10 76 2
0 19 34 2
0 2 48 2
0 7 14 1
0 19 96 2
0 18 14 3
0 2 56 1
0 5 13 2
0 13 62 1
0 3 18 2
0 4 11 1
0 4 76 1
0 2 22 1
0 3 38 2
0 13 93 2
0 4 73 2
0 5 90 1
0 3 52 2
0 3 74 3
0 3 79 3
0 23 5 3
0 8 13 1
0 7 7 3
0 6 98 2
0 6 44 2
0 24 33 3
0 3 1 1
0 8 97 1
0 4 76 2
0 21 87 2
0 1 48 3
0 7 92 2
0 25 44 1
0 2 48 1
0 11 91 1
0 6 21 1
0 1 58 1
0 4 93 3
0 3 48 3
0 8 88 3
0 1 51 1
0 3 15 1
0 2 60 1
0 5 43 1
0 7 38 1
0 9 38 1
0 1 100 2
0 6 3 3
0 19 23 3
0 12 30 3
0 2 82 3
0 18 28 3
0 8 68 3
0 1 29 1
0 15 64 3
0 22 40 2
0 16 17 3
0 11 35 3
0 1 79 3
0 5 47 2
0 2 84 2
0 3 9 1
0 10 38 3
0 9 19 3
0 8 22 3
0 9 16 2
0 6 98 2
0 7 95 3
0 1 42 3
0 1 18 3
0 5 47 3
0 11 25 3
0 11 13 2
0 2 55 3
0 3 33 2
0 17 1 2
0 11 33 3
0 3 15 1
0 10 76 2
0 14 74 1
0 9 44 1
0 9 1 3
0 20 29 2
0 3 78 3
0 2 55 1
0 4 38 2
0 20 90 1
0 25 61 1
0 23 7 1
0 15 36 3
0 20 84 1
0 6 64 2
0 11 58 3
0 21 75 3
0 1 49 2
0 1 44 3
0 9 27 3
0 10 52 1
0 2 46 3
0 2 18 1
0 8 32 2
0 4 57 1
0 3 13 1
0 5 39 2
0 17 61 3
0 24 80 1
0 5 90 3
0 3 91 3
0 18 68 3
0 7 44 1
0 9 55 2
0 5 65 1
0 7 79 3
0 16 94 2
0 6 31 2
0 10 88 2
0 7 46 2
0 15 9 2
0 18 7 2
0 10 56 1
0 1 77 2
0 8 6 1
0 3 19 2
0 3 36 1
0 6 34 2
0 19 66 2
0 5 19 2
0 9 5 3
0 11 42 3
0 5 93 3
0 4 31 3
0 2 80 3
0 5 46 2
0 1 92 1
0 23 15 3
0 14 67 1
0 10 3 1
0 1 9 3
0 10 83 1
0 12 44 1
0 8 76 2
0 3 93 3
0 4 51 1
0 3 75 2
0 3 83 1
0 10 43 1
0 7 73 1
0 10 60 1
0 5 62 1
0 1 70 1
0 13 90 1
0 6 74 3
0 15 63 3
0 7 23 2
0 8 93 2
0 11 98 2
0 2 67 3
0 6 26 3
0 8 12 1
0 9 14 2
0 14 76 3
0 3 29 3
0 2 16 3
0 1 87 3
0 1 31 3
0 9 43 1
0 12 84 2
0 10 81 1
0 8 62 3
0 2 32 1
0 24 81 3
0 20 89 1
0 3 55 3
0 4 28 3
0 7 12 2
0 20 1 3
0 1 2 3
0 4 6 3
0 3 13 1
0 13 49 1
0 13 97 3
0 3 16 3
0 8 76 3
0 16 83 2
0 4 22 3
0 11 45 2
0 9 98 2
0 13 88 1
0 3 49 2
0 6 98 1
0 6 82 1
0 2 7 2
0 8 77 1
0 8 24 2
0 3 32 2
0 16 88 1
0 6 96 2
0 6 59 1
0 18 39 1
0 9 3 2
0 5 41 2
0 9 41 2
0 15 62 3
0 14 20 1
0 8 25 1
0 6 16 3
0 25 53 3
0 12 27 1
0 10 36 2
0 8 3 2
0 5 72 1
0 7 23 2
0 25 10 3
0 9 79 1
0 15 9 1
0 17 98 1
0 22 43 3
0 3 59 1
0 2 21 1
0 23 63 2
0 5 69 3
0 7 75 3
0 1 90 1
0 1 1 3
0 1 25 2
0 21 96 1
0 13 6 2
0 20 57 1
0 1 55 3
0 12 74 3
0 9 67 1
0 3 71 2
0 1 16 2
0 12 79 1
0 3 84 2
0 2 22 3
0 23 36 3
0 8 27 3
0 18 19 3
0 1 56 3
0 4 31 3
0 13 1 1
0 21 22 3
0 7 58 3
0 1 22 1
0 5 92 3
0 10 7 1
0 1 52 1
0 1 42 1
0 4 76 3
0 6 19 3
0 9 37 2
0 23 71 2
0 19 12 2
0 7 59 1
0 11 51 3
0 14 13 1
0 7 13 3
0 13 34 3
0 2 16 2
0 5 8 2
0 14 9 2
0 11 75 1
0 2 39 2
0 7 60 3
0 23 93 2
0 7 46 1
0 13 59 2
0 4 31 3
0 2 17 3
0 4 45 1
0 1 77 3
0 19 31 1
0 10 68 3
0 9 56 1
0 22 95 1
0 12 17 2
0 9 37 2
0 5 81 3
0 6 44 2
0 9 34 3
0 24 43 3
0 10 34 1
0 2 8 3
0 23 14 1
0 14 30 1
0 5 18 3
0 7 58 1
0 2 47 2
0 1 78 1
0 13 46 3
0 1 95 2
0 1 81 1
0 2 80 3
0 7 32 1
0 15 23 2
0 11 19 1
0 5 56 1
0 16 83 3
0 22 52 1
0 19 79 3
0 7 76 2
0 5 92 3
0 3 11 3
0 6 75 2
0 9 5 3
0 4 34 3
0 1 37 1
0 12 91 2
0 6 28 2
0 14 69 3
0 5 48 3
0 8 67 3
0 8 14 1
0 15 31 3
0 3 98 3
0 6 73 1
0 3 61 1
0 4 43 3
0 13 43 2
0 3 33 2
0 8 84 3
0 12 82 1
0 10 32 3
0 8 59 3
0 3 57 3
0 7 66 3
0 2 3 3
0 8 82 3
0 9 88 1
0 18 48 2
0 7 74 1
0 18 34 2
0 4 99 3
0 19 72 3
0 1 71 2
0 2 100 2
0 24 24 3
0 1 63 3
0 9 23 1
0 24 93 1
0 9 36 1
0 3 88 2
0 6 66 1
0 1 18 1
0 9 49 3
0 8 51 2
0 5 100 1
0 2 11 3
0 8 57 3
0 6 5 1
0 9 76 2
0 9 52 3
0 12 42 3
0 3 51 2
0 7 92 1
0 1 22 2
0 7 99 1
0 5 74 3
0 2 63 3
0 4 8 3
0 13 84 2
0 11 86 3
0 17 94 1
0 3 32 1
0 14 13 1
0 2 16 2
0 3 60 1
0 5 75 3
0 18 85 3
0 2 99 1
0 2 50 2
0 1 69 2
0 5 50 1
0 4 86 1
0 10039 7961 5994 3435 2791 5730 3077 8414 11469 13395 3401 8642 5055 2345 11185 9125 3454 12952 6644 6471 3012 4927 1831 8919 10293 11195 8633 7450 8343 8787 10431 3997 8658 11919 9403 4329 6786 10082 14077 12925 6745 11501 10589 5868 2160 10065 14325 12886 8826 8748 15025 7643 3696 10381 797 4322 15704 6222 1281 10876 13743 3881 9143 12868 11340 11667 5797 8535 7352 11426 7540 4689 15148 2786 11729 11212 10828 5662 5355 10832 6375 9439 4356 14536 11031 4014 8643 12609 9706 5241 5745 2553 11231 5631 6716 3578 5839 12800 14612 9388
10039 0 2192 15633 7139 8812 9667 8248 6817 13986 13709 8921 18221 13663 10217 18270 1114 7766 13182 11743 6606 12990 12012 10386 18791 16209 21190 18666 15095 18381 4510 12491 6758 13638 12631 19167 7819 6535 17977 23556 21844 14308 19742 16802 15626 8293 3678 23128 14161 18668 4827 23872 12723 8704 18588 10540 14301 24763 9315 8925 10005 15714 8611 18146 19075 14946 12509 11084 18424 3721 19711 14606 14247 15960 12608 21641 19659 19270 6480 12242 20393 16136 1928 9366 14771 1543 12089 15847 20579 19744 10138 14211 12290 19387 15453 5500 6476 7677 14371 16032 6244
7961 2192 0 13703 4955 6621 8433 6057 5316 12323 12420 6733 16323 11903 8384 16175 1168 5575 11885 9682 4667 10870 10433 8211 16631 14189 19057 16560 12937 16287 4566 10832 4567 11650 11213 16994 6320 4656 16447 21366 19658 12147 17580 14764 13461 6134 4483 20948 12711 16693 3596 21691 10697 7097 17004 8511 12176 22576 8210 6911 8735 14200 7039 16385 17066 13160 11060 8984 16268 1807 17547 12473 12072 14661 10465 19485 17487 17645 4404 10710 18207 13970 1761 7211 13541 3549 10357 14406 18436 17657 8025 12022 10302 17229 13472 4620 4383 6553 12878 14623 5092
5994 15633 13703 0 9429 8526 7841 8942 14277 15737 18220 8999 2650 2737 5468 12485 14836 9379 17857 10924 12374 4147 4905 6858 5978 12844 7061 4506 9391 4077 13276 15077 9990 12315 16802 6765 8288 12690 5456 11370 11491 9097 11388 12826 4905 8146 14785 12854 17437 3100 14739 13386 11568 7306 5351 5292 3703 13628 8522 6821 16327 17897 7464 3474 14602 15113 16543 10323 5628 13302 11270 10027 5310 19602 4815 8003 10880 5492 11608 5055 8467 5056 15296 9680 19263 16388 4049 5346 12607 5032 10209 7570 3457 11297 760 11150 9404 9316 17249 18887 15317
3435 7139 4955 9429 0 1718 6995 1195 5186 9857 11143 2035 12076 8267 4894 11816 6109 853 10647 5771 3236 6063 7542 3267 11701 10212 14172 11743 8306 11501 7280 8550 565 7950 9690 12045 4754 3537 13242 16425 14807 7508 12880 10688 8524 1302 8163 16131 10915 12222 5317 16868 6888 4834 13623 4165 7338 17708 7199 2886 8097 12071 4923 12531 13054 10177 9461 4906 11344 4004 12834 8002 7122 13148 5591 14557 12730 14128 2362 7934 13254 9030 6208 2910 12325 8368 6957 11561 13825 12882 3973 7165 5983 12548 9051 5676 1373 6034 10926 12789 6045
2791 8812 6621 8526 1718 0 7711 568 5751 8999 10700 663 11127 7844 4889 10187 7758 1072 10240 4468 3869 4765 7584 1798 10144 8729 12674 10336 6620 10128 8899 7838 2055 6639 9223 10443 5702 4182 12870 14745 13091 5824 11170 9163 6969 1209 9850 14413 10280 11111 6412 15150 5571 5495 13152 3586 5963 15995 8043 2953 8085 11265 5632 11822 11526 9094 8976 3573 9801 5484 11122 6367 5536 12544 4205 12997 11014 13575 3173 8004 11597 7466 7753 1726 11858 10073 6768 11416 12129 11510 2771 5447 5216 10841 8046 7158 2893 7137 10231 12075 6815
5730 9667 8433 7841 6995 7711 0 7617 11808 16693 18138 8362 9935 5172 3577 16875 9285 7657 17642 12117 9999 7809 3006 7516 13115 16011 14765 12105 13147 11703 6023 15468 7387 14235 16682 13787 2345 10254 8463 18604 17990 12462 16942 16317 10626 6525 7596 19410 17873 10841 11129 20061 13185 2217 9157 5346 8809 20569 682 4850 15012 18948 2092 9219 18597 16792 16451 11229 12720 9066 16854 13269 9857 20120 7973 15595 16587 9909 9130 3019 15425 11063 10190 9432 19319 9868 3822 6251 18103 12823 10480 11366 5813 16709 8069 4219 5848 2006 17861 19719 12337
3077 8248 6057 8942 1195 568 7617 0 5353 9080 10632 875 11561 8119 5009 10635 7192 508 10158 4725 3432 5272 7713 2327 10707 9090 13230 10876 7111 10661 8449 7858 1490 6909 9159 11010 5513 3748 13144 15310 13639 6314 11687 9548 7530 1127 9357 14955 10280 11586 5903 15693 5840 5403 13456 3870 6491 16547 7905 3004 7865 11331 5525 12191 11913 9267 8917 3839 10362 4920 11642 6817 6101 12537 4731 13561 11543 13903 2685 8126 12164 8029 7186 1877 11801 9519 6965 11617 12630 12044 2959 5994 5578 11354 8489 6773 2465 6902 10253 12108 6375
8414 6817 5316 14277 5186 5751 11808 5353 0 7177 7118 5318 16875 13408 10080 12327 5808 4962 6583 5962 1958 10425 12715 7474 15200 9973 17839 15742 9837 15593 9735 5685 4656 7374 5899 15319 9464 1651 18409 18982 16774 9152 14310 10622 12152 6298 9798 17889 7405 16810 2042 18633 6667 9803 18763 9198 11517 19669 11857 8067 3479 8923 9852 17545 12733 8214 5752 5658 14908 3565 14311 9107 10715 9351 9811 17963 14373 19235 2824 13099 16123 12598 4934 4905 8256 8359 12140 16746 14921 16953 4995 9680 10931 13930 13791 9121 6012 10395 7588 9311 1237
11469 13986 12323 15737 9857 8999 16693 9080 7177 0 3040 8340 17862 16128 13774 7360 12953 9093 2986 4915 7778 11655 16394 9711 13762 4829 16276 15089 7208 15139 16412 1496 9621 3557 2327 13492 14570 7715 20939 15528 12795 7064 10051 5447 11634 10169 16748 13493 1860 17245 9207 14160 4170 14476 21010 12177 12100 15339 16982 11940 4652 2275 14603 19200 6709 1529 2208 5694 13634 10516 10113 6306 10608 3869 11010 15938 10380 21225 8365 16822 13523 11859 12112 7273 3752 15529 15417 19904 10126 16253 6262 8486 13270 9688 15035 15291 11194 15891 1565 3178 7970
13395 13709 12420 18220 11143 10700 18138 10632 7118 3040 0 10044 20480 18300 15588 10348 12796 10508 535 7306 8399 14079 18279 11774 16702 7854 19251 17949 10153 17971 16845 3155 10779 6448 1477 16468 15879 8226 23237 18561 15812 9928 13070 8454 14410 11759 16897 16468 1299 19960 8923 17120 6838 15960 23383 14158 14684 18307 18329 13626 3709 2661 16059 21693 9473 4473 1727 7911 16554 10683 13134 9238 13279 2252 13415 18947 13411 23664 9178 18701 16550 14676 11782 9041 1184 15215 17408 22011 13088 19133 8201 11270 15472 12710 17552 16079 12360 17049 1705 2469 7466
3401 8921 6733 8999 2035 663 8362 875 5318 8340 10044 0 11573 8438 5545 9781 7842 1215 9588 3869 3512 5112 8235 2158 10257 8215 12828 10566 6298 10381 9311 7175 2217 6050 8568 10507 6322 3817 13460 14687 12925 5500 10904 8674 7100 1841 10190 14221 9618 11494 6161 14963 4981 6145 13722 4191 6245 15842 8683 3616 7488 10605 6279 12338 11040 8458 8320 2978 9927 5450 10863 5969 5652 11881 4511 13096 10780 14126 2923 8657 11583 7585 7736 1070 11201 10240 7401 12042 11823 11757 2132 5291 5756 10564 8486 7648 3339 7737 9568 11412 6432
8642 18221 16323 2650 12076 11127 9935 11561 16875 17862 20480 11573 0 4805 8012 13748 17449 12006 20147 13179 14988 6565 6929 9418 6124 14522 6128 4242 11103 3870 15651 17326 12636 14354 19097 6915 10718 15303 4720 10884 11663 10958 12172 14401 6407 10789 17190 12908 19621 1375 17383 13324 13709 9741 4215 7942 5797 13331 10599 9463 18796 19946 9884 1978 15916 17099 18839 12657 5892 15952 12045 11852 7255 21727 7226 7231 11613 3955 14235 6952 8481 6355 17932 12195 21481 18923 6341 5717 13347 4068 12641 9447 6108 12162 3086 13560 12046 11603 19403 20962 17935
5055 13663 11903 2737 8267 7844 5172 8119 13408 16128 18300 8438 4805 0 3546 14075 12980 8460 17881 11213 11451 4749 2186 6527 8513 13974 9790 7198 10621 6775 10858 15244 8825 12950 16835 9267 5974 11762 5027 13987 13859 10150 13402 14080 6744 7111 12405 15255 17684 5669 13505 15832 12054 5015 5357 4259 5068 16163 5847 5399 15925 18374 5141 4487 16089 15752 16579 10464 8139 11812 13293 11078 6594 19922 5291 10710 12942 5873 10606 2318 10968 7048 13593 9331 19413 14250 1581 3791 14620 7769 10099 8708 2858 13254 3138 8786 7871 6798 17554 19306 14312
2345 10217 8384 5468 4894 4889 3577 5009 10080 13774 15588 5545 8012 3546 0 13326 9481 5248 15129 8981 8128 4280 2704 4174 9882 12585 11817 9149 9608 8785 7921 12691 5431 11002 14112 10494 2943 8431 8388 15298 14502 8947 13372 12851 7169 3902 9385 15920 15142 8555 10015 16587 9987 2004 8825 1803 5381 17151 4158 2031 12861 16050 2192 8009 15095 13681 13864 8125 9485 8272 13285 9783 6303 17407 4401 12530 13025 9392 7256 3119 12074 7632 10057 6570 16745 10923 2088 6668 14529 10045 7520 7801 2489 13136 5405 5773 4344 4247 15073 16900 10904
11185 18270 16175 12485 11816 10187 16875 10635 12327 7360 10348 9781 13748 14075 13326 0 17156 10986 10344 6546 11738 9446 15294 9525 8131 2587 10144 9918 3735 10144 19082 8047 11948 5002 9622 7561 15428 11876 17913 8314 5497 4466 2784 1927 7581 11259 19960 6134 9071 12707 14198 6809 5672 14878 17692 11533 9030 7982 17399 12274 11321 8396 15060 15533 2172 5875 9451 7192 8184 14557 2870 3820 7483 10350 9069 9497 3227 17630 11791 15684 6940 7480 16709 9039 10802 19720 14104 17661 2785 10842 8152 5541 11587 2464 11728 17317 13080 16945 8685 9388 13486
9125 1114 1168 14836 6109 7758 9285 7192 5808 12953 12796 7842 17449 12980 9481 17156 0 6703 12265 10629 5501 12038 11440 9370 17795 15099 20225 17728 13991 17455 4721 11457 5703 12531 11671 18152 7277 5438 17443 22502 20758 13206 18639 15691 14623 7299 4237 22036 13194 17840 3875 22781 11612 8104 18021 9667 13344 23679 9001 8062 9088 14728 8032 17467 17967 13881 11539 9971 17433 2609 18609 13495 13229 15048 11632 20649 18561 18678 5367 11698 19352 15131 1174 8263 13881 2617 11422 15364 19470 18824 9026 13133 11449 18283 14619 5262 5547 7341 13390 15081 5341
3454 7766 5575 9379 853 1072 7657 508 4962 9093 10508 1215 12006 8460 5248 10986 6703 0 10024 4921 3017 5763 7942 2830 11215 9359 13737 11379 7512 11162 8125 7822 1016 7102 9043 11515 5478 3333 13476 15799 14100 6714 12112 9839 8038 1358 8978 15408 10217 12057 5421 16148 6038 5459 13810 4237 6991 17012 7904 3219 7617 11325 5567 12594 12204 9363 8807 4053 10870 4413 12070 7178 6607 12464 5230 14068 11980 14274 2229 8349 12660 8536 6681 2058 11685 9055 7251 11896 13037 12545 3125 6456 5986 11774 8942 6528 2216 6813 10210 12071 5945
12952 13182 11885 17857 10647 10240 17642 10158 6583 2986 535 9588 20147 17881 15129 10344 12265 10024 0 6968 7875 13712 17824 11354 16490 7813 19059 17696 9957 17706 16310 2850 10275 6249 1056 16279 15376 7699 22835 18501 15778 9694 13035 8432 14131 11286 16363 16475 1472 19654 8391 17139 6564 15470 22993 13720 14349 18320 17826 13157 3179 3004 15567 21329 9576 4481 1314 7536 16331 10148 13095 9038 12971 2783 13046 18783 13357 23286 8660 18244 16414 14411 11254 8597 1702 14690 16967 21580 13104 18887 7783 11001 15063 12670 17197 15551 11853 16536 1872 2939 6938
6644 11743 9682 10924 5771 4468 12117 4725 5962 4915 7306 3869 13179 11213 8981 6546 10629 4921 6968 0 5193 6796 11542 4843 9928 4536 12577 10905 3917 10870 12969 4156 5746 2185 5919 9876 10169 5337 16044 13116 10822 3308 8353 5087 7267 5676 13671 11927 6527 12704 7713 12671 1117 9915 16140 7316 7382 13710 12485 7274 6104 7167 10062 14398 7416 4702 5662 895 9708 8023 8352 3147 6029 8732 6139 12504 8412 16388 5278 11970 10421 7600 10163 2866 8339 13212 10531 14990 9012 12119 1801 4246 8355 7974 10248 11448 7137 11602 6364 8093 7179
6471 6606 4667 12374 3236 3869 9999 3432 1958 7778 8399 3512 14988 11451 8128 11738 5501 3017 7875 5193 0 8610 10775 5638 13661 9608 16268 14063 8816 13887 8643 6314 2718 7031 7027 13848 7669 316 16451 17769 15739 8068 13428 10209 10543 4343 8994 16937 8425 14977 2739 17685 6129 7934 16807 7251 9757 18662 10098 6111 5029 9798 7996 15610 12469 8517 6831 4634 13347 2901 13413 8205 9093 10549 8020 16472 13419 17284 885 11164 14785 11012 4971 3339 9577 8113 10183 14796 14166 15260 3770 8338 9001 13058 11911 7689 4155 8714 8526 10352 2947
3012 12990 10870 4147 6063 4765 7809 5272 10425 11655 14079 5112 6565 4749 4280 9446 12038 5763 13712 6796 8610 0 5860 2973 5911 9225 8204 5694 5891 5440 11736 10942 6578 8319 12657 6416 7018 8919 9302 11148 10224 5400 9166 9339 2934 4782 13054 11641 13321 6387 11173 12312 7500 6192 9355 2783 1315 12902 8421 4264 12233 13851 6387 7617 11397 11132 12398 6177 5525 10066 9072 6329 2065 15508 669 8717 8789 9592 7938 6242 7903 3425 12253 5644 15132 14026 4664 8504 10348 6820 6085 3977 2149 8953 3514 9627 6515 8452 13146 14823 11542
4927 12012 10433 4905 7542 7584 3006 7713 12715 16394 18279 8235 6929 2186 2704 15294 11440 7942 17824 11542 10775 5860 0 6700 10489 14854 11926 9301 11669 8885 8855 15352 8060 13483 16802 11212 4194 11071 6015 15991 15659 11091 14942 15050 8357 6602 10421 17071 17806 7850 12497 17682 12502 3338 6583 4226 6562 18087 3674 4724 15559 18668 3409 6307 17198 16218 16553 10711 10103 10622 14841 11982 7895 20069 6233 12813 14525 7258 9895 428 12895 8733 12176 9246 19432 12450 1201 4071 16144 9930 10165 9776 3711 14755 5224 6858 6817 4756 17725 19539 13481
1831 10386 8211 6858 3267 1798 7516 2327 7474 9711 11774 2158 9418 6527 4174 9525 9370 2830 11354 4843 5638 2973 6700 0 8435 8495 10923 8549 5804 8334 9892 8741 3726 6828 10308 8783 5905 5948 11500 13230 11777 5059 10096 8816 5258 2120 11016 13142 11192 9342 8210 13865 5820 5406 11708 2474 4166 14638 7975 2756 9519 11981 5580 10233 11123 9527 10052 4019 8080 7217 10033 5799 3861 13444 2407 11291 9867 12071 4969 7128 10030 5764 9458 2855 12894 11559 5706 10247 11148 9717 3573 4267 3728 9799 6331 7949 4065 7420 11083 12873 8575
8919 18791 16631 5978 11701 10144 13115 10707 15200 13762 16702 10257 6124 8513 9882 8131 17795 11215 16490 9928 13661 5911 10489 8435 0 9538 2659 1910 6556 2254 17618 13672 12155 10254 15511 806 12782 13939 10757 5504 5597 6810 6153 9229 3179 10499 18960 6915 15619 4868 16381 7419 9990 11881 10326 8653 4617 7660 13782 10174 16031 15534 12072 8082 10279 12652 15270 9796 397 15627 6024 7466 4611 17459 6199 2856 5577 10070 13171 10742 2492 2679 17886 10341 17514 19891 9389 11222 7285 2711 10246 5689 7402 6199 5400 15491 12350 14128 15318 16579 16416
10293 16209 14189 12844 10212 8729 16011 9090 9973 4829 7854 8215 14522 13974 12585 2587 15099 9359 7813 4536 9608 9225 14854 8495 9538 0 11869 11123 3455 11263 17468 5460 10243 2607 7054 9126 14299 9706 18287 10710 7966 3825 5222 676 8120 9897 18204 8701 6603 13658 11913 9387 3491 13887 18185 10792 9171 10551 16465 11214 8750 6136 14055 16141 2882 3403 6876 5334 9492 12490 5283 2897 7550 8100 8709 11391 5558 18239 9787 15268 8891 8184 14551 7314 8404 17700 13713 17714 5372 12190 6303 5308 11253 4859 12089 15863 11551 15789 6233 7169 11090
11195 21190 19057 7061 14172 12674 14765 13230 17839 16276 19251 12828 6128 9790 11817 10144 20225 13737 19059 12577 16268 8204 11926 10923 2659 11869 0 2675 9103 3063 19704 16260 14649 12811 18095 2784 14760 16552 10804 4822 6240 9418 7748 11485 5730 12932 21109 7240 18136 4757 18976 7512 12603 13814 10202 10821 6890 7327 15446 12404 18681 17956 13997 8051 12201 15099 17859 12454 2931 18140 7623 10022 7180 19903 8594 1134 7172 9749 15750 12105 3314 5257 20378 12964 20024 22225 10947 11778 8697 2101 12898 8344 9342 7906 6708 17557 14718 16006 17821 19000 19051
8633 18666 16560 4506 11743 10336 12105 10876 15742 15089 17949 10566 4242 7198 9149 9918 17728 11379 17696 10905 14063 5694 9301 8549 1910 11123 2675 0 7926 432 17047 14850 12245 11538 16685 2681 12092 14359 8920 6902 7425 8031 8053 10875 3662 10473 18465 8690 16930 2960 16723 9139 11134 11143 8455 8210 4404 9244 12785 9810 16942 16977 11325 6213 12083 14084 16437 10630 1751 15740 7924 8798 5048 18868 6158 3514 7480 8172 13477 9500 4249 3305 17944 10838 18827 19655 8294 9542 9193 1222 10929 6703 6680 8085 4077 14899 12192 13331 16654 18019 16925
7450 15095 12937 9391 8306 6620 13147 7111 9837 7208 10153 6298 11103 10621 9608 3735 13991 7512 9957 3917 8816 5891 11669 5804 6556 3455 9103 7926 0 8012 15502 7170 8512 3708 8999 6323 11702 9015 14837 9201 6947 798 4647 3469 4697 7622 16466 8121 9064 10296 11476 8869 3605 11142 14729 7810 5729 9859 13665 8546 9835 9051 11325 12692 5529 6159 8766 4211 6427 11451 4620 920 4109 10946 5441 8858 4604 14788 8677 12070 6607 4811 13696 5729 10959 16478 10495 14321 5525 9066 5049 1914 7991 4292 8635 13670 9502 13219 8767 10093 11066
8343 18381 16287 4077 11501 10128 11703 10661 15593 15139 17971 10381 3870 6775 8785 10144 17455 11162 17706 10870 13887 5440 8885 8334 2254 11263 3063 432 8012 0 16694 14857 12010 11583 16688 3045 11728 14186 8526 7333 7814 8075 8357 11039 3604 10222 18122 9093 16972 2629 16529 9551 11142 10775 8076 7896 4172 9669 12384 9502 16875 17060 10955 5832 12313 14168 16438 10561 2044 15503 8229 8868 4940 18937 5932 3935 7789 7816 13282 9080 4648 3296 17693 10692 18867 19350 7888 9117 9512 1383 10823 6705 6328 8375 3661 14545 11912 12952 16704 18100 16766
8787 4510 4566 13276 7280 8899 6023 8449 9735 16412 16845 9311 15651 10858 7921 19082 4721 8125 16310 12969 8643 11736 8855 9892 17618 17468 19704 17047 15502 16694 0 14956 7227 15112 15565 18152 4999 8738 14472 22862 21639 14711 19967 17961 14644 7893 1574 23019 17020 16373 8153 23735 14072 5978 15178 8967 13006 24461 5495 7506 13206 18434 5814 15160 20324 17046 15391 12137 17226 6179 19909 15262 13465 19062 11572 20359 19755 15931 8067 8965 19616 15147 5887 10155 17990 4123 9311 12236 20979 17966 11175 14145 10367 19657 13301 2149 6005 4101 17146 18947 9643
10431 12491 10832 15077 8550 7838 15468 7858 5685 1496 3155 7175 17326 15244 12691 8047 11457 7822 2850 4156 6314 10942 15352 8741 13672 5460 16260 14850 7170 14857 14956 0 8275 3490 1839 13487 13294 6238 20144 15956 13319 6865 10598 6126 11281 8970 15265 14140 2455 16812 7719 14837 3716 13259 20267 11172 11529 15991 15726 10791 3398 3535 13376 18551 7743 2679 1599 4797 13504 9026 10644 6250 10129 4717 10281 16024 10860 20533 6934 15778 13705 11562 10619 6126 4192 14034 14427 18987 10831 16044 5191 8152 12400 10221 14404 13887 9861 14575 2395 4251 6507
3997 6758 4567 9990 565 2055 7387 1490 4656 9621 10779 2217 12636 8825 5431 11948 5703 1016 10275 5746 2718 6578 8060 3726 12155 10243 14649 12245 8512 12010 7227 8275 0 7904 9339 12478 5102 3011 13792 16801 15116 7714 13121 10744 8976 1852 8013 16423 10604 12771 4753 17164 6854 5262 14180 4730 7842 18027 7552 3436 7647 11808 5338 13096 13105 10020 9115 4910 11803 3497 13080 8152 7559 12820 6087 15010 12994 14689 1835 8447 13651 9479 5733 2935 11963 8039 7502 12092 14036 13393 3949 7472 6546 12781 9607 5755 1591 6308 10633 12495 5489
8658 13638 11650 12315 7950 6639 14235 6909 7374 3557 6448 6050 14354 12950 11002 5002 12531 7102 6249 2185 7031 8319 13483 6828 10254 2607 12811 11538 3708 11583 15112 3490 7904 0 5303 10030 12333 7117 17617 12527 9965 3508 7296 3248 8082 7845 15761 10892 5392 13702 9307 11612 1069 12045 17635 9277 8637 12730 14624 9385 6454 5596 12199 15755 5440 2813 5076 3072 10109 9926 7326 2790 7101 7390 7704 12544 7495 17806 7266 13909 10215 8303 11956 5049 7290 15140 12419 16741 7705 12708 3977 4938 10110 6911 11594 13625 9318 13777 5121 6608 8507
11919 12631 11213 16802 9690 9223 16682 9159 5899 2327 1477 8568 19097 16835 14112 9622 11671 9043 1056 5919 7027 12657 16802 10308 15511 7054 18095 16685 8999 16688 15565 1839 9339 5303 0 15320 14435 6875 21783 17682 14997 8704 12260 7696 13105 10286 15695 15752 1537 18613 7807 16431 5551 14499 21938 12684 13300 17602 16884 12151 2715 3142 14600 20274 9035 3855 259 6481 15343 9443 12314 8079 11931 3521 11991 17847 12555 22231 7779 17224 15507 13394 10710 7565 2643 14157 15933 20540 12401 17881 6735 9985 14013 11889 16143 14717 10925 15626 1805 3414 6409
9403 19167 16994 6765 12045 10443 13787 11010 15319 13492 16468 10507 6915 9267 10494 7561 18152 11515 16279 9876 13848 6416 11212 8783 806 9126 2784 2681 6323 3045 18152 13487 12478 10030 15320 0 13367 14118 11559 4817 4791 6665 5448 8773 3557 10877 19465 6112 15352 5640 16582 6623 9848 12484 11121 9189 5157 6896 14449 10671 15975 15188 12676 8877 9685 12324 15085 9816 1137 15923 5319 7243 4923 17130 6641 2648 4867 10853 13402 11475 1705 3044 18196 10512 17240 20306 10094 12023 6552 3342 10335 5688 8031 5521 6170 16037 12763 14740 15037 16233 16545
4329 7819 6320 8288 4754 5702 2345 5513 9464 14570 15879 6322 10718 5974 2943 15428 7277 5478 15376 10169 7669 7018 4194 5905 12782 14299 14760 12092 11702 11728 4999 13294 5102 12333 14435 13367 0 7919 10171 18148 17188 10963 15830 14668 9951 4493 6497 18597 15668 11387 8812 19286 11268 982 10770 4255 8217 19913 2450 3156 12691 16803 835 10406 17001 14776 14208 9274 12386 6777 15754 11692 8928 17901 6988 15461 15536 11452 6806 4428 14908 10436 8079 7378 17063 8291 4397 8091 16937 12982 8453 10061 5423 15560 8302 2863 3534 1518 15676 17538 9998
6786 6535 4656 12690 3537 4182 10254 3748 1651 7715 8226 3817 15303 11762 8431 11876 5438 3333 7699 5337 316 8919 11071 5948 13939 9706 16552 14359 9015 14186 8738 6238 3011 7117 6875 14118 7919 0 16760 18005 15949 8275 13613 10316 10829 4656 9035 17135 8296 15288 2491 17882 6241 8205 17119 7565 10061 18869 10340 6416 4801 9696 8263 15926 12557 8504 6686 4817 13628 2864 13600 8384 9380 10395 8326 16745 13614 17598 1176 11458 15037 11295 4848 3605 9400 8054 10489 15097 14332 15558 3981 8585 9317 13241 12226 7852 4419 8936 8410 10224 2632
10082 17977 16447 5456 13242 12870 8463 13144 18409 20939 23237 13460 4720 5027 8388 17913 17443 13476 22835 16044 16451 9302 6015 11500 10757 18287 10804 8920 14837 8526 14472 20144 13792 17617 21783 11559 10171 16760 0 15592 16340 14513 16638 18281 10338 12122 16041 17609 22562 6088 18399 18038 16798 9351 853 9286 9119 18049 8980 10356 20948 23149 9413 2755 20044 20429 21525 15347 10487 16595 16515 15447 10739 24776 9934 11922 16100 1676 15596 5745 13169 10442 18190 14332 24331 18306 6301 2267 17840 8776 15056 12994 7775 16585 6216 12653 12714 10451 22408 24113 19279
14077 23556 21366 11370 16425 14745 18604 15310 18982 15528 18561 14687 10884 13987 15298 8314 22502 15799 18501 13116 17769 11148 15991 13230 5504 10710 4822 6902 9201 7333 22862 15956 16801 12527 17682 4817 18148 18005 15592 0 2861 9838 5531 10131 8221 15350 24128 3018 17312 9510 20495 2978 12726 17280 15013 13932 9932 2524 19266 15357 18938 16709 17473 12837 9884 14108 17482 13324 5894 20131 5453 10029 9433 18663 11292 3689 5151 14571 17463 16238 3247 7724 22418 14471 19090 24781 14892 16421 5868 6818 14045 9448 12844 5871 10853 20769 17286 19540 16938 17700 20218
12925 21844 19658 11491 14807 13091 17990 13639 16774 12795 15812 12925 11663 13859 14502 5497 20758 14100 15778 10822 15739 10224 15659 11777 5597 7966 6240 7425 6947 7814 21639 13319 15116 9965 14997 4791 17188 15949 16340 2861 0 7673 2743 7359 7366 13863 22792 1420 14548 10347 18419 2100 10292 16403 15878 12936 9186 2927 18620 14194 16418 13886 16598 13637 7024 11343 14808 11158 5901 18282 2684 7677 8261 15834 10200 5228 2470 15567 15538 15964 3187 6945 20554 12544 16297 23156 14489 16794 3013 7804 11970 7646 12183 3109 10849 19622 15818 18654 14167 14868 17999
6745 14308 12147 9097 7508 5824 12462 6314 9152 7064 9928 5500 10958 10150 8947 4466 13206 6714 9694 3308 8068 5400 11091 5059 6810 3825 9418 8031 798 8075 14711 6865 7714 3508 8704 6665 10963 8275 14513 9838 7673 0 5434 3962 4604 6838 15669 8876 8899 10236 10747 9624 3185 10428 14448 7144 5398 10595 12967 7811 9343 9030 10608 12466 6149 6155 8462 3500 6639 10673 5403 937 3788 10876 4897 9260 5369 14549 7904 11498 7117 4800 12925 4943 10796 15686 9932 13889 6322 9207 4298 1529 7449 5083 8350 12891 8710 12479 8628 10061 10386
11501 19742 17580 11388 12880 11170 16942 11687 14310 10051 13070 10904 12172 13402 13372 2784 18639 12112 13035 8353 13428 9166 14942 10096 6153 5222 7748 8053 4647 8357 19967 10598 13121 7296 12260 5448 15830 13613 16638 5531 2743 5434 0 4618 6658 12081 21008 3605 11807 10986 16045 4338 7713 15142 16301 11666 8392 5435 17529 12716 13746 11178 15334 14075 4553 8602 12074 8796 6314 16097 129 5231 7101 13134 8971 6967 583 16124 13320 15293 4443 6382 18336 10376 13566 21117 13742 16721 1222 8787 9676 5829 11279 385 10666 18045 14011 17336 11428 12172 15518
10589 16802 14764 12826 10688 9163 16317 9548 10622 5447 8454 8674 14401 14080 12851 1927 15691 9839 8432 5087 10209 9339 15050 8816 9229 676 11485 10875 3469 11039 17961 6126 10744 3248 7696 8773 14668 10316 18281 10131 7359 3962 4618 0 8025 10311 18730 8056 7189 13488 12550 8736 4081 14221 18147 11051 9190 9905 16790 11557 9425 6629 14393 16068 2366 3984 7524 5851 9209 13082 4685 3074 7572 8595 8855 10960 4983 18171 10360 15459 8435 8047 15164 7810 8960 18286 13893 17789 4712 11909 6825 5374 11408 4263 12067 16316 12013 16168 6811 7649 11747
5868 15626 13461 4905 8524 6969 10626 7530 12152 11634 14410 7100 6407 6744 7169 7581 14623 8038 14131 7267 10543 2934 8357 5258 3179 8120 5730 3662 4697 3604 14644 11281 8976 8082 13105 3557 9951 10829 10338 8221 7366 4604 6658 8025 0 7333 15932 8786 13447 5632 13247 9436 7572 9114 10149 5715 1821 9984 11260 7144 13281 13634 9308 8044 9706 10759 12853 6968 2833 12450 6549 5469 1451 15470 3091 6035 6203 10147 10022 8688 4974 512 14707 7256 15335 16752 7169 10144 7877 4884 7281 3149 4817 6515 4149 12548 9208 11376 13195 14664 13352
2160 8293 6134 8146 1302 1209 6525 1127 6298 10169 11759 1841 10789 7111 3902 11259 7299 1358 11286 5676 4343 4782 6602 2120 10499 9897 12932 10473 7622 10222 7893 8970 1852 7845 10286 10877 4493 4656 12122 15350 13863 6838 12081 10311 7333 0 8945 15215 11399 10921 6594 15944 6778 4308 12466 2919 6071 16737 6842 1883 8959 12428 4439 11295 12669 10297 10044 4781 10135 5296 12025 7448 5965 13658 4338 13351 11886 12942 3514 7013 12148 7844 7471 2909 12928 9443 5893 10539 13086 11602 3971 6275 4712 11767 7755 6058 1956 5933 11365 13217 7239
10065 3678 4483 14785 8163 9850 7596 9357 9798 16748 16897 10190 17190 12405 9385 19960 4237 8978 16363 13671 8994 13054 10421 11016 18960 18204 21109 18465 16466 18122 1574 15265 8013 15761 15695 19465 6497 9035 16041 24128 22792 15669 21008 18730 15932 8945 0 24155 17191 17885 8013 24880 14750 7479 16750 10315 14343 25646 7061 8794 13203 18669 7324 16727 21080 17504 15541 12880 18570 6264 20956 16156 14700 19141 12844 21731 20827 17504 8546 10537 20887 16439 5390 10939 18011 2853 10849 13801 21979 19412 11906 15220 11796 20685 14784 3636 7000 5670 17352 19105 9507
14325 23128 20948 12854 16131 14413 19410 14955 17889 13493 16468 14221 12908 15255 15920 6134 22036 15408 16475 11927 16937 11641 17071 13142 6915 8701 7240 8690 8121 9093 23019 14140 16423 10892 15752 6112 18597 17135 17609 3018 1420 8876 3605 8056 8786 15215 24155 0 15183 11570 19588 748 11316 17818 17119 14347 10606 1851 20040 15590 17333 14392 18012 14886 7308 12000 15577 12323 7238 19534 3590 8786 9670 16308 11610 6157 3522 16775 16775 17373 4445 8364 21796 13793 16867 24460 15904 18135 3384 8964 13168 8967 13603 3990 12225 21013 17169 20067 14791 15337 19103
12886 14161 12711 17437 10915 10280 17873 10280 7405 1860 1299 9618 19621 17684 15142 9071 13194 10217 1472 6527 8425 13321 17806 11192 15619 6603 18136 16930 9064 16972 17020 2455 10604 5392 1537 15352 15668 8296 22562 17312 14548 8899 11807 7189 13447 11399 17191 15183 0 19041 9335 15831 5914 15670 22667 13626 13838 17020 18110 13232 4244 1624 15782 20909 8175 3205 1655 7223 15488 10930 11874 8159 12380 2264 12666 17794 12160 22911 9134 18232 15369 13686 12242 8574 1898 15690 16881 21434 11802 18099 7646 10297 14834 11451 16749 16099 12194 16911 409 1928 7945
8826 18668 16693 3100 12222 11111 10841 11586 16810 17245 19960 11494 1375 5669 8555 12707 17840 12057 19654 12704 14977 6387 7850 9342 4868 13658 4757 2960 10296 2629 16373 16812 12771 13702 18613 5640 11387 15288 6088 9510 10347 10236 10986 13488 5632 10921 17885 11570 19041 0 17475 11972 13136 10405 5552 8197 5402 11961 11516 9783 18503 19265 10562 3336 14879 16391 18357 12258 4673 16177 10858 11096 6683 21092 7016 5857 10418 5222 14270 7930 7160 5487 18242 12011 20920 19462 7108 7048 12141 2693 12347 8764 6391 11000 3221 14249 12345 12392 18801 20294 17917
8748 4827 3596 14739 5317 6412 11129 5903 2042 9207 8923 6161 17383 13505 10015 14198 3875 5421 8391 7713 2739 11173 12497 8210 16381 11913 18976 16723 11476 16529 8153 7719 4753 9307 7807 16582 8812 2491 18399 20495 18419 10747 16045 12550 13247 6594 8013 19588 9335 17475 0 20335 8527 9336 18835 9481 12371 21335 11065 8112 5215 10888 9345 17834 14709 10256 7682 7266 16062 2129 16037 10815 11796 11174 10616 19201 16066 19378 3247 12846 17524 13723 2917 6077 10015 6361 12102 16568 16724 17908 6462 11074 11299 15670 14339 7896 5689 9488 9544 11213 1498
15025 23872 21691 13386 16868 15150 20061 15693 18633 14160 17120 14963 13324 15832 16587 6809 22781 16148 17139 12671 17685 12312 17682 13865 7419 9387 7512 9139 8869 9551 23735 14837 17164 11612 16431 6623 19286 17882 18038 2978 2100 9624 4338 8736 9436 15944 24880 748 15831 11972 20335 0 12051 18497 17524 15033 11252 1200 20696 16294 18047 15002 18691 15302 7875 12660 16260 13070 7759 20281 4327 9531 10359 16905 12298 6400 4269 17152 17522 17976 4929 9001 22544 14540 17493 25201 16522 18635 4035 9329 13917 9703 14249 4723 12775 21722 17899 20749 15436 15934 19846
7643 12723 10697 11568 6888 5571 13185 5840 6667 4170 6838 4981 13709 12054 9987 5672 11612 6038 6564 1117 6129 7500 12502 5820 9990 3491 12603 11134 3605 11142 14072 3716 6854 1069 5551 9848 11268 6241 16798 12726 10292 3185 7713 4081 7572 6778 14750 11316 5914 13136 8527 12051 0 10991 16851 8284 7935 13131 13567 8336 6236 6351 11142 15030 6370 3719 5304 2003 9808 9003 7726 2715 6467 8037 6864 12430 7839 17057 6297 12929 10211 7847 11089 3983 7785 14210 11459 15843 8260 12330 2916 4437 9201 7328 10865 12564 8254 12708 5697 7325 7847
3696 8704 7097 7306 4834 5495 2217 5403 9803 14476 15960 6145 9741 5015 2004 14878 8104 5459 15470 9915 7934 6192 3338 5406 11881 13887 13814 11143 11142 10775 5978 13259 5262 12045 14499 12484 982 8205 9351 17280 16403 10428 15142 14221 9114 4308 7479 17818 15670 10405 9336 18497 10991 0 9918 3485 7351 19093 2584 2676 12909 16733 195 9468 16527 14581 14264 9024 11484 7375 15062 11199 8156 17921 6220 14533 14826 10579 7054 3618 14049 9589 8842 7215 17139 9235 3435 7336 16271 12018 8265 9433 4494 14885 7326 3844 3792 2262 15652 17509 10436
10381 18588 17004 5351 13623 13152 9157 13456 18763 21010 23383 13722 4215 5357 8825 17692 18021 13810 22993 16140 16807 9355 6583 11708 10326 18185 10202 8455 14729 8076 15178 20267 14180 17635 21938 11121 10770 17119 853 15013 15878 14448 16301 18147 10149 12466 16750 17119 22667 5552 18835 17524 16851 9918 0 9586 9052 17489 9697 10748 21204 23198 9992 2244 19839 20441 21680 15474 10077 17079 16177 15377 10660 24862 10004 11329 15754 828 15963 6348 12695 10212 18736 14558 24459 18964 6742 3055 17493 8215 15235 12921 7984 16267 6100 13319 13168 11129 22498 24175 19668
797 10540 8511 5292 4165 3586 5346 3870 9198 12177 14158 4191 7942 4259 1803 11533 9667 4237 13720 7316 7251 2783 4226 2474 8653 10792 10821 8210 7810 7896 8967 11172 4730 9277 12684 9189 4255 7565 9286 13932 12936 7144 11666 11051 5715 2919 10315 14347 13626 8197 9481 15033 8284 3485 9586 0 4039 15659 5893 1616 11670 14449 3679 8376 13292 11996 12431 6489 8261 8013 11584 7981 4678 15885 2739 11417 11343 10039 6432 4654 10686 6208 10046 5127 15294 11459 3256 7864 12805 9237 5981 6020 1834 11416 4981 6849 4149 5721 13531 15332 10158
4322 14301 12176 3703 7338 5963 8809 6491 11517 12100 14684 6245 5797 5068 5381 9030 13344 6991 14349 7382 9757 1315 6562 4166 4617 9171 6890 4404 5729 4172 13006 11529 7842 8637 13300 5157 8217 10061 9119 9932 9186 5398 8392 9190 1821 6071 14343 10606 13838 5402 12371 11252 7935 7351 9052 4039 0 11778 9447 5563 13101 14229 7544 7119 11083 11424 13042 6879 4227 11337 8289 6331 1622 15969 1761 7408 7965 9180 9126 6905 6698 2257 13540 6653 15690 15341 5368 8643 9602 5555 6946 3875 2998 8222 2965 10884 7828 9612 13631 15230 12665
15704 24763 22576 13628 17708 15995 20569 16547 19669 15339 18307 15842 13331 16163 17151 7982 23679 17012 18320 13710 18662 12902 18087 14638 7660 10551 7327 9244 9859 9669 24461 15991 18027 12730 17602 6896 19913 18869 18049 2524 2927 10595 5435 9905 9984 16737 25646 1851 17020 11961 21335 1200 13131 19093 17489 15659 11778 0 21217 16981 19176 16201 19288 15296 9075 13843 17427 14071 8027 21208 5411 10563 11016 18105 12943 6194 5301 17067 18465 18362 5197 9521 23481 15471 18689 26066 16950 18786 5219 9276 14892 10556 14760 5820 13059 22418 18693 21354 16626 17134 20889
6222 9315 8210 8522 7199 8043 682 7905 11857 16982 18329 8683 10599 5847 4158 17399 9001 7904 17826 12485 10098 8421 3674 7975 13782 16465 15446 12785 13665 12384 5495 15726 7552 14624 16884 14449 2450 10340 8980 19266 18620 12967 17529 16790 11260 6842 7061 20040 18110 11516 11065 20696 13567 2584 9697 5893 9447 21217 0 5260 15126 19225 2426 9842 19086 17136 16657 11592 13386 8970 17443 13756 10458 20346 8558 16273 17183 10462 9243 3663 16081 11704 9954 9749 19513 9427 4504 6742 18683 13506 10812 11909 6457 17290 8751 3821 5981 1662 18112 19974 12322
1281 8925 6911 6821 2886 2953 4850 3004 8067 11940 13626 3616 9463 5399 2031 12274 8062 3219 13157 7274 6111 4264 4724 2756 10174 11214 12404 9810 8546 9502 7506 10791 3436 9385 12151 10671 3156 6416 10356 15357 14194 7811 12716 11557 7144 1883 8794 15590 13232 9783 8112 16294 8336 2676 10748 1616 5563 16981 5260 0 10835 14210 2842 9741 13874 11963 11907 6390 9787 6510 12644 8553 5968 15495 4066 12968 12443 11270 5245 5132 12111 7650 8476 4674 14792 9848 4073 8695 13806 10848 5684 6919 3393 12437 6562 5437 2583 4674 13184 15027 8925
10876 10005 8735 16327 8097 8085 15012 7865 3479 4652 3709 7488 18796 15925 12861 11321 9088 7617 3179 6104 5029 12233 15559 9519 16031 8750 18681 16942 9835 16875 13206 3398 7647 6454 2715 15975 12691 4801 20948 18938 16418 9343 13746 9425 13281 8959 13203 17333 4244 18503 5215 18047 6236 12909 21204 11670 13101 19176 15126 10835 0 5856 12982 19744 11137 6048 2658 6314 15805 7028 13778 8951 11951 5960 11570 18594 13948 21587 5885 15965 16437 13649 8077 6665 4808 11517 14829 19481 14088 18162 6161 10344 13224 13362 15740 12576 9164 13736 4518 6050 3761
13743 15714 14200 17897 12071 11265 18948 11331 8923 2275 2661 10605 19946 18374 16050 8396 14728 11325 3004 7167 9798 13851 18668 11981 15534 6136 17956 16977 9051 17060 18434 3535 11808 5596 3142 15188 16803 9696 23149 16709 13886 9030 11178 6629 13634 12428 18669 14392 1624 19265 10888 15002 6351 16733 23198 14449 14229 16201 19225 14210 5856 0 16856 21346 7177 2893 3224 7963 15443 12406 11259 8194 12697 1967 13215 17519 11588 23389 10452 19095 15026 13818 13802 9539 2557 17249 17685 22155 11017 18108 8536 10511 15516 10845 17182 17415 13391 18102 1348 1045 9525
3881 8611 7039 7464 4923 5632 2092 5525 9852 14603 16059 6279 9884 5141 2192 15060 8032 5567 15567 10062 7996 6387 3409 5580 12072 14055 13997 11325 11325 10955 5814 13376 5338 12199 14600 12676 835 8263 9413 17473 16598 10608 15334 14393 9308 4439 7324 18012 15782 10562 9345 18691 11142 195 9992 3679 7544 19288 2426 2842 12982 16856 0 9581 16702 14723 14367 9171 11674 7365 15254 11375 8350 18031 6414 14720 15019 10661 7117 3672 14242 9783 8790 7348 17239 9117 3563 7376 16461 12194 8403 9620 4681 15076 7495 3688 3845 2069 15769 17627 10465
9143 18146 16385 3474 12531 11822 9219 12191 17545 19200 21693 12338 1978 4487 8009 15533 17467 12594 21329 14398 15610 7617 6307 10233 8082 16141 8051 6213 12692 5832 15160 18551 13096 15755 20274 8877 10406 15926 2755 12837 13637 12466 14075 16068 8044 11295 16727 14886 20909 3336 17834 15302 15030 9468 2244 8376 7119 15296 9842 9741 19744 21346 9581 0 17690 18542 20015 13793 7834 16231 13949 13384 8688 23067 8283 9168 13523 2104 14805 6209 10457 8067 18066 13081 22737 18697 6056 4071 15262 6022 13656 10938 6613 14048 4166 13154 12283 11060 20717 22343 18531
12868 19075 17066 14602 13054 11526 18597 11913 12733 6709 9473 11040 15916 16089 15095 2172 17967 12204 9576 7416 12469 11397 17198 11123 10279 2882 12201 12083 5529 12313 20324 7743 13105 5440 9035 9685 17001 12557 20044 9884 7024 6149 4553 2366 9706 12669 21080 7308 8175 14879 14709 7875 6370 16527 19839 13292 11083 9075 19086 13874 11137 7177 16702 17690 0 5186 8913 8203 10344 15359 4667 5330 9502 9046 10967 11489 5092 19790 12667 17598 8939 9628 17395 10171 9709 20572 16022 19726 4021 12988 9175 7428 13514 4327 13843 18681 14379 18505 7768 8076 13806
11340 14946 13160 15113 10177 9094 16792 9267 8214 1529 4473 8458 17099 15752 13681 5875 13881 9363 4481 4702 8517 11132 16218 9527 12652 3403 15099 14084 6159 14168 17046 2679 10020 2813 3855 12324 14776 8504 20429 14108 11343 6155 8602 3984 10759 10297 17504 12000 3205 16391 10256 12660 3719 14581 20441 11996 11424 13843 17136 11963 6048 2893 14723 18542 5186 0 3727 5575 12555 11361 8669 5306 9865 4808 10516 14697 8957 20602 8988 16646 12234 10932 13117 7398 5006 16486 15179 19543 8625 15217 6326 7653 12905 8246 14387 15767 11545 16164 2831 3936 9125
11667 12509 11060 16543 9461 8976 16451 8917 5752 2208 1727 8320 18839 16579 13864 9451 11539 8807 1314 5662 6831 12398 16553 10052 15270 6876 17859 16437 8766 16438 15391 1599 9115 5076 259 15085 14208 6686 21525 17482 14808 8462 12074 7524 12853 10044 15541 15577 1655 18357 7682 16260 5304 14264 21680 12431 13042 17427 16657 11907 2658 3224 14367 20015 8913 3727 0 6222 15100 9284 12125 7846 11676 3723 11732 17617 12361 21972 7572 16975 15286 13144 10592 7314 2884 14039 15681 20286 12233 17634 6479 9735 13756 11701 15884 14519 10703 15408 1876 3565 6303
5797 11084 8984 10323 4906 3573 11229 3839 5658 5694 7911 2978 12657 10464 8125 7192 9971 4053 7536 895 4634 6177 10711 4019 9796 5334 12454 10630 4211 10561 12137 4797 4910 3072 6481 9816 9274 4817 15347 13324 11158 3500 8796 5851 6968 4781 12880 12323 7223 12258 7266 13070 2003 9024 15474 6489 6879 14071 11592 6390 6314 7963 9171 13793 8203 5575 6222 0 9546 7380 8783 3571 5644 9458 5510 12462 8801 15753 4604 11139 10501 7344 9573 1996 8987 12529 9723 14226 9539 11851 974 4128 7612 8425 9671 10580 6265 10708 7090 8861 6894
8535 18424 16268 5628 11344 9801 12720 10362 14908 13634 16554 9927 5892 8139 9485 8184 17433 10870 16331 9708 13347 5525 10103 8080 397 9492 2931 1751 6427 2044 17226 13504 11803 10109 15343 1137 12386 13628 10487 5894 5901 6639 6314 9209 2833 10135 18570 7238 15488 4673 16062 7759 9808 11484 10077 8261 4227 8027 13386 9787 15805 15443 11674 7834 10344 12555 15100 9546 0 15281 6186 7329 4275 17358 5825 3217 5745 9846 12845 10359 2842 2342 17536 10037 17385 19517 8998 10897 7469 2700 9970 5462 7005 6338 5035 15098 11977 13731 15194 16488 16120
7352 3721 1807 13302 4004 5484 9066 4920 3565 10516 10683 5450 15952 11812 8272 14557 2609 4413 10148 8023 2901 10066 10622 7217 15627 12490 18140 15740 11451 15503 6179 9026 3497 9926 9443 15923 6777 2864 16595 20131 18282 10673 16097 13082 12450 5296 6264 19534 10930 16177 2129 20281 9003 7375 17079 8013 11337 21208 8970 6510 7028 12406 7365 16231 15359 11361 9284 7380 15281 0 16072 10923 11020 12914 9583 18481 16040 17662 2782 10950 17032 12949 2287 5742 11820 5214 10340 14682 16901 16885 6446 10703 9847 15737 12980 5772 3948 7376 11088 12848 3540
11426 19711 17547 11270 12834 11122 16854 11642 14311 10113 13134 10863 12045 13293 13285 2870 18609 12070 13095 8352 13413 9072 14841 10033 6024 5283 7623 7924 4620 8229 19909 10644 13080 7326 12314 5319 15754 13600 16515 5453 2684 5403 129 4685 6549 12025 20956 3590 11874 10858 16037 4327 7726 15062 16177 11584 8289 5411 17443 12644 13778 11259 15254 13949 4667 8669 12125 8783 6186 16072 0 5222 7009 13216 8885 6846 455 15998 13296 15191 4319 6268 18314 10346 13639 21082 13642 16604 1337 8658 9656 5767 11182 425 10549 17981 13958 17259 11496 12256 15521
7540 14606 12473 10027 8002 6367 13269 6817 9107 6306 9238 5969 11852 11078 9783 3820 13495 7178 9038 3147 8205 6329 11982 5799 7466 2897 10022 8798 920 8868 15262 6250 8152 2790 8079 7243 11692 8384 15447 10029 7677 937 5231 3074 5469 7448 16156 8786 8159 11096 10815 9531 2715 11199 15377 7981 6331 10563 13756 8553 8951 8194 11375 13384 5330 5306 7846 3571 7329 10923 5222 0 4717 10071 5813 9777 5267 15470 8141 12393 7507 5627 13137 5276 10056 16021 10832 14823 5978 9951 4478 2456 8361 4857 9278 13503 9260 13202 7868 9233 10326
4689 14247 12072 5310 7122 5536 9857 6101 10715 10608 13279 5652 7255 6594 6303 7483 13229 6607 12971 6029 9093 2065 7895 3861 4611 7550 7180 5048 4109 4940 13465 10129 7559 7101 11931 4923 8928 9380 10739 9433 8261 3788 7101 7572 1451 5965 14700 9670 12380 6683 11796 10359 6467 8156 10660 4678 1622 11016 10458 5968 11951 12697 8350 8688 9502 9865 11676 5644 4275 11020 7009 4717 0 14472 1940 7461 6731 10765 8572 8267 6204 1934 13285 5814 14251 15405 6695 10236 8283 6268 5884 2260 4196 6889 4563 11405 7874 10399 12154 13709 11910
15148 15960 14661 19602 13148 12544 20120 12537 9351 3869 2252 11881 21727 19922 17407 10350 15048 12464 2783 8732 10549 15508 20069 13444 17459 8100 19903 18868 10946 18937 19062 4717 12820 7390 3521 17130 17901 10395 24776 18663 15834 10876 13134 8595 15470 13658 19141 16308 2264 21092 11174 16905 8037 17921 24862 15885 15969 18105 20346 15495 5960 1967 18031 23067 9046 4808 3723 9458 17358 12914 13216 10071 14472 0 14859 19478 13550 25087 11295 20495 16990 15675 14032 10839 1292 17464 19139 23681 12942 20012 9907 12329 17069 12804 18902 18238 14410 19122 2369 971 9718
2786 12608 10465 4815 5591 4205 7973 4731 9811 11010 13415 4511 7226 5291 4401 9069 11632 5230 13046 6139 8020 669 6233 2407 6199 8709 8594 6158 5441 5932 11572 10281 6087 7704 11991 6641 6988 8326 9934 11292 10200 4897 8971 8855 3091 4338 12844 11610 12666 7016 10616 12298 6864 6220 10004 2739 1761 12943 8558 4066 11570 13215 6414 8283 10967 10516 11732 5510 5825 9583 8885 5813 1940 14859 0 9039 8628 10252 7373 6631 8047 3601 11798 4999 14472 13692 5055 9069 10131 7315 5419 3543 2554 8737 4182 9493 6153 8459 12495 14181 10942
11729 21641 19485 8003 14557 12997 15595 13561 17963 15938 18947 13096 7231 10710 12530 9497 20649 14068 18783 12504 16472 8717 12813 11291 2856 11391 1134 3514 8858 3935 20359 16024 15010 12544 17847 2648 15461 16745 11922 3689 5228 9260 6967 10960 6035 13351 21731 6157 17794 5857 19201 6400 12430 14533 11329 11417 7408 6194 16273 12968 18594 17519 14720 9168 11489 14697 17617 12462 3217 18481 6846 9777 7461 19478 9039 0 6406 10882 16005 13014 2557 5532 20741 13141 19668 22729 11794 12847 7834 3172 12982 8335 10041 7164 7591 18221 15192 16753 17464 18557 19188
11212 19659 17487 10880 12730 11014 16587 11543 14373 10380 13411 10780 11613 12942 13025 3227 18561 11980 13357 8412 13419 8789 14525 9867 5577 5558 7172 7480 4604 7789 19755 10860 12994 7495 12555 4867 15536 13614 16100 5151 2470 5369 583 4983 6203 11886 20827 3522 12160 10418 16066 4269 7839 14826 15754 11343 7965 5301 17183 12443 13948 11588 15019 13523 5092 8957 12361 8801 5745 16040 455 5267 6731 13550 8628 6406 0 15567 13273 14870 3872 5903 18294 10303 13943 21014 13327 16220 1740 8205 9653 5612 10884 773 10165 17807 13828 17037 11787 12593 15591
10828 19270 17645 5492 14128 13575 9909 13903 19235 21225 23664 14126 3955 5873 9392 17630 18678 14274 23286 16388 17284 9592 7258 12071 10070 18239 9749 8172 14788 7816 15931 20533 14689 17806 22231 10853 11452 17598 1676 14571 15567 14549 16124 18171 10147 12942 17504 16775 22911 5222 19378 17152 17057 10579 828 10039 9180 17067 10462 11270 21587 23389 10661 2104 19790 20602 21972 15753 9846 17662 15998 15470 10765 25087 10252 10882 15567 0 16451 7048 12380 10170 19368 14926 24724 19681 7326 3870 17302 7823 15561 13020 8370 16109 6215 14045 13733 11866 22730 24378 20169
5662 6480 4404 11608 2362 3173 9130 2685 2824 8365 9178 2923 14235 10606 7256 11791 5367 2229 8660 5278 885 7938 9895 4969 13171 9787 15750 13477 8677 13282 8067 6934 1835 7266 7779 13402 6806 1176 15596 17463 15538 7904 13320 10360 10022 3514 8546 16775 9134 14270 3247 17522 6297 7054 15963 6432 9126 18465 9243 5245 5885 10452 7117 14805 12667 8988 7572 4604 12845 2782 13296 8141 8572 11295 7373 16005 13273 16451 0 10282 14417 10503 5022 3000 10360 7936 9318 13922 14119 14661 3664 8015 8206 12959 11169 6969 3282 7887 9210 11054 3726
5355 12242 10710 5055 7934 8004 3019 8126 13099 16822 18701 8657 6952 2318 3119 15684 11698 8349 18244 11970 11164 6242 428 7128 10742 15268 12105 9500 12070 9080 8965 15778 8447 13909 17224 11475 4428 11458 5745 16238 15964 11498 15293 15459 8688 7013 10537 17373 18232 7930 12846 17976 12929 3618 6348 4654 6905 18362 3663 5132 15965 19095 3672 6209 17598 16646 16975 11139 10359 10950 15191 12393 8267 20495 6631 13014 14870 7048 10282 0 13165 9052 12459 9670 19854 12635 1579 3732 16499 10087 10592 10173 4097 15112 5426 7012 7177 4867 18152 19967 13850
10832 20393 18207 8467 13254 11597 15425 12164 16123 13523 16550 11583 8481 10968 12074 6940 19352 12660 16414 10421 14785 7903 12895 10030 2492 8891 3314 4249 6607 4648 19616 13705 13651 10215 15507 1705 14908 15037 13169 3247 3187 7117 4443 8435 4974 12148 20887 4445 15369 7160 17524 4929 10211 14049 12695 10686 6698 5197 16081 12111 16437 15026 14242 10457 8939 12234 15286 10501 2842 17032 4319 7507 6204 16990 8047 2557 3872 12380 14417 13165 0 4478 19318 11455 17227 21589 11766 13707 5388 4638 11135 6457 9637 4619 7876 17522 14073 16310 15027 16060 17358
6375 16136 13970 5056 9030 7466 11063 8029 12598 11859 14676 7585 6355 7048 7632 7480 15131 8536 14411 7600 11012 3425 8733 5764 2679 8184 5257 3305 4811 3296 15147 11562 9479 8303 13394 3044 10436 11295 10442 7724 6945 4800 6382 8047 512 7844 16439 8364 13686 5487 13723 9001 7847 9589 10212 6208 2257 9521 11704 7650 13649 13818 9783 8067 9628 10932 13144 7344 2342 12949 6268 5627 1934 15675 3601 5532 5903 10170 10503 9052 4478 0 15209 7712 15579 17264 7553 10355 7603 4520 7697 3410 5250 6264 4314 13047 9720 11851 13423 14853 13804
9439 1928 1761 15296 6208 7753 10190 7186 4934 12112 11782 7736 17932 13593 10057 16709 1174 6681 11254 10163 4971 12253 12176 9458 17886 14551 20378 17944 13696 17693 5887 10619 5733 11956 10710 18196 8079 4848 18190 22418 20554 12925 18336 15164 14707 7471 5390 21796 12242 18242 2917 22544 11089 8842 18736 10046 13540 23481 9954 8476 8077 13802 8790 18066 17395 13117 10592 9573 17536 2287 18314 13137 13285 14032 11798 20741 18294 19368 5022 12459 19318 15209 0 8010 12845 3448 12061 16162 19112 19072 8663 12988 11863 17972 15026 6295 5899 8294 12457 14108 4317
4356 9366 7211 9680 2910 1726 9432 1877 4905 7273 9041 1070 12195 9331 6570 9039 8263 2058 8597 2866 3339 5644 9246 2855 10341 7314 12964 10838 5729 10692 10155 6126 2935 5049 7565 10512 7378 3605 14332 14471 12544 4943 10376 7810 7256 2909 10939 13793 8574 12011 6077 14540 3983 7215 14558 5127 6653 15471 9749 4674 6665 9539 7348 13081 10171 7398 7314 1996 10037 5742 10346 5276 5814 10839 4999 13141 10303 14926 3000 9670 11455 7712 8010 0 10188 10757 8370 12991 11225 12049 1082 5024 6574 10021 9118 8585 4272 8778 8515 10354 6096
14536 14771 13541 19263 12325 11858 19319 11801 8256 3752 1184 11201 21481 19413 16745 10802 13881 11685 1702 8339 9577 15132 19432 12894 17514 8404 20024 18827 10959 18867 17990 4192 11963 7290 2643 17240 17063 9400 24331 19090 16297 10796 13566 8960 15335 12928 18011 16867 1898 20920 10015 17493 7785 17139 24459 15294 15690 18689 19513 14792 4808 2557 17239 22737 9709 5006 2884 8987 17385 11820 13639 10056 14251 1292 14472 19668 13943 24724 10360 19854 17227 15579 12845 10188 0 16264 18548 23138 13484 19997 9323 12186 16577 13219 18584 17252 13544 18233 2204 1911 8542
11031 1543 3549 16388 8368 10073 9868 9519 8359 15529 15215 10240 18923 14250 10923 19720 2617 9055 14690 13212 8113 14026 12450 11559 19891 17700 22225 19655 16478 19350 4123 14034 8039 15140 14157 20306 8291 8054 18306 24781 23156 15686 21117 18286 16752 9443 2853 24460 15690 19462 6361 25201 14210 9235 18964 11459 15341 26066 9427 9848 11517 17249 9117 18697 20572 16486 14039 12529 19517 5214 21082 16021 15405 17464 13692 22729 21014 19681 7936 12635 21589 17264 3448 10757 16264 0 12668 16117 21982 20695 11572 15511 13141 20768 16270 5655 7544 7864 15904 17554 7759
4014 12089 10357 4049 6957 6768 3822 6965 12140 15417 17408 7401 6341 1581 2088 14104 11422 7251 16967 10531 10183 4664 1201 5706 9389 13713 10947 8294 10495 7888 9311 14427 7502 12419 15933 10094 4397 10489 6301 14892 14489 9932 13742 13893 7169 5893 10849 15904 16881 7108 12102 16522 11459 3435 6742 3256 5368 16950 4504 4073 14829 17685 3563 6056 16022 15179 15681 9723 8998 10340 13642 10832 6695 19139 5055 11794 13327 7326 9318 1579 11766 7553 12061 8370 18548 12668 0 4653 14943 9003 9237 8596 2518 13554 4247 7222 6426 5287 16783 18578 12984
8643 15847 14406 5346 11561 11416 6251 11617 16746 19904 22011 12042 5717 3791 6668 17661 15364 11896 21580 14990 14796 8504 4071 10247 11222 17714 11778 9542 14321 9117 12236 18987 12092 16741 20540 12023 8091 15097 2267 16421 16794 13889 16721 17789 10144 10539 13801 18135 21434 7048 16568 18635 15843 7336 3055 7864 8643 18786 6742 8695 19481 22155 7376 4071 19726 19543 20286 14226 10897 14682 16604 14823 10236 23681 9069 12847 16220 3870 13922 3732 13707 10355 16162 12991 23138 16117 4653 0 17941 9681 13815 12418 6643 16617 6055 10463 10887 8252 21315 23080 17540
12609 20579 18436 12607 13825 12129 18103 12630 14921 10126 13088 11823 13347 14620 14529 2785 19470 13037 13104 9012 14166 10348 16144 11148 7285 5372 8697 9193 5525 9512 20979 10831 14036 7705 12401 6552 16937 14332 17840 5868 3013 6322 1222 4712 7877 13086 21979 3384 11802 12141 16724 4035 8260 16271 17493 12805 9602 5219 18683 13806 14088 11017 16461 15262 4021 8625 12233 9539 7469 16901 1337 5978 8283 12942 10131 7834 1740 17302 14119 16499 5388 7603 19112 11225 13484 21982 14943 17941 0 9872 10456 6891 12471 1395 11886 19091 14997 18448 11409 11972 16107
9706 19744 17657 5032 12882 11510 12823 12044 16953 16253 19133 11757 4068 7769 10045 10842 18824 12545 18887 12119 15260 6820 9930 9717 2711 12190 2101 1222 9066 1383 17966 16044 13393 12708 17881 3342 12982 15558 8776 6818 7804 9207 8787 11909 4884 11602 19412 8964 18099 2693 17908 9329 12330 12018 8215 9237 5555 9276 13506 10848 18162 18108 12194 6022 12988 15217 17634 11851 2700 16885 8658 9951 6268 20012 7315 3172 8205 7823 14661 10087 4638 4520 19072 12049 19997 20695 9003 9681 9872 0 12150 7906 7620 8863 4759 15817 13279 14161 17817 19152 18132
5241 10138 8025 10209 3973 2771 10480 2959 4995 6262 8201 2132 12641 10099 7520 8152 9026 3125 7783 1801 3770 6085 10165 3573 10246 6303 12898 10929 5049 10823 11175 5191 3949 3977 6735 10335 8453 3981 15056 14045 11970 4298 9676 6825 7281 3971 11906 13168 7646 12347 6462 13917 2916 8265 15235 5981 6946 14892 10812 5684 6161 8536 8403 13656 9175 6326 6479 974 9970 6446 9656 4478 5884 9907 5419 12982 9653 15561 3664 10592 11135 7697 8663 1082 9323 11572 9237 13815 10456 12150 0 4686 7282 9310 9599 9649 5341 9859 7560 9380 6228
5745 14211 12022 7570 7165 5447 11366 5994 9680 8486 11270 5291 9447 8708 7801 5541 13133 6456 11001 4246 8338 3977 9776 4267 5689 5308 8344 6703 1914 6705 14145 8152 7472 4938 9985 5688 10061 8585 12994 9448 7646 1529 5829 5374 3149 6275 15220 8967 10297 8764 11074 9703 4437 9433 12921 6020 3875 10556 11909 6919 10344 10511 9620 10938 7428 7653 9735 4128 5462 10703 5767 2456 2260 12329 3543 8335 5612 13020 8015 10173 6457 3410 12988 5024 12186 15511 8596 12418 6891 7906 4686 0 6085 5533 6823 12216 8221 11576 10046 11535 10914
2553 12290 10302 3457 5983 5216 5813 5578 10931 13270 15472 5756 6108 2858 2489 11587 11449 5986 15063 8355 9001 2149 3711 3728 7402 11253 9342 6680 7991 6328 10367 12400 6546 10110 14013 8031 5423 9317 7775 12844 12183 7449 11279 11408 4817 4712 11796 13603 14834 6391 11299 14249 9201 4494 7984 1834 2998 14760 6457 3393 13224 15516 4681 6613 13514 12905 13756 7612 7005 9847 11182 8361 4196 17069 2554 10041 10884 8370 8206 4097 9637 5250 11863 6574 16577 13141 2518 6643 12471 7620 7282 6085 0 11078 3170 8219 5965 6729 14700 16448 11930
11231 19387 17229 11297 12548 10841 16709 11354 13930 9688 12710 10564 12162 13254 13136 2464 18283 11774 12670 7974 13058 8953 14755 9799 6199 4859 7906 8085 4292 8375 19657 10221 12781 6911 11889 5521 15560 13241 16585 5871 3109 5083 385 4263 6515 11767 20685 3990 11451 11000 15670 4723 7328 14885 16267 11416 8222 5820 17290 12437 13362 10845 15076 14048 4327 8246 11701 8425 6338 15737 425 4857 6889 12804 8737 7164 773 16109 12959 15112 4619 6264 17972 10021 13219 20768 13554 16617 1395 8863 9310 5533 11078 0 10567 17747 13691 17070 11074 11844 15137
5631 15453 13472 760 9051 8046 8069 8489 13791 15035 17552 8486 3086 3138 5405 11728 14619 8942 17197 10248 11911 3514 5224 6331 5400 12089 6708 4077 8635 3661 13301 14404 9607 11594 16143 6170 8302 12226 6216 10853 10849 8350 10666 12067 4149 7755 14784 12225 16749 3221 14339 12775 10865 7326 6100 4981 2965 13059 8751 6562 15740 17182 7495 4166 13843 14387 15884 9671 5035 12980 10549 9278 4563 18902 4182 7591 10165 6215 11169 5426 7876 4314 15026 9118 18584 16270 4247 6055 11886 4759 9599 6823 3170 10567 0 11160 9128 9422 16554 18178 14858
6716 5500 4620 11150 5676 7158 4219 6773 9121 15291 16079 7648 13560 8786 5773 17317 5262 6528 15551 11448 7689 9627 6858 7949 15491 15863 17557 14899 13670 14545 2149 13887 5755 13625 14717 16037 2863 7852 12653 20769 19622 12891 18045 16316 12548 6058 3636 21013 16099 14249 7896 21722 12564 3844 13319 6849 10884 22418 3821 5437 12576 17415 3688 13154 18681 15767 14519 10580 15098 5772 17981 13503 11405 18238 9493 18221 17807 14045 6969 7012 17522 13047 6295 8585 17252 5655 7222 10463 19091 15817 9649 12216 8219 17747 11160 0 4316 2213 16179 18022 9303
3578 6476 4383 9404 1373 2893 5848 2465 6012 11194 12360 3339 12046 7871 4344 13080 5547 2216 11853 7137 4155 6515 6817 4065 12350 11551 14718 12192 9502 11912 6005 9861 1591 9318 10925 12763 3534 4419 12714 17286 15818 8710 14011 12013 9208 1956 7000 17169 12194 12345 5689 17899 8254 3792 13168 4149 7828 18693 5981 2583 9164 13391 3845 12283 14379 11545 10703 6265 11977 3948 13958 9260 7874 14410 6153 15192 13828 13733 3282 7177 14073 9720 5899 4272 13544 7544 6426 10887 14997 13279 5341 8221 5965 13691 9128 4316 0 4718 12223 14085 6681
5839 7677 6553 9316 6034 7137 2006 6902 10395 15891 17049 7737 11603 6798 4247 16945 7341 6813 16536 11602 8714 8452 4756 7420 14128 15789 16006 13331 13219 12952 4101 14575 6308 13777 15626 14740 1518 8936 10451 19540 18654 12479 17336 16168 11376 5933 5670 20067 16911 12392 9488 20749 12708 2262 11129 5721 9612 21354 1662 4674 13736 18102 2069 11060 18505 16164 15408 10708 13731 7376 17259 13202 10399 19122 8459 16753 17037 11866 7887 4867 16310 11851 8294 8778 18233 7864 5287 8252 18448 14161 9859 11576 6729 17070 9422 2213 4718 0 16940 18802 10787
12800 14371 12878 17249 10926 10231 17861 10253 7588 1565 1705 9568 19403 17554 15073 8685 13390 10210 1872 6364 8526 13146 17725 11083 15318 6233 17821 16654 8767 16704 17146 2395 10633 5121 1805 15037 15676 8410 22408 16938 14167 8628 11428 6811 13195 11365 17352 14791 409 18801 9544 15436 5697 15652 22498 13531 13631 16626 18112 13184 4518 1348 15769 20717 7768 2831 1876 7090 15194 11088 11496 7868 12154 2369 12495 17464 11787 22730 9210 18152 15027 13423 12457 8515 2204 15904 16783 21315 11409 17817 7560 10046 14700 11074 16554 16179 12223 16940 0 1863 8178
14612 16032 14623 18887 12789 12075 19719 12108 9311 3178 2469 11412 20962 19306 16900 9388 15081 12071 2939 8093 10352 14823 19539 12873 16579 7169 19000 18019 10093 18100 18947 4251 12495 6608 3414 16233 17538 10224 24113 17700 14868 10061 12172 7649 14664 13217 19105 15337 1928 20294 11213 15934 7325 17509 24175 15332 15230 17134 19974 15027 6050 1045 17627 22343 8076 3936 3565 8861 16488 12848 12256 9233 13709 971 14181 18557 12593 24378 11054 19967 16060 14853 14108 10354 1911 17554 18578 23080 11972 19152 9380 11535 16448 11844 18178 18022 14085 18802 1863 0 9796
9388 6244 5092 15317 6045 6815 12337 6375 1237 7970 7466 6432 17935 14312 10904 13486 5341 5945 6938 7179 2947 11542 13481 8575 16416 11090 19051 16925 11066 16766 9643 6507 5489 8507 6409 16545 9998 2632 19279 20218 17999 10386 15518 11747 13352 7239 9507 19103 7945 17917 1498 19846 7847 10436 19668 10158 12665 20889 12322 8925 3761 9525 10465 18531 13806 9125 6303 6894 16120 3540 15521 10326 11910 9718 10942 19188 15591 20169 3726 13850 17358 13804 4317 6096 8542 7759 12984 17540 16107 18132 6228 10914 11930 15137 14858 9303 6681 10787 8178 9796 0
1 6 7 8
2 6 8 4
3 9 5 6
4 11 10 9
5 11 9 9
6 9 8 4
7 10 8 3
8 9 9 6
9 8 8 4
10 11 7 6
11 5 8 4
12 14 8 5
13 11 5 1
14 7 6 7
15 12 10 4
16 7 7 2
17 11 7 5
18 7 17 4
19 12 9 9
20 9 7 4
21 13 5 3
22 9 9 5
23 5 8 5
24 12 4 6
25 9 7 3
26 9 6 7
27 7 12 4
28 14 11 8
29 8 8 7
30 7 11 9
31 12 11 4
32 14 9 4
33 14 4 7
34 14 8 4
35 14 9 3
36 8 6 7
37 13 12 3
38 11 10 7
39 9 7 9
40 12 6 6
41 12 10 6
42 8 14 4
43 12 9 6
44 5 11 6
45 12 8 6
46 8 8 4
47 10 9 2
48 12 5 7
49 9 7 5
50 13 6 5
51 6 11 4
52 11 6 4
53 11 6 4
54 13 6 7
55 11 13 5
56 8 9 6
57 9 8 7
58 6 6 5
59 7 8 7
60 10 14 4
61 8 11 4
62 6 12 3
63 11 11 5
64 10 10 6
65 10 8 7
66 7 6 7
67 6 9 3
68 14 6 6
69 7 9 6
70 13 11 7
71 10 9 6
72 8 9 4
73 5 11 2
74 7 5 5
75 11 9 2
76 10 2 6
77 9 4 2
78 13 9 3
79 14 7 4
80 5 8 7
81 9 13 7
82 4 9 8
83 10 8 5
84 10 9 2
85 15 7 9
86 13 10 6
87 9 11 7
88 11 8 6
89 8 6 3
90 9 7 6
91 5 8 5
92 7 5 3
93 14 12 4
94 16 9 8
95 12 10 4
96 7 10 5
97 9 9 7
98 9 5 3
99 9 6 6
100 8 9 8
