700 100 3
30 60 700 9.00
0 5 87 2
0 5 25 1
0 9 49 3
0 5 29 2
0 9 46 2
0 12 66 2
0 1 68 2
0 23 40 1
0 14 10 1
0 17 19 3
0 4 7 1
0 4 90 2
0 9 38 1
0 21 79 1
0 19 81 1
0 4 12 3
0 9 68 2
0 22 8 2
0 2 6 2
0 6 20 1
0 7 83 2
0 12 39 2
0 3 50 3
0 1 27 2
0 17 96 3
0 4 84 3
0 9 86 3
0 11 19 3
0 4 38 3
0 16 42 3
0 1 51 1
0 5 95 1
0 1 68 1
0 23 1 1
0 4 31 3
0 2 26 2
0 1 23 1
0 9 59 3
0 5 67 2
0 14 17 1
0 1 43 3
0 19 34 1
0 6 56 2
0 5 75 2
0 5 76 3
0 1 70 3
0 5 81 2
0 12 100 3
0 8 24 2
0 3 34 3
0 8 84 2
0 9 11 3
0 10 27 3
0 25 57 3
0 12 60 3
0 6 18 3
0 4 24 2
0 11 27 2
0 15 12 3
0 17 14 3
0 12 99 3
0 5 2 1
0 1 1 3
0 1 62 3
0 1 85 1
0 20 11 1
0 2 1 2
0 11 43 2
0 9 34 1
0 2 89 1
0 3 46 1
0 14 57 2
0 3 67 2
0 4 11 2
0 17 18 1
0 6 33 2
0 12 94 1
0 4 50 2
0 8 1 1
0 4 17 3
0 8 49 3
0 18 80 3
0 10 31 2
0 2 90 2
0 6 4 2
0 10 30 2
0 6 97 2
0 3 79 3
0 11 12 1
0 6 95 2
0 2 1 1
0 21 80 3
0 10 16 3
0 2 58 1
0 9 12 2
0 7 34 3
0 15 11 2
0 7 11 1
0 6 4 1
0 16 55 1
0 25 98 3
0 18 35 2
0 1 34 1
0 4 90 3
0 7 63 3
0 3 11 1
0 6 44 2
0 11 85 3
0 1 90 1
0 18 39 3
0 16 66 2
0 14 38 2
0 7 16 3
0 2 74 1
0 4 27 1
0 12 90 2
0 1 9 3
0 5 59 2
0 25 52 2
0 1 34 1
0 1 34 3
0 6 92 3
0 12 2 2
0 4 98 2
0 22 47 2
0 9 29 3
0 18 99 2
0 12 19 3
0 3 43 1
0 1 23 2
0 6 82 2
0 5 3 2
0 8 28 1
0 12 51 3
0 3 48 3
0 25 63 2
0 6 95 1
0 9 29 1
0 2 80 3
0 2 41 3
0 20 26 3
0 6 79 2
0 4 9 1
0 17 47 1
0 19 62 3
0 3 23 1
0 4 54 3
0 6 47 2
0 1 73 3
0 1 42 2
0 17 19 1
0 3 37 2
0 3 17 2
0 14 68 1
0 16 53 3
0 6 60 2
0 5 71 2
0 8 67 2
0 13 89 2
0 7 88 1
0 4 52 1
0 9 5 3
0 4 24 2
0 1 37 3
0 21 86 2
0 2 18 1
0 10 94 3
0 14 65 3
0 6 21 3
0 2 29 1
0 12 13 3
0 1 71 1
0 18 40 3
0 14 90 1
0 8 84 1
0 1 90 1
0 5 72 3
0 14 45 3
0 10 7 1
0 6 24 1
0 8 76 2
0 15 47 3
0 1 61 1
0 4 64 3
0 10 41 3
0 9 66 3
0 7 87 2
0 4 60 3
0 1 2 3
0 17 12 3
0 7 68 2
0 7 64 1
0 21 87 1
0 3 51 3
0 23 11 1
0 12 63 1
0 9 60 1
0 5 97 1
0 19 99 3
0 5 70 2
0 2 8 2
0 9 68 3
0 2 21 1
0 4 19 1
0 12 95 2
0 5 6 2
0 9 90 1
0 2 71 3
0 1 19 1
0 5 72 2
0 11 29 1
0 7 87 3
0 2 96 3
0 2 28 1
0 2 37 3
0 12 50 1
0 8 21 3
0 3 17 2
0 22 96 2
0 6 35 3
0 7 63 3
0 3 51 2
0 18 83 3
0 1 74 1
0 6 66 3
0 2 95 3
0 5 59 1
0 2 3 3
0 6 30 3
0 11 69 1
0 4 11 1
0 21 20 2
0 4 41 2
0 4 76 1
0 4 31 2
0 21 5 3
0 2 32 3
0 10 24 2
0 21 55 3
0 2 75 1
0 2 90 3
0 1 33 1
0 19 67 3
0 10 68 1
0 1 88 1
0 3 91 3
0 1 83 2
0 3 55 2
0 3 52 2
0 7 42 2
0 1 7 3
0 6 100 3
0 24 90 3
0 18 36 2
0 23 8 1
0 1 81 2
0 2 50 1
0 20 68 2
0 8 85 3
0 5 19 3
0 6 16 3
0 1 91 3
0 1 7 1
0 9 56 1
0 1 100 3
0 2 42 2
0 5 62 2
0 24 24 3
0 13 54 1
0 2 41 1
0 15 14 3
0 3 73 1
0 8 78 2
0 9 95 2
0 7 60 2
0 11 48 2
0 9 48 2
0 2 20 3
0 7 95 2
0 9 31 3
0 1 71 1
0 6 42 1
0 12 74 3
0 3 8 2
0 7 34 3
0 10 7 2
0 4 3 2
0 1 48 1
0 1 10 1
0 3 98 2
0 11 56 2
0 12 52 1
0 2 89 3
0 7 84 1
0 10 3 3
0 7 37 2
0 19 46 3
0 8 43 2
0 9 93 1
0 1 18 2
0 6 43 2
0 3 77 1
0 9 23 1
0 11 12 1
0 14 56 1
0 5 90 3
0 4 72 1
0 1 6 2
0 7 52 1
0 8 49 2
0 10 16 2
0 18 66 3
0 10 8 2
0 6 78 1
0 15 27 3
0 1 64 1
0 11 92 3
0 9 92 3
0 11 54 1
0 5 29 3
0 18 1 3
0 6 65 1
0 14 3 3
0 2 89 2
0 5 77 1
0 4 85 2
0 4 46 3
0 1 89 1
0 2 24 3
0 20 43 3
0 7 19 2
0 13 29 2
0 12 10 3
0 23 70 2
0 16 3 1
0 5 36 1
0 13 92 2
0 24 68 2
0 9 39 1
0 1 99 2
0 1 94 3
0 9 88 2
0 10 93 1
0 11 58 3
0 8 71 3
0 23 12 1
0 10 9 1
0 7 56 2
0 7 39 2
0 18 52 1
0 13 70 3
0 7 54 1
0 4 78 2
0 2 78 1
0 16 19 2
0 12 97 1
0 15 47 1
0 3 3 3
0 19 98 2
0 14 87 2
0 2 10 3
0 3 82 3
0 4 96 3
0 18 96 2
0 7 72 2
0 21 76 3
0 1 91 2
0 1 31 3
0 8 56 3
0 10 10 2
0 3 94 2
0 20 7 1
0 8 38 1
0 8 79 2
0 4 58 1
0 1 48 1
0 3 68 2
0 9 56 1
0 10 70 3
0 23 86 3
0 1 44 2
0 4 48 2
0 3 48 1
0 6 54 3
0 8 12 3
0 2 32 1
0 16 98 1
0 1 84 1
0 6 28 3
0 3 6 2
0 2 54 1
0 12 57 3
0 1 91 2
0 1 55 3
0 2 64 2
0 4 18 1
0 13 77 1
0 10 8 1
0 17 62 2
0 4 20 1
0 7 22 2
0 18 84 2
0 7 53 1
0 17 88 3
0 9 66 2
0 15 9 2
0 16 8 3
0 4 87 1
0 5 54 1
0 15 94 1
0 2 80 2
0 19 53 2
0 18 78 1
0 1 24 3
0 18 90 1
0 13 32 3
0 5 7 3
0 1 20 2
0 19 2 3
0 4 62 1
1 1 73 3
1 6 75 2
1 2 92 2
1 1 80 1
1 6 31 2
1 21 61 1
1 10 60 3
1 16 90 2
1 17 51 2
1 4 78 3
1 2 12 2
1 9 73 2
1 4 23 1
1 9 64 2
1 17 38 3
1 6 96 2
1 13 6 3
1 13 22 3
1 17 39 2
1 17 37 3
1 6 99 3
1 24 43 3
1 4 28 1
1 14 41 2
1 2 98 3
1 5 28 2
1 21 35 2
1 19 20 3
1 1 52 3
1 7 81 3
1 4 68 2
1 8 79 1
1 17 89 3
1 18 53 1
1 5 26 3
1 6 40 2
1 6 81 2
1 6 100 2
1 11 10 1
1 7 71 2
1 2 57 2
1 5 60 3
1 4 45 1
1 13 95 2
1 9 41 2
1 16 41 3
1 10 98 2
1 10 31 1
1 3 5 2
1 15 76 2
1 1 67 2
1 6 58 1
1 8 39 1
1 10 98 1
1 2 81 2
1 14 45 3
1 14 40 2
1 3 63 1
1 18 63 1
1 22 88 1
1 1 27 3
1 3 12 2
1 8 80 3
1 7 83 1
1 9 70 2
1 6 68 1
1 7 28 2
1 12 36 3
1 1 22 1
1 17 15 3
1 6 77 3
1 8 41 2
1 15 78 2
1 11 21 1
1 2 25 3
1 7 94 3
1 13 20 2
1 13 95 1
1 1 98 2
1 7 91 1
1 2 39 2
1 1 73 2
1 6 44 2
1 5 58 1
1 5 5 3
1 3 28 2
1 6 77 3
1 6 68 2
1 25 70 1
1 2 39 3
1 6 59 3
1 21 64 2
1 3 58 2
1 1 28 3
1 10 16 3
1 4 97 2
1 4 24 1
1 2 15 3
1 12 6 2
1 4 54 3
1 11 8 3
1 3 50 2
1 9 92 2
1 18 22 2
1 18 42 3
1 1 31 1
1 13 100 3
1 7 21 3
1 8 17 2
1 4 50 1
1 1 33 3
1 1 89 2
1 12 28 2
1 9 18 3
1 19 74 3
1 3 97 3
1 8 52 2
1 1 25 1
1 2 72 3
1 9 10 3
1 2 46 2
1 3 15 2
1 2 32 1
1 1 30 2
1 6 76 1
1 7 76 2
1 7 22 2
1 5 1 1
1 1 98 2
1 3 40 2
1 9 27 2
1 7 58 1
1 10 91 3
1 4 18 3
1 6 67 2
1 13 73 3
1 1 31 3
1 2 75 2
1 7 67 2
1 11 59 2
1 6 63 2
1 1 35 3
1 10 40 3
1 4 4 2
1 11 100 2
1 8 95 3
1 13 86 1
1 2 38 2
1 1 22 1
1 2 9 3
1 11 12 1
1 1 70 3
1 10 94 2
1 7 53 1
1 1 16 2
1 1 39 2
1 11 98 1
1 2 13 1
1 4 47 1
1 5 64 3
1 1 76 3
1 18 4 1
1 16 73 1
1 10 61 3
1 3 41 2
1 5 1 2
1 9 4 3
1 13 83 1
1 18 78 1
1 1 2 3
1 17 57 1
1 15 55 3
1 22 89 3
1 6 3 2
1 2 13 3
1 4 45 2
1 11 56 2
1 9 33 1
1 14 30 3
1 18 69 3
1 10 74 3
1 12 22 3
1 16 24 1
1 6 76 3
1 19 18 3
1 4 41 3
1 3 84 3
1 8 86 2
1 5 7 3
1 13 7 2
1 2 32 1
1 2 69 2
1 1 62 2
1 10 63 1
1 3 40 2
1 8 43 1
1 4 62 2
1 3 80 1
1 1 38 1
1 6 21 2
1 16 30 3
1 8 9 1
1 18 52 3
1 9 63 2
1 19 17 3
1 19 3 1
1 12 36 1
1 20 91 1
1 6 68 1
1 14 58 2
1 3 20 3
1 3 39 2
1 5 87 3
1 12 44 3
1 7 98 3
1 2 92 2
1 3 16 2
1 19 44 1
1 1 41 3
1 17 19 2
1 5 13 2
1 6 78 2
1 12 36 2
1 21 23 2
1 4 74 2
1 10 55 2
1 6 74 2
1 5 17 2
1 10 32 3
1 1 38 3
1 7 19 1
1 7 38 3
1 3 85 3
1 14 63 3
1 4 15 3
1 11 31 1
1 6 85 2
1 2 15 2
1 3 39 2
1 3 3 1
1 6 78 1
1 16 41 1
1 1 34 2
1 25 18 2
1 1 40 3
1 2 19 2
1 1 51 3
1 7 71 3
1 8 50 2
1 14 69 3
1 13 100 1
1 1 67 2
1 10 7 3
1 17 59 1
1 20 52 1
1 11 90 3
1 8 77 1
1 9 7 3
1 22 13 1
1 17 91 1
1 2 36 1
1 8 49 2
1 24 30 2
1 14 72 2
1 5 3 3
1 3 41 2
1 3 95 2
1 10 13 1
1 1 55 1
1 3 32 3
1 1 20 1
1 1 28 3
1 17 45 3
1 1 56 3
1 3 46 3
1 19 6 2
1 3 23 1
1 2 50 3
1 15 60 2
1 2 90 1
0 13634 2381 8524 4992 13735 11774 6516 6132 3561 2696 4659 637 13173 8097 9146 7151 3227 16472 4533 2976 13479 13312 12571 13540 12704 10867 6943 12462 1464 5100 6423 7426 4669 15789 9438 16975 10313 11953 10430 6563 4209 2865 12076 11696 8476 5202 7884 15919 11469 12945 6363 10533 8564 4945 4668 3685 4882 4683 9381 1429 12747 8438 11079 7122 10685 4080 12407 14321 5438 8530 12837 4871 5536 12149 14863 4173 8217 3121 12122 3161 2555 3943 14076 12845 8670 3205 9307 15057 11766 7743 10685 2198 8851 6198 11063 10711 17895 5003 9206 10588
13634 0 11562 11276 15384 5065 5692 20124 17470 17115 13722 15505 13627 11712 8267 11224 15449 11151 2992 15437 14637 14485 16823 3241 307 13967 3060 6741 3059 14920 8756 9038 8476 11771 6953 8871 5858 11306 8464 4746 7649 15056 11723 4549 5093 5462 13334 17762 2849 12853 14721 7444 3105 7114 17322 12873 9955 11071 9032 13084 13839 10183 5433 3586 20718 12891 14298 12407 13830 16883 8765 4983 9555 10572 4204 1416 17757 14685 10596 1514 15649 15767 10692 17777 7921 15771 16188 11670 2395 2461 13103 3888 13255 11198 11639 13919 3039 4590 17959 10023 4643
2381 11562 0 6536 6721 11368 10457 8608 6668 5588 4239 6494 2711 11059 7243 9114 8513 2979 14316 6373 4877 11685 11934 10866 11496 12960 8682 4821 10174 3843 2838 4070 6577 2873 13409 8794 14626 8271 9627 8866 4230 4254 896 9722 9329 6713 4049 7887 13711 11623 11235 4147 8496 6183 6011 5515 2001 4887 3075 9808 3367 10514 6225 9340 9188 10929 3718 10408 12376 5977 6218 10469 3967 5347 10583 12727 6240 9206 1945 10063 4206 4205 3554 12781 11897 7763 4654 9380 13168 9558 8348 8960 3569 8831 4346 9390 8754 15690 6471 7024 9017
8524 11276 6536 0 13253 8231 13294 12946 7995 10337 10772 13010 9045 4701 11710 14517 14998 9152 13073 12886 11360 5233 6243 12405 11385 18459 8381 6782 8538 9865 5843 3492 11197 3859 9367 13349 11437 1803 4620 11307 5232 6369 5754 7265 6656 9154 4053 7306 12160 17067 4907 6121 9166 4260 8769 11899 7300 10844 7738 15658 9797 4620 6777 11072 13364 16522 5711 3888 5840 7700 2519 7504 9257 11060 12658 11840 10926 15515 7860 10177 7964 8820 9482 7208 15444 4660 8753 14883 13563 8816 14434 10839 10104 14274 2352 3263 9736 13927 9832 1446 11402
4992 15384 6721 13253 0 16935 11662 7876 10453 6268 2482 475 4374 17758 7672 6726 2419 4705 18375 566 2026 18355 18302 13324 15202 9222 13226 9590 15154 4181 8485 10553 7200 9485 19211 8235 19890 14991 16052 11088 9973 9025 7511 15207 14979 9939 10190 12481 18065 8297 17860 9378 12430 12268 8907 2537 6612 4318 6980 5987 3573 17123 11142 12089 8439 7442 9024 17130 19093 9835 12747 16073 5932 4877 12590 16769 6459 3959 5856 13939 7549 6508 4887 19068 11763 13632 7159 6639 16129 14144 4356 11707 3153 6477 11009 15987 12357 19951 8391 13706 11239
13735 5065 11368 8231 16935 0 10097 19743 15796 16777 14772 16914 13959 7087 11295 14570 17685 12251 5377 16818 15641 10034 12689 7934 5338 17922 4316 7348 2392 15184 8711 7593 11215 10315 2385 12430 3345 7559 4105 8503 7196 13669 11134 1728 2040 7793 11505 15469 4369 16656 10425 7606 5608 5270 16137 14665 10480 12944 9958 16313 14432 5575 5819 7508 20273 16492 12897 8036 9132 15347 6135 899 11111 12680 8748 4729 17432 17368 11245 5096 14787 15258 12063 13587 12498 12874 15483 15025 7329 3685 15856 7596 14164 14458 9541 10066 6109 5847 17019 6789 8476
11774 5692 10457 13294 11662 10097 0 18077 17109 15286 10760 11922 11504 15448 4015 6034 11009 8624 8240 11892 11600 17757 19487 2481 5393 8302 6051 6655 7710 12680 8367 10027 4580 12017 12317 3721 11536 14055 12298 1995 8204 14655 11027 8878 9172 4197 13686 18081 8437 7258 17758 7442 4752 9255 16421 9186 8462 7611 7381 7874 11384 14047 6570 2632 18699 7408 14023 15741 17523 16425 10977 9655 6911 6929 1494 6974 15850 9866 8760 5029 14579 14285 7946 20462 2423 16991 14874 6437 5091 6442 8336 2668 10529 6095 12600 16463 4146 9840 16717 12481 1919
6516 20124 8608 12946 7876 19743 18077 0 5802 3021 7473 7413 6638 17520 14192 14314 10146 9470 22919 7354 6793 16788 15470 19053 20040 17098 17288 13397 18751 5405 11447 12156 13556 9569 21581 15278 23065 14666 17236 16877 12794 6586 8649 18178 17725 14986 8893 7874 22319 16140 16066 12753 17031 14473 4367 9510 10197 10627 11196 13835 6694 17561 14833 17576 621 15286 7241 16433 18029 5673 13931 18852 11204 11337 18582 21323 2370 11806 9627 18615 5048 4490 10133 15915 18833 10547 4295 14316 21572 18166 12162 17180 7579 14036 10753 14310 17224 24298 3225 14088 17036
6132 17470 6668 7995 10453 15796 17109 5802 0 4532 8644 10012 6705 12217 13849 15258 12841 9148 19908 9900 8549 11122 9669 17325 17470 18829 14422 11002 15398 6323 8978 8518 13175 5714 17256 15333 19122 9518 12585 15447 9836 2475 6096 14469 13920 13215 4298 2201 19135 17601 10370 10201 14599 10753 1683 10759 8669 10958 9737 15495 7354 12530 12063 15796 6017 16815 3191 11023 12447 706 9665 14960 10536 11572 17142 18430 4750 14145 8508 16056 3000 3951 9850 10122 18549 4780 3296 15433 19374 15169 13835 15436 8276 14964 6255 8698 14976 21061 2703 9346 15593
3561 17115 5588 10337 6268 16777 15286 3021 4532 0 5071 5799 3783 15006 11503 12056 8685 6669 19900 5702 4632 14625 13724 16131 17035 15229 14268 10381 15737 2698 8426 9210 10845 6740 18667 12721 20087 12111 14437 13987 9780 4195 5652 15191 14750 12030 6339 6718 19298 14132 13959 9733 14026 11510 2856 7248 7213 8053 8236 11883 4026 14900 11812 14639 3604 13297 4688 14013 15740 4064 11074 15882 8376 8753 15703 18305 657 10169 6680 15607 2420 1552 7364 14309 16220 8741 1639 12129 18602 15145 10181 14245 4990 11766 8048 12120 14234 21277 2133 11368 14144
2696 13722 4239 10772 2482 14772 10760 7473 8644 5071 0 2278 2059 15282 6788 6985 4467 2597 16683 2161 915 15886 15914 12050 13572 10260 11303 7492 13140 2434 6156 8116 6184 7018 16993 7805 17837 12509 13648 9808 7672 6890 5034 13052 12776 8278 7809 10516 16276 9106 15403 7166 10663 9928 7264 2191 4309 3179 4873 6907 1304 14671 9065 10677 8090 8284 6774 14647 16612 7974 10309 13892 4187 3886 11445 15061 5485 5542 3540 12229 5647 4760 3040 16704 11366 11351 5452 7062 14758 12228 5220 10281 675 6696 8537 13535 10687 18211 7018 11233 9965
4659 15505 6494 13010 475 16914 11922 7413 10012 5799 2278 0 4054 17550 7918 7120 2886 4663 18492 126 1684 18080 17968 13523 15330 9685 13277 9581 15181 3769 8388 10392 7419 9213 19171 8553 19909 14761 15918 11280 9890 8631 7257 15188 14942 10047 9860 12054 18157 8746 17572 9330 12520 12169 8455 2744 6521 4474 6959 6437 3259 16949 11143 12257 7979 7891 8655 16893 18847 9400 12586 16045 5996 5072 12811 16880 5985 4433 5757 14046 7125 6073 4913 18722 12099 13263 6716 7049 16314 14198 4790 11872 2951 6865 10743 15694 12470 20058 7925 13505 11432
637 13627 2711 9045 4374 13959 11504 6638 6705 3783 2059 4054 0 13666 7739 8619 6515 2887 16502 3928 2370 14047 13929 12416 13519 12125 10931 7003 12593 1294 5264 6781 7076 5204 16059 9021 17163 10824 12337 10242 6764 4838 3322 12279 11923 8371 5816 8498 15983 10906 13526 6481 10521 8849 5451 4064 3686 4404 4607 8792 801 13192 8533 10945 7254 10113 4718 12932 14861 6017 8925 13062 4595 5080 11950 14886 4351 7586 3034 12113 3713 2992 3587 14699 12475 9305 3670 8764 14963 11841 7142 10548 1582 8325 6737 11646 10664 17953 5412 9669 10400
13173 11712 11059 4701 17758 7087 15448 17520 12217 15006 15282 17550 13666 0 14942 18059 19330 13393 12463 17429 15932 2988 5842 13880 11925 21912 9559 9844 8653 14543 9699 7333 14559 8536 6935 16480 9437 2903 3264 13503 8563 10941 10346 7165 6650 11762 8675 11002 11453 20529 3514 9452 10752 6520 13236 16169 11438 14888 11601 19441 14393 1534 9107 12890 17902 20102 10338 1333 2125 12053 5243 6815 13128 14968 14431 11716 15581 19650 12102 11137 12610 13504 13595 6655 17817 7881 13402 18470 14100 9537 18417 12787 14608 17853 7050 3953 11374 12781 14342 4059 13549
8097 8267 7243 11710 7672 11295 4015 14192 13849 11503 6788 7918 7739 14942 0 3291 7266 4871 11204 7884 7607 16724 17911 5741 8029 6980 7007 5111 9041 8837 5977 8218 677 9422 13677 1652 13606 12909 12176 3592 6540 11487 7981 9700 9746 3520 10995 15122 11101 5610 16546 5627 5816 8425 12946 5176 5300 3616 4352 5024 7516 13764 5994 4714 14813 5284 10957 14891 16842 13147 9844 10597 3314 2922 4941 9682 12031 6418 5344 7014 11100 10650 4158 18856 4750 14594 11284 3742 8580 7790 4836 4383 6613 3164 10389 14971 5486 12829 13099 11301 3725
9146 11224 9114 14517 6726 14570 6034 14314 15258 12056 6985 7120 8619 18059 3291 0 5335 6205 14052 7140 7537 19659 20594 8322 10959 3946 10266 8229 12288 9391 8673 11056 3526 11721 16948 2372 16772 15864 15398 6484 9529 13113 9974 12988 13037 6810 13134 16847 14072 2560 19414 8622 9036 11575 14070 4828 7469 4316 6804 1867 8111 16943 9250 7644 14914 2043 12730 17912 19892 14557 12875 13884 5346 3771 7377 12618 12460 3929 7197 10104 12306 11596 5567 21511 5305 16839 12282 457 11093 11018 2555 7378 7131 295 12908 17745 8650 15678 13958 14279 6581
7151 15449 8513 14998 2419 17685 11009 10146 12841 8685 4467 2886 6515 19330 7266 5335 0 5942 18421 2984 4312 20189 20356 12995 15230 7070 13682 10416 15694 6531 9734 12008 6977 11371 20032 7333 20421 16670 17326 10854 11116 11301 9371 15970 15828 10188 12265 14835 18240 6329 19748 10388 12704 13433 11314 3176 7912 4752 7971 4088 5728 18552 11879 11955 10682 5493 11231 18819 20812 12210 14170 16865 6613 5025 12151 16862 8861 1728 7229 14096 9904 8890 5833 21159 10628 15818 9551 5107 15835 14568 2782 11605 5061 5152 12859 17900 12514 20036 10810 15278 10989
3227 11151 2979 9152 4705 12251 8624 9470 9148 6669 2597 4663 2887 13393 4871 6205 5942 0 14101 4567 3508 14379 14844 9647 11011 9998 8707 4926 10558 4065 3830 6067 4202 5778 14512 6231 15269 10772 11437 7435 5284 6922 3870 10525 10281 5736 7027 10650 13682 8676 13994 4674 8079 7594 8120 2776 1975 1916 2300 6828 2804 12616 6495 8218 10090 7964 6526 12918 14919 8443 8231 11382 1737 2445 9125 12478 7226 6367 1298 9652 6288 5781 718 15711 9619 10740 6423 6441 12284 9632 5393 7820 2105 5916 7157 12192 8125 15621 8230 9346 7594
16472 2992 14316 13073 18375 5377 8240 22919 19908 19900 16683 18492 16502 12463 11204 14052 18421 14101 0 18422 17598 15409 18026 5782 3193 16521 5636 9532 4576 17795 11481 11390 11444 14198 6307 11681 4273 12729 9428 7634 10233 17558 14391 5821 6435 8445 15668 19980 1012 15498 15785 10169 6023 9226 19906 15864 12817 14062 11938 15918 16753 10952 8096 6492 23503 15615 16786 13399 14491 19359 10667 5786 12530 13563 6766 1623 20549 17612 13486 4455 18303 18505 13661 18938 10203 17708 18885 14489 3416 4788 16030 6824 16201 14048 13844 15307 6022 1628 20613 11696 7516
4533 15437 6373 12886 566 16818 11892 7354 9900 5702 2161 126 3928 17429 7884 7140 2984 4567 18422 0 1558 17955 17842 13474 15263 9748 13194 9487 15093 3649 8280 10276 7378 9089 19071 8542 19819 14639 15804 11230 9784 8509 7134 15091 14842 9977 9735 11938 18083 8796 17446 9230 12446 12061 8346 2708 6415 4419 6864 6487 3133 16831 11051 12201 7924 7941 8531 16770 18723 9286 12469 15947 5918 5026 12769 16810 5897 4511 5650 13975 7008 5958 4829 18597 12093 13138 6604 7077 16261 14116 4832 11815 2834 6882 10619 15569 12400 19986 7825 13385 11383
2976 14637 4877 11360 2026 15641 11600 6793 8549 4632 915 1684 2370 15932 7607 7537 4312 3508 17598 1558 0 16406 16288 12941 14487 10597 12211 8385 14038 2227 6988 8855 7021 7545 17846 8540 18726 13122 14410 10696 8510 7013 5607 13925 13637 9192 8178 10524 17190 9512 15892 8036 11578 10741 7067 2717 5163 3992 5773 7252 1578 15378 9958 11579 7401 8672 6999 15246 17191 7908 11041 14758 5099 4687 12321 15976 4963 5617 4397 13145 5595 4602 3952 17047 12114 11606 5276 7567 15660 13136 5550 11184 1477 7255 9077 14014 11601 19126 6684 11901 10853
13479 14485 11685 5233 18355 10034 17757 16788 11122 14625 15886 18080 14047 2988 16724 19659 20189 14379 15409 17955 16406 0 2961 16411 14679 23587 12099 11647 11436 14708 11015 8608 16259 8870 9902 18332 12415 3815 6049 15772 10185 10431 10854 9948 9392 13827 8433 9495 14403 22193 807 11099 13194 8532 12421 17116 12531 16074 12930 20864 14829 4461 11226 15292 17084 21682 9990 2082 1545 11128 6911 9696 14460 16276 16870 14594 15126 20745 13090 13775 12213 13238 14715 3695 20056 6387 12986 20040 16880 12203 19664 15141 15229 19427 7349 2505 13811 15765 13563 5426 15838
13312 16823 11934 6243 18302 12689 19487 15470 9669 13724 15914 17968 13929 5842 17911 20594 20356 14844 18026 17842 16288 2961 0 18418 16988 24539 14198 13025 13830 14346 11966 9707 17374 9072 12774 19557 15262 5557 8599 17494 11473 9635 11045 12371 11781 15382 8113 7712 17031 23154 2328 12357 15160 10280 11185 17446 13184 16676 13793 21591 14730 7203 12926 17171 15674 22560 9398 4681 4439 9851 8524 12248 15261 16993 18763 17085 14133 21140 13613 15950 11412 12513 15297 976 21674 4988 12124 20936 19202 14440 20234 16968 15298 20338 7717 3025 15759 18499 12309 7040 17580
12571 3241 10866 12405 13324 7934 2481 19053 17325 16131 12050 13523 12416 13880 5741 8322 12995 9647 5782 13474 12941 16411 18418 0 2937 10783 4325 6360 5606 13671 8349 9472 6133 11862 10044 5953 9099 12876 10639 2249 7740 14850 11266 6934 7330 4153 13527 18010 5956 9723 16512 7178 3258 8170 16866 10790 8975 9063 7914 10186 12449 12407 5692 1531 19668 9834 14149 14345 15996 16674 9939 7615 7919 8452 989 4494 16738 12016 9452 2865 15071 14958 9052 19392 4688 16513 15481 8749 2841 4440 10447 1906 11702 8342 12148 15410 2670 7394 17319 11387 2094
13540 307 11496 11385 15202 5338 5393 20040 17470 17035 13572 15330 13519 11925 8029 10959 15230 11011 3193 15263 14487 14679 16988 2937 0 13673 3097 6676 3276 14812 8705 9069 8254 11780 7252 8601 6163 11460 8671 4489 7638 15046 11680 4760 5291 5299 13357 17799 3115 12566 14902 7396 3009 7196 17292 12684 9857 10885 8917 12821 13715 10400 5414 3332 20636 12612 14292 12599 14046 16875 8869 5228 9397 10375 3903 1661 17675 14445 10486 1435 15605 15701 10538 17945 7616 15852 16132 11404 2214 2576 12862 3646 13115 10937 11689 14070 2886 4807 17912 10152 4381
12704 13967 12960 18459 9222 17922 8302 17098 18829 15229 10260 9685 12125 21912 6980 3946 7070 9998 16521 9748 10597 23587 24539 10783 13673 0 13618 12068 15560 12688 12617 14991 7358 15632 20261 5548 19761 19784 19148 9466 13428 16813 13835 16443 16568 10379 17002 20544 16738 1393 23353 12516 12314 15400 17517 8088 11392 8082 10750 3354 11508 20745 12954 10561 17660 2036 16491 21813 23782 18140 16767 17315 9282 7627 9795 15274 15536 5347 11075 13103 15836 15014 9409 25453 6459 20715 15706 3609 13245 14263 5052 10392 10560 4200 16846 21690 11831 18100 17258 18191 9518
10867 3060 8682 8381 13226 4316 6051 17288 14422 14268 11303 13277 10931 9559 7007 10266 13682 8707 5636 13194 12211 12099 14198 4325 3097 13618 0 3929 2043 12220 5845 5978 6976 8716 6685 8114 6740 8641 6332 4274 4629 12021 8763 2865 3122 3553 10273 14705 5053 12342 12227 4535 1330 4141 14318 10811 7250 9025 6452 12030 11238 8098 2460 3422 17869 12177 11258 10028 11673 13842 5863 3706 7295 8660 4896 4064 14919 13212 7953 1797 12683 12869 8365 15168 8472 12779 13254 10723 5205 925 11669 3413 10769 10163 8592 11219 1907 7028 14995 7226 4272
6943 6741 4821 6782 9590 7348 6655 13397 11002 10381 7492 9581 7003 9844 5111 8229 10416 4926 9532 9487 8385 11647 13025 6360 6676 12068 3929 0 5656 8291 2051 3388 4717 5509 9651 6692 10346 7835 7214 4735 1566 8534 5036 5620 5425 2459 7180 11656 8982 10685 11510 820 3684 3347 10671 7336 3326 5666 2626 9701 7329 8717 1573 4847 13986 10271 7814 9785 11731 10367 4744 6495 3804 5507 6310 7928 11027 10295 4047 5242 8946 9026 4715 13989 8689 10345 9458 8648 8415 4839 8886 4515 6920 8033 5950 10028 3993 10956 11248 6222 4857
12462 3059 10174 8538 15154 2392 7710 18751 15398 15737 13140 15181 12593 8653 9041 12288 15694 10558 4576 15093 14038 11436 13830 5606 3276 15560 2043 5656 0 13865 7364 6892 9019 9712 4701 10098 4743 8365 5406 6120 5958 13095 10116 1490 2053 5596 11131 15409 3742 14310 11692 6112 3263 4666 15491 12778 8959 11007 8267 14064 12969 7125 4086 5116 19314 14176 12318 9361 10772 14871 6099 2016 9236 10670 6382 3313 16394 15252 9696 2743 13967 14277 10271 14776 10117 13151 14597 12744 5451 1299 13711 5208 12575 12191 9279 10977 3732 5667 16263 7197 6089
1464 14920 3843 9865 4181 15184 12680 5405 6323 2698 2434 3769 1294 14543 8837 9391 6531 4065 17795 3649 2227 14708 14346 13671 14812 12688 12220 8291 13865 0 6517 7885 8188 6009 17250 10026 18410 11664 13404 11481 8000 4873 4303 13517 13146 9649 6313 8307 17273 11540 14139 7754 11815 10026 4864 4624 4979 5356 5897 9333 1330 14165 9814 12210 6025 10718 4959 13732 15615 5682 9980 14286 5799 6058 13181 16180 3195 7830 4326 13406 3374 2379 4734 15062 13537 9547 3061 9484 16240 13128 7640 11813 2293 9099 7519 12254 11954 19244 4584 10613 11639
5100 8756 2838 5843 8485 8711 8367 11447 8978 8426 6156 8388 5264 9699 5977 8673 9734 3830 11481 8280 6988 11015 11966 8349 8705 12617 5845 2051 7364 6517 0 2417 5415 3651 10868 7629 11899 7257 7608 6559 1525 6505 2985 7019 6684 4280 5319 9741 10873 11225 10745 1315 5728 3783 8620 6558 1873 5189 1923 9854 5722 8829 3387 6822 12026 10680 5800 9363 11366 8334 4470 7817 3459 5294 8213 9897 9079 9953 2631 7270 6902 7026 3920 12901 10177 8723 7432 9040 10466 6719 8731 6469 5516 8431 4424 9077 6043 12852 9208 5723 6695
6423 9038 4070 3492 10553 7593 10027 12156 8518 9210 8116 10392 6781 7333 8218 11056 12008 6067 11390 10276 8855 8608 9707 9472 9069 14991 5978 3388 6892 7885 2417 0 7707 2820 9465 9859 10927 4840 5564 8077 1825 6206 3631 6084 5592 5833 4301 8731 10622 13598 8363 2662 6388 2332 8625 8840 4105 7576 4340 12270 7408 6575 3809 8026 12681 13075 5428 6949 8953 7980 2194 6707 5876 7709 9567 9927 9862 12327 4783 7698 7199 7678 6265 10661 12073 7046 7890 11433 11101 6674 11138 7739 7445 10820 2681 6753 6875 12559 9453 3316 8188
7426 8476 6577 11197 7200 11215 4580 13556 13175 10845 6184 7419 7076 14559 677 3526 6977 4202 11444 7378 7021 16259 17374 6133 8254 7358 6976 4717 9019 8188 5415 7707 0 8801 13600 2255 13654 12448 11872 3920 6079 10817 7325 9581 9585 3429 10359 14459 11283 5971 16058 5165 5855 8059 12269 4676 4646 3033 3725 5129 6870 13422 5738 4988 14177 5563 10293 14459 16425 12472 9411 10484 2639 2364 5393 9891 11380 6276 4671 7155 10424 9978 3491 18313 5424 13977 10610 3958 8957 7802 4711 4631 5981 3351 9806 14454 5590 13060 12428 10847 4064
4669 11771 2873 3859 9485 10315 12017 9569 5714 6740 7018 9213 5204 8536 9422 11721 11371 5778 14198 9089 7545 8870 9072 11862 11780 15632 8716 5509 9712 6009 3651 2820 8801 0 12033 11055 13660 5655 7698 10185 4183 3388 2001 8871 8355 7894 1675 6148 13440 14268 8388 4689 8967 5116 5829 8386 4256 7639 5077 12572 5972 8234 6397 10355 10058 13619 2610 7739 9657 5162 4363 9445 6393 8013 11808 12716 7369 12074 4578 10378 4530 5189 6266 9933 13801 5176 5274 12026 13736 9455 11171 10023 6365 11449 1533 6530 9388 15379 6709 4673 10317
15789 6953 13409 9367 19211 2385 12317 21581 17256 18667 16993 19171 16059 6935 13677 16948 20032 14512 6307 19071 17846 9902 12774 10044 7252 20261 6685 9651 4701 17250 10868 9465 13600 12033 0 14791 2533 8282 4775 10812 9343 15293 13084 4065 4233 10177 13035 16668 5349 19009 10447 9841 7957 7226 17773 16985 12686 15284 12233 18696 16577 5628 8153 9776 22085 18861 14538 8130 8716 16872 7689 3167 13439 15039 10916 6234 19316 19743 13454 7287 16560 17126 14361 13588 14688 13841 17290 17404 8981 5999 18237 9894 16370 16839 11053 10518 8431 6145 18722 7947 10776
9438 8871 8794 13349 8235 12430 3721 15278 15333 12721 7805 8553 9021 16480 1652 2372 7333 6231 11681 8542 8540 18332 19557 5953 8601 5548 8114 6692 10098 10026 7629 9859 2255 11055 14791 0 14484 14518 13633 4147 8158 13012 9562 10914 11024 4834 12613 16680 11716 4235 18170 7249 6836 9962 14351 5907 6890 4673 5979 4239 8696 15261 7437 5303 15895 4087 12511 16475 18411 14628 11436 11793 4828 3968 5015 10258 13212 6146 6865 7798 12517 11987 5514 20504 3576 16230 12642 2808 8737 8810 4622 5058 7745 2394 12040 16611 6399 13307 14428 12907 4236
16975 5858 14626 11437 19890 3345 11536 23065 19122 20087 17837 19909 17163 9437 13606 16772 20421 15269 4273 19819 18726 12415 15262 9099 6163 19761 6740 10346 4743 18410 11899 10927 13654 13660 2533 14484 0 10550 7001 10352 10412 17013 14436 4905 5341 10267 14838 18726 3480 18598 12939 10719 7801 8598 19481 17521 13598 15748 12970 18595 17593 8076 8775 9219 23600 18563 16241 10596 11248 18683 9457 4221 13978 15399 10056 4745 20743 19922 14351 6689 18125 18576 15005 16092 13776 16028 18815 17227 7420 5865 18364 9431 17255 16705 12868 12905 8129 3739 20362 9992 10280
10313 11306 8271 1803 14991 7559 14055 14666 9518 12111 12509 14761 10824 2903 12909 15864 16670 10772 12729 14639 13122 3815 5557 12876 11460 19784 8641 7835 8365 11664 7257 4840 12448 5655 8282 14518 10550 0 3550 12062 6372 8081 7517 6948 6341 10052 5791 8548 11763 18391 3708 7286 9622 4801 10426 13540 8863 12386 9179 17109 11567 3023 7490 11665 15065 17892 7455 2149 4147 9291 3113 6968 10715 12545 13255 11661 12691 17109 9474 10396 9723 10604 11048 6527 16314 5584 10514 16250 13672 8899 15963 11482 11838 15635 4154 2615 10227 13394 11514 1614 12138
11953 8464 9627 4620 16052 4105 12298 17236 12585 14437 13648 15918 12337 3264 12176 15398 17326 11437 9428 15804 14410 6049 8599 10639 8671 19148 6332 7214 5406 13404 7608 5564 11872 7698 4775 13633 7001 3550 0 10389 6219 10769 9105 3916 3387 8822 8460 11902 8433 17785 6367 7012 7563 3923 13233 14155 9469 12674 9372 16913 12973 1768 6197 9706 17702 17432 10044 3993 5389 12247 3424 3661 10830 12634 11223 8547 15066 17414 10207 7877 12188 12885 11494 9511 14693 9072 12953 15828 10857 6275 16063 9630 12983 15217 6510 5974 8181 9947 14240 3240 10424
10430 4746 8866 11307 11088 8503 1995 16877 15447 13987 9808 11280 10242 13503 3592 6484 10854 7435 7634 11230 10696 15772 17494 2249 4489 9466 4274 4735 6120 11481 6559 8077 3920 10185 10812 4147 10352 12062 10389 0 6261 12976 9352 7139 7370 2292 11859 16299 7595 8258 15766 5541 2945 7261 14875 8553 6915 6816 5834 8340 10239 12125 4575 1161 17495 8213 12311 13764 15564 14778 8982 7966 5700 6213 1724 6150 14582 9980 7329 3663 13054 12868 6824 18468 4314 15079 13418 6932 5042 4821 8398 927 9472 6453 10683 14469 2397 9262 15263 10486 159
6563 7649 4230 5232 9973 7196 8204 12794 9836 9780 7672 9890 6764 8563 6540 9529 11116 5284 10233 9784 8510 10185 11473 7740 7638 13428 4629 1566 5958 8000 1525 1825 6079 4183 9343 8158 10412 6372 6219 6261 0 7409 4173 5517 5165 4009 5819 10306 9563 12036 10011 914 4784 2319 9689 7952 3370 6458 3153 10879 7242 7561 2226 6264 13359 11568 6654 8386 10363 9238 3347 6301 4626 6452 7781 8687 10436 11210 4136 6220 8071 8325 5284 12435 10255 8830 8668 9929 9556 5445 9900 5960 7037 9312 4436 8487 5212 11537 10381 4768 6375
4209 15056 4254 6369 9025 13669 14655 6586 2475 4195 6890 8631 4838 10941 11487 13113 11301 6922 17558 8509 7013 10431 9635 14850 15046 16813 12021 8534 13095 4873 6505 6206 10817 3388 15293 13012 17013 8081 10769 12976 7409 0 3631 12254 11730 10740 2325 3736 16816 15534 9766 7738 12150 8502 2480 8857 6245 8798 7300 13526 5592 10988 9633 13321 6996 14780 778 9886 11565 1835 7610 12808 8188 9367 14669 16054 4705 12424 6149 13625 1796 2880 7598 10287 16150 4718 2556 13324 16922 12793 11919 12960 6405 12821 4262 7926 12516 18761 3476 7565 13121
2865 11723 896 5754 7511 11134 11027 8649 6096 5652 5034 7257 3322 10346 7981 9974 9371 3870 14391 7134 5607 10854 11045 11266 11680 13835 8763 5036 10116 4303 2985 3631 7325 2001 13084 9562 14436 7517 9105 9352 4173 3631 0 9538 9103 7133 3167 7150 13735 12493 10385 4285 8713 5880 5636 6402 2683 5772 3698 10698 4051 9884 6309 9735 9203 11807 3009 9640 11590 5426 5681 10238 4757 6214 11051 12827 6309 10096 2779 10246 3926 4164 4427 11888 12574 6881 4497 10248 13449 9606 9244 9367 4375 9693 3505 8530 9025 15710 6237 6350 9498
12076 4549 9722 7265 15207 1728 8878 18178 14469 15191 13052 15188 12279 7165 9700 12988 15970 10525 5821 15091 13925 9948 12371 6934 4760 16443 2865 5620 1490 13517 7019 6084 9581 8871 4065 10914 4905 6948 3916 7139 5517 12254 9538 0 614 6181 10173 14318 4895 15148 10215 5889 4194 3757 14698 12940 8767 11226 8230 14699 12734 5640 4096 6247 18720 14942 11476 7876 9286 13982 4928 905 9387 10974 7637 4720 15848 15684 9530 4086 13274 13688 10335 13312 11300 11916 13947 13441 6941 2495 14186 6269 12448 12863 8253 9551 4759 6692 15537 5876 7134
11696 5093 9329 6656 14979 2040 9172 17725 13920 14750 12776 14942 11923 6650 9746 13037 15828 10281 6435 14842 13637 9392 11781 7330 5291 16568 3122 5425 2053 13146 6684 5592 9585 8355 4233 11024 5341 6341 3387 7370 5165 11730 9103 614 0 6231 9622 13733 5506 15255 9640 5614 4436 3261 14184 12761 8474 11077 8000 14713 12405 5136 3961 6542 18260 15015 10954 7314 8775 13443 4339 1141 9222 10862 7985 5322 15406 15607 9241 4516 12791 13236 10130 12724 11593 11309 13476 13487 7488 2910 14131 6530 12160 12899 7688 8947 5028 7289 15041 5263 7378
8476 5462 6713 9154 9939 7793 4197 14986 13215 12030 8278 10047 8371 11762 3520 6810 10188 5736 8445 9977 9192 13827 15382 4153 5299 10379 3553 2459 5596 9649 4280 5833 3429 7894 10177 4834 10267 10052 8822 2292 4009 10740 7133 6181 6231 0 9569 14017 8132 9044 13758 3254 2521 5307 12716 7447 4837 5642 3795 8523 8489 10483 2655 2629 15596 8784 10059 11878 13757 12554 6940 7080 4098 5198 3936 6833 12649 9662 5359 4000 10919 10820 5240 16352 6293 12802 11333 7262 6592 4402 8116 2247 7839 6682 8408 12366 2423 10013 13168 8448 2422
5202 13334 4049 4053 10190 11505 13686 8893 4298 6339 7809 9860 5816 8675 10995 13134 12265 7027 15668 9735 8178 8433 8113 13527 13357 17002 10273 7180 11131 6313 5319 4301 10359 1675 13035 12613 14838 5791 8460 11859 5819 2325 3167 10173 9622 9569 0 4488 14873 15658 7836 6359 10593 6472 4773 9449 5740 8936 6644 13854 6617 8669 8012 12024 9316 14974 1664 7677 9446 3848 5386 10665 7868 9379 13482 14223 6906 13139 5937 11971 3935 4865 7593 8895 15441 3714 4727 13413 15351 10974 12372 11694 7205 12855 1982 5955 11031 16785 5800 5244 11991
7884 17762 7887 7306 12481 15469 18081 7874 2201 6718 10516 12054 8498 11002 15122 16847 14835 10650 19980 11938 10524 9495 7712 18010 17799 20544 14705 11656 15409 8307 9741 8731 14459 6148 16668 16680 18726 8548 11902 16299 10306 3736 7150 14318 13733 14017 4488 0 19139 19270 8709 10836 15074 10757 3881 12552 9830 12533 10841 17246 9212 11553 12490 16503 8017 18513 4169 9726 10918 2685 9394 14690 11853 13095 17943 18588 6950 16056 9820 16428 4933 5990 11319 8074 19717 3151 5382 17060 19822 15365 15624 16168 10078 16556 6143 7216 15518 21003 4884 8743 16435
15919 2849 13711 12160 18065 4369 8437 22319 19135 19298 16276 18157 15983 11453 11101 14072 18240 13682 1012 18083 17190 14403 17031 5956 3115 16738 5053 8982 3742 17273 10873 10622 11283 13440 5349 11716 3480 11763 8433 7595 9563 16816 13735 4895 5506 8132 14873 19139 0 15658 14784 9572 5637 8407 19192 15579 12299 13774 11468 15933 16274 9944 7491 6435 22895 15721 16040 12397 13480 18602 9786 4804 12167 13311 6943 1467 19952 17518 12992 4148 17627 17876 13282 17940 10538 16807 18231 14517 3957 4156 15936 6730 15768 14047 13017 14332 5737 1979 19933 10768 7492
11469 12853 11623 17067 8297 16656 7258 16140 17601 14132 9106 8746 10906 20529 5610 2560 6329 8676 15498 8796 9512 22193 23154 9723 12566 1393 12342 10685 14310 11540 11225 13598 5971 14268 19009 4235 18598 18391 17785 8258 12036 15534 12493 15148 15255 9044 15658 19270 15658 0 21960 11125 11052 14020 16331 6917 10021 6763 9363 2310 10321 19371 11596 9379 16717 855 15189 20423 22393 16906 15377 16027 7904 6279 8735 14191 14473 4615 9724 11916 14618 13833 8069 24071 5676 19369 14525 2245 12296 13016 3983 9184 9359 2821 15467 20300 10591 17097 16123 16799 8321
12945 14721 11235 4907 17860 10425 17758 16066 10370 13959 15403 17572 13526 3514 16546 19414 19748 13994 15785 17446 15892 807 2328 16512 14902 23353 12227 11510 11692 14139 10745 8363 16058 8388 10447 18170 12939 3708 6367 15766 10011 9766 10385 10215 9640 13758 7836 8709 14784 21960 0 10921 13272 8505 11700 16706 12187 15730 12644 20564 14314 4895 11197 15342 16350 21425 9356 2389 2339 10397 6817 10028 14163 15963 16928 14903 14447 20359 12714 13939 11556 12597 14361 3169 20022 5616 12322 19784 17112 12389 19320 15171 14753 19174 6889 1885 13884 16210 12843 5310 15840
6363 7444 4147 6121 9378 7606 7442 12753 10201 9733 7166 9330 6481 9452 5627 8622 10388 4674 10169 9230 8036 11099 12357 7178 7396 12516 4535 820 6112 7754 1315 2662 5165 4689 9841 7249 10719 7286 7012 5541 914 7738 4285 5889 5614 3254 6359 10836 9572 11125 10921 0 4433 3089 9909 7248 2882 5679 2428 9996 6875 8414 2081 5667 13335 10663 7012 9298 11271 9572 4253 6726 3822 5622 7128 8582 10384 10403 3642 5962 8209 8341 4581 13315 9425 9550 8746 9025 9191 5417 9059 5335 6559 8409 5159 9381 4778 11550 10517 5682 5665
10533 3105 8496 9166 12430 5608 4752 17031 14599 14026 10663 12520 10521 10752 5816 9036 12704 8079 6023 12446 11578 13194 15160 3258 3009 12314 1330 3684 3263 11815 5728 6388 5855 8967 7957 6836 7801 9622 7563 2945 4784 12150 8713 4194 4436 2521 10593 15074 5637 11052 13272 4433 0 4917 14342 9955 6852 8151 5930 10829 10741 9321 2586 2143 17627 10913 11409 11141 12850 13984 6686 5030 6532 7718 3685 4400 14666 12127 7492 1591 12630 12699 7652 16135 7167 13377 13141 9493 4776 1982 10565 2095 10177 8948 9065 12151 622 7551 14932 8129 2944
8564 7114 6183 4260 12268 5270 9255 14473 10753 11510 9928 12169 8849 6520 8425 11575 13433 7594 9226 12061 10741 8532 10280 8170 7196 15400 4141 3347 4666 10026 3783 2332 8059 5116 7226 9962 8598 4801 3923 7261 2319 8502 5880 3757 3261 5307 6472 10757 8407 14020 8505 3089 4917 0 10941 10271 5655 8756 5464 13032 9399 5371 2696 6891 15004 13617 7724 6571 8465 10246 1770 4380 6907 8710 8483 7840 12165 13491 6414 5936 9530 9988 7602 11256 11526 8657 10217 11995 9343 4664 12144 6692 9279 11380 4618 7259 5500 10313 11783 3242 7337
4945 17322 6011 8769 8907 16137 16421 4367 1683 2856 7264 8455 5451 13236 12946 14070 11314 8120 19906 8346 7067 12421 11185 16866 17292 17517 14318 10671 15491 4864 8620 8625 12269 5829 17773 14351 19481 10426 13233 14875 9689 2480 5636 14698 14184 12716 4773 3881 19192 16331 11700 9909 14342 10941 0 9429 7973 9827 9058 14166 6012 13383 11890 15337 4686 15525 3243 12112 13669 1333 10089 15271 9647 10479 16593 18374 3072 12684 7677 15860 1849 2504 8837 11691 17689 6218 1811 14210 19085 15123 12483 14961 6973 13775 6735 9944 14661 21149 1143 10014 15026
4668 12873 5515 11899 2537 14665 9186 9510 10759 7248 2191 2744 4064 16169 5176 4828 3176 2776 15864 2708 2717 17116 17446 10790 12684 8088 10811 7336 12778 4624 6558 8840 4676 8386 16985 5907 17521 13540 14155 8553 7952 8857 6402 12940 12761 7447 9449 12552 15579 6917 16706 7248 9955 10271 9429 0 4739 1805 4822 4741 3420 15377 8846 9553 10116 6099 8638 15688 17686 10077 10996 13824 3556 2341 10069 14264 7635 3696 4071 11441 7761 6927 2671 18285 9481 13110 7619 4881 13593 11721 3078 9172 2484 4544 9831 14881 9854 17449 9208 12123 8704
3685 9955 2001 7300 6612 10480 8462 10197 8669 7213 4309 6521 3686 11438 5300 7469 7912 1975 12817 6415 5163 12531 13184 8975 9857 11392 7250 3326 8959 4979 1873 4105 4646 4256 12686 6890 13598 8863 9469 6915 3370 6245 2683 8767 8474 4837 5740 9830 12299 10021 12187 2882 6852 5655 7973 4739 0 3544 1085 8413 4010 10642 4877 7462 10799 9392 5675 11003 13007 7978 6258 9596 2138 3810 8637 11202 7842 8246 769 8442 6143 5984 2186 14083 9908 9409 6511 7784 11390 8163 7135 7073 3686 7201 5469 10427 7028 14268 8353 7404 7068
4882 11071 4887 10844 4318 12944 7611 10627 10958 8053 3179 4474 4404 14888 3616 4316 4752 1916 14062 4419 3992 16074 16676 9063 10885 8082 9025 5666 11007 5356 5189 7576 3033 7639 15284 4673 15748 12386 12674 6816 6458 8798 5772 11226 11077 5642 8936 12533 13774 6763 15730 5679 8151 8756 9827 1805 3544 0 3312 4934 4027 13992 7131 7784 11246 6048 8429 14516 16521 10255 9656 12118 1867 710 8385 12460 8539 4767 3065 9636 8032 7395 1379 17558 8208 12650 8068 4534 11843 9931 3591 7399 3072 4024 8964 13961 8050 15645 9812 10892 6970
4683 9032 3075 7738 6980 9958 7381 11196 9737 8236 4873 6959 4607 11601 4352 6804 7971 2300 11938 6864 5773 12930 13793 7914 8917 10750 6452 2626 8267 5897 1923 4340 3725 5077 12233 5979 12970 9179 9372 5834 3153 7300 3698 8230 8000 3795 6644 10841 11468 9363 12644 2428 5930 5464 9058 4822 1085 3312 0 7934 4815 10681 4196 6408 11804 8790 6706 11285 13287 9049 6360 9093 1536 3374 7558 10316 8855 8075 1575 7520 7227 7047 2153 14714 8877 10252 7585 7155 10375 7375 6818 6017 4319 6552 6133 10948 6057 13424 9429 7644 5988
9381 13084 9808 15658 5987 16313 7874 13835 15495 11883 6907 6437 8792 19441 5024 1867 4088 6828 15918 6487 7252 20864 21591 10186 12821 3354 12030 9701 14064 9333 9854 12270 5129 12572 18696 4239 18595 17109 16913 8340 10879 13526 10698 14699 14713 8523 13854 17246 15933 2310 20564 9996 10829 13032 14166 4741 8413 4934 7934 0 8160 18398 10849 9501 14410 1455 13240 19202 21199 14809 14211 15600 6404 4607 9237 14481 12204 2431 7995 11944 12498 11663 6307 22481 6922 17565 12355 1439 12947 12808 1702 9227 7220 1893 13874 18831 10467 17544 13904 15557 8441
1429 13839 3367 9797 3573 14432 11384 6694 7354 4026 1304 3259 801 14393 7516 8111 5728 2804 16753 3133 1578 14829 14730 12449 13715 11508 11238 7329 12969 1330 5722 7408 6870 5972 16577 8696 17593 11567 12973 10239 7242 5592 4051 12734 12405 8489 6617 9212 16274 10321 14314 6875 10741 9399 6012 3420 4010 4027 4815 8160 0 13880 8886 11010 7316 9513 5503 13685 15624 6679 9576 13539 4540 4728 11926 15131 4523 6846 3286 12329 4354 3511 3443 15500 12208 10098 4204 8224 15064 12156 6487 10612 981 7818 7505 12436 10839 18235 5848 10377 10398
12747 10183 10514 4620 17123 5575 14047 17561 12530 14900 14671 16949 13192 1534 13764 16943 18552 12616 10952 16831 15378 4461 7203 12407 10400 20745 8098 8717 7125 14165 8829 6575 13422 8234 5628 15261 8076 3023 1768 12125 7561 10988 9884 5640 5136 10483 8669 11553 9944 19371 4895 8414 9321 5371 13383 15377 10642 13992 10681 18398 13880 0 7835 11464 17984 18984 10321 2524 3647 12283 4388 5282 12183 14012 12987 10184 15504 18756 11347 9639 12556 13365 12749 8064 16434 8530 13342 17365 12569 8035 17461 11380 13998 16750 6853 4917 9941 11319 14451 3563 12164
8438 5433 6225 6777 11142 5819 6570 14833 12063 11812 9065 11143 8533 9107 5994 9250 11879 6495 8096 11051 9958 11226 12926 5692 5414 12954 2460 1573 4086 9814 3387 3809 5738 6397 8153 7437 8775 7490 6197 4575 2226 9633 6309 4096 3961 2655 8012 12490 7491 11596 11197 2081 2586 2696 11890 8846 4877 7131 4196 10849 8886 7835 0 4302 15412 11270 8880 9250 11110 11463 4408 4986 5292 6901 5883 6520 12464 11651 5610 3994 10233 10409 6258 13901 8831 10829 10796 9690 7341 3335 10187 4062 8492 9087 6490 9900 3067 9469 12545 5911 4657
11079 3586 9340 11072 12089 7508 2632 17576 15796 14639 10677 12257 10945 12890 4714 7644 11955 8218 6492 12201 11579 15292 17171 1531 3332 10561 3422 4847 5116 12210 6822 8026 4988 10355 9776 5303 9219 11665 9706 1161 6264 13321 9735 6247 6542 2629 12024 16503 6435 9379 15342 5667 2143 6891 15337 9553 7462 7784 6408 9501 11010 11464 4302 0 18189 9358 12622 13251 14983 15144 8652 7033 6508 7215 1592 4992 15251 11121 7959 2542 13545 13446 7652 18147 5055 15072 13962 8093 4081 3832 9538 398 10297 7614 10691 14149 1526 8118 15797 10131 1068
7122 20718 9188 13364 8439 20273 18699 621 6017 3604 8090 7979 7254 17902 14813 14914 10682 10090 23503 7924 7401 17084 15674 19668 20636 17660 17869 13986 19314 6025 12026 12681 14177 10058 22085 15895 23600 15065 17702 17495 13359 6996 9203 18720 18260 15596 9316 8017 22895 16717 16350 13335 17627 15004 4686 10116 10799 11246 11804 14410 7316 17984 15412 18189 0 15863 7677 16793 18352 5956 14421 19384 11824 11956 19200 21909 2961 12354 10237 19209 5529 5039 10754 16085 19452 10792 4797 14911 22179 18744 12742 17793 8200 14637 11204 14619 17826 24873 3561 14535 17653
10685 12891 10929 16522 7442 16492 7408 15286 16815 13297 8284 7891 10113 20102 5284 2043 5493 7964 15615 7941 8672 21682 22560 9834 12612 2036 12177 10271 14176 10718 10680 13075 5563 13619 18861 4087 18563 17892 17432 8213 11568 14780 11807 14942 15015 8784 14974 18513 15721 855 21425 10663 10913 13617 15525 6099 9392 6048 8790 1455 9513 18984 11270 9358 15863 0 14455 19948 21930 16123 14914 15831 7299 5607 8854 14256 13631 3789 9054 11874 13826 13024 7381 23468 6065 18688 13716 1642 12491 12891 3133 9132 8556 2257 14855 19738 10486 17228 15298 16312 8291
4080 14298 3718 5711 9024 12897 14023 7241 3191 4688 6774 8655 4718 10338 10957 12730 11231 6526 16786 8531 6999 9990 9398 14149 14292 16491 11258 7814 12318 4959 5800 5428 10293 2610 14538 12511 16241 7455 10044 12311 6654 778 3009 11476 10954 10059 1664 4169 16040 15189 9356 7012 11409 7724 3243 8638 5675 8429 6706 13240 5503 10321 8880 12622 7677 14455 0 9325 11061 2584 6851 12034 7684 8964 13993 15286 5246 12266 5652 12874 2275 3249 7177 10104 15579 4608 3067 12963 16184 12025 11668 12267 6238 12441 3535 7490 11786 17984 4198 6859 12453
12407 12407 10408 3888 17130 8036 15741 16433 11023 14013 14647 16893 12932 1333 14891 17912 18819 12918 13399 16770 15246 2082 4681 14345 12599 21813 10028 9785 9361 13732 9363 6949 14459 7739 8130 16475 10596 2149 3993 13764 8386 9886 9640 7876 7314 11878 7677 9726 12397 20423 2389 9298 11141 6571 12112 15688 11003 14516 11285 19202 13685 2524 9250 13251 16793 19948 9325 0 2005 10896 5049 7652 12822 14657 14822 12540 14567 19248 11620 11695 11599 12539 13185 5555 18063 6590 12390 18307 14801 10121 18086 13110 13977 17691 6214 2621 11760 13825 13232 3645 13825
14321 13830 12376 5840 19093 9132 17523 18029 12447 15740 16612 18847 14861 2125 16842 19892 20812 14919 14491 18723 17191 1545 4439 15996 14046 23782 11673 11731 10772 15615 11366 8953 16425 9657 8716 18411 11248 4147 5389 15564 10363 11565 11590 9286 8775 13757 9446 10918 13480 22393 2339 11271 12850 8465 13669 17686 13007 16521 13287 21199 15624 3647 11110 14983 18352 21930 11061 2005 0 12403 7017 8911 14824 16660 16533 13803 16269 21253 13621 13262 13320 14304 15190 5073 19876 7780 14105 20291 16216 11662 20091 14869 15944 19674 8125 3749 13472 14720 14806 5644 15617
5438 16883 5977 7700 9835 15347 16425 5673 706 4064 7974 9400 6017 12053 13147 14557 12210 8443 19359 9286 7908 11128 9851 16674 16875 18140 13842 10367 14871 5682 8334 7980 12472 5162 16872 14628 18683 9291 12247 14778 9238 1835 5426 13982 13443 12554 3848 2685 18602 16906 10397 9572 13984 10246 1333 10077 7978 10255 9049 14809 6679 12283 11463 15144 5956 16123 2584 10896 12403 0 9233 14500 9833 10868 16477 17866 4359 13489 7806 15456 2328 3328 9144 10361 17850 4888 2701 14734 18757 14604 13154 14781 7593 14263 5828 8665 14350 20537 2465 9009 14924
8530 8765 6218 2519 12747 6135 10977 13931 9665 11074 10309 12586 8925 5243 9844 12875 14170 8231 10667 12469 11041 6911 8524 9939 8869 16767 5863 4744 6099 9980 4470 2194 9411 4363 7689 11436 9457 3113 3424 8982 3347 7610 5681 4928 4339 6940 5386 9394 9786 15377 6817 4253 6686 1770 10089 10996 6258 9656 6360 14211 9576 4388 4408 8652 14421 14914 6851 5049 7017 9233 0 5318 7885 9725 10244 9376 11712 14422 6959 7658 8892 9523 8384 9500 13212 7055 9636 13276 11044 6304 13175 8444 9637 12659 3411 5500 7270 11618 11034 1509 9065
12837 4983 10469 7504 16073 899 9655 18852 14960 15882 13892 16045 13062 6815 10597 13884 16865 11382 5786 15947 14758 9696 12248 7615 5228 17315 3706 6495 2016 14286 7817 6707 10484 9445 3167 11793 4221 6968 3661 7966 6301 12808 10238 905 1141 7080 10665 14690 4804 16027 10028 6726 5030 4380 15271 13824 9596 12118 9093 15600 13539 5282 4986 7033 19384 15831 12034 7652 8911 14500 5318 0 10275 11874 8367 4904 16538 16588 10362 4750 13905 14365 11209 13167 12073 12162 14596 14337 7338 3217 15091 7081 13281 13761 8711 9528 5574 6449 16143 6074 7954
4871 9555 3967 9257 5932 11111 6911 11204 10536 8376 4187 5996 4595 13128 3314 5346 6613 1737 12530 5918 5099 14460 15261 7919 9397 9282 7295 3804 9236 5799 3459 5876 2639 6393 13439 4828 13978 10715 10830 5700 4626 8188 4757 9387 9222 4098 7868 11853 12167 7904 14163 3822 6532 6907 9647 3556 2138 1867 1536 6404 4540 12183 5292 6508 11824 7299 7684 12822 14824 9833 7885 10275 0 1841 7387 10912 8946 6586 2039 8076 7799 7404 1148 16172 8043 11545 8018 5676 10584 8213 5290 6111 3789 5083 7564 12448 6516 14080 9850 9180 5859
5536 10572 5347 11060 4877 12680 6929 11337 11572 8753 3886 5072 5080 14968 2922 3771 5025 2445 13563 5026 4687 16276 16993 8452 10375 7627 8660 5507 10670 6058 5294 7709 2364 8013 15039 3968 15399 12545 12634 6213 6452 9367 6214 10974 10862 5198 9379 13095 13311 6279 15963 5622 7718 8710 10479 2341 3810 710 3374 4607 4728 14012 6901 7215 11956 5607 8964 14657 16660 10868 9725 11874 1841 0 7746 11972 9244 4792 3448 9164 8670 8065 1795 17890 7498 13090 8733 4034 11252 9552 3451 6837 3779 3486 9277 14225 7575 15158 10492 11017 6364
12149 4204 10583 12658 12590 8748 1494 18582 17142 15703 11445 12811 11950 14431 4941 7377 12151 9125 6766 12769 12321 16870 18763 989 3903 9795 4896 6310 6382 13181 8213 9567 5393 11808 10916 5015 10056 13255 11223 1724 7781 14669 11051 7637 7985 3936 13482 17943 6943 8735 16928 7128 3685 8483 16593 10069 8637 8385 7558 9237 11926 12987 5883 1592 19200 8854 13993 14822 16533 16477 10244 8367 7387 7746 0 5480 16295 11117 9051 3652 14775 14592 8496 19739 3773 16607 15142 7798 3725 5155 9558 1830 11137 7408 12216 15741 3064 8374 16986 11723 1569
14863 1416 12727 11840 16769 4729 6974 21323 18430 18305 15061 16880 14886 11716 9682 12618 16862 12478 1623 16810 15976 14594 17085 4494 1661 15274 4064 7928 3313 16180 9897 9927 9891 12716 6234 10258 4745 11661 8547 6150 8687 16054 12827 4720 5322 6833 14223 18588 1467 14191 14903 8582 4400 7840 18374 14264 11202 12460 10316 14481 15131 10184 6520 4992 21909 14256 15286 12540 13803 17866 9376 4904 10912 11972 5480 0 18953 16099 11867 2836 16747 16923 12041 18020 9104 16430 17316 13062 2754 3261 14517 5301 14577 12598 12445 14269 4412 3186 19059 10509 6042
4173 17757 6240 10926 6459 17432 15850 2370 4750 657 5485 5985 4351 15581 12031 12460 8861 7226 20549 5897 4963 15126 14133 16738 17675 15536 14919 11027 16394 3195 9079 9862 11380 7369 19316 13212 20743 12691 15066 14582 10436 4705 6309 15848 15406 12649 6906 6950 19952 14473 14447 10384 14666 12165 3072 7635 7842 8539 8855 12204 4523 15504 12464 15251 2961 13631 5246 14567 16269 4359 11712 16538 8946 9244 16295 18953 0 10400 7293 16249 2971 2191 7912 14688 16731 9145 2179 12514 19227 15798 10503 14856 5467 12173 8653 12622 14867 21930 2147 11980 14740
8217 14685 9206 15515 3959 17368 9866 11806 14145 10169 5542 4433 7586 19650 6418 3929 1728 6367 17612 4511 5617 20745 21140 12016 14445 5347 13212 10295 15252 7830 9953 12327 6276 12074 19743 6146 19922 17109 17414 9980 11210 12424 10096 15684 15607 9662 13139 16056 17518 4615 20359 10403 12127 13491 12684 3696 8246 4767 8075 2431 6846 18756 11651 11121 12354 3789 12266 19248 21253 13489 14422 16588 6586 4792 11117 16099 10400 0 7656 13414 11162 10209 6065 21980 9216 16784 10890 3623 14839 14060 1582 10799 6030 3804 13503 18549 11861 19238 12269 15640 10102
3121 10596 1945 7860 5856 11245 8760 9627 8508 6680 3540 5757 3034 12102 5344 7197 7229 1298 13486 5650 4397 13090 13613 9452 10486 11075 7953 4047 9696 4326 2631 4783 4671 4578 13454 6865 14351 9474 10207 7329 4136 6149 2779 9530 9241 5359 5937 9820 12992 9724 12714 3642 7492 6414 7677 4071 769 3065 1575 7995 3286 11347 5610 7959 10237 9054 5652 11620 13621 7806 6959 10362 2039 3448 9051 11867 7293 7656 0 9083 5830 5546 1688 14493 10048 9645 6118 7479 11946 8871 6630 7565 2919 6918 5905 10923 7630 14956 7963 8052 7485
12122 1514 10063 10177 13939 5096 5029 18615 16056 15607 12229 14046 12113 11137 7014 10104 14096 9652 4455 13975 13145 13775 15950 2865 1435 13103 1797 5242 2743 13406 7270 7698 7155 10378 7287 7798 6689 10396 7877 3663 6220 13625 10246 4086 4516 4000 11971 16428 4148 11916 13939 5962 1591 5936 15860 11441 8442 9636 7520 11944 12329 9639 3994 2542 19209 11874 12874 11695 13262 15456 7658 4750 8076 9164 3652 2836 16249 13414 9083 0 14170 14268 9206 16917 7411 14564 14698 10558 3419 1606 11837 2742 11754 10051 10343 12987 1589 6013 16477 9008 3595
3161 15649 4206 7964 7549 14787 14579 5048 3000 2420 5647 7125 3713 12610 11100 12306 9904 6288 18303 7008 5595 12213 11412 15071 15605 15836 12683 8946 13967 3374 6902 7199 10424 4530 16560 12517 18125 9723 12188 13054 8071 1796 3926 13274 12791 10919 3935 4933 17627 14618 11556 8209 12630 9530 1849 7761 6143 8032 7227 12498 4354 12556 10233 13545 5529 13826 2275 11599 13320 2328 8892 13905 7799 8670 14775 16747 2971 11162 5830 14170 0 1120 7003 12044 15841 6463 792 12466 17345 13515 10836 13165 5279 12012 5719 9709 12922 19596 2312 9055 13207
2555 15767 4205 8820 6508 15258 14285 4490 3951 1552 4760 6073 2992 13504 10650 11596 8890 5781 18505 5958 4602 13238 12513 14958 15701 15014 12869 9026 14277 2379 7026 7678 9978 5189 17126 11987 18576 10604 12885 12868 8325 2880 4164 13688 13236 10820 4865 5990 17876 13833 12597 8341 12699 9988 2504 6927 5984 7395 7047 11663 3511 13365 10409 13446 5039 13024 3249 12539 14304 3328 9523 14365 7404 8065 14592 16923 2191 10209 5546 14268 1120 0 6498 13155 15399 7576 693 11725 17344 13732 9980 13057 4479 11302 6514 10737 12943 19853 2450 9825 13024
3943 10692 3554 9482 4887 12063 7946 10133 9850 7364 3040 4913 3587 13595 4158 5567 5833 718 13661 4829 3952 14715 15297 9052 10538 9409 8365 4715 10271 4734 3920 6265 3491 6266 14361 5514 15005 11048 11494 6824 5284 7598 4427 10335 10130 5240 7593 11319 13282 8069 14361 4581 7652 7602 8837 2671 2186 1379 2153 6307 3443 12749 6258 7652 10754 7381 7177 13185 15190 9144 8384 11209 1148 1795 8496 12041 7912 6065 1688 9206 7003 6498 0 16179 8903 11307 7141 5826 11730 9288 4961 7255 2650 5281 7584 12586 7654 15203 8946 9576 6982
14076 17777 12781 7208 19068 13587 20462 15915 10122 14309 16704 18722 14699 6655 18856 21511 21159 15711 18938 18597 17047 3695 976 19392 17945 25453 15168 13989 14776 15062 12901 10661 18313 9933 13588 20504 16092 6527 9511 18468 12435 10287 11888 13312 12724 16352 8895 8074 17940 24071 3169 13315 16135 11256 11691 18285 14083 17558 14714 22481 15500 8064 13901 18147 16085 23468 10104 5555 5073 10361 9500 13167 16172 17890 19739 18020 14688 21980 14493 16917 12044 13155 16179 0 22645 5581 12733 21848 20159 15402 21104 17944 16098 21253 8614 4001 16734 19379 12799 8016 18555
12845 7921 11897 15444 11763 12498 2423 18833 18549 16220 11366 12099 12475 17817 4750 5305 10628 9619 10203 12093 12114 20056 21674 4688 7616 6459 8472 8689 10117 13537 10177 12073 5424 13801 14688 3576 13776 16314 14693 4314 10255 16150 12574 11300 11593 6293 15441 19717 10538 5676 20022 9425 7167 11526 17689 9481 9908 8208 8877 6922 12208 16434 8831 5055 19452 6065 15579 18063 19876 17850 13212 12073 8043 7498 3773 9104 16731 9216 10048 7411 15841 15399 8903 22645 0 18896 16034 5594 6847 8858 7847 5075 11274 5476 14546 18658 6566 11740 17848 14721 4271
8670 15771 7763 4660 13632 12874 16991 10547 4780 8741 11351 13263 9305 7881 14594 16839 15818 10740 17708 13138 11606 6387 4988 16513 15852 20715 12779 10345 13151 9547 8723 7046 13977 5176 13841 16230 16028 5584 9072 15079 8830 4718 6881 11916 11309 12802 3714 3151 16807 19369 5616 9550 13377 8657 6218 13110 9409 12650 10252 17565 10098 8530 10829 15072 10792 18688 4608 6590 7780 4888 7055 12162 11545 13090 16607 16430 9145 16784 9645 14564 6463 7576 11307 5581 18896 0 7154 17123 17982 13316 16069 14782 10786 16561 4396 4065 13893 18587 7353 6089 15198
3205 16188 4654 8753 7159 15483 14874 4295 3296 1639 5452 6716 3670 13402 11284 12282 9551 6423 18885 6604 5276 12986 12124 15481 16132 15706 13254 9458 14597 3061 7432 7890 10610 5274 17290 12642 18815 10514 12953 13418 8668 2556 4497 13947 13476 11333 4727 5382 18231 14525 12322 8746 13141 10217 1811 7619 6511 8068 7585 12355 4204 13342 10796 13962 4797 13716 3067 12390 14105 2701 9636 14596 8018 8733 15142 17316 2179 10890 6118 14698 792 693 7141 12733 16034 7154 0 12414 17821 14102 10672 13577 5169 11987 6498 10481 13407 20205 1846 9833 13573
9307 11670 9380 14883 6639 15025 6437 14316 15433 12129 7062 7049 8764 18470 3742 457 5107 6441 14489 7077 7567 20040 20936 8749 11404 3609 10723 8648 12744 9484 9040 11433 3958 12026 17404 2808 17227 16250 15828 6932 9929 13324 10248 13441 13487 7262 13413 17060 14517 2245 19784 9025 9493 11995 14210 4881 7784 4534 7155 1439 8224 17365 9690 8093 14911 1642 12963 18307 20291 14734 13276 14337 5676 4034 7798 13062 12514 3623 7479 10558 12466 11725 5826 21848 5594 17123 12414 0 11508 11475 2357 7829 7248 617 13238 18102 9106 16114 14063 14670 7029
15057 2395 13168 13563 16129 7329 5091 21572 19374 18602 14758 16314 14963 14100 8580 11093 15835 12284 3416 16261 15660 16880 19202 2841 2214 13245 5205 8415 5451 16240 10466 11101 8957 13736 8981 8737 7420 13672 10857 5042 9556 16922 13449 6941 7488 6592 15351 19822 3957 12296 17112 9191 4776 9343 19085 13593 11390 11843 10375 12947 15064 12569 7341 4081 22179 12491 16184 14801 16216 18757 11044 7338 10584 11252 3725 2754 19227 14839 11946 3419 17345 17344 11730 20159 6847 17982 17821 11508 0 4779 13275 4476 14370 11130 13755 16282 4425 4899 19634 12351 4894
11766 2461 9558 8816 14144 3685 6442 18166 15169 15145 12228 14198 11841 9537 7790 11018 14568 9632 4788 14116 13136 12203 14440 4440 2576 14263 925 4839 1299 13128 6719 6674 7802 9455 5999 8810 5865 8899 6275 4821 5445 12793 9606 2495 2910 4402 10974 15365 4156 13016 12389 5417 1982 4664 15123 11721 8163 9931 7375 12808 12156 8035 3335 3832 18744 12891 12025 10121 11662 14604 6304 3217 8213 9552 5155 3261 15798 14060 8871 1606 13515 13732 9288 15402 8858 13316 14102 11475 4779 0 12507 3911 11693 10929 9227 11506 2433 6134 15826 7576 4792
7743 13103 8348 14434 4356 15856 8336 12162 13835 10181 5220 4790 7142 18417 4836 2555 2782 5393 16030 4832 5550 19664 20234 10447 12862 5052 11669 8886 13711 7640 8731 11138 4711 11171 18237 4622 18364 15963 16063 8398 9900 11919 9244 14186 14131 8116 12372 15624 15936 3983 19320 9059 10565 12144 12483 3078 7135 3591 6818 1702 6487 17461 10187 9538 12742 3133 11668 18086 20091 13154 13175 15091 5290 3451 9558 14517 10503 1582 6630 11837 10836 9980 4961 21104 7847 16069 10672 2357 13275 12507 0 9217 5562 2371 12534 17546 10288 17656 12206 14452 8522
10685 3888 8960 10839 11707 7596 2668 17180 15436 14245 10281 11872 10548 12787 4383 7378 11605 7820 6824 11815 11184 15141 16968 1906 3646 10392 3413 4515 5208 11813 6469 7739 4631 10023 9894 5058 9431 11482 9630 927 5960 12960 9367 6269 6530 2247 11694 16168 6730 9184 15171 5335 2095 6692 14961 9172 7073 7399 6017 9227 10612 11380 4062 398 17793 9132 12267 13110 14869 14781 8444 7081 6111 6837 1830 5301 14856 10799 7565 2742 13165 13057 7255 17944 5075 14782 13577 7829 4476 3911 9217 0 9899 7336 10393 13944 1510 8447 15413 9933 882
2198 13255 3569 10104 3153 14164 10529 7579 8276 4990 675 2951 1582 14608 6613 7131 5061 2105 16201 2834 1477 15229 15298 11702 13115 10560 10769 6920 12575 2293 5516 7445 5981 6365 16370 7745 17255 11838 12983 9472 7037 6405 4375 12448 12160 7839 7205 10078 15768 9359 14753 6559 10177 9279 6973 2484 3686 3072 4319 7220 981 13998 8492 10297 8200 8556 6238 13977 15944 7593 9637 13281 3789 3779 11137 14577 5467 6030 2919 11754 5279 4479 2650 16098 11274 10786 5169 7248 14370 11693 5562 9899 0 6837 7880 12889 10229 17713 6828 10559 9631
8851 11198 8831 14274 6477 14458 6095 14036 14964 11766 6696 6865 8325 17853 3164 295 5152 5916 14048 6882 7255 19427 20338 8342 10937 4200 10163 8033 12191 9099 8431 10820 3351 11449 16839 2394 16705 15635 15217 6453 9312 12821 9693 12863 12899 6682 12855 16556 14047 2821 19174 8409 8948 11380 13775 4544 7201 4024 6552 1893 7818 16750 9087 7614 14637 2257 12441 17691 19674 14263 12659 13761 5083 3486 7408 12598 12173 3804 6918 10051 12012 11302 5281 21253 5476 16561 11987 617 11130 10929 2371 7336 6837 0 12647 17497 8577 15676 13665 14055 6556
6198 11639 4346 2352 11009 9541 12600 10753 6255 8048 8537 10743 6737 7050 10389 12908 12859 7157 13844 10619 9077 7349 7717 12148 11689 16846 8592 5950 9279 7519 4424 2681 9806 1533 11053 12040 12868 4154 6510 10683 4436 4262 3505 8253 7688 8408 1982 6143 13017 15467 6889 5159 9065 4618 6735 9831 5469 8964 6133 13874 7505 6853 6490 10691 11204 14855 3535 6214 8125 5828 3411 8711 7564 9277 12216 12445 8653 13503 5905 10343 5719 6514 7584 8614 14546 4396 6498 13238 13755 9227 12534 10393 7880 12647 0 5050 9556 14905 7730 3337 10802
11063 13919 9390 3263 15987 10066 16463 14310 8698 12120 13535 15694 11646 3953 14971 17745 17900 12192 15307 15569 14014 2505 3025 15410 14070 21690 11219 10028 10977 12254 9077 6753 14454 6530 10518 16611 12905 2615 5974 14469 8487 7926 8530 9551 8947 12366 5955 7216 14332 20300 1885 9381 12151 7259 9944 14881 10427 13961 10948 18831 12436 4917 9900 14149 14619 19738 7490 2621 3749 8665 5500 9528 12448 14225 15741 14269 12622 18549 10923 12987 9709 10737 12586 4001 18658 4065 10481 18102 16282 11506 17546 13944 12889 17497 5050 0 12747 15913 11085 4023 14555
10711 3039 8754 9736 12357 6109 4146 17224 14976 14234 10687 12470 10664 11374 5486 8650 12514 8125 6022 12400 11601 13811 15759 2670 2886 11831 1907 3993 3732 11954 6043 6875 5590 9388 8431 6399 8129 10227 8181 2397 5212 12516 9025 4759 5028 2423 11031 15518 5737 10591 13884 4778 622 5500 14661 9854 7028 8050 6057 10467 10839 9941 3067 1526 17826 10486 11786 11760 13472 14350 7270 5574 6516 7575 3064 4412 14867 11861 7630 1589 12922 12943 7654 16734 6566 13893 13407 9106 4425 2433 10288 1510 10229 8577 9556 12747 0 7595 15215 8723 2380
17895 4590 15690 13927 19951 5847 9840 24298 21061 21277 18211 20058 17953 12781 12829 15678 20036 15621 1628 19986 19126 15765 18499 7394 4807 18100 7028 10956 5667 19244 12852 12559 13060 15379 6145 13307 3739 13394 9947 9262 11537 18761 15710 6692 7289 10013 16785 21003 1979 17097 16210 11550 7551 10313 21149 17449 14268 15645 13424 17544 18235 11319 9469 8118 24873 17228 17984 13825 14720 20537 11618 6449 14080 15158 8374 3186 21930 19238 14956 6013 19596 19853 15203 19379 11740 18587 20205 16114 4899 6134 17656 8447 17713 15676 14905 15913 7595 0 21900 12510 9144
5003 17959 6471 9832 8391 17019 16717 3225 2703 2133 7018 7925 5412 14342 13099 13958 10810 8230 20613 7825 6684 13563 12309 17319 17912 17258 14995 11248 16263 4584 9208 9453 12428 6709 18722 14428 20362 11514 14240 15263 10381 3476 6237 15537 15041 13168 5800 4884 19933 16123 12843 10517 14932 11783 1143 9208 8353 9812 9429 13904 5848 14451 12545 15797 3561 15298 4198 13232 14806 2465 11034 16143 9850 10492 16986 19059 2147 12269 7963 16477 2312 2450 8946 12799 17848 7353 1846 14063 19634 15826 12206 15413 6828 13665 7730 11085 15215 21900 0 11041 15417
9206 10023 7024 1446 13706 6789 12481 14088 9346 11368 11233 13505 9669 4059 11301 14279 15278 9346 11696 13385 11901 5426 7040 11387 10152 18191 7226 6222 7197 10613 5723 3316 10847 4673 7947 12907 9992 1614 3240 10486 4768 7565 6350 5876 5263 8448 5244 8743 10768 16799 5310 5682 8129 3242 10014 12123 7404 10892 7644 15557 10377 3563 5911 10131 14535 16312 6859 3645 5644 9009 1509 6074 9180 11017 11723 10509 11980 15640 8052 9008 9055 9825 9576 8016 14721 6089 9833 14670 12351 7576 14452 9933 10559 14055 3337 4023 8723 12510 11041 0 10566
10588 4643 9017 11402 11239 8476 1919 17036 15593 14144 9965 11432 10400 13549 3725 6581 10989 7594 7516 11383 10853 15838 17580 2094 4381 9518 4272 4857 6089 11639 6695 8188 4064 10317 10776 4236 10280 12138 10424 159 6375 13121 9498 7134 7378 2422 11991 16435 7492 8321 15840 5665 2944 7337 15026 8704 7068 6970 5988 8441 10398 12164 4657 1068 17653 8291 12453 13825 15617 14924 9065 7954 5859 6364 1569 6042 14740 10102 7485 3595 13207 13024 6982 18555 4271 15198 13573 7029 4894 4792 8522 882 9631 6556 10802 14555 2380 9144 15417 10566 0
1 5 6 5
2 6 7 0
3 1 3 6
4 8 4 4
5 4 1 2
6 7 3 5
7 7 4 2
8 7 5 3
9 9 7 3
10 3 4 3
11 7 8 4
12 4 4 6
13 3 5 5
14 8 5 3
15 4 2 0
16 7 1 1
17 7 6 4
18 8 3 2
19 5 6 1
20 4 6 1
21 8 8 3
22 9 8 1
23 2 5 3
24 5 4 2
25 6 4 5
26 6 5 4
27 7 6 0
28 0 0 2
29 8 6 3
30 6 5 3
31 6 3 0
32 6 5 5
33 3 0 0
34 7 3 4
35 3 11 3
36 4 3 3
37 6 8 1
38 9 3 0
39 8 4 2
40 5 0 0
41 9 3 0
42 8 8 1
43 7 6 4
44 5 4 1
45 4 3 3
46 5 3 4
47 7 4 0
48 7 6 5
49 7 8 6
50 3 4 5
51 3 4 3
52 6 6 2
53 6 1 2
54 3 7 1
55 5 2 5
56 5 0 5
57 3 4 5
58 6 5 3
59 3 5 3
60 7 7 4
61 6 2 6
62 7 3 3
63 1 3 1
64 6 5 1
65 3 5 7
66 3 6 0
67 6 3 5
68 2 5 2
69 4 2 0
70 3 2 3
71 8 7 2
72 9 4 5
73 1 9 1
74 6 4 1
75 5 1 1
76 5 7 2
77 7 7 0
78 6 6 0
79 4 6 2
80 3 5 1
81 9 3 5
82 10 4 2
83 4 5 5
84 10 6 1
85 9 5 1
86 3 10 7
87 6 3 3
88 3 5 2
89 5 3 2
90 5 5 1
91 0 9 4
92 6 4 4
93 8 4 4
94 7 8 1
95 4 1 1
96 9 9 5
97 10 7 1
98 8 3 0
99 3 3 5
100 8 4 3
