500 100 3
30 60 700 9.00
0 7 14 1
0 3 46 2
0 3 29 3
0 2 78 3
0 2 2 3
0 21 13 1
0 2 4 3
0 4 86 3
0 2 77 2
0 2 49 1
0 2 52 1
0 1 98 3
0 11 16 2
0 5 77 2
0 2 9 2
0 13 76 2
0 6 63 3
0 1 46 3
0 3 45 2
0 7 10 3
0 3 60 1
0 6 1 1
0 11 34 1
0 6 75 1
0 7 33 3
0 13 80 1
0 19 66 1
0 19 43 1
0 4 39 1
0 8 9 3
0 20 100 3
0 2 14 3
0 10 27 2
0 8 93 2
0 5 73 3
0 1 89 3
0 5 93 2
0 1 7 2
0 1 10 2
0 11 16 2
0 4 66 2
0 19 78 1
0 2 36 2
0 21 53 1
0 14 83 3
0 3 9 3
0 16 50 1
0 6 58 2
0 4 37 1
0 10 24 1
0 4 39 1
0 2 44 2
0 9 65 3
0 1 71 3
0 4 97 2
0 19 35 3
0 7 77 2
0 23 97 3
0 4 23 2
0 5 19 2
0 1 39 3
0 3 46 2
0 4 21 2
0 4 39 3
0 18 87 3
0 16 60 3
0 11 84 1
0 7 97 2
0 9 63 1
0 2 27 1
0 18 23 3
0 3 81 3
0 5 39 2
0 1 8 3
0 3 46 3
0 1 71 1
0 8 71 1
0 1 60 2
0 4 77 1
0 9 73 1
0 7 36 2
0 3 23 2
0 2 83 2
0 2 83 1
0 4 95 3
0 14 43 2
0 7 87 3
0 7 89 1
0 6 59 2
0 12 40 3
0 2 89 1
0 10 9 3
0 13 24 2
0 4 83 2
0 5 5 2
0 12 20 2
0 7 69 1
0 8 49 3
0 24 8 1
0 11 92 1
0 13 6 2
0 21 38 2
0 9 72 3
0 4 3 1
0 3 14 1
0 10 69 1
0 1 42 3
0 1 18 1
0 10 29 1
0 16 61 3
0 19 31 1
0 20 10 2
0 1 27 3
0 4 23 3
0 22 34 2
0 14 96 2
0 7 50 3
0 12 71 3
0 5 3 3
0 8 75 2
0 1 99 1
0 7 50 2
0 2 85 3
0 14 78 3
0 8 57 1
0 23 35 2
0 6 70 1
0 2 74 2
0 2 86 2
0 3 80 3
0 10 82 2
0 1 32 1
0 22 84 1
0 9 58 2
0 25 51 1
0 12 37 3
0 1 28 3
0 4 59 1
0 5 18 2
0 3 86 1
0 3 93 2
0 8 93 2
0 7 91 1
0 1 30 1
0 2 75 2
0 11 18 2
0 2 71 3
0 8 6 3
0 1 63 3
0 24 88 3
0 2 17 1
0 4 43 2
0 2 16 3
0 13 52 2
0 16 83 3
0 10 59 2
0 19 6 3
0 17 77 1
0 14 100 1
0 2 49 3
0 2 12 2
0 10 67 1
0 7 47 1
0 3 92 1
0 1 13 3
0 2 98 3
0 1 99 1
0 16 19 3
0 9 98 2
0 1 48 1
0 3 6 2
0 4 88 1
0 1 91 1
0 7 60 2
0 2 40 1
0 5 95 1
0 9 25 2
0 17 60 1
0 5 45 1
0 4 37 3
0 19 81 3
0 21 39 3
0 7 9 3
0 1 47 2
0 3 45 1
0 7 60 1
0 5 25 1
0 8 18 3
0 1 11 1
0 23 90 1
0 1 85 3
0 3 89 1
0 11 11 3
0 4 62 2
0 13 54 2
0 13 35 3
0 24 10 2
0 14 90 3
0 7 62 3
0 2 71 2
0 1 21 3
0 1 9 2
0 12 84 2
0 4 22 3
0 6 39 3
0 3 81 3
0 9 16 3
0 15 95 2
0 3 85 1
0 19 16 2
0 9 60 2
0 3 72 2
0 9 51 3
0 7 43 2
0 25 19 2
0 5 48 3
0 9 34 1
0 3 57 2
0 2 69 2
0 14 18 2
0 13 55 2
0 16 60 1
0 2 83 3
0 10 68 2
0 1 17 2
0 5 17 3
0 1 61 3
0 1 13 1
0 5 43 3
0 2 5 1
0 1 7 2
0 5 8 2
0 9 44 2
0 5 97 3
0 15 25 1
0 8 87 3
0 2 55 1
0 4 24 2
0 6 79 2
0 21 28 3
0 21 44 2
0 13 40 3
0 2 34 2
0 19 75 3
0 2 4 3
0 4 69 2
0 10 57 3
0 2 10 3
0 4 96 1
0 9 72 1
0 16 30 1
0 2 51 3
0 3 17 3
0 3 24 1
0 18 27 2
0 5 9 3
0 2 77 2
0 2 89 1
0 3 29 1
0 3 13 1
0 4 48 3
0 6 36 3
0 3 14 1
0 5 97 1
0 23 21 2
0 15 98 3
0 3 95 3
0 1 25 2
0 5 32 2
0 1 53 2
0 6 92 2
0 5 68 2
0 4 24 1
0 3 4 3
0 1 84 2
0 1 78 2
0 1 63 1
0 2 84 3
0 21 21 1
0 5 64 3
0 9 61 1
0 10 59 3
0 2 93 3
0 2 17 1
0 25 67 3
0 15 92 1
0 18 26 1
0 1 17 2
0 17 48 1
0 2 48 3
0 1 52 1
0 9 54 1
0 14 89 3
0 3 47 2
0 14 85 3
0 9 84 2
0 2 98 1
0 2 58 2
0 15 27 3
0 14 18 1
0 23 2 2
0 7 68 2
0 21 32 1
0 11 33 3
0 7 16 1
0 2 61 2
0 8 47 3
0 9 57 1
0 5 15 2
0 7 43 1
0 25 58 1
0 1 71 1
0 23 82 3
0 6 35 1
0 3 85 2
0 10 63 1
0 12 67 3
0 14 12 3
0 25 62 3
0 6 94 1
0 11 99 2
0 2 24 1
0 4 23 2
0 2 54 2
0 24 60 3
0 14 95 1
0 7 74 1
0 19 44 1
0 5 76 1
0 3 46 3
0 4 47 3
0 6 25 1
0 2 97 2
0 21 84 1
0 12 38 1
0 22 64 1
0 4 14 3
0 20 16 1
0 10 31 2
0 1 4 2
0 13 64 3
0 8 52 1
0 8 67 2
0 5 18 3
0 3 52 2
0 8 7 1
0 1 38 3
0 15 65 2
0 4 78 2
0 8 78 3
0 9 41 1
0 18 77 1
0 20 14 3
0 19 20 1
0 4 59 1
0 3 21 1
0 1 73 1
0 1 9 2
0 20 51 1
0 1 18 1
0 4 30 3
0 25 94 1
0 10 4 3
0 14 49 3
0 15 77 3
0 2 50 1
0 3 94 1
0 10 79 3
0 16 34 3
0 2 42 2
0 1 39 3
0 11 77 1
0 1 8 2
0 23 90 1
0 2 54 3
0 7 52 3
0 1 79 1
0 18 10 3
0 7 20 1
0 13 41 2
0 1 9 3
0 2 89 3
0 4 51 1
0 6 40 2
0 3 7 2
0 3 13 3
0 3 25 3
0 2 64 3
0 3 62 3
0 2 32 2
0 3 12 1
0 2 14 2
0 6 21 1
0 20 35 3
0 16 9 3
0 5 82 2
0 10 75 2
0 2 21 2
0 12 27 2
0 3 81 1
1 1 90 2
1 13 88 2
1 10 99 3
1 2 27 3
1 16 95 2
1 7 11 3
1 23 88 2
1 22 8 1
1 10 65 3
1 12 77 2
1 22 94 1
1 6 41 2
1 17 16 1
1 7 26 3
1 5 54 2
1 14 13 3
1 6 45 2
1 8 17 3
1 3 100 2
1 7 90 1
1 4 40 1
1 4 54 2
1 2 53 1
1 5 41 1
1 1 48 2
1 7 36 2
1 10 39 2
1 15 78 3
1 1 30 3
1 5 31 1
1 2 44 3
1 5 52 3
1 6 63 3
1 2 90 3
1 18 25 2
1 14 8 2
1 13 59 1
1 4 72 3
1 11 68 1
1 5 46 3
1 17 35 1
1 12 8 3
1 12 33 1
1 7 68 1
1 2 21 3
1 2 2 1
1 20 44 2
1 12 61 1
1 1 8 2
1 14 48 3
1 11 13 1
1 11 51 1
1 3 11 2
1 4 9 1
1 2 68 2
1 7 49 2
1 16 82 2
1 4 51 2
1 1 99 3
1 10 30 3
1 9 12 3
1 2 55 3
1 1 96 1
1 9 88 3
1 2 53 3
1 11 96 3
1 11 92 1
1 12 5 3
1 12 54 3
1 2 85 2
1 12 11 3
1 11 100 1
1 6 58 1
1 9 1 3
1 6 20 2
1 9 42 3
1 7 87 1
1 12 80 2
1 22 29 2
1 4 15 3
1 5 99 2
1 9 50 2
1 11 24 3
1 19 81 2
1 13 93 1
1 11 80 3
1 8 85 2
1 15 91 2
1 6 36 3
1 13 93 3
1 19 34 3
1 6 59 1
1 2 64 3
1 2 96 2
1 11 66 2
1 10 44 1
1 12 87 1
1 12 42 2
1 5 86 1
1 10 40 3
0 3057 10496 6902 14143 14824 17338 5630 14745 11374 1650 7120 12522 10969 13350 3795 14718 22298 14821 14481 19243 14172 5616 10715 4254 1054 16001 17326 3786 14355 2587 8438 16458 9791 13058 20967 3575 10641 16314 12363 10998 18322 12067 17322 20844 14427 9191 13099 5879 11209 17465 14914 6992 22299 15750 9326 3962 15410 10814 20006 14080 9105 13836 12238 16499 13507 13533 9189 7033 15450 15441 7688 16015 20089 10358 3649 9918 12700 5154 10897 18260 6834 18967 13085 6773 12925 5606 2431 15828 11019 15034 20439 18002 4328 18357 3739 4312 18086 19952 10290 16176
3057 0 8045 8214 14694 15269 19490 7515 16723 10236 4297 5044 10865 9435 13778 6851 14688 22163 13243 15958 19637 14470 4071 13154 7301 2866 18456 18715 6838 16338 614 8457 18007 8499 14740 20970 6160 13042 17523 15030 11993 20732 11708 18692 21016 14187 10290 15058 8255 13234 17740 16186 9903 22189 18233 11906 2372 17889 8607 20452 14737 7574 15010 14244 16234 15339 11699 7250 8358 14495 17805 10279 18116 20550 8883 6641 7497 10940 7355 8444 19044 8779 19885 15095 9697 12111 8582 947 16292 11245 13224 20657 18280 2076 18723 6795 7082 17686 20348 12371 15902
10496 8045 0 10748 13239 13417 21755 11496 18769 5620 10850 3495 4418 3998 12215 13896 11709 17897 6486 16718 16972 12402 5206 17039 14112 9691 21801 18841 13978 18449 8185 8007 18668 4480 16258 17154 14011 16832 17316 19421 12373 23739 8685 18769 17625 10764 11488 17282 12979 15948 15015 16352 15755 17981 21689 16397 6562 21362 1242 17827 13554 3644 15129 16729 12337 17169 4558 2353 10853 9114 20906 15070 20366 17956 3994 13245 584 4166 12003 401 17484 12409 18580 17461 15626 7696 14862 8193 14295 9939 5928 17420 15482 6200 16097 13855 14808 13223 17605 15397 12039
6902 8214 10748 0 7446 8191 11607 1840 8703 7956 5451 7746 10057 8610 6794 7046 8629 16037 11734 7752 12554 7711 6309 6295 6721 6065 11171 10541 7277 8332 7633 3582 9795 7263 6551 14588 9194 6084 9442 8707 4118 13252 6838 10526 14306 8675 2306 7061 3252 5413 10906 8060 6348 16012 11028 5814 6524 10693 10258 13274 7308 7432 6947 6335 10625 7223 11315 8470 145 10882 10340 4804 10202 13347 8054 5960 10246 10461 2778 11048 11386 1891 12068 7158 6344 8441 6291 7294 9153 4945 12503 13869 11428 7366 11704 7054 9209 12321 13253 4727 10337
14143 14694 13239 7446 0 814 10418 9186 7889 7825 12828 11874 9941 9408 1031 14410 2787 8813 10075 4834 5116 1203 11323 9825 14011 13192 11897 5902 14649 7767 14211 6330 6175 8772 5665 7282 16640 9573 4320 11960 3521 12972 4658 5806 6886 3720 5206 7248 10186 7447 3510 3870 12788 8761 11978 10595 12478 11762 12173 5864 515 9746 3068 7386 4546 6593 10955 11082 7343 7272 10878 10663 9306 5946 9266 13327 12995 10435 10076 13338 4441 8533 5437 7560 12881 6301 13252 13901 1707 3577 11315 6437 4013 13168 4258 14424 16623 6092 5820 7794 4417
14824 15269 13417 8191 814 0 10913 9952 8491 7901 13539 12249 9920 9514 1493 15182 2341 8004 9862 5392 4421 1020 11795 10613 14792 13858 12522 6112 15420 8393 14802 6845 6540 8986 6361 6479 17383 10362 4551 12720 4323 13502 4745 6006 6117 3373 5978 7946 10979 8226 2724 4337 13600 7954 12617 11403 13019 12411 12313 5202 1221 10002 3698 8127 3881 7261 10872 11324 8093 6899 11507 11476 9856 5294 9425 14097 13205 10408 10849 13493 4087 9326 5164 8260 13692 6210 14052 14497 1023 4051 11124 5678 3239 13684 3536 15195 17385 5361 5131 8594 3790
17338 19490 21755 11607 10418 10913 0 11974 2986 17264 15689 19187 19576 18589 11067 15149 13197 16660 20234 5609 12143 11620 17880 6830 14498 16862 2953 5616 15372 3320 18879 13748 4580 17515 5521 15150 17849 6831 6724 6466 9492 2654 14419 5738 14134 14129 10291 4557 11462 6267 12204 6576 11596 16523 3276 8415 18088 3380 20976 12174 9907 18137 7421 5285 14730 4586 20749 19403 11469 17670 2547 9906 1409 12119 18224 14408 21337 20067 12225 21981 9546 10711 8965 4450 11829 16328 12963 18543 10881 12308 21399 13675 12354 18937 11982 15199 17224 15989 12433 7119 14679
5630 7515 11496 1840 9186 9952 11974 0 9233 9443 4038 8217 11409 9890 8587 5235 10467 17848 13245 8862 14269 9517 6589 5859 4887 4971 11077 11717 5471 8846 6905 5172 10829 8518 7431 16385 7500 5703 10771 8061 5749 13298 8618 11717 16068 10511 3982 7570 1600 5723 12674 9357 4710 17819 10883 4945 6293 10540 11182 14965 9010 8485 8342 6739 12466 7916 12646 9347 1905 12622 10360 3579 10603 15031 9297 4149 10954 11775 938 11832 12955 1264 13557 7592 4670 10138 4486 6569 10890 6784 13922 15623 13190 7135 13438 5247 7437 14161 14961 4856 12177
14745 16723 18769 8703 7889 8491 2986 9233 0 14346 13098 16216 16665 15638 8404 12932 10667 15135 17428 3120 10578 9067 14937 4849 12308 14186 4043 4522 13169 389 16117 10763 3207 14545 2567 13560 15631 4752 4968 5576 6546 5211 11583 4613 12664 11525 7307 1665 8929 3536 10219 4286 9644 15019 4168 6423 15217 4004 17997 10802 7375 15154 4821 2507 12371 1604 17855 16417 8562 15022 3041 7684 1603 10779 15261 12086 18351 17153 9592 18997 8091 7974 7851 1662 9857 13517 10870 15779 8656 9408 18563 12179 10470 16062 10221 12977 15117 13774 11006 4460 12277
11374 10236 5620 7956 7825 7901 17264 9443 14346 0 10880 5610 2323 1631 6835 13668 6091 12600 3803 11854 11355 6881 6166 13829 13617 10333 17866 13634 13836 14080 10021 4382 13652 1763 11779 11704 14828 13584 12066 16305 7809 19523 3170 13549 12088 5148 7585 13067 11037 12148 9395 11278 14152 12665 17824 13675 7923 17526 4452 12211 8199 2836 10121 12709 6822 12762 3548 3874 7996 4272 16889 12760 15940 12339 1724 12717 5508 2808 10265 5645 11925 9847 13042 13305 14106 2160 13758 9835 8730 4960 4564 11856 9865 8195 10477 13648 15309 7919 11994 11858 6509
1650 4297 10850 5451 12828 13539 15689 4038 13098 10880 0 7366 12294 10711 12089 3049 13621 21182 14501 12900 17943 12950 5699 9088 3288 1442 14384 15754 3147 12709 3722 7472 14859 9436 11446 19803 4047 9008 14784 10807 9569 16699 11163 15754 19616 13425 7757 11455 4232 9563 16219 13377 5613 21173 14139 7731 4363 13798 10984 18685 12727 8914 12328 10592 15482 11874 13392 9239 5574 14776 13808 6092 14365 18762 10086 2477 10266 12531 3510 11242 16837 5212 17503 11438 5412 12224 4344 3456 14528 9879 14853 19196 16752 4973 17073 3010 4430 17114 18648 8642 15167
7120 5044 3495 7746 11874 12249 19187 8217 16216 5610 7366 0 5855 4514 10854 10415 11049 18113 8237 14555 16312 11297 1720 13942 10619 6255 18917 16974 10503 15868 5026 5780 16592 3861 13814 17105 10681 13752 15545 16251 10180 20974 7877 16920 17354 10311 8944 14639 9628 13124 14336 14404 12308 18165 18774 13160 3159 18438 3695 17164 12077 2777 13160 13992 12219 14647 6655 2207 7869 9845 18077 11754 17779 17281 4033 9751 2913 5903 8636 3881 16303 9237 17309 14779 12171 7698 11378 4959 13229 8315 8180 17063 14853 2998 15396 10374 11423 13467 16997 12473 11892
12522 10865 4418 10057 9941 9920 19576 11409 16665 2323 12294 5855 0 1587 8988 15225 7887 13519 2382 14137 12962 8911 6964 16073 15252 11527 20185 15813 15370 16402 10776 6547 15895 2929 14099 12852 16074 15832 14236 18548 10131 21846 5315 15724 13402 6848 9870 15390 13009 14450 11065 13516 16089 13609 20140 15842 8739 19841 3184 13801 10349 3417 12383 15026 8144 15083 1262 3676 10112 4710 19210 14839 18258 13936 2213 14345 4547 497 12171 4288 13834 11938 14976 15627 16022 3742 15563 10655 10663 7268 2570 13238 11488 8792 12132 15198 16667 8873 13552 14133 7870
10969 9435 3998 8610 9408 9514 18589 9890 15638 1631 10711 4514 1587 0 8404 13638 7720 14056 3859 13275 12975 8494 5457 14730 13667 9966 19022 15166 13784 15354 9307 5189 15127 1372 13075 13229 14511 14495 13608 17198 9097 20772 4771 15085 13656 6766 8628 14286 11487 13224 11019 12763 14550 14129 18958 14418 7242 18650 2821 13829 9764 1882 11580 13862 8373 14040 2769 2483 8674 5444 18066 13360 17240 13958 626 12760 3919 1892 10631 4015 13550 10475 14663 14506 14477 3711 13995 9167 10356 6363 4156 13439 11485 7359 12101 13612 15091 9365 13608 12845 8068
13350 13778 12215 6794 1031 1493 11067 8587 8404 6835 12089 10854 8988 8404 0 13823 2406 9270 9249 5459 5905 967 10337 9834 13458 12378 12347 6826 14058 8241 13309 5365 6988 7745 6027 7798 15967 9577 5248 12079 3165 13565 3680 6736 7531 3133 4654 7582 9699 7524 4131 4627 12437 9236 12401 10459 11535 12165 11157 6694 1365 8715 3645 7603 4398 7001 10033 10051 6704 6622 11326 10369 9888 6787 8248 12736 11967 9484 9500 12319 5451 8048 6463 7884 12513 5408 12795 13004 2516 2583 10465 7108 4664 12208 5010 13834 16003 6055 6617 7749 4202
3795 6851 13896 7046 14410 15182 15149 5235 12932 13668 3049 10415 15225 13638 13823 0 15654 23081 17371 13458 19469 14750 8746 8319 662 4288 13339 16296 248 12554 6369 9879 15231 12327 11814 21620 2705 8326 15582 9421 10934 15684 13539 16319 21295 15620 9205 11408 4388 9541 17905 14166 3751 23053 13047 6744 7378 12724 14029 20144 14213 11885 13290 10524 17621 11996 16356 12272 7126 17364 12955 5267 13949 20204 13012 1087 13312 15487 4334 14289 18021 5963 18526 11307 3507 14815 2266 6180 16110 11926 17793 20847 18419 7925 18651 62 2280 19301 20154 8609 17322
14718 14688 11709 8629 2787 2341 13197 10467 10667 6091 13621 11049 7887 7720 2406 15654 0 7580 7591 7620 5304 1602 10904 12225 15349 13696 14661 8441 15879 10534 14288 6318 8875 7449 8377 6292 17613 11967 6888 14484 5468 15758 3175 8333 6356 1075 6720 9948 11728 9928 3327 6631 14601 7583 14731 12794 12346 14506 10540 6162 3301 8540 5848 10001 2056 9332 8738 9796 8563 4559 13640 12599 12093 6286 7746 14572 11570 8358 11403 11735 5955 10104 7106 10254 14658 4147 14833 14011 2835 3751 8867 6034 3823 12911 4406 15659 17754 3757 5971 10131 1821
22298 22163 17897 16037 8813 8004 16660 17848 15135 12600 21182 18113 13519 14056 9270 23081 7580 0 11978 12195 4562 8331 18250 18330 22726 21276 19033 11047 23313 15187 21793 13887 12186 14279 13683 1596 25146 18093 10176 20192 12324 19281 10458 10925 2527 7976 13922 15174 18959 15917 5349 10991 21600 179 19223 19285 19799 19104 16655 4501 9128 15395 11047 15592 5939 14376 13809 16467 15954 8817 18100 19463 16063 4569 14313 21994 17929 13859 18767 17800 7129 17305 7745 15486 21694 10448 22044 21528 7215 11304 13117 2987 4917 20300 4977 23090 25237 4691 4228 16423 6271
14821 13243 6486 11734 10075 9862 20234 13245 17428 3803 14501 8237 2382 3859 9249 17371 7591 11978 0 14659 12166 8922 9311 17444 17354 13811 21157 15955 17529 17204 13144 8152 16230 5066 14897 11540 18352 17193 14378 19913 11049 22638 5852 15853 12249 6518 11151 16309 14839 15607 10415 13875 17955 12089 21149 17393 11092 20869 5319 12961 10545 5739 12852 16060 7234 15897 1954 6054 11767 3385 20155 16535 18983 13100 4463 16450 6724 2404 14067 6269 13454 13624 14615 16573 17909 3911 17548 13014 10422 8122 1289 12164 10759 11168 11423 17348 18907 7533 12678 15414 7027
14481 15958 16718 7752 4834 5392 5609 8862 3120 11854 12900 14555 14137 13275 5459 13458 7620 12195 14659 0 7684 6030 13507 6494 12903 13743 7163 2863 13705 3072 15382 8823 2067 12320 1745 10604 16055 6296 2315 8048 4386 8139 8890 2873 9783 8528 5759 3013 9110 4239 7140 1207 10746 12090 7282 7792 14129 7102 15823 8021 4319 13075 1814 3588 9265 2195 15271 14395 7608 12064 6158 8565 4473 8020 12975 12473 16358 14632 9487 16900 5365 7729 5434 3315 10915 10766 11693 15044 5539 6914 15844 9291 7423 14942 7230 13492 15731 10655 8184 5046 9182
19243 19637 16972 12554 5116 4421 12143 14269 10578 11355 17943 16312 12962 12975 5905 19469 5304 4562 12166 7684 0 5168 16038 13972 19045 18279 14473 6530 19711 10639 19185 11183 7634 12754 9242 3012 21745 13745 5615 15721 8535 14780 8466 6407 2099 6208 10290 10686 15177 11574 1980 6491 17580 4442 14661 15041 17354 14543 15783 858 5260 13843 6703 11160 4932 9876 13644 15100 12448 8791 13538 15395 11507 984 13035 18391 16856 13403 15141 16977 2599 13538 3406 10994 17699 9305 18186 18885 3416 8392 13444 1608 1490 17986 921 19487 21702 5094 712 12164 5154
14172 14470 12402 7711 1203 1020 11620 9517 9067 6881 12950 11297 8911 8494 967 14750 1602 8331 8922 6030 5168 0 10906 10750 14395 13185 13059 7033 14984 8933 14020 6015 7364 7980 6784 6881 16860 10494 5456 12961 4129 14169 3725 6932 6674 2518 5606 8359 10653 8415 3299 5072 13404 8303 13131 11409 12189 12907 11295 5989 1713 9006 4249 8438 3489 7733 9879 10323 7625 6071 12039 11335 10499 6092 8409 13664 12195 9400 10436 12475 5090 9004 6179 8667 13479 5214 13752 13723 1935 3226 10174 6268 3839 12830 4253 14760 16917 5119 5879 8677 3319
5616 4071 5206 6309 11323 11795 17880 6589 14937 6166 5699 1720 6964 5457 10337 8746 10904 18250 9311 13507 16038 10906 0 12383 8927 4680 17449 16058 8845 14577 3871 5010 15568 4438 12619 17126 9191 12204 14698 14647 9201 19559 7812 16014 17261 10302 7780 13323 7953 11722 14090 13478 10591 18285 17290 11531 1786 16951 5287 16876 11459 3575 12242 12631 12311 13400 7928 3583 6441 10425 16640 10091 16472 16984 4876 8051 4626 7109 6956 5587 15760 7665 16704 13441 10452 8059 9659 3713 12805 7755 9439 16932 14622 2064 15117 8708 9871 13702 16740 11018 11979
10715 13154 17039 6295 9825 10613 6830 5859 4849 13829 9088 13942 16073 14730 9834 8319 12225 18330 17444 6494 13972 10750 12383 0 7669 10376 5307 8961 8543 4508 12541 9544 7704 13428 4785 16738 11020 260 8807 2476 6831 7611 11839 9023 16048 12766 6295 3646 4903 2414 13026 7582 4832 18246 5079 1603 12145 4736 16544 14411 9396 13699 7290 2913 14230 4433 17332 14764 6196 15836 4733 3096 5657 14424 14215 7598 16531 16512 5810 17342 11822 4718 11924 3424 5055 13738 6145 12219 11195 9520 18374 15556 13421 12981 13380 8369 10412 15866 14538 2112 14035
4254 7301 14112 6721 14011 14792 14498 4887 12308 13617 3288 10619 15252 13667 13458 662 15349 22726 17354 12903 19045 14395 8927 7669 0 4627 12677 15732 874 11931 6792 9710 14650 12337 11243 21250 3351 7681 15051 8760 10515 15022 13337 15757 20897 15356 8817 10797 3894 8941 17516 13639 3092 22694 12385 6090 7650 12062 14188 19705 13798 11951 12790 9915 17336 11399 16405 12407 6791 17218 12296 4631 13306 19763 13041 906 13529 15532 3960 14500 17541 5510 18020 10690 2848 14678 1605 6581 15705 11643 17822 20443 18024 8245 18238 719 2837 19025 19724 8013 17042
1054 2866 9691 6065 13192 13858 16862 4971 14186 10333 1442 6255 11527 9966 12378 4288 13696 21276 13811 13743 18279 13185 4680 10376 4627 0 15683 16570 4335 13798 2282 7403 15748 8767 12382 19957 4546 10279 15506 12183 10118 17980 11020 16561 19852 13389 8324 12528 5477 10659 16481 14119 7054 21279 15448 9077 3131 15106 9935 19051 13147 8112 13012 11683 15462 12887 12561 8262 6202 14397 15070 7443 15513 19137 9351 3875 9109 11720 4640 10089 17361 6217 18097 12535 6854 11872 5776 2015 14868 10014 14054 19453 17020 3637 17388 4239 5192 17043 18990 9760 15138
16001 18456 21801 11171 11897 12522 2953 11077 4043 17866 14384 18917 20185 19022 12347 13339 14661 19033 21157 7163 14473 13059 17449 5307 12677 15683 0 8084 13542 4131 17843 13923 6862 17825 6334 17478 15985 5415 8873 4039 10116 2346 15312 8197 16531 15480 10413 4850 10209 5856 14237 8322 9625 18909 350 6697 17365 619 21162 14615 11386 18287 8834 5162 16403 5348 21411 19467 11049 18930 1021 8322 2992 14577 18582 12746 21331 20659 11105 22070 11918 9867 11503 4585 9869 17266 11082 17519 12699 13044 22238 16054 14467 18209 14183 13395 15250 17817 14846 6445 16302
17326 18715 18841 10541 5902 6112 5616 11717 4522 13634 15754 16974 15813 15166 6826 16296 8441 11047 15955 2863 6530 7033 16058 8961 15732 16570 8084 0 16543 4719 18150 11194 1316 14370 4492 9534 18907 8798 1582 10076 6859 8251 10501 125 8522 9485 8439 5316 11964 6914 6761 2580 13463 10911 8310 10393 16806 8240 17854 6571 5469 15234 3820 6091 9609 4539 16851 16575 10400 12995 7219 11315 5093 6522 14951 15322 18533 16309 12349 18984 3931 10591 3419 5553 13645 12203 14480 17813 5754 8902 17205 8060 6841 17602 6415 16331 18565 10663 6823 7787 9625
3786 6838 13978 7277 14649 15420 15372 5471 13169 13836 3147 10503 15370 13784 14058 248 15879 23313 17529 13705 19711 14984 8845 8543 874 4335 13542 16543 0 12791 6370 10079 15477 12479 12060 21855 2477 8554 15830 9612 11176 15887 13745 16566 21534 15837 9443 11649 4636 9784 18143 14414 3938 23286 13249 6964 7444 12927 14131 20387 14455 12020 13537 10765 17842 12239 16494 12384 7359 17555 13168 5499 14178 20448 13157 1323 13394 15627 4573 14372 18268 6209 18774 11546 3694 15005 2462 6192 16350 12148 17937 21086 18657 7970 18892 225 2032 19521 20396 8852 17542
14355 16338 18449 8332 7767 8393 3320 8846 389 14080 12709 15868 16402 15354 8241 12554 10534 15187 17204 3072 10639 8933 14577 4508 11931 13798 4131 4719 12791 0 15732 10445 3405 14246 2311 13605 15251 4402 5049 5357 6273 5449 11355 4804 12732 11370 6974 1282 8540 3146 10207 4265 9287 15074 4226 6071 14842 4034 17689 10892 7255 14840 4703 2118 12274 1318 17598 16096 8191 14849 3114 7311 1918 10874 14968 11704 18026 16888 9202 18680 8185 7587 7998 1273 9497 13295 10501 15394 8604 9156 18328 12244 10476 15687 10251 12599 14743 13706 11087 4071 12171
2587 614 8185 7633 14211 14802 18879 6905 16117 10021 3722 5026 10776 9307 13309 6369 14288 21793 13144 15382 19185 14020 3871 12541 6792 2282 17843 18150 6370 15732 0 8019 17428 8307 14149 20577 5875 12428 16972 14425 11453 20118 11350 18128 20597 13819 9735 14452 7643 12625 17302 15627 9334 21815 17620 11298 2098 17276 8665 19993 14242 7431 14459 13636 15875 14740 11660 7215 7777 14260 17191 9673 17507 20090 8737 6103 7623 10878 6741 8586 18541 8168 19367 14488 9131 11839 8033 340 15825 10795 13184 20231 17842 2032 18273 6314 6751 17354 19896 11760 15544
8438 8457 8007 3582 6330 6845 13748 5172 10763 4382 7472 5780 6547 5189 5365 9879 6318 13887 8152 8823 11183 6015 5010 9544 9710 7403 13923 11194 10079 10445 8019 0 10840 3919 8254 12605 11517 9308 9772 12015 4438 15776 3695 11140 12584 5990 3517 9295 6738 8084 9285 8626 9862 13895 13840 9304 6177 13524 7261 12003 6450 4397 7381 8788 8060 9162 7809 5656 3616 7514 12992 8384 12360 12104 4694 8846 7600 6976 6052 8235 10757 5472 11694 9487 9835 4991 9613 7729 7865 2797 8941 12213 9825 6843 10268 9871 11794 9660 11894 7663 7738
16458 18007 18668 9795 6175 6540 4580 10829 3207 13652 14859 16592 15895 15127 6988 15231 8875 12186 16230 2067 7634 7364 15568 7704 14650 15748 6862 1316 15477 3405 17428 10840 0 14235 3438 10645 17872 7551 2148 8761 6412 7234 10592 1407 9675 9874 7825 4063 10949 5751 7626 2379 12284 12058 7070 9169 16194 6983 17738 7753 5690 15032 3551 4873 10252 3319 16987 16362 9651 13423 5964 10164 3879 7715 14862 14283 18326 16392 11403 18837 5061 9657 4682 4283 12473 12392 13351 17089 6375 8777 17453 9202 7775 17008 7417 15269 17488 11442 7986 6653 10229
9791 8499 4480 7263 8772 8986 17515 8518 14545 1763 9436 3861 2929 1372 7745 12327 7449 14279 5066 12320 12754 7980 4438 13428 12337 8767 17825 14370 12479 14246 8307 3919 14235 0 11994 13321 13300 13197 12839 15889 8040 19632 4312 14296 13636 6607 7413 13141 10115 11998 10775 11899 13178 14336 17749 13076 6212 17436 3505 13611 9077 1119 10686 12676 8425 12941 4138 2354 7332 6033 16884 11996 16148 13735 791 11431 4224 3263 9259 4614 13070 9119 14148 13348 13106 3842 12635 8135 9897 5473 5493 13375 11271 6447 11853 12303 13842 9617 13417 11579 8103
13058 14740 16258 6551 5665 6361 5521 7431 2567 11779 11446 13814 14099 13075 6027 11814 8377 13683 14897 1745 9242 6784 12619 4785 11243 12382 6334 4492 12060 2311 14149 8254 3438 11994 0 12088 14442 4577 4052 6512 3979 7759 9046 4523 11333 9159 4871 1585 7513 2495 8477 2798 9012 13588 6377 6049 13056 6138 15460 9644 5168 12630 2709 1918 10210 1000 15291 13909 6407 12596 5315 6841 4166 9652 12704 10853 15853 14586 7973 16476 7038 6236 7170 1899 9185 10990 9991 13808 6734 6847 16018 10840 8820 13889 8707 11850 14079 11722 9784 3313 10078
20967 20970 17154 14588 7282 6479 15150 16385 13560 11704 19803 17105 12852 13229 7798 21620 6292 1596 11540 10604 3012 6881 17126 16738 21250 19957 17478 9534 21855 13605 20577 12605 10645 13321 12088 0 23737 16502 8610 18596 10802 17783 9314 9412 1160 6827 12435 13579 17456 14325 3788 9400 20056 1508 17661 17705 18619 17538 15919 3078 7576 14440 9453 13996 4895 12783 13275 15576 14500 8233 16536 17909 14516 3169 13429 20534 17140 13229 17295 17088 5605 15802 6304 13892 20155 9545 20531 20302 5654 9948 12745 1519 3336 19158 3382 21631 23797 4015 2772 14840 5218
3575 6160 14011 9194 16640 17383 17849 7500 15631 14828 4047 10681 16074 14511 15967 2705 17613 25146 18352 16055 21745 16860 9191 11020 3351 4546 15985 18907 2477 15251 5875 11517 17872 13300 14442 23737 0 11031 18127 12021 13246 18327 15209 18925 23493 17454 11460 14094 6945 12217 20092 16707 6360 25131 15686 9439 7524 15368 14376 22455 16491 12658 15773 13210 19503 14665 17101 12764 9298 18799 15632 7973 16654 22523 13895 3590 13438 16263 6688 14412 20446 8417 21011 14000 6117 16251 4912 5826 18347 13862 18598 23060 20618 7811 20898 2658 1057 21145 22442 11280 19190
10641 13042 16832 6084 9573 10362 6831 5703 4752 13584 9008 13752 15832 14495 9577 8326 11967 18093 17193 6296 13745 10494 12204 260 7681 10279 5415 8798 8554 4402 12428 9308 7551 13197 4577 16502 11031 0 8610 2722 6571 7701 11582 8857 15818 12506 6043 3488 4802 2176 12784 7371 4899 18010 5199 1671 11995 4856 16327 14190 9146 13478 7057 2726 13973 4262 17091 14551 5983 15577 4801 3075 5627 14205 13982 7580 16326 16273 5690 17132 11611 4542 11729 3281 5116 13482 6178 12104 10951 9262 18127 15326 13182 12834 13146 8376 10444 15611 14315 1852 13777
16314 17523 17316 9442 4320 4551 6724 10771 4968 12066 14784 15545 14236 13608 5248 15582 6888 10176 14378 2315 5615 5456 14698 8807 15051 15506 8873 1582 15830 5049 16972 9772 2148 12839 4052 8610 18127 8610 0 10272 5552 9376 8926 1488 7697 7922 7239 5270 11200 6544 5480 1420 13012 10057 9052 10100 15536 8929 16313 5843 3888 13725 2513 5897 8148 4446 15270 15068 9304 11446 7927 10819 5935 5826 13406 14567 17020 14731 11477 17450 3138 9723 3120 5558 13174 10620 13904 16639 4269 7384 15626 7212 5644 16313 5317 15612 17861 9299 6040 7322 8142
12363 15030 19421 8707 11960 12720 6466 8061 5576 16305 10807 16251 18548 17198 12079 9421 14484 20192 19913 8048 15721 12961 14647 2476 8760 12183 4039 10076 9612 5357 14425 12015 8761 15889 6512 18596 12021 2722 10272 0 9187 6344 14275 10160 17818 15088 8762 5037 6857 4557 14979 9230 5674 20095 3715 3157 14257 3423 18965 16068 11501 16133 9194 4624 16450 5853 19808 17170 8616 18240 3948 4755 5696 16064 16678 8927 18903 18986 7837 19734 13395 7023 13313 4733 5918 16186 7155 14119 13202 11948 20849 17325 15331 15076 15215 9479 11250 18048 16232 4520 16274
10998 11993 12373 4118 3521 4323 9492 5749 6546 7809 9569 10180 10131 9097 3165 10934 5468 12324 11049 4386 8535 4129 9201 6831 10515 10118 10116 6859 11176 6273 11453 4438 6412 8040 3979 10802 13246 6571 5552 9187 0 11714 5224 6818 10390 5939 1812 5279 6669 4672 7030 4280 9296 12277 10101 7326 9984 9821 11525 9218 3282 8730 3055 5019 7513 4955 11335 10037 3996 9069 9121 7208 8145 9283 8736 9857 11997 10616 6608 12571 7270 5019 7979 5532 9380 7177 9730 11123 5196 2928 12123 9932 7526 10765 7723 10952 13171 9195 9220 4720 7288
18322 20732 23739 13252 12972 13502 2654 13298 5211 19523 16699 20974 21846 20772 13565 15684 15758 19281 22638 8139 14780 14169 19559 7611 15022 17980 2346 8251 15887 5449 20118 15776 7234 19632 7759 17783 18327 7701 9376 6344 11714 0 16794 8374 16754 16662 12263 6491 12503 7850 14856 9170 11966 19141 2641 9035 19564 2960 23037 14786 12458 20170 9933 7013 17342 6766 23045 21391 13123 20186 2939 10655 3677 14727 20368 15091 23291 22330 13378 23990 12181 12066 11559 6289 12210 18728 13426 19791 13509 14605 23772 16299 15008 20411 14633 15740 17582 18627 15053 8549 17282
12067 11708 8685 6838 4658 4745 14419 8618 11583 3170 11163 7877 5315 4771 3680 13539 3175 10458 5852 8890 8466 3725 7812 11839 13337 11020 15312 10501 13745 11355 11350 3695 10592 4312 9046 9314 15209 11582 8926 14275 5224 16794 0 10413 9490 2490 5610 10462 10090 9851 6486 8213 13166 10487 15311 12009 9342 15036 7570 9323 5044 5384 7107 10242 4527 10046 6397 6665 6820 4088 14308 11420 13148 9444 4691 12490 8497 5812 9541 8751 8800 8612 9902 10730 13173 1955 13104 11094 5611 2330 6982 9189 6993 9851 7559 13534 15486 6034 9141 9754 4195
17322 18692 18769 10526 5806 6006 5738 11717 4613 13549 15754 16920 15724 15085 6736 16319 8333 10925 15853 2873 6407 6932 16014 9023 15757 16561 8197 125 16566 4804 18128 11140 1407 14296 4523 9412 18925 8857 1488 10160 6818 8374 10413 0 8402 9379 8411 5378 11981 6957 6638 2538 13506 10791 8421 10445 16773 8349 17778 6451 5377 15165 3772 6145 9491 4595 16758 16507 10384 12885 7328 11353 5206 6404 14874 15341 18463 16219 12357 18909 3808 10598 3307 5619 13687 12107 14514 17792 5639 8830 17105 7939 6716 17567 6290 16354 18590 10541 6702 7824 9509
20844 21016 17625 14306 6886 6117 14134 16068 12664 12088 19616 17354 13402 13656 7531 21295 6356 2527 12249 9783 2099 6674 17261 16048 20897 19852 16531 8522 21534 12732 20597 12584 9675 13636 11333 1160 23493 15818 7697 17818 10390 16754 9490 8402 0 7045 12091 12784 17059 13644 3401 8590 19554 2389 16726 17086 18687 16616 16401 1977 7114 14751 8764 13251 5288 11976 13914 15936 14209 8889 15607 17383 13554 2053 13808 20212 17575 13803 16962 17584 4614 15409 5223 13093 19665 9947 20103 20311 5194 9851 13485 493 2878 19265 2705 21310 23503 4740 1701 14210 5588
14427 14187 10764 8675 3720 3373 14129 10511 11525 5148 13425 10311 6848 6766 3133 15620 1075 7976 6518 8528 6208 2518 10302 12766 15356 13389 15480 9485 15837 11370 13819 5990 9874 6607 9159 6827 17454 12506 7922 15088 5939 16662 2490 9379 7045 0 6963 10708 11861 10535 4257 7589 14823 8002 15534 13220 11825 15297 9577 7063 4226 7716 6730 10694 2073 10134 7673 8932 8626 3553 14459 12898 12987 7192 6838 14548 10653 7313 11450 10772 7017 10275 8171 11008 14863 3124 14949 13557 3911 3731 7793 6770 4719 12341 5337 15620 17659 3693 6847 10657 1749
9191 10290 11488 2306 5206 5978 10291 3982 7307 7585 7757 8944 9870 8628 4654 9205 6720 13922 11151 5759 10290 5606 7780 6295 8817 8324 10413 8439 9443 6974 9735 3517 7825 7413 4871 12435 11460 6043 7239 8762 1812 12263 5610 8411 12091 6963 0 5794 5048 4595 8702 5896 7883 13886 10337 6401 8379 10026 10776 10994 5032 7907 4727 5271 8768 5719 11121 9137 2186 9677 9477 5937 8892 11063 8173 8121 11055 10329 4871 11731 9082 3402 9778 5977 7937 7466 8150 9401 6909 3358 12101 11643 9214 9186 9456 9219 11419 10474 10983 4277 8507
13099 15058 17282 7061 7248 7946 4557 7570 1665 13067 11455 14639 15390 14286 7582 11408 9948 15174 16309 3013 10686 8359 13323 3646 10797 12528 4850 5316 11649 1282 14452 9295 4063 13141 1585 13579 14094 3488 5270 5037 5279 6491 10462 5378 12784 10708 5794 0 7313 1902 10019 4194 8270 15073 4861 5114 13564 4603 16554 11034 6752 13692 4281 885 11793 824 16604 14930 6921 14112 3846 6211 3148 11032 13877 10527 16847 15871 7946 17523 8371 6313 8359 317 8469 12415 9413 14114 8301 8202 17399 12292 10344 14411 10198 11451 13625 13306 11195 2841 11659
5879 8255 12979 3252 10186 10979 11462 1600 8929 11037 4232 9628 13009 11487 9699 4388 11728 18959 14839 9110 15177 10653 7953 4903 3894 5477 10209 11964 4636 8540 7643 6738 10949 10115 7513 17456 6945 4802 11200 6857 6669 12503 10090 11981 17059 11861 5048 7313 0 5411 13696 9783 3124 18918 9980 3700 7410 9637 12718 15825 9946 10057 8903 6435 13758 7806 14245 10878 3272 14132 9595 2151 10148 15880 10892 3368 12426 13374 1001 13325 13647 1654 14138 7268 3101 11674 3106 7324 11865 8135 15522 16598 14195 8223 14384 4417 6668 15463 15850 4474 13482
11209 13234 15948 5413 7447 8226 6267 5723 3536 12148 9563 13124 14450 13224 7524 9541 9928 15917 15607 4239 11574 8415 11722 2414 8941 10659 5856 6914 9784 3146 12625 8084 5751 11998 2495 14325 12217 2176 6544 4557 4672 7850 9851 6957 13644 10535 4595 1902 5411 0 10613 5250 6550 15834 5759 3557 11834 5441 15309 12033 7006 12434 4881 1029 11903 2459 15694 13612 5281 13741 4965 4414 4883 12050 12763 8641 15483 14913 6056 16215 9481 4460 9660 1877 6732 11792 7604 12288 8786 7523 16618 13153 11007 12683 10970 9583 11775 13517 12151 941 11722
17465 17740 15015 10906 3510 2724 12204 12674 10219 9395 16219 14336 11065 11019 4131 17905 3327 5349 10415 7140 1980 3299 14090 13026 17516 16481 14237 6761 18143 10207 17302 9285 7626 10775 8477 3788 20092 12784 5480 14979 7030 14856 6486 6638 3401 4257 8702 10019 13696 10613 0 5942 16268 5285 14383 13942 15439 14222 13833 2837 3788 11863 5785 10356 3249 9253 11801 13123 10810 7086 13253 14121 11367 2960 11066 16821 14889 11516 13573 15028 3238 12043 4362 10336 16368 7372 16759 17008 1867 6513 11702 2977 540 16054 1082 17919 20106 3937 2662 11087 3405
14914 16186 16352 8060 3870 4337 6576 9357 4286 11278 13377 14404 13516 12763 4627 14166 6631 10991 13875 1207 6491 5072 13478 7582 13639 14119 8322 2580 14414 4265 15627 8626 2379 11899 2798 9400 16707 7371 1420 9230 4280 9170 8213 2538 8590 7589 5896 4194 9783 5250 5942 0 11648 10887 8454 8802 14242 8285 15398 6857 3368 12726 1244 4705 8176 3387 14609 14063 7921 11142 7327 9448 5545 6861 12511 13150 16025 14014 10058 16509 4241 8304 4445 4503 11804 10022 12509 15292 4385 6429 15090 8097 6217 15033 6024 14196 16446 9515 7008 5981 8112
6992 9903 15755 6348 12788 13600 11596 4710 9644 14152 5613 12308 16089 14550 12437 3751 14601 21600 17955 10746 17580 13404 10591 4832 3092 7054 9625 13463 3938 9287 9334 9862 12284 13178 9012 20056 6360 4899 13012 5674 9296 11966 13166 13506 19554 14823 7883 8270 3124 6550 16268 11648 0 21545 9326 3232 9695 9008 15607 18155 12481 13046 10997 7420 16651 8967 17316 13769 6353 17227 9300 2204 10479 18193 13945 3376 15186 16441 3919 16119 15774 4566 16093 8109 245 14787 1488 9068 14406 11127 18617 19078 16740 10423 16851 3809 5646 18357 18220 5700 16390
22299 22189 17981 16012 8761 7954 16523 17819 15019 12665 21173 18165 13609 14129 9236 23053 7583 179 12089 12090 4442 8303 18285 18246 22694 21279 18909 10911 23286 15074 21815 13895 12058 14336 13588 1508 25131 18010 10057 20095 12277 19141 10487 10791 2389 8002 13886 15073 18918 15834 5285 10887 21545 0 19100 19212 19826 18984 16740 4357 9068 15454 10960 15499 5975 14273 13913 16534 15927 8912 17978 19404 15936 4423 14379 21966 18008 13953 18735 17887 6999 17264 7600 15384 21641 10510 22001 21549 7151 11298 13235 2856 4842 20333 4881 23063 25214 4766 4090 16348 6307
15750 18233 21689 11028 11978 12617 3276 10883 4168 17824 14139 18774 20140 18958 12401 13047 14731 19223 21149 7282 14661 13131 17290 5079 12385 15448 350 8310 13249 4226 17620 13840 7070 17749 6377 17661 15686 5199 9052 3715 10101 2641 15311 8421 16726 15534 10337 4861 9980 5759 14383 8454 9326 19100 0 6433 17175 344 21067 14819 11469 18191 8922 5114 16497 5402 21371 19360 10908 18966 1130 8065 3222 14784 18510 12469 21214 20612 10887 21962 12118 9683 11728 4583 9569 17265 10787 17298 12820 13029 22219 16247 14624 18017 14353 13103 14942 17930 15046 6307 16389
9326 11906 16397 5814 10595 11403 8415 4945 6423 13675 7731 13160 15842 14418 10459 6744 12794 19285 17393 7792 15041 11409 11531 1603 6090 9077 6697 10393 6964 6071 11298 9304 9169 13076 6049 17705 9439 1671 10100 3157 7326 9035 12009 10445 17086 13220 6401 5114 3700 3557 13942 8802 3232 19212 6433 0 11100 6097 16007 15537 10210 13219 8342 4302 14837 5857 17102 14189 5745 16078 6229 1640 7260 15560 13867 6070 15865 16256 4680 16722 13022 4004 13217 4927 3452 13836 4549 10987 12083 9749 18239 16598 14370 11918 14390 6797 8814 16512 15640 2876 14615
3962 2372 6562 6524 12478 13019 18088 6293 15217 7923 4363 3159 8739 7242 11535 7378 12346 19799 11092 14129 17354 12189 1786 12145 7650 3131 17365 16806 7444 14842 2098 6177 16194 6212 13056 18619 7524 11995 15536 14257 9984 19564 9342 16773 18687 11825 8379 13564 7410 11834 15439 14242 9695 19826 17175 11100 0 16832 6853 18178 12555 5361 13035 12804 13867 13747 9674 5266 6667 12164 16626 9552 16690 18280 6662 6823 5980 8868 6421 6960 16873 7502 17756 13642 9527 9754 8594 1927 14041 8975 11191 18336 15977 849 16437 7333 8269 15314 18063 11042 13535
15410 17889 21362 10693 11762 12411 3380 10540 4004 17526 13798 18438 19841 18650 12165 12724 14506 19104 20869 7102 14543 12907 16951 4736 12062 15106 619 8240 12927 4034 17276 13524 6983 17436 6138 17538 15368 4856 8929 3423 9821 2960 15036 8349 16616 15297 10026 4603 9637 5441 14222 8285 9008 18984 344 6097 16832 0 20745 14720 11254 17870 8714 4821 16289 5174 21074 19035 10573 18715 1021 7727 3179 14688 18199 12138 20885 20311 10543 21637 12014 9341 11654 4318 9251 16990 10466 16954 12638 12748 21932 16134 14474 17674 14216 12780 14631 17737 14941 5975 16176
10814 8607 1242 10258 12173 12313 20976 11182 17997 4452 10984 3695 3184 2821 11157 14029 10540 16655 5319 15823 15783 11295 5287 16544 14188 9935 21162 17854 14131 17689 8665 7261 17738 3505 15460 15919 14376 16327 16313 18965 11525 23037 7570 17778 16401 9577 10776 16554 12718 15309 13833 15398 15607 16740 21067 16007 6853 20745 0 16635 12508 2875 14189 16044 11113 16393 3433 1841 10352 7873 20244 14758 19599 16766 2911 13301 1405 2957 11769 1195 16363 12003 17471 16748 15495 6489 14814 8626 13169 8970 4877 16202 14294 6636 14914 13991 15113 11983 16409 14813 10818
20006 20452 17827 13274 5864 5202 12174 14965 10802 12211 18685 17164 13801 13829 6694 20144 6162 4501 12961 8021 858 5989 16876 14411 19705 19051 14615 6571 20387 10892 19993 12003 7753 13611 9644 3078 22455 14190 5843 16068 9218 14786 9323 6451 1977 7063 10994 11034 15825 12033 2837 6857 18155 4357 14819 15537 18178 14720 16635 0 5967 14701 7200 11559 5736 10215 14466 15958 13165 9580 13706 15960 11630 140 13892 19070 17712 14239 15824 17830 2711 14195 3246 11335 18281 10154 18806 19691 4185 9208 14236 1559 2346 18816 1768 20163 22388 5763 338 12665 5970
14080 14737 13554 7308 515 1221 9907 9010 7375 8199 12727 12077 10349 9764 1365 14213 3301 9128 10545 4319 5260 1713 11459 9396 13798 13147 11386 5469 14455 7255 14242 6450 5690 9077 5168 7576 16491 9146 3888 11501 3282 12458 5044 5377 7114 4226 5032 6752 9946 7006 3788 3368 12481 9068 11469 10210 12555 11254 12508 5967 0 10025 2555 6911 5043 6088 11383 11366 7198 7776 10367 10336 8791 6039 9598 13134 13293 10844 9883 13665 4318 8299 5248 7065 12581 6742 12990 13926 1928 3763 11777 6652 4265 13264 4441 14230 16443 6568 5952 7387 4922
9105 7574 3644 7432 9746 10002 18137 8485 15154 2836 8914 2777 3417 1882 8715 11885 8540 15395 5739 13075 13843 9006 3575 13699 11951 8112 18287 15234 12020 14840 7431 4397 15032 1119 12630 14440 12658 13478 13725 16133 8730 20170 5384 15165 14751 7716 7907 13692 10057 12434 11863 12726 13046 15454 18191 13219 5361 17870 2875 14701 10025 0 11498 13172 9545 13551 4478 1344 7518 7071 17370 12034 16753 14823 1310 11046 3300 3620 9147 3847 14090 9221 15152 13882 12954 4952 12385 7287 10934 6340 5950 14486 12364 5502 12939 11856 13262 10729 14511 11943 9222
13836 15010 15129 6947 3068 3698 7421 8342 4821 10121 12328 13160 12383 11580 3645 13290 5848 11047 12852 1814 6703 4249 12242 7290 12790 13012 8834 3820 13537 4703 14459 7381 3551 10686 2709 9453 15773 7057 2513 9194 3055 9933 7107 3772 8764 6730 4727 4281 8903 4881 5785 1244 10997 10960 8922 8342 13035 8714 14189 7200 2555 11498 0 4571 7576 3569 13500 12833 6811 10257 7816 8794 6258 7228 11311 12250 14796 12880 9092 15292 4786 7358 5240 4598 11135 8965 11748 14126 4025 5226 14043 8274 6150 13819 6090 13316 15567 9042 7298 5467 7468
12238 14244 16729 6335 7386 8127 5285 6739 2507 12709 10592 13992 15026 13862 7603 10524 10001 15592 16060 3588 11160 8438 12631 2913 9915 11683 5162 6091 10765 2118 13636 8788 4873 12676 1918 13996 13210 2726 5897 4624 5019 7013 10242 6145 13251 10694 5271 885 6435 1029 10356 4705 7420 15499 5114 4302 12804 4821 16044 11559 6911 13172 4571 0 11913 1555 16257 14382 6199 14015 4208 5339 3888 11566 13427 9642 16278 15500 7085 16983 8938 5477 9012 853 7614 12196 8540 13298 8580 7939 17114 12757 10714 13652 10618 10567 12744 13477 11701 1961 11757
16499 16234 12337 10625 4546 3881 14730 12466 12371 6822 15482 12219 8144 8373 4398 17621 2056 5939 7234 9265 4932 3489 12311 14230 17336 15462 16403 9609 17842 12274 15875 8060 10252 8425 10210 4895 19503 13973 8148 16450 7513 17342 4527 9491 5288 2073 8768 11793 13758 11903 3249 8176 16651 5975 16497 14837 13867 16289 11113 5736 5043 9545 7576 11913 0 11130 8743 10688 10566 3866 15388 14654 13717 5874 8546 16543 12292 8561 13403 12297 6443 12142 7588 12105 16706 4669 16861 15617 3879 5695 8514 5098 3539 14361 4205 17623 19687 1706 5462 12147 332
13507 15339 17169 7223 6593 7261 4586 7916 1604 12762 11874 14647 15083 14040 7001 11996 9332 14376 15897 2195 9876 7733 13400 4433 11399 12887 5348 4539 12239 1318 14740 9162 3319 12941 1000 12783 14665 4262 4446 5853 4955 6766 10046 4595 11976 10134 5719 824 7806 2459 9253 3387 8967 14273 5402 5857 13747 5174 16393 10215 6088 13551 3569 1555 11130 0 16280 14817 7080 13586 4327 6863 3207 10212 13659 11082 16753 15569 8368 17395 7548 6679 7538 1120 9158 11990 10059 14400 7565 7839 17016 11483 9566 14588 9404 12036 14234 12611 10379 3387 11009
13533 11699 4558 11315 10955 10872 20749 12646 17855 3548 13392 6655 1262 2769 10033 16356 8738 13809 1954 15271 13644 9879 7928 17332 16405 12561 21411 16851 16494 17598 11660 7809 16987 4138 15291 13275 17101 17091 15270 19808 11335 23045 6397 16758 13914 7673 11121 16604 14245 15694 11801 14609 17316 13913 21371 17102 9674 21074 3433 14466 11383 4478 13500 16257 8743 16280 0 4450 11370 5043 20432 16091 19442 14603 3383 15499 4835 878 13397 4326 14690 13193 15843 16846 17244 4665 16761 11564 11556 8447 1525 13789 12192 9644 12849 16327 17730 9262 14201 15387 8497
9189 7250 2353 8470 11082 11324 19403 9347 16417 3874 9239 2207 3676 2483 10051 12272 9796 16467 6054 14395 15100 10323 3583 14764 12407 8262 19467 16575 12384 16096 7215 5656 16362 2354 13909 15576 12764 14551 15068 17170 10037 21391 6665 16507 15936 8932 9137 14930 10878 13612 13123 14063 13769 16534 19360 14189 5266 19035 1841 15958 11366 1344 12833 14382 10688 14817 4450 0 8569 7925 18565 12924 18013 16082 2154 11514 1964 3700 9928 2603 15411 10187 16480 15111 13659 6034 12992 7130 12245 7684 5975 15689 13615 5195 14202 12237 13454 11780 15760 13079 10372
7033 8358 10853 145 7343 8093 11469 1905 8562 7996 5574 7869 10112 8674 6704 7126 8563 15954 11767 7608 12448 7625 6441 6196 6791 6202 11049 10400 7359 8191 7777 3616 9651 7332 6407 14500 9298 5983 9304 8616 3996 13123 6820 10384 14209 8626 2186 6921 3272 5281 10810 7921 6353 15927 10908 5745 6667 10573 10352 13165 7198 7518 6811 6199 10566 7080 11370 8569 0 10874 10213 4768 10063 13236 8123 6040 10354 10519 2839 11150 11263 1859 11939 7020 6354 8444 6330 7438 9050 4895 12548 13770 11331 7509 11601 7136 9299 12264 13146 4604 10280
15450 14495 9114 10882 7272 6899 17670 12622 15022 4272 14776 9845 4710 5444 6622 17364 4559 8817 3385 12064 8791 6071 10425 15836 17218 14397 18930 12995 17555 14849 14260 7514 13423 6033 12596 8233 18799 15577 11446 18240 9069 20186 4088 12885 8889 3553 9677 14112 14132 13741 7086 11142 17227 8912 18966 16078 12164 18715 7873 9580 7776 7071 10257 14015 3866 13586 5043 7925 10874 0 17911 15507 16509 9720 5830 16346 9191 5041 13530 8997 10203 12686 11361 14402 17226 2554 17099 14060 7302 6337 4655 8788 7404 12464 8069 17352 19185 4220 9294 13733 3682
15441 17805 20906 10340 10878 11507 2547 10360 3041 16889 13808 18077 19210 18066 11326 12955 13640 18100 20155 6158 13538 12039 16640 4733 12296 15070 1021 7219 13168 3114 17191 12992 5964 16884 5315 16536 15632 4801 7927 3948 9121 2939 14308 7328 15607 14459 9477 3846 9595 4965 13253 7327 9300 17978 1130 6229 16626 1021 20244 13706 10367 17370 7816 4208 15388 4327 20432 18565 10213 17911 0 7815 2164 13673 17635 12297 20445 19687 10454 21168 11001 9127 10634 3589 9540 16260 10721 16863 11696 12047 21243 15127 13494 17473 13224 13009 14946 16810 13929 5622 15284
7688 10279 15070 4804 10663 11476 9906 3579 7684 12760 6092 11754 14839 13360 10369 5267 12599 19463 16535 8565 15395 11335 10091 3096 4631 7443 8322 11315 5499 7311 9673 8384 10164 11996 6841 17909 7973 3075 10819 4755 7208 10655 11420 11353 17383 12898 5937 6211 2151 4414 14121 9448 2204 19404 8065 1640 9552 7727 14758 15960 10336 12034 8794 5339 14654 6863 16091 12924 4768 15507 7815 0 8685 15997 12784 4505 14525 15229 3151 15409 13570 2913 13893 6083 2356 13150 3202 9365 12255 9267 17303 16904 14584 10358 14678 5315 7433 16354 16030 3530 14406
16015 18116 20366 10202 9306 9856 1409 10603 1603 15940 14365 17779 18258 17240 9888 13949 12093 16063 18983 4473 11507 10499 16472 5657 13306 15513 2992 5093 14178 1918 17507 12360 3879 16148 4166 14516 16654 5627 5935 5696 8145 3677 13148 5206 13554 12987 8892 3148 10148 4883 11367 5545 10479 15936 3222 7260 16690 3179 19599 11630 8791 16753 6258 3888 13717 3207 19442 18013 10063 16509 2164 8685 0 11590 16864 13170 19943 18746 10883 20595 8940 9339 8511 3048 10706 15073 11801 17170 9921 10995 20130 13080 11567 17537 11251 13998 16068 15052 11865 5755 13644
20089 20550 17956 13347 5946 5294 12119 15031 10779 12339 18762 17281 13936 13958 6787 20204 6286 4569 13100 8020 984 6092 16984 14424 19763 19137 14577 6522 20448 10874 20090 12104 7715 13735 9652 3169 22523 14205 5826 16064 9283 14727 9444 6404 2053 7192 11063 11032 15880 12050 2960 6861 18193 4423 14784 15560 18280 14688 16766 140 6039 14823 7228 11566 5874 10212 14603 16082 13236 9720 13673 15997 11590 0 14019 19131 17840 14374 15887 17960 2689 14253 3177 11332 18321 10286 18855 19787 4275 9308 14375 1652 2474 18921 1886 20224 22450 5901 467 12690 6107
10358 8883 3994 8054 9266 9425 18224 9297 15261 1724 10086 4033 2213 626 8248 13012 7746 14313 4463 12975 13035 8409 4876 14215 13041 9351 18582 14951 13157 14968 8737 4694 14862 791 12704 13429 13895 13982 13406 16678 8736 20368 4691 14874 13808 6838 8173 13877 10892 12763 11066 12511 13945 14379 18510 13867 6662 18199 2911 13892 9598 1310 11311 13427 8546 13659 3383 2154 8123 5830 17635 12784 16864 14019 0 12135 3824 2506 10027 4073 13490 9909 14588 14090 13870 3884 13378 8589 10301 6085 4782 13571 11546 6811 12148 12985 14469 9626 13683 12357 8232
3649 6641 13245 5960 13327 14097 14408 4149 12086 12717 2477 9751 14345 12760 12736 1087 14572 21994 16450 12473 18391 13664 8051 7598 906 3875 12746 15322 1323 11704 6103 8846 14283 11431 10853 20534 3590 7580 14567 8927 9857 15091 12490 15341 20212 14548 8121 10527 3368 8641 16821 13150 3376 21966 12469 6070 6823 12138 13301 19070 13134 11046 12250 9642 16543 11082 15499 11514 6040 16346 12297 4505 13170 19131 12135 0 12663 14626 3251 13631 16967 4905 17489 10444 3147 13802 1957 5869 15027 10848 16915 19764 17335 7450 17570 1098 3325 18226 19077 7702 16246
9918 7497 584 10246 12995 13205 21337 10954 18351 5508 10266 2913 4547 3919 11967 13312 11570 17929 6724 16358 16856 12195 4626 16531 13529 9109 21331 18533 13394 18026 7623 7600 18326 4224 15853 17140 13438 16326 17020 18903 11997 23291 8497 18463 17575 10653 11055 16847 12426 15483 14889 16025 15186 18008 21214 15865 5980 20885 1405 17712 13293 3300 14796 16278 12292 16753 4835 1964 10354 9191 20445 14525 19943 17840 3824 12663 0 4351 11447 980 17284 11885 18368 17020 15055 7629 14284 7625 14103 9636 6261 17355 15366 5629 15971 13271 14230 13244 17500 14915 11987
12700 10940 4166 10461 10435 10408 20067 11775 17153 2808 12531 5903 497 1892 9484 15487 8358 13859 2404 14632 13403 9400 7109 16512 15532 11720 20659 16309 15627 16888 10878 6976 16392 3263 14586 13229 16263 16273 14731 18986 10616 22330 5812 16219 13803 7313 10329 15871 13374 14913 11516 14014 16441 13953 20612 16256 8868 20311 2957 14239 10844 3620 12880 15500 8561 15569 878 3700 10519 5041 19687 15229 18746 14374 2506 14626 4351 0 12522 3999 14309 12335 15453 16106 16369 4219 15884 10771 11143 7759 2334 13649 11933 8874 12580 15459 16881 9236 13986 14584 8294
5154 7355 12003 2778 10076 10849 12225 938 9592 10265 3510 8636 12171 10631 9500 4334 11403 18767 14067 9487 15141 10436 6956 5810 3960 4640 11105 12349 4573 9202 6741 6052 11403 9259 7973 17295 6688 5690 11477 7837 6608 13378 9541 12357 16962 11450 4871 7946 1001 6056 13573 10058 3919 18735 10887 4680 6421 10543 11769 15824 9883 9147 9092 7085 13403 8368 13397 9928 2839 13530 10454 3151 10883 15887 10027 3251 11447 12522 0 12353 13761 1759 14326 7932 3852 11034 3569 6415 11776 7722 14704 16513 14085 7238 14319 4349 6563 15099 15828 5141 13115
10897 8444 401 11048 13338 13493 21981 11832 18997 5645 11242 3881 4288 4015 12319 14289 11735 17800 6269 16900 16977 12475 5587 17342 14500 10089 22070 18984 14372 18680 8586 8235 18837 4614 16476 17088 14412 17132 17450 19734 12571 23990 8751 18909 17584 10772 11731 17523 13325 16215 15028 16509 16119 17887 21962 16722 6960 21637 1195 17830 13665 3847 15292 16983 12297 17395 4326 2603 11150 8997 21168 15409 20595 17960 4073 13631 980 3999 12353 0 17548 12729 18653 17707 15992 7682 15238 8594 14356 10086 5652 17389 15489 6601 16109 14247 15208 13138 17603 15678 12004
18260 19044 17484 11386 4441 4087 9546 12955 8091 11925 16837 16303 13834 13550 5451 18021 5955 7129 13454 5365 2599 5090 15760 11822 17541 17361 11918 3931 18268 8185 18541 10757 5061 13070 7038 5605 20446 11611 3138 13395 7270 12181 8800 3808 4614 7017 9082 8371 13647 9481 3238 4241 15774 6999 12118 13022 16873 12014 16363 2711 4318 14090 4786 8938 6443 7548 14690 15411 11263 10203 11001 13570 8940 2689 13490 16967 17284 14309 13761 17548 0 12062 1161 8667 15916 10091 16531 18222 3195 8019 14741 4143 3139 17581 2596 18046 20291 7136 2928 10173 6557
6834 8779 12409 1891 8533 9326 10711 1264 7974 9847 5212 9237 11938 10475 8048 5963 10104 17305 13624 7729 13538 9004 7665 4718 5510 6217 9867 10591 6209 7587 8168 5472 9657 9119 6236 15802 8417 4542 9723 7023 5019 12066 8612 10598 15409 10275 3402 6313 1654 4460 12043 8304 4566 17264 9683 4004 7502 9341 12003 14195 8299 9221 7358 5477 12142 6679 13193 10187 1859 12686 9127 2913 9339 14253 9909 4905 11885 12335 1759 12729 12062 0 12597 6330 4593 10284 4748 7832 10215 6566 14392 14950 12543 8348 12739 5986 8229 13848 14215 3594 11871
18967 19885 18580 12068 5437 5164 8965 13557 7851 13042 17503 17309 14976 14663 6463 18526 7106 7745 14615 5434 3406 6179 16704 11924 18020 18097 11503 3419 18774 7998 19367 11694 4682 14148 7170 6304 21011 11729 3120 13313 7979 11559 9902 3307 5223 8171 9778 8359 14138 9660 4362 4445 16093 7600 11728 13217 17756 11654 17471 3246 5248 15152 5240 9012 7588 7538 15843 16480 11939 11361 10634 13893 8511 3177 14588 17489 18368 15453 14326 18653 1161 12597 0 8637 16248 11234 16935 19044 4319 8999 15902 4791 4210 18483 3615 18554 20805 8215 3534 10420 7710
13085 15095 17461 7158 7560 8260 4450 7592 1662 13305 11438 14779 15627 14506 7884 11307 10254 15486 16573 3315 10994 8667 13441 3424 10690 12535 4585 5553 11546 1273 14488 9487 4283 13348 1899 13892 14000 3281 5558 4733 5532 6289 10730 5619 13093 11008 5977 317 7268 1877 10336 4503 8109 15384 4583 4927 13642 4318 16748 11335 7065 13882 4598 853 12105 1120 16846 15111 7020 14402 3589 6083 3048 11332 14090 10444 17020 16106 7932 17707 8667 6330 8637 0 8312 12684 9282 14150 8618 8459 17655 12600 10660 14490 10511 11351 13510 13620 11499 2798 11969
6773 9697 15626 6344 12881 13692 11829 4670 9857 14106 5412 12171 16022 14477 12513 3507 14658 21694 17909 10915 17699 13479 10452 5055 2848 6854 9869 13645 3694 9497 9131 9835 12473 13106 9185 20155 6117 5116 13174 5918 9380 12210 13173 13687 19665 14863 7937 8469 3101 6732 16368 11804 245 21641 9569 3452 9527 9251 15495 18281 12581 12954 11135 7614 16706 9158 17244 13659 6354 17226 9540 2356 10706 18321 13870 3147 15055 16369 3852 15992 15916 4593 16248 8312 0 14775 1246 8868 14508 11158 18556 19190 16843 10247 16963 3565 5407 18411 18343 5872 16441
12925 12111 7696 8441 6301 6210 16328 10138 13517 2160 12224 7698 3742 3711 5408 14815 4147 10448 3911 10766 9305 5214 8059 13738 14678 11872 17266 12203 15005 13295 11839 4991 12392 3842 10990 9545 16251 13482 10620 16186 7177 18728 1955 12107 9947 3124 7466 12415 11674 11792 7372 10022 14787 10510 17265 13836 9754 16990 6489 10154 6742 4952 8965 12196 4669 11990 4665 6034 8444 2554 16260 13150 15073 10286 3884 13802 7629 4219 11034 7682 10091 10284 11234 12684 14775 0 14600 11623 6924 4269 5078 9728 7818 10120 8449 14803 16631 5776 9923 11667 4360
5606 8582 14862 6291 13252 14052 12963 4486 10870 13758 4344 11378 15563 13995 12795 2266 14833 22044 17548 11693 18186 13752 9659 6145 1605 5776 11082 14480 2462 10501 8033 9613 13351 12635 9991 20531 4912 6178 13904 7155 9730 13426 13104 14514 20103 14949 8150 9413 3106 7604 16759 12509 1488 22001 10787 4549 8594 10466 14814 18806 12990 12385 11748 8540 16861 10059 16761 12992 6330 17099 10721 3202 11801 18855 13378 1957 14284 15884 3569 15238 16531 4748 16935 9282 1246 14600 0 7786 14916 11219 18121 19637 17251 9273 17415 2324 4267 18564 18848 6700 16582
2431 947 8193 7294 13901 14497 18543 6569 15779 9835 3456 4959 10655 9167 13004 6180 14011 21528 13014 15044 18885 13723 3713 12219 6581 2015 17519 17813 6192 15394 340 7729 17089 8135 13808 20302 5826 12104 16639 14119 11123 19791 11094 17792 20311 13557 9401 14114 7324 12288 17008 15292 9068 21549 17298 10987 1927 16954 8626 19691 13926 7287 14126 13298 15617 14400 11564 7130 7438 14060 16863 9365 17170 19787 8589 5869 7625 10771 6415 8594 18222 7832 19044 14150 8868 11623 7786 0 15520 10498 13086 19942 17548 1998 17975 6127 6670 17106 19597 11424 15286
15828 16292 14295 9153 1707 1023 10881 10890 8656 8730 14528 13229 10663 10356 2516 16110 2835 7215 10422 5539 3416 1935 12805 11195 15705 14868 12699 5754 16350 8604 15825 7865 6375 9897 6734 5654 18347 10951 4269 13202 5196 13509 5611 5639 5194 3911 6909 8301 11865 8786 1867 4385 14406 7151 12820 12083 14041 12638 13169 4185 1928 10934 4025 8580 3879 7565 11556 12245 9050 7302 11696 12255 9921 4275 10301 15027 14103 11143 11776 14356 3195 10215 4319 8618 14508 6924 14916 15520 0 5070 11700 4738 2337 14703 2551 16125 18327 5131 4124 9235 3875
11019 11245 9939 4945 3577 4051 12308 6784 9408 4960 9879 8315 7268 6363 2583 11926 3751 11304 8122 6914 8392 3226 7755 9520 11643 10014 13044 8902 12148 9156 10795 2797 8777 5473 6847 9948 13862 9262 7384 11948 2928 14605 2330 8830 9851 3731 3358 8202 8135 7523 6513 6429 11127 11298 13029 9749 8975 12748 8970 9208 3763 6340 5226 7939 5695 7839 8447 7684 4895 6337 12047 9267 10995 9308 6085 10848 9636 7759 7722 10086 8019 6566 8999 8459 11158 4269 11219 10498 5070 0 9197 9464 7053 9634 7479 11928 14008 7383 9103 7429 5400
15034 13224 5928 12503 11315 11124 21399 13922 18563 4564 14853 8180 2570 4156 10465 17793 8867 13117 1289 15844 13444 10174 9439 18374 17822 14054 22238 17205 17937 18328 13184 8941 17453 5493 16018 12745 18598 18127 15626 20849 12123 23772 6982 17105 13485 7793 12101 17399 15522 16618 11702 15090 18617 13235 22219 18239 11191 21932 4877 14236 11777 5950 14043 17114 8514 17016 1525 5975 12548 4655 21243 17303 20130 14375 4782 16915 6261 2334 14704 5652 14741 14392 15902 17655 18556 5078 18121 13086 11700 9197 0 13412 12043 11169 12708 17767 19212 8754 13949 16378 8312
20439 20657 17420 13869 6437 5678 13675 15623 12179 11856 19196 17063 13238 13439 7108 20847 6034 2987 12164 9291 1608 6268 16932 15556 20443 19453 16054 8060 21086 12244 20231 12213 9202 13375 10840 1519 23060 15326 7212 17325 9932 16299 9189 7939 493 6770 11643 12292 16598 13153 2977 8097 19078 2856 16247 16598 18336 16134 16202 1559 6652 14486 8274 12757 5098 11483 13789 15689 13770 8788 15127 16904 13080 1652 13571 19764 17355 13649 16513 17389 4143 14950 4791 12600 19190 9728 19637 19942 4738 9464 13412 0 2445 18926 2227 20861 23059 4709 1257 13722 5385
18002 18280 15482 11428 4013 3239 12354 13190 10470 9865 16752 14853 11488 11485 4664 18419 3823 4917 10759 7423 1490 3839 14622 13421 18024 17020 14467 6841 18657 10476 17842 9825 7775 11271 8820 3336 20618 13182 5644 15331 7526 15008 6993 6716 2878 4719 9214 10344 14195 11007 540 6217 16740 4842 14624 14370 15977 14474 14294 2346 4265 12364 6150 10714 3539 9566 12192 13615 11331 7404 13494 14584 11567 2474 11546 17335 15366 11933 14085 15489 3139 12543 4210 10660 16843 7818 17251 17548 2337 7053 12043 2445 0 16590 666 18433 20625 4005 2148 11507 3732
4328 2076 6200 7366 13168 13684 18937 7135 16062 8195 4973 2998 8792 7359 12208 7925 12911 20300 11168 14942 17986 12830 2064 12981 8245 3637 18209 17602 7970 15687 2032 6843 17008 6447 13889 19158 7811 12834 16313 15076 10765 20411 9851 17567 19265 12341 9186 14411 8223 12683 16054 15033 10423 20333 18017 11918 849 17674 6636 18816 13264 5502 13819 13652 14361 14588 9644 5195 7509 12464 17473 10358 17537 18921 6811 7450 5629 8874 7238 6601 17581 8348 18483 14490 10247 10120 9273 1998 14703 9634 11169 18926 16590 0 17066 7877 8626 15764 18692 11891 14029
18357 18723 16097 11704 4258 3536 11982 13438 10221 10477 17073 15396 12132 12101 5010 18651 4406 4977 11423 7230 921 4253 15117 13380 18238 17388 14183 6415 18892 10251 18273 10268 7417 11853 8707 3382 20898 13146 5317 15215 7723 14633 7559 6290 2705 5337 9456 10198 14384 10970 1082 6024 16851 4881 14353 14390 16437 14216 14914 1768 4441 12939 6090 10618 4205 9404 12849 14202 11601 8069 13224 14678 11251 1886 12148 17570 15971 12580 14319 16109 2596 12739 3615 10511 16963 8449 17415 17975 2551 7479 12708 2227 666 17066 0 18667 20874 4612 1626 11516 4396
3739 6795 13855 7054 14424 15195 15199 5247 12977 13648 3010 10374 15198 13612 13834 62 15659 23090 17348 13492 19487 14760 8708 8369 719 4239 13395 16331 225 12599 6314 9871 15269 12303 11850 21631 2658 8376 15612 9479 10952 15740 13534 16354 21310 15620 9219 11451 4417 9583 17919 14196 3809 23063 13103 6797 7333 12780 13991 20163 14230 11856 13316 10567 17623 12036 16327 12237 7136 17352 13009 5315 13998 20224 12985 1098 13271 15459 4349 14247 18046 5986 18554 11351 3565 14803 2324 6127 16125 11928 17767 20861 18433 7877 18667 0 2251 19303 20171 8649 17324
4312 7082 14808 9209 16623 17385 17224 7437 15117 15309 4430 11423 16667 15091 16003 2280 17754 25237 18907 15731 21702 16917 9871 10412 2837 5192 15250 18565 2032 14743 6751 11794 17488 13842 14079 23797 1057 10444 17861 11250 13171 17582 15486 18590 23503 17659 11419 13625 6668 11775 20106 16446 5646 25214 14942 8814 8269 14631 15113 22388 16443 13262 15567 12744 19687 14234 17730 13454 9299 19185 14946 7433 16068 22450 14469 3325 14230 16881 6563 15208 20291 8229 20805 13510 5407 16631 4267 6670 18327 14008 19212 23059 20625 8626 20874 2251 0 21351 22390 10849 19381
18086 17686 13223 12321 6092 5361 15989 14161 13774 7919 17114 13467 8873 9365 6055 19301 3757 4691 7533 10655 5094 5119 13702 15866 19025 17043 17817 10663 19521 13706 17354 9660 11442 9617 11722 4015 21145 15611 9299 18048 9195 18627 6034 10541 4740 3693 10474 13306 15463 13517 3937 9515 18357 4766 17930 16512 15314 17737 11983 5763 6568 10729 9042 13477 1706 12611 9262 11780 12264 4220 16810 16354 15052 5901 9626 18226 13244 9236 15099 13138 7136 13848 8215 13620 18411 5776 18564 17106 5131 7383 8754 4709 4005 15764 4612 19303 21351 0 5442 13796 1984
19952 20348 17605 13253 5820 5131 12433 14961 11006 11994 18648 16997 13552 13608 6617 20154 5971 4228 12678 8184 712 5879 16740 14538 19724 18990 14846 6823 20396 11087 19896 11894 7986 13417 9784 2772 22442 14315 6040 16232 9220 15053 9141 6702 1701 6847 10983 11195 15850 12151 2662 7008 18220 4090 15046 15640 18063 14941 16409 338 5952 14511 7298 11701 5462 10379 14201 15760 13146 9294 13929 16030 11865 467 13683 19077 17500 13986 15828 17603 2928 14215 3534 11499 18343 9923 18848 19597 4124 9103 13949 1257 2148 18692 1626 20171 22390 5442 0 12765 5704
10290 12371 15397 4727 7794 8594 7119 4856 4460 11858 8642 12473 14133 12845 7749 8609 10131 16423 15414 5046 12164 8677 11018 2112 8013 9760 6445 7787 8852 4071 11760 7663 6653 11579 3313 14840 11280 1852 7322 4520 4720 8549 9754 7824 14210 10657 4277 2841 4474 941 11087 5981 5700 16348 6307 2876 11042 5975 14813 12665 7387 11943 5467 1961 12147 3387 15387 13079 4604 13733 5622 3530 5755 12690 12357 7702 14915 14584 5141 15678 10173 3594 10420 2798 5872 11667 6700 11424 9235 7429 16378 13722 11507 11891 11516 8649 10849 13796 12765 0 11945
16176 15902 12039 10337 4417 3790 14679 12177 12277 6509 15167 11892 7870 8068 4202 17322 1821 6271 7027 9182 5154 3319 11979 14035 17042 15138 16302 9625 17542 12171 15544 7738 10229 8103 10078 5218 19190 13777 8142 16274 7288 17282 4195 9509 5588 1749 8507 11659 13482 11722 3405 8112 16390 6307 16389 14615 13535 16176 10818 5970 4922 9222 7468 11757 332 11009 8497 10372 10280 3682 15284 14406 13644 6107 8232 16246 11987 8294 13115 12004 6557 11871 7710 11969 16441 4360 16582 15286 3875 5400 8312 5385 3732 14029 4396 17324 19381 1984 5704 11945 0
1 8 8 5
2 9 6 7
3 8 10 7
4 11 7 6
5 10 6 3
6 14 6 4
7 8 9 4
8 7 7 1
9 10 8 8
10 11 8 1
11 10 7 5
12 9 10 1
13 8 12 6
14 12 9 4
15 16 10 3
16 6 9 4
17 8 11 3
18 7 9 5
19 10 6 6
20 7 11 3
21 13 7 1
22 6 12 7
23 14 9 4
24 8 6 3
25 11 7 5
26 6 6 2
27 12 9 3
28 6 8 5
29 8 10 5
30 13 12 3
31 10 8 7
32 9 6 6
33 7 9 7
34 6 9 3
35 11 7 5
36 12 12 4
37 8 5 2
38 7 4 8
39 11 9 6
40 7 11 5
41 4 8 1
42 10 9 2
43 12 9 7
44 10 7 5
45 5 7 2
46 8 8 7
47 13 12 4
48 10 10 6
49 12 6 7
50 8 4 3
51 5 6 6
52 8 10 5
53 9 4 7
54 6 5 2
55 10 10 4
56 8 8 3
57 13 9 6
58 8 7 9
59 4 11 2
60 10 10 3
61 6 9 6
62 7 9 5
63 6 7 3
64 8 10 1
65 12 8 3
66 11 10 10
67 7 11 6
68 5 5 6
69 13 7 7
70 10 8 5
71 4 8 2
72 8 8 4
73 10 10 3
74 13 11 7
75 10 7 3
76 8 12 7
77 7 11 6
78 10 11 2
79 11 11 4
80 8 8 1
81 13 9 3
82 8 7 5
83 13 6 4
84 10 7 2
85 12 5 6
86 8 7 4
87 5 7 6
88 10 6 5
89 8 8 7
90 7 10 7
91 10 6 9
92 5 8 2
93 15 9 6
94 10 13 5
95 12 8 6
96 4 8 4
97 9 8 3
98 9 6 6
99 5 9 0
100 8 8 8
