75 15 3
30 60 700 9.00
0 1 1 1
0 5 15 3
0 6 8 1
0 4 14 2
0 13 2 1
0 1 3 3
0 2 10 3
0 4 9 2
0 2 15 1
0 9 4 2
0 16 7 3
0 24 14 1
0 7 3 2
0 18 11 2
0 7 8 1
0 2 8 1
0 13 2 3
0 8 4 3
0 7 5 1
0 3 8 2
0 7 9 3
0 4 10 1
0 4 5 3
0 6 11 1
0 3 15 3
0 3 14 2
0 2 12 1
0 16 11 1
0 24 11 3
0 2 10 1
0 21 1 3
0 7 4 1
0 13 5 3
0 1 14 3
0 20 15 1
0 5 10 1
0 13 12 1
0 3 2 3
0 1 3 2
0 3 8 1
0 4 10 2
0 5 3 3
0 3 4 1
0 8 1 1
0 11 7 1
0 3 3 3
0 14 12 1
0 11 1 2
0 3 5 3
0 2 4 2
0 14 15 2
0 5 11 1
0 13 7 1
0 7 8 1
0 5 9 2
0 2 15 1
0 19 1 3
0 4 9 2
0 8 3 1
0 15 7 2
1 8 1 1
1 4 8 3
1 6 3 2
1 2 9 3
1 10 14 2
1 7 4 3
1 1 12 3
1 8 14 2
1 4 12 2
1 10 12 1
1 19 8 1
1 1 10 2
1 4 10 3
1 20 10 3
1 7 4 1
0 15349 13686 8220 11628 9479 7166 2857 11533 8524 17806 13854 11090 13774 17552 15722
15349 0 3293 11473 11484 19248 10243 12580 14132 9607 13695 8700 13067 2184 12009 587
13686 3293 0 11707 8212 16325 7615 11139 10885 9838 10692 5476 9830 1269 9119 3879
8220 11473 11707 0 14831 16933 10059 6076 16165 1890 20285 15009 15287 11020 19294 11558
11628 11484 8212 14831 0 9279 4974 10537 2728 13473 6178 3777 1772 9325 6099 12070
9479 19248 16325 16933 9279 0 9123 10868 7012 16532 13915 13025 7587 17116 14680 19792
7166 10243 7615 10059 4974 9123 0 5623 6127 8906 10987 6688 5229 8191 10503 10764
2857 12580 11139 6076 10537 10868 5623 0 11111 5958 16609 12090 10434 11108 16086 12931
11533 14132 10885 16165 2728 7012 6127 11111 0 15028 7110 6407 1080 11957 7688 14716
8524 9607 9838 1890 13473 16532 8906 5958 15028 0 18707 13351 14092 9132 17636 9711
17806 13695 10692 20285 6178 13915 10987 16609 7110 18707 0 5486 7025 11958 1849 14233
13854 8700 5476 15009 3777 13025 6688 12090 6407 13351 5486 0 5540 6734 4287 9274
11090 13067 9830 15287 1772 7587 5229 10434 1080 14092 7025 5540 0 10889 7343 13650
13774 2184 1269 11020 9325 17116 8191 11108 11957 9132 11958 6734 10889 0 10371 2764
17552 12009 9119 19294 6099 14680 10503 16086 7688 17636 1849 4287 7343 10371 0 12533
15722 587 3879 11558 12070 19792 10764 12931 14716 9711 14233 9274 13650 2764 12533 0
1 4 5 2
2 4 7 5
3 5 4 4
4 5 4 3
5 4 7 3
6 6 7 2
7 9 6 1
8 4 4 3
9 6 2 5
10 8 1 2
11 6 11 3
12 8 3 6
13 5 3 2
14 2 3 4
15 7 9 3
