75 15 3
30 60 700 9.00
0 1 12 2
0 17 3 3
0 7 13 2
0 13 13 2
0 6 9 1
0 6 3 3
0 17 4 1
0 23 13 1
0 7 8 1
0 6 1 2
0 19 12 3
0 15 12 2
0 5 3 3
0 14 6 1
0 14 3 3
0 6 2 2
0 6 5 3
0 9 6 2
0 6 1 1
0 3 9 2
0 3 10 3
0 5 3 3
0 8 12 1
0 19 6 2
0 3 8 2
0 1 15 3
0 18 9 1
0 13 2 1
0 2 1 1
0 16 14 3
0 3 14 2
0 10 6 1
0 8 14 2
0 8 10 1
0 2 8 1
0 2 1 2
0 9 10 2
0 14 7 1
0 16 4 3
0 2 11 2
0 13 3 2
0 1 10 2
0 10 15 2
0 9 13 1
0 12 11 2
0 4 11 3
0 1 3 1
0 11 8 2
0 5 11 3
0 16 14 3
0 6 13 2
0 1 5 3
0 11 14 3
0 5 1 1
0 7 9 3
0 4 2 2
0 4 5 2
0 9 3 2
0 12 1 2
0 10 15 3
1 6 11 2
1 12 8 2
1 2 9 3
1 5 2 2
1 1 12 2
1 4 4 1
1 6 9 2
1 3 9 2
1 4 6 3
1 18 11 2
1 16 15 2
1 8 9 3
1 18 7 1
1 25 5 3
1 10 3 1
0 13188 7351 7875 6190 14989 8716 11774 7194 9303 6647 6894 5783 6466 9492 10360
13188 0 6295 14113 7251 4696 17612 2963 12921 7699 11096 6738 9228 11959 14347 16959
7351 6295 0 11101 1178 7672 13858 6062 7077 7090 8144 3503 5779 8771 12038 11341
7875 14113 11101 0 10175 17824 3737 11429 14615 6690 3091 8012 5377 2340 1690 18181
6190 7251 1178 10175 0 8850 12796 6622 6738 6805 7305 3083 4962 7868 11208 11034
14989 4696 7672 17824 8850 0 21041 7538 12261 11919 14733 9868 12547 15530 18334 15628
8716 17612 13858 3737 12796 21041 0 15035 15905 10382 6528 11180 8508 5655 4565 18880
11774 2963 6062 11429 6622 7538 15035 0 13137 4838 8516 4896 6958 9398 11521 17384
7194 12921 7077 14615 6738 12261 15905 13137 0 13311 12503 9651 10578 12701 16073 4296
9303 7699 7090 6690 6805 11919 10382 4838 13311 0 4036 3725 3528 4900 6683 17546
6647 11096 8144 3091 7305 14733 6528 8516 12503 4036 0 4936 2364 884 3903 16400
6894 6738 3503 8012 3083 9868 11180 4896 9651 3725 4936 0 2679 5688 8737 13921
5783 9228 5779 5377 4962 12547 8508 6958 10578 3528 2364 2679 0 3038 6262 14652
6466 11959 8771 2340 7868 15530 5655 9398 12701 4900 884 5688 3038 0 3428 16481
9492 14347 12038 1690 11208 18334 4565 11521 16073 6683 3903 8737 6262 3428 0 19742
10360 16959 11341 18181 11034 15628 18880 17384 4296 17546 16400 13921 14652 16481 19742 0
1 3 8 7
2 11 7 5
3 11 9 3
4 10 9 6
5 14 9 7
6 4 8 7
7 7 7 7
8 14 6 3
9 10 4 5
10 7 8 6
11 11 12 7
12 10 8 5
13 6 6 9
14 14 5 3
15 9 6 3
