700 100 3
30 60 700 9.00
0 9 73 3
0 25 88 2
0 5 84 2
0 10 18 2
0 12 61 2
0 3 36 1
0 11 48 3
0 1 78 3
0 2 31 3
0 2 94 1
0 7 99 3
0 20 85 3
0 7 7 3
0 6 58 2
0 4 36 1
0 1 24 3
0 2 30 1
0 15 31 3
0 1 52 3
0 12 93 3
0 9 65 3
0 1 33 1
0 4 17 2
0 3 38 2
0 1 51 2
0 10 31 3
0 14 83 3
0 14 59 2
0 14 75 3
0 11 65 1
0 23 36 1
0 21 68 2
0 5 16 2
0 7 17 2
0 9 9 3
0 18 15 3
0 3 6 3
0 7 18 1
0 1 74 3
0 5 15 3
0 25 57 1
0 6 70 3
0 24 62 1
0 3 36 1
0 7 6 2
0 12 99 1
0 3 49 3
0 6 31 2
0 5 11 2
0 5 81 1
0 10 59 1
0 2 38 1
0 2 5 1
0 5 84 1
0 14 58 2
0 1 14 1
0 7 89 3
0 3 56 1
0 4 55 2
0 8 32 3
0 7 75 1
0 3 20 2
0 15 81 1
0 2 17 1
0 17 38 2
0 2 58 2
0 15 86 3
0 17 91 3
0 4 5 1
0 3 86 3
0 6 44 3
0 4 43 2
0 15 77 2
0 16 4 1
0 12 54 1
0 16 61 2
0 20 30 3
0 13 21 1
0 1 74 3
0 3 43 3
0 2 99 1
0 22 26 2
0 4 98 1
0 8 39 1
0 3 44 1
0 3 80 1
0 2 55 2
0 7 55 1
0 3 10 1
0 18 5 3
0 1 58 3
0 6 26 2
0 25 76 1
0 11 98 1
0 10 85 1
0 12 45 2
0 24 71 2
0 8 24 1
0 17 76 2
0 6 98 1
0 2 70 2
0 11 91 1
0 3 71 1
0 4 10 1
0 11 69 3
0 15 63 3
0 1 85 2
0 10 9 3
0 1 32 2
0 8 30 2
0 12 53 2
0 3 56 1
0 10 29 3
0 10 53 3
0 3 23 2
0 8 98 3
0 24 70 3
0 6 46 1
0 9 93 3
0 11 35 3
0 12 50 3
0 2 94 2
0 7 92 2
0 1 18 2
0 6 26 2
0 2 26 2
0 2 24 1
0 3 82 3
0 4 40 2
0 3 30 2
0 6 81 3
0 18 53 3
0 10 58 1
0 1 31 2
0 11 39 1
0 2 17 2
0 20 82 3
0 6 95 2
0 1 46 2
0 1 77 2
0 3 44 3
0 2 70 2
0 11 50 2
0 5 59 2
0 7 55 1
0 9 20 1
0 2 17 2
0 24 47 1
0 12 64 2
0 12 99 1
0 4 37 3
0 9 56 1
0 23 53 3
0 7 20 2
0 1 36 3
0 21 57 3
0 24 78 1
0 20 27 1
0 8 75 2
0 25 21 1
0 10 83 2
0 7 94 2
0 3 7 1
0 1 66 3
0 18 18 2
0 5 65 3
0 4 99 2
0 8 94 2
0 1 94 2
0 6 35 2
0 9 98 3
0 25 28 2
0 6 22 3
0 18 25 2
0 23 17 3
0 6 51 2
0 13 44 2
0 12 69 1
0 5 39 2
0 3 91 2
0 2 12 3
0 3 46 1
0 10 38 2
0 3 37 3
0 4 3 2
0 2 50 2
0 2 95 3
0 6 23 3
0 2 84 2
0 10 62 3
0 1 65 1
0 2 71 2
0 9 80 1
0 6 50 2
0 9 65 2
0 17 45 1
0 3 83 3
0 4 50 3
0 11 67 1
0 15 29 2
0 6 89 3
0 8 39 1
0 6 27 3
0 9 95 2
0 7 78 3
0 22 5 3
0 16 42 1
0 10 56 3
0 7 45 1
0 4 12 2
0 1 62 2
0 24 13 2
0 10 20 3
0 7 37 1
0 24 87 3
0 16 23 3
0 7 57 1
0 15 7 3
0 7 45 2
0 18 62 1
0 4 84 3
0 4 81 1
0 5 62 1
0 4 14 2
0 6 25 3
0 7 11 3
0 12 43 1
0 15 34 3
0 5 16 2
0 3 69 2
0 3 87 3
0 6 36 1
0 14 46 2
0 8 19 3
0 3 45 2
0 1 6 1
0 11 50 3
0 2 93 1
0 13 14 2
0 3 50 1
0 18 21 1
0 2 55 3
0 7 26 3
0 6 71 2
0 8 78 1
0 3 20 1
0 8 66 3
0 6 18 3
0 3 35 3
0 4 65 2
0 2 91 3
0 12 15 1
0 5 14 1
0 2 19 3
0 3 50 1
0 15 1 3
0 4 41 2
0 15 52 1
0 2 91 2
0 10 88 1
0 14 69 1
0 13 61 2
0 4 66 3
0 20 74 3
0 2 52 1
0 3 15 2
0 8 15 3
0 12 1 1
0 7 66 1
0 6 16 3
0 7 70 2
0 17 41 2
0 7 43 2
0 19 15 1
0 12 36 3
0 2 18 1
0 4 77 2
0 3 96 2
0 16 72 2
0 17 49 1
0 7 9 1
0 8 2 1
0 1 41 1
0 10 6 1
0 3 68 3
0 1 78 2
0 19 49 1
0 12 74 2
0 6 96 3
0 6 56 2
0 3 29 2
0 16 68 1
0 12 91 3
0 1 44 3
0 8 24 1
0 22 36 2
0 10 76 1
0 15 14 3
0 12 1 1
0 2 61 3
0 1 64 1
0 10 79 1
0 8 68 1
0 6 26 2
0 20 21 1
0 2 6 1
0 12 51 2
0 3 16 3
0 11 22 1
0 2 44 3
0 22 47 2
0 8 59 1
0 3 67 2
0 23 71 2
0 14 59 2
0 3 20 3
0 5 79 3
0 16 28 3
0 5 59 1
0 11 74 3
0 5 87 2
0 15 82 2
0 23 52 2
0 7 59 1
0 1 2 2
0 7 86 2
0 1 68 2
0 14 49 2
0 9 9 2
0 1 86 2
0 4 27 3
0 6 60 2
0 3 7 3
0 19 67 2
0 16 48 2
0 7 45 1
0 10 36 1
0 3 49 1
0 18 100 3
0 2 28 2
0 4 40 2
0 1 84 3
0 7 85 3
0 2 5 2
0 2 22 3
0 7 46 2
0 16 74 3
0 1 49 3
0 12 5 2
0 23 3 2
0 18 71 2
0 2 38 1
0 13 90 3
0 10 34 1
0 5 13 1
0 7 72 1
0 21 83 1
0 9 68 1
0 3 38 3
0 8 81 3
0 11 35 1
0 9 83 3
0 13 66 1
0 6 55 1
0 4 94 1
0 10 76 3
0 11 36 1
0 5 7 1
0 4 44 1
0 1 90 3
0 1 90 2
0 15 100 1
0 2 7 1
0 23 91 1
0 9 34 2
0 15 7 1
0 3 57 1
0 1 46 1
0 4 38 3
0 18 45 3
0 7 51 2
0 7 69 1
0 24 100 1
0 2 66 2
0 1 32 1
0 5 82 2
0 19 81 2
0 10 86 1
0 3 77 3
0 4 64 1
0 6 92 2
0 5 61 1
0 6 20 3
0 6 72 2
0 8 10 1
0 9 21 2
0 3 80 3
0 23 86 1
0 8 94 1
0 3 51 2
0 4 47 3
0 7 13 3
0 7 7 2
0 11 15 1
0 2 14 2
0 9 10 3
0 6 55 3
0 24 58 1
0 8 59 1
0 6 8 1
0 6 56 1
0 4 86 2
0 5 75 1
0 4 34 1
0 6 37 2
0 2 97 3
0 5 44 3
0 2 18 2
0 1 39 2
0 4 45 3
0 11 75 3
0 11 44 3
0 2 24 1
0 1 71 3
0 21 26 2
0 5 35 1
0 1 72 3
0 5 87 2
0 24 77 1
0 2 50 3
0 4 97 2
0 20 91 1
0 12 80 1
0 24 92 2
0 7 42 1
0 8 37 1
0 5 92 1
0 6 37 2
0 12 33 2
0 4 33 2
0 15 69 1
0 14 99 3
0 10 44 3
0 7 45 1
0 24 28 2
0 25 81 1
0 2 83 3
0 2 100 1
0 1 10 1
0 17 65 2
0 16 24 1
0 9 22 2
0 12 2 3
0 5 43 1
0 4 13 2
0 6 60 2
0 7 91 2
0 1 54 3
0 6 32 1
0 13 57 1
0 24 64 3
0 2 75 3
0 18 43 2
0 15 45 1
0 7 1 1
0 11 12 3
0 12 39 3
0 14 16 1
0 5 2 3
0 23 40 3
0 8 85 1
0 2 87 2
0 5 59 2
0 13 80 1
0 10 97 2
0 1 20 3
0 11 57 3
0 9 23 1
0 5 64 2
0 1 36 2
0 8 73 2
0 11 98 2
0 14 21 3
0 11 39 2
0 8 6 1
0 6 33 1
0 2 89 2
0 4 77 3
0 5 96 3
0 9 12 3
0 2 68 3
0 14 80 2
0 14 68 1
0 16 53 2
0 16 71 1
0 1 12 3
0 22 24 2
0 2 26 1
0 2 41 3
0 2 21 3
0 3 61 1
0 1 6 3
0 23 44 3
0 23 96 3
0 15 14 1
0 2 93 1
0 3 50 3
0 2 72 3
0 5 64 3
0 2 31 2
0 16 65 3
0 16 34 2
0 18 8 2
0 12 20 2
0 2 77 2
0 5 93 1
0 15 5 1
0 6 4 3
0 18 85 1
0 14 53 1
0 7 5 2
0 17 71 3
0 8 78 2
0 1 53 3
0 8 45 2
0 11 91 2
0 7 89 3
0 10 32 3
0 2 52 3
0 18 30 2
0 22 6 3
0 1 62 3
0 6 100 2
0 10 29 3
0 2 7 1
0 2 21 3
0 6 85 3
0 2 50 2
0 5 57 3
0 7 54 1
0 8 18 2
0 4 29 2
0 11 54 3
0 5 81 1
0 2 71 2
0 4 51 1
0 4 61 3
0 4 37 1
0 6 27 3
0 1 23 1
0 1 74 3
0 10 47 2
0 15 42 1
0 6 69 1
0 1 63 1
0 6 16 2
0 2 4 1
0 14 28 2
0 5 18 1
0 19 2 3
0 6 7 1
0 7 73 2
0 4 75 3
0 2 44 1
0 11 36 2
0 3 16 3
0 4 87 3
0 17 5 3
0 17 32 1
0 5 23 1
0 12 92 2
0 15 80 2
0 17 15 1
0 11 98 2
0 7 31 1
0 4 61 2
0 6 86 3
0 2 30 1
0 10 28 2
0 2 64 3
0 15 93 2
0 8 31 1
0 20 49 2
0 14 34 3
0 3 3 1
0 25 55 3
0 15 64 2
0 8 5 2
0 1 48 1
0 5 21 3
0 9 29 2
0 22 53 3
0 9 26 2
0 9 87 2
0 8 80 1
0 16 6 3
0 7 53 2
0 1 22 1
0 3 41 1
0 9 22 3
0 4 60 3
0 5 20 3
0 24 52 2
0 24 25 3
0 8 92 3
0 3 87 2
0 10 71 3
0 19 27 1
0 1 80 3
0 1 25 1
0 1 65 1
0 2 62 2
0 4 66 3
0 2 86 2
0 5 4 3
0 7 12 1
0 3 29 2
0 2 73 3
0 11 95 3
0 3 23 1
0 6 52 2
0 17 93 2
0 7 8 3
0 2 1 2
0 5 79 1
0 3 45 3
0 8 15 3
0 14 67 3
0 14 75 3
0 6 55 2
0 2 1 1
0 5 71 2
0 2 80 2
0 18 84 3
0 1 82 2
0 9 48 1
0 8 83 3
0 15 49 3
0 4 71 1
0 1 5 3
0 16 57 3
0 1 38 3
0 12 55 3
0 16 98 3
0 9 24 3
0 1 69 3
0 5 46 1
0 6 1 1
0 5 23 3
0 11 98 1
0 23 3 1
0 12 26 2
0 2 2 2
0 13 86 3
0 16 49 2
0 21 33 1
0 3 51 1
0 8 57 3
0 10 76 3
0 14 80 3
0 8 68 1
0 7 88 3
0 6 44 1
0 6 13 1
0 2 64 1
0 21 2 2
0 5 10 2
0 8 28 2
0 4 22 3
0 6 3 2
0 19 30 1
0 14 78 3
0 6 76 1
0 4 17 1
0 3 93 1
0 2 17 3
0 10 40 2
0 8 14 2
0 5 94 1
0 4 89 2
0 8 69 2
0 12 2 1
0 3 49 3
0 2 82 2
0 10 23 3
0 3 1 2
0 9 50 1
0 6 19 1
0 3 5 3
0 8 68 2
0 4 8 2
0 22 67 3
0 14 10 1
0 8 17 2
0 2 7 3
0 6 96 3
0 3 29 2
0 5 95 1
0 23 86 2
0 10 20 1
0 10096 5421 1127 19478 13446 19137 5541 10186 6347 10701 6761 9517 12387 6825 8109 11804 2086 9821 21002 6497 19148 18085 8978 18766 3172 11767 4801 14826 15143 14229 10864 16511 1860 10094 17628 9922 12093 7994 17644 12566 11675 6379 8645 6941 15914 8061 11285 11326 13189 16224 8244 18557 17760 19659 6296 18639 5366 6270 5662 15029 1092 11588 6227 5722 4655 7895 10304 3195 15773 17773 12097 16538 12244 21426 8749 20281 7090 18840 12754 16655 8081 15969 12868 5471 7793 15263 9281 6279 8186 12652 5752 7475 15672 18831 13330 14685 13727 20650 5164 6004
10096 0 6137 11153 10015 11618 12868 14424 7353 15782 3595 9611 985 8623 12369 12125 8225 12124 353 11800 7585 10200 15035 3946 9771 8861 7719 10343 14664 11649 4724 2399 16730 10655 3928 16320 2428 13432 5011 17190 4321 4045 7978 5277 11411 11266 10225 8454 8333 10236 6566 13100 9738 10190 17750 7224 15500 5598 4720 4871 15355 9060 3805 6268 6886 10222 11685 2795 7224 15008 17526 2692 16811 2167 12153 2223 11219 11779 12471 5166 10124 15317 11930 9269 7059 12338 15259 14781 7968 6964 8931 6100 4509 15731 9111 3252 11841 5986 11387 10098 4102
5421 6137 0 6172 14375 8887 13776 8471 10107 9955 5498 3874 6027 7189 6304 6363 11592 7032 5792 15778 2102 13884 13372 7275 13520 6265 11298 4206 11064 10174 9333 7884 13025 5138 8147 13517 5011 8904 7115 13897 9921 6452 2348 7818 5464 10719 4891 6209 11359 8246 11313 7202 13273 12344 15393 7287 13919 728 5108 1547 11515 4770 6405 955 996 4086 5944 7695 2330 11796 14125 8719 13079 8218 16218 5952 15028 5818 13466 10497 11248 9183 10904 7739 1032 6456 11602 8837 2286 3098 7481 360 2188 12065 13880 9256 9874 8390 15451 3975 3324
1127 11153 6172 0 20404 13717 19727 4558 11245 5251 11575 6904 10602 12904 6464 7910 12856 975 10870 21887 6963 20015 18360 10105 19641 4126 12837 4724 14859 15536 15194 11978 16454 1547 11221 17722 10862 12043 9111 17640 13691 12546 6785 9756 6773 16403 8162 11762 12364 13592 17191 7892 19414 18499 19781 7340 18914 6216 7396 6600 14999 2218 12472 6897 6325 4603 7752 11426 4092 15850 17742 13201 16474 13309 22318 9859 21154 6866 19445 13881 17311 7316 16396 13349 6060 7531 15265 8759 6688 8729 13154 6479 8301 15655 19795 14396 15024 14550 21545 5159 7078
19478 10015 14375 20404 0 13232 8071 22617 16318 24198 8877 16190 10930 10581 19196 18133 16503 21323 10159 1949 14580 1752 13488 13480 1656 18789 15927 17979 16309 11436 5341 10941 17950 19508 12899 16167 9557 16935 14768 17601 11148 7931 14960 14820 18001 9891 15997 11540 16882 11658 3460 19260 2170 5056 16464 17182 13648 14205 14733 13817 17174 18559 7969 13895 14589 17925 17743 11754 16314 15925 18033 9708 18055 8391 2194 12142 1775 18339 7749 12024 6931 22350 10869 10801 14853 18588 16807 20832 15014 12929 10639 14132 12187 17157 1360 7614 12242 6293 1498 17552 13827
13446 11618 8887 13717 13232 0 7692 13184 18165 14815 8166 6853 12248 3190 8760 7077 19410 14234 11342 13579 7081 11802 4644 14808 11676 15087 18985 9185 3278 2394 10855 14016 5256 12215 15266 4789 9193 3977 15200 5574 15875 8203 7110 15799 7716 3988 5709 3179 19346 1648 11980 8002 11194 8629 6530 16020 5198 9452 13500 9958 4107 13196 8419 7939 8104 9262 6902 14308 10996 3400 5920 14027 5349 12596 14051 12983 12767 7877 7609 16769 6647 11353 3373 2669 8283 7651 3855 9076 7210 5833 2958 8545 8211 4295 13611 13124 1546 7884 13486 8690 11580
19137 12868 13776 19727 8071 7692 0 20283 20219 21947 9648 13517 13818 6891 16033 14484 20986 20452 12777 7430 12795 6319 5843 16801 6470 19773 20447 15819 9894 5307 9256 14904 11020 18400 16740 8786 10922 11633 17733 10312 16099 8905 13028 18101 14876 3746 12703 8096 21158 6753 8982 15508 5983 3325 8625 19488 5859 14022 16734 14106 10704 18546 9127 12917 13422 15843 14224 15541 16104 9145 10742 14199 11125 12521 7817 14974 6785 15115 409 17089 2759 18876 4354 6571 13681 15045 10239 16718 13119 11000 6687 13427 12025 10457 9090 12403 6201 6893 7549 15313 15093
5541 14424 8471 4558 22617 13184 20283 0 15713 1665 13823 6801 14089 13458 4448 6185 17334 3952 14097 23846 8063 21909 17600 14203 21586 8676 17279 4668 13289 15397 17760 15721 14448 4035 15292 16250 13476 10339 13369 15789 17601 14725 7705 14053 5477 16635 7603 12240 16864 13611 19717 5527 21271 19788 18346 11834 18128 8876 11471 9555 13168 6509 14721 8768 8063 4705 6296 15291 7309 14396 15783 16801 14440 16572 24307 13597 23055 5308 20075 17927 18251 3291 16358 13717 7810 5625 13548 5533 7641 9817 13625 8636 10592 13843 22242 17639 14685 16396 23562 5134 10650
10186 7353 10107 11245 16318 18165 20219 15713 0 16485 10789 13910 6421 15500 15735 16275 1623 12073 7467 18246 12196 16945 22065 3470 16512 7191 1629 13355 20854 18653 11561 5497 22890 11759 3536 22954 9506 18962 3016 23596 5342 11374 12454 2369 15222 18478 14996 15028 1256 17017 12977 16926 16592 17456 24593 3910 22561 9383 5007 8627 21409 9208 11139 10853 11102 13189 15890 4751 9254 21419 23877 6618 22955 8096 18510 5355 17819 15530 19821 4719 17477 17902 19058 16155 11096 16242 21426 18401 12389 12585 15823 10335 9993 21900 15134 8718 18695 13330 17801 13393 6827
6347 15782 9955 5251 24198 14815 21947 1665 16485 0 15371 8464 15385 15123 6058 7778 18091 4421 15464 25456 9680 23523 19193 15262 23195 9319 18084 6301 14797 17044 19279 16941 15861 5172 16369 17752 14966 11858 14331 17223 18761 16287 9331 14989 7123 18295 9261 13904 17586 15268 21248 7040 22887 21439 19842 12576 19716 10306 12529 10939 14630 7403 16274 10317 9616 6327 7915 16462 8582 15914 17195 18075 15847 17943 25915 14808 24670 6939 21739 19023 19912 4323 18008 15381 9356 7211 15028 6804 9263 11451 15290 10144 12108 15302 23792 19019 16323 18002 25166 6777 11892
10701 3595 5498 11575 8877 8166 9648 13823 10789 15371 0 7785 4409 5077 10794 10089 11776 12477 3388 10312 5930 8448 11439 7320 8068 10517 11286 9256 11322 8056 3992 5962 13371 10633 7486 12791 1292 10468 8129 13731 7729 975 6335 8554 9665 7704 7981 5078 11841 6706 5903 11177 7858 7413 14169 9855 11905 5359 7105 5072 12064 9852 908 5057 5760 9183 9657 6387 7509 11566 14084 5862 13458 4467 10744 5441 9582 10029 9270 8648 6895 13934 8341 5712 6017 10436 11917 12852 6369 4580 5375 5258 3310 12382 8421 5138 8275 3125 9972 8871 5588
6761 9611 3874 6904 16190 6853 13517 6801 13910 8464 7785 0 9693 6661 3027 2530 15427 7382 9259 17261 2027 15318 11482 11150 15025 8952 15151 2357 8081 8835 11760 11604 9844 5379 12008 10867 7872 5471 10949 10918 13658 8550 1639 11661 1882 9929 1311 5443 15166 6951 13597 3495 14672 13020 12904 10793 12034 4599 8905 5420 8340 6727 8609 3389 2902 2418 2096 11493 5007 9012 11069 12288 9880 11512 17732 9772 16454 2248 13296 14293 11451 6187 9756 6948 2846 2733 8540 5183 1661 3279 6838 3732 5116 8964 15986 12461 8232 9897 17009 1851 7190
9517 985 6027 10602 10930 12248 13818 14089 6421 15385 4409 9693 0 9337 12326 12222 7367 11577 1045 12736 7679 11162 15819 2983 10732 8063 6881 10199 15217 12418 5675 1929 17285 10223 3083 16991 3160 13826 4025 17806 3981 4952 8054 4301 11432 12112 10416 9070 7439 10928 7471 13150 10708 11171 18482 6270 16295 5413 3847 4622 15880 8456 4718 6306 6867 10067 11786 2061 6804 15617 18130 2724 17363 2792 13081 1242 12170 11795 13423 4708 11068 15185 12743 9989 7008 12392 15810 14815 8032 7288 9651 6047 4697 16284 9984 3858 12562 6948 12319 9998 3529
12387 8623 7189 12904 10581 3190 6891 13458 15500 15123 5077 6661 9337 0 9348 7957 16640 13594 8375 11236 5942 9345 6576 12066 9142 13417 16183 8936 6455 3176 7696 11015 8446 11536 12407 7714 6202 6395 12623 8689 12806 5029 6152 13164 8153 3537 5978 1219 16634 1633 8937 9055 8704 6563 9145 13793 7087 7580 11126 7874 7263 11897 5251 6263 6676 8956 7631 11378 9498 6553 9056 10925 8539 9448 11716 10194 10410 8430 6650 13724 4831 12358 3758 656 6920 8483 7039 10489 6245 4201 324 6830 5873 7483 10780 9944 3225 4792 11068 8432 9260
6825 12369 6304 6464 19196 8760 16033 4448 15735 6058 10794 3027 12326 9348 0 1746 17322 6537 12018 20223 4912 18282 13153 13363 18000 9709 17122 2380 8931 11017 14778 14187 10262 5008 14324 11889 10807 5984 12922 11546 16219 11574 4501 13646 1209 12331 3369 8146 16979 9297 16623 1429 17633 15852 13986 12217 13682 6958 10852 7787 8894 7259 11630 6113 5483 2547 1858 13972 6480 10018 11586 15000 10267 14360 20696 12219 19410 920 15852 16766 14179 3161 11990 9519 5322 1208 9237 2667 4485 6305 9472 6285 7962 9569 19011 15346 10276 12903 19983 2391 9400
8109 12125 6363 7910 18133 7077 14484 6185 16275 7778 10089 2530 12222 7957 1746 0 17821 8102 11773 19042 4547 17112 11417 13627 16855 10767 17570 3329 7203 9378 14005 14134 8606 6390 14510 10156 10303 4267 13356 9860 16188 10775 4167 14074 1174 10755 2150 6793 17531 7731 15764 1127 16462 14515 12253 12975 11944 7078 11292 7909 7204 8372 10863 5919 5413 3487 441 14018 7133 8282 9920 14807 8618 13988 19520 12292 18222 1048 14323 16819 12764 4414 10358 8054 5331 573 7528 2765 4191 5510 8045 6247 7619 7875 18052 14914 8608 11873 18828 3065 9651
11804 8225 11592 12856 16503 19410 20986 17334 1623 18091 11776 15427 7367 16640 17322 17821 0 13675 8394 18449 13664 17284 23168 4602 16855 8783 576 14945 22188 19759 12054 6086 24237 13383 4298 24194 10521 20391 4478 24894 5356 12268 13938 3774 16783 19477 16481 16247 637 18194 13281 18496 16983 18089 25773 5517 23650 10865 6530 10085 22770 10831 12026 12299 12587 14780 17430 5460 10844 22710 25188 6974 24305 8585 18678 6448 18086 17097 20582 4517 18273 19520 20108 17295 12596 17803 22767 19987 13877 13945 16959 11802 11315 23242 15257 9034 19857 14103 18000 14969 8281
2086 12124 7032 975 21323 14234 20452 3952 12073 4421 12477 7382 11577 13594 6537 8102 13675 0 11839 22786 7658 20905 18864 11048 20535 4898 13678 5094 15187 16133 16133 12948 16702 2060 12165 18088 11794 12317 10027 17928 14649 13445 7445 10660 7011 17065 8592 12431 13166 14202 18131 7947 20299 19318 20163 8162 19416 7121 8350 7539 15274 3178 13377 7710 7107 4997 7994 12390 5027 16208 18007 14175 16716 14282 23221 10831 22046 7055 20179 14825 18081 6952 17015 14014 6837 7672 15566 8638 7351 9457 13834 7325 9186 15939 20732 15369 15584 15422 22449 5568 8053
9821 353 5792 10870 10159 11342 12777 14097 7467 15464 3388 9259 1045 8375 12018 11773 8394 11839 0 11919 7232 10287 14819 4025 9860 8668 7899 9997 14369 11426 4839 2680 16436 10346 4099 16059 2174 13106 5020 16912 4638 3907 7625 5331 11058 11084 9876 8173 8478 9980 6722 12748 9809 10160 17512 7149 15290 5259 4582 4542 15054 8793 3672 5915 6535 9877 11333 3008 6917 14727 17245 3041 16516 2479 12281 2224 11322 11426 12383 5466 10025 14969 11729 9024 6709 11986 14963 14429 7615 6625 8685 5750 4158 15436 9288 3558 11597 5915 11512 9749 3844
21002 11800 15778 21887 1949 13579 7430 23846 18246 25456 10312 17261 12736 11236 20223 19042 18449 22786 11919 0 15782 1943 13158 15358 2264 20483 17873 19181 16483 11560 7080 12843 17971 20913 14808 15989 11123 17435 16629 17475 13094 9341 16144 16705 19017 9921 16939 12302 18824 12098 5315 20165 2590 4983 16036 19004 13242 15671 16501 15346 17344 20119 9417 15222 15901 19141 18673 13651 17815 15974 17910 11630 18077 10271 480 13962 826 19340 7179 13972 6982 23352 10861 11349 16170 19527 16940 21677 16206 14055 11240 15512 13603 17251 3262 9532 12423 7456 450 18732 15493
6497 7585 2102 6963 14580 7081 12795 8063 12196 9680 5930 2027 7679 5942 4912 4547 13664 7658 7232 15782 0 13846 11675 9275 13523 8028 13355 3402 9027 8650 9922 9597 10959 5605 10083 11574 5897 6803 9195 11874 11652 6764 411 9890 3857 9443 2833 4803 13446 6696 11815 5518 13209 11844 13507 9358 12229 2815 7205 3580 9446 6137 6795 1406 1129 3358 4109 9514 3927 9808 12086 10262 11011 9497 16244 7812 14993 4227 12526 12307 10473 8019 9473 6389 1237 4756 9553 7204 439 1826 6191 1862 3093 10010 14275 10459 8225 8335 15500 2973 5383
19148 10200 13884 20015 1752 11802 6319 21909 16945 23523 8448 15318 11162 9345 18282 17112 17284 20905 10287 1943 13846 0 11788 13904 435 18745 16710 17243 14795 9887 5495 11470 16370 19014 13447 14513 9323 15605 15129 15966 11964 7473 14206 15262 17076 8294 15004 10389 17614 10279 4004 18235 649 3378 14747 17424 11932 13801 14853 13507 15660 18287 7564 13308 13983 17204 16740 12258 15956 14354 16400 10348 16476 8866 2415 12402 1149 17401 6000 12892 5323 21413 9262 9490 14253 17593 15275 19757 14269 12114 9364 13611 11719 15608 2894 8257 10722 5530 1724 16793 13745
18085 15035 13372 18360 13488 4644 5843 17600 22065 19193 11439 11482 15819 6576 13153 11417 23168 18864 14819 13158 11675 11788 0 18617 11832 19624 22695 13796 4911 3412 12939 17387 5422 16853 18901 2987 12659 7517 19199 4519 19035 11129 11730 19736 12200 4033 10299 7247 23184 5174 13426 12201 11319 8432 3029 20306 555 13880 17675 14294 5540 17809 11372 12417 12655 13880 11315 17824 15558 3873 4940 17103 5520 15504 13574 16737 12450 12315 6020 19993 6671 15431 3170 5926 12851 11982 5036 12966 11831 10275 6253 13019 12381 5098 14281 15767 3503 9935 13221 13307 15788
8978 3946 7275 10105 13480 14808 16801 14203 3470 15262 7320 11150 2983 12066 13363 13627 4602 11048 4025 15358 9275 13904 18617 0 13470 6659 4193 11042 17604 15205 8423 2608 19658 10171 1119 19593 6036 15895 1366 20297 3697 7924 9585 1360 12671 15009 12108 11647 4568 13606 10043 14410 13494 14127 21186 3966 19109 6553 2736 5730 18202 7892 7692 7878 8254 10886 13214 1795 7070 18111 20595 3974 19729 5090 15667 1886 14854 13009 16406 3777 14050 15893 15595 12721 8306 13682 18186 15991 9535 9391 12387 7435 6743 18661 12406 5935 15275 9929 14925 10973 3982
18766 9771 13520 19641 1656 11676 6470 21586 16512 23195 8068 15025 10732 9142 18000 16855 16855 20535 9860 2264 13523 435 11832 13470 0 18334 16281 16923 14710 9819 5063 11035 16322 18654 13013 14516 8923 15442 14696 15954 11539 7095 13888 14828 16795 8254 14738 10161 17183 10130 3578 17980 515 3400 14811 16995 11996 13425 14429 13119 15576 17898 7179 12959 13637 16882 16478 11824 15576 14301 16387 9916 16428 8432 2721 11971 1515 17124 6135 12470 5287 21138 9229 9314 13907 17330 15200 19516 13948 11805 9175 13252 11350 15542 2644 7827 10639 5193 1984 16477 13335
3172 8861 6265 4126 18789 15087 19773 8676 7191 9319 10517 8952 8063 13417 9709 10767 8783 4898 8668 20483 8028 18745 19624 6659 18334 0 8806 7461 16949 16439 13448 8958 18782 4968 7758 19588 9458 14423 5448 19802 10356 11458 8065 5994 9598 16924 10250 12471 8269 14512 15379 11085 18208 17907 21535 3288 20173 5839 4271 5667 17271 2455 11311 7217 6983 7297 10482 8262 4101 17795 19980 10305 18821 10849 20869 7018 19833 9813 19435 10357 17121 11235 17155 13986 6807 10542 17440 12277 7969 9361 13718 6623 7749 17878 17956 11895 16132 13642 20093 7705 5001
11767 7719 11298 12837 15927 18985 20447 17279 1629 18084 11286 15151 6881 16183 17122 17570 576 13678 7899 17873 13355 16710 22695 4193 16281 8806 0 14750 21797 19290 11490 5543 23851 13299 3800 23765 10040 20050 4215 24487 4779 11757 13640 3496 16550 18981 16181 15816 1078 17747 12707 18271 16411 17535 25323 5520 23174 10570 6286 9777 22392 10770 11515 11978 12292 14587 17173 4940 10655 22300 24786 6406 23921 8024 18101 6006 17511 16869 20043 3945 17740 19388 19624 16838 12312 17569 22379 19784 13582 13574 16501 11496 10932 22854 14681 8462 19404 13569 17424 14756 7977
4801 10343 4206 4724 17979 9185 15819 4668 13355 6301 9256 2357 10199 8936 2380 3329 14945 5094 9997 19181 3402 17243 13796 11042 16923 7461 14750 0 10136 11192 13233 12011 11745 3177 12028 13011 9047 7328 10558 12918 14018 10127 3037 11281 2155 12267 3503 7724 14599 9303 15159 3659 16604 15148 15079 9851 14346 4786 8491 5590 10280 5047 10141 4260 3563 169 3095 11741 4102 11135 13025 12909 11768 12414 19644 9987 18389 2352 15585 14519 13666 4986 12111 9262 3342 3082 10542 5046 2975 5151 9132 4270 6138 10934 17649 13441 10584 11737 18901 509 7108
14826 14664 11064 14859 16309 3278 9894 13289 20854 14797 11322 8081 15217 6455 8931 7203 22188 15187 14369 16483 9027 14795 4911 17604 14710 16949 21797 10136 0 4923 14133 17048 2068 13312 18161 2962 12265 2951 17847 2854 18965 11432 8919 18488 8199 6578 6772 6247 22070 4920 15234 7765 14213 11500 5059 18349 5333 11721 16008 12356 866 14800 11640 10175 10146 10256 7228 17275 12881 1133 3062 17158 2147 15781 16944 15841 15691 8214 9922 19830 9503 10792 5685 5947 10261 7723 596 8256 9011 8273 6234 10759 10874 1067 16774 16353 4073 11157 16434 9706 14095
15143 11649 10174 15536 11436 2394 5307 15397 18653 17044 8056 8835 12418 3176 11017 9378 19759 16133 11426 11560 8650 9887 3412 15205 9819 16439 19290 11192 4923 0 9913 14016 6520 14083 15499 5053 9259 6329 15793 6321 15711 7807 8770 16325 9921 1679 7817 3968 19772 1954 10696 10344 9316 6577 6143 16955 3914 10631 14299 10989 5785 14763 8047 9225 9541 11248 9167 14433 12431 4493 6738 13792 6625 12226 12020 13326 10768 10115 5241 16658 4581 13707 985 2534 9759 9949 5389 11463 8870 7089 2853 9816 9027 5724 11986 12569 909 6861 11513 10686 12425
14229 4724 9333 15194 5341 10855 9256 17760 11561 19279 3992 11760 5675 7696 14778 14005 12054 16133 4839 7080 9922 5495 12939 8423 5063 13448 11490 13233 14133 9913 0 6064 16079 14401 8032 14961 4351 13862 9635 16150 6913 3230 10327 9783 13637 8906 11870 8213 12323 9220 1998 15108 5071 6120 15921 11943 13295 9066 9422 8594 14953 13279 3151 9001 9706 13155 13580 6825 11106 14115 16548 5092 16176 3478 7443 6911 6496 13998 8847 7896 6758 17923 9801 8186 9954 14378 14708 16769 10361 8516 7901 9135 7172 15140 4602 3158 10444 3052 6673 12857 8491
10864 2399 7884 11978 10941 14016 14904 15721 5497 16941 5962 11604 1929 11015 14187 14134 6086 12948 2680 12843 9597 11470 17387 2608 11035 8958 5543 12011 17048 14016 6064 0 19115 11771 1978 18716 4826 15733 3964 19588 2056 6300 9967 3901 13322 13562 12344 10850 6295 12631 7537 15047 11101 12018 20131 6539 17842 7239 4720 6422 17729 9776 6055 8215 8756 11873 13699 821 8413 17404 19922 1381 19195 2605 13134 2133 12375 13683 14499 2799 12201 16988 14261 11659 8884 14291 17642 16705 9942 9207 11321 7929 6626 18115 9832 3347 14229 8030 12404 11837 5071
16511 16730 13025 16454 17950 5256 11020 14448 22890 15861 13371 9844 17285 8446 10262 8606 24237 16702 16436 17971 10959 16370 5422 19658 16322 18782 23851 11745 2068 6520 16079 19115 0 14912 20224 2572 14329 4419 19879 1408 21029 13454 10820 20526 9696 8076 8537 8302 24110 6864 17093 8965 15815 13018 4316 20310 5679 13697 18016 14355 1516 16565 13666 12156 12086 11878 8713 19342 14751 2028 1335 19216 106 17825 18419 17902 17201 9650 11115 21896 11047 11669 7116 7904 12184 9071 1476 9106 10908 10305 8206 12731 12922 1001 18502 18376 5770 13070 17959 11350 16110
1860 10655 5138 1547 19508 12215 18400 4035 11759 5172 10633 5379 10223 11536 5008 6390 13383 2060 10346 20913 5605 19014 16853 10171 18654 4968 13299 3177 13312 14083 14401 11771 14912 0 11264 16178 10051 10499 9339 16094 13609 11590 5386 10027 5242 15005 6625 10371 12939 12148 16394 6435 18399 17324 18239 7933 17406 5336 7437 5873 13454 2585 11540 5738 5106 3057 6218 11303 3432 14305 16198 12906 14933 12822 21355 9639 20160 5351 18130 13906 16049 6272 14960 11954 4834 6031 13719 7424 5292 7411 11774 5403 7323 14109 18980 13904 13545 13504 20588 3614 6721
10094 3928 8147 11221 12899 15266 16740 15292 3536 16369 7486 12008 3083 12407 14324 14510 4298 12165 4099 14808 10083 13447 18901 1119 13013 7758 3800 12028 18161 15499 8032 1978 20224 11264 0 20030 6243 16585 2362 20802 2614 7972 10413 2070 13588 15183 12908 12089 4420 13986 9509 15329 13077 13929 21551 4943 19377 7437 3840 6603 18791 9007 7732 8678 9106 11875 14089 1216 8112 18612 21114 3218 20299 4582 15093 2333 14349 13932 16339 2660 14011 16917 15824 13060 9179 14591 18749 16933 10370 10040 12723 8276 7382 19224 11766 5287 15631 9847 14368 11934 4925
17628 16320 13517 17722 16167 4789 8786 16250 22954 17752 12791 10867 16991 7714 11889 10156 24194 18088 16059 15989 11574 14513 2987 19593 14516 19588 23765 13011 2962 5053 14961 18716 2572 16178 20030 0 13892 5913 19987 1533 20519 12688 11524 20588 11128 6336 9574 7948 24135 6087 15723 10725 14002 11135 2098 20739 3160 14125 18264 14681 3209 17532 12919 12587 12661 13123 10165 19047 15491 1881 1958 18633 2658 17126 16418 17759 15252 11158 8933 21438 9245 13708 5354 7084 12807 10681 2755 11155 11620 10541 7419 13188 12991 2589 16854 17543 4567 11908 16020 12563 16341
9922 2428 5011 10862 9557 9193 10922 13476 9506 14966 1292 7872 3160 6202 10807 10303 10521 11794 2174 11123 5897 9323 12659 6036 8923 9458 10040 9047 12265 9259 4351 4826 14329 10051 6243 13892 0 11166 6838 14767 6700 2069 6307 7262 9741 8975 8273 6038 10571 7810 6346 11347 8767 8584 15339 8611 13134 4716 5872 4264 12972 9007 1886 4788 5484 8953 9863 5180 6770 12587 15106 4921 14411 3752 11534 4154 10434 10111 10541 7578 8165 13890 9587 6850 5714 10591 12861 13037 6322 4882 6511 4841 2909 13331 8941 4617 9424 4261 10757 8713 4470
12093 13432 8904 12043 16935 3977 11633 10339 18962 11858 10468 5471 13826 6395 5984 4267 20391 12317 13106 17435 6803 15605 7517 15895 15442 14423 20050 7328 2951 6329 13862 15733 4419 10499 16585 5913 11166 0 15949 5611 17742 10824 6603 16629 5306 7961 4181 5656 20206 5338 15276 4820 14978 12535 8011 16131 8004 9610 13995 10338 2958 12168 10993 8111 7926 7460 4325 15833 10444 4058 5699 16067 4445 14877 17911 14256 16615 5293 11569 18529 10578 7932 7281 6134 7986 4777 3262 5449 6682 6554 6304 8646 9206 3622 17174 15606 5431 11128 17312 6931 12135
7994 5011 7115 9111 14768 15200 17733 13369 3016 14331 8129 10949 4025 12623 12922 13356 4478 10027 5020 16629 9195 15129 19199 1366 14696 5448 4215 10558 17847 15793 9635 3964 19879 9339 2362 19987 6838 15949 0 20600 4975 8829 9463 724 12335 15726 12006 12086 4257 14103 11319 14057 14698 15180 21662 2604 19706 6389 2073 5619 18396 6928 8608 7842 8111 10396 12961 3158 6479 18428 20876 5336 19944 6384 16949 2797 16103 12655 17346 4910 14975 15276 16251 13274 8118 13354 18417 15581 9401 9575 12946 7332 7003 18891 13720 7269 15789 10917 16200 10550 3816
17644 17190 13897 17640 17601 5574 10312 15789 23596 17223 13731 10918 17806 8689 11546 9860 24894 17928 16912 17475 11874 15966 4519 20297 15954 19802 24487 12918 2854 6321 16150 19588 1408 16094 20802 1533 14767 5611 20600 0 21448 13715 11771 21227 10917 7725 9607 8740 24800 7060 17015 10283 15442 12589 2941 21177 4670 14545 18798 15160 2657 17643 13938 12997 12990 13044 9935 19867 15734 2190 435 19593 1453 18137 17909 18500 16730 10896 10451 22343 10670 13055 6741 8093 13109 10346 2381 10490 11863 11047 8417 13587 13603 1989 18247 18616 5707 13106 17496 12503 16878
12566 4321 9921 13691 11148 15875 16099 17601 5342 18761 7729 13658 3981 12806 16219 16188 5356 14649 4638 13094 11652 11964 19035 3697 11539 10356 4779 14018 18965 15711 6913 2056 21029 13609 2614 20519 6700 17742 4975 21448 0 7908 12022 4615 15369 15120 14397 12734 5751 14435 7961 17097 11693 13030 21851 7539 19468 9263 6303 8439 19667 11474 7667 10269 10804 13877 15753 2312 10316 19274 21794 1941 21112 3604 13323 4044 12740 15728 15690 991 13478 18984 15878 13437 10928 16341 19561 18750 11996 11235 13101 9976 8674 20031 9906 3779 15989 9363 12645 13859 6991
11675 4045 6452 12546 7931 8203 8905 14725 11374 16287 975 8550 4952 5029 11574 10775 12268 13445 3907 9341 6764 7473 11129 7924 7095 11458 11757 10127 11432 7807 3230 6300 13454 11590 7972 12688 2069 10824 8829 13715 7908 0 7162 9204 10422 7263 8641 5261 12376 6655 5055 11879 6883 6517 13950 10677 11570 6330 7941 6046 12208 10825 244 5972 6671 10061 10351 6819 8483 11582 14085 5985 13544 4439 9776 6076 8609 10781 8517 8864 6147 14727 7981 5624 6932 11151 12023 13539 7203 5292 5298 6202 4268 12478 7523 4923 8128 2198 9005 9727 6502
6379 7978 2348 6785 14960 7110 13028 7705 12454 9331 6335 1639 8054 6152 4501 4167 13938 7445 7625 16144 411 14206 11730 9585 13888 8065 13640 3037 8919 8770 10327 9967 10820 5386 10413 11524 6307 6603 9463 11771 12022 7162 0 10164 3452 9624 2543 4986 13707 6819 12214 5122 13567 12156 13483 9530 12285 3074 7452 3866 9305 6086 7195 1756 1352 3003 3732 9868 3972 9734 11971 10651 10869 9901 16608 8157 15352 3821 12767 12666 10748 7610 9615 6571 1383 4360 9432 6806 100 2130 6388 2150 3495 9883 14667 10866 8308 8704 15866 2593 5663
8645 5277 7818 9756 14820 15799 18101 14053 2369 14989 8554 11661 4301 13164 13646 14074 3774 10660 5331 16705 9890 15262 19736 1360 14828 5994 3496 11281 18488 16325 9783 3901 20526 10027 2070 20588 7262 16629 724 21227 4615 9204 10164 0 13056 16204 12707 12667 3586 14667 11390 14780 14854 15466 22237 2944 20237 7091 2796 6311 19049 7590 8977 8528 8814 11119 13677 3080 7201 19050 21509 5232 20592 6434 17009 3129 16208 13377 17709 4428 15346 15991 16756 13817 8826 14075 19061 16304 10104 10222 13487 8028 7624 19535 13729 7247 16348 11246 16271 11273 4507
6941 11411 5464 6773 18001 7716 14876 5477 15222 7123 9665 1882 11432 8153 1209 1174 16783 7011 11058 19017 3857 17076 12200 12671 16795 9598 16550 2155 8199 9921 13637 13322 9696 5242 13588 11128 9741 5306 12335 10917 15369 10422 3452 13056 0 11191 2180 6947 16475 8159 15463 1741 16427 14647 13218 11858 12737 6157 10264 6993 8263 7198 10486 5145 4567 2313 983 13158 6025 9247 10997 14070 9712 13352 19490 11415 18203 370 14686 15960 12984 4350 10885 8341 4444 1020 8561 3383 3451 5137 8285 5394 6945 8928 17832 14316 9209 11709 18778 1907 8688
15914 11266 10719 16403 9891 3988 3746 16635 18478 18295 7704 9929 12112 3537 12331 10755 19477 17065 11084 9921 9443 8294 4033 15009 8254 16924 18981 12267 6578 1679 8906 13562 8076 15005 15183 6336 8975 7961 15726 7725 15120 7263 9624 16204 11191 0 9034 4641 19544 3034 9448 11768 7745 4948 7032 17120 4400 11086 14401 11327 7434 15435 7507 9799 10211 12305 10506 14059 13034 6063 8155 13181 8182 11553 10377 13123 9138 11416 3631 16092 2971 15137 984 3054 10452 11318 7021 12973 9720 7734 3262 10360 9278 7331 10524 11764 2583 5912 9891 11758 12597
8061 10225 4891 8162 15997 5709 12703 7603 14996 9261 7981 1311 10416 5978 3369 2150 16481 8592 9876 16939 2833 15004 10299 12108 14738 10250 16181 3503 6772 7817 11870 12344 8537 6625 12908 9574 8273 4181 12006 9607 14397 8641 2543 12707 2180 9034 0 4778 16249 6008 13617 3273 14354 12494 11622 11998 10847 5617 9992 6404 7031 8038 8736 4233 3895 3596 1747 12305 6266 7713 9759 12917 8574 11999 17416 10623 16121 2452 12510 15086 10810 6426 8768 6162 3905 2593 7229 4904 2607 3414 6106 4685 5732 7653 15903 12890 7150 9728 16716 3024 8205
11285 8454 6209 11762 11540 3179 8096 12240 15028 13904 5078 5443 9070 1219 8146 6793 16247 12431 8173 12302 4803 10389 7247 11647 10161 12471 15816 7724 6247 3968 8213 10850 8302 10371 12089 7948 6038 5656 12086 8740 12734 5261 4986 12667 6947 4641 4778 0 16197 2073 9637 7902 9742 7726 9576 13065 7783 6665 10464 7049 6987 10844 5453 5262 5611 7747 6453 11131 8481 6554 9072 10913 8387 9543 12781 9811 11478 7230 7861 13615 6039 11180 4710 1587 5842 7308 6842 9378 5082 3138 1411 5850 5155 7309 11640 10154 3755 5503 12113 7219 8560
11326 8333 11359 12364 16882 19346 21158 16864 1256 17586 11841 15166 7439 16634 16979 17531 637 13166 8478 18824 13446 17614 23184 4568 17183 8269 1078 14599 22070 19772 12323 6295 24110 12939 4420 24135 10571 20206 4257 24800 5751 12376 13707 3586 16475 19544 16249 16197 0 18169 13618 18177 17295 18313 25748 5030 23674 10635 6263 9874 22634 10373 12137 12098 12355 14433 17146 5618 10499 22620 25086 7273 24177 8845 19064 6447 18440 16782 20756 4966 18431 19112 20150 17289 12351 17495 22644 19645 13643 13807 16955 11584 11200 23119 15654 9356 19841 14266 18376 14642 8072
13189 10236 8246 13592 11658 1648 6753 13611 17017 15268 6706 6951 10928 1633 9297 7731 18194 14202 9980 12098 6696 10279 5174 13606 10130 14512 17747 9303 4920 1954 9220 12631 6864 12148 13986 6087 7810 5338 14103 7060 14435 6655 6819 14667 8159 3034 6008 2073 18169 0 10332 8761 9658 7207 7580 15135 5710 8726 12521 9122 5754 12811 6879 7294 7592 9352 7475 12977 10487 4938 7431 12558 6960 11080 12573 11747 11278 8382 6597 15351 5275 12127 2815 1042 7808 8292 5490 10027 6918 5153 1358 7890 7216 5920 11995 11561 1690 6237 11980 8795 10623
16224 6566 11313 17191 3460 11980 8982 19717 12977 21248 5903 13597 7471 8937 16623 15764 13281 18131 6722 5315 11815 4004 13426 10043 3578 15379 12707 15159 15234 10696 1998 7537 17093 16394 9509 15723 6346 15276 11319 17015 7961 5055 12214 11390 15463 9448 13617 9637 13618 10332 0 16879 3753 5664 16452 13722 13716 11059 11285 10592 16080 15269 5022 10950 11655 15086 15347 8341 13104 15085 17429 6364 17193 4956 5631 8682 4843 15819 8587 8894 6859 19779 10406 9338 11907 16163 15789 18520 12254 10326 9091 11106 9142 16196 2608 4265 11344 4151 4883 14769 10451
8244 13100 7202 7892 19260 8002 15508 5527 16926 7040 11177 3495 13150 9055 1429 1127 18496 7947 12748 20165 5518 18235 12201 14410 17980 11085 18271 3659 7765 10344 15108 15047 8965 6435 15329 10725 11347 4820 14057 10283 17097 11879 5122 14780 1741 11768 3273 7902 18177 8761 16879 0 17586 15617 12820 13497 12715 7897 11985 8733 7649 8645 11963 6849 6293 3827 1532 14893 7694 8877 10297 15771 8964 15005 20643 13153 19344 1403 15358 17696 13849 3369 11328 9130 6179 762 8022 1690 5133 6600 9133 7123 8610 8324 19176 15948 9545 12999 19953 3541 10428
18557 9738 13273 19414 2170 11194 5983 21271 16592 22887 7858 14672 10708 8704 17633 16462 16983 20299 9809 2590 13209 649 11319 13494 515 18208 16411 16604 14213 9316 5071 11101 15815 18399 13077 14002 8767 14978 14698 15442 11693 6883 13567 14854 16427 7745 14354 9742 17295 9658 3753 17586 0 2886 14299 16956 11484 13203 14358 12925 15078 17706 6983 12686 13358 16567 16090 11879 15363 13795 15874 10022 15921 8497 3063 11950 1785 16752 5642 12637 4776 20764 8719 8858 13628 16944 14700 19109 13631 11472 8727 12997 11114 15039 3110 7949 10140 4903 2371 16152 13207
17760 10190 12344 18499 5056 8629 3325 19788 17456 21439 7413 13020 11171 6563 15852 14515 18089 19318 10160 4983 11844 3378 8432 14127 3400 17907 17535 15148 11500 6577 6120 12018 13018 17324 13929 11135 8584 12535 15180 12589 13030 6517 12156 15466 14647 4948 12494 7726 18313 7207 5664 15617 2886 0 11416 17170 8602 12431 14449 12333 12362 17027 6700 11608 12219 15136 14180 12715 14597 11010 13023 11179 13123 9521 5446 12384 4193 14942 2939 14015 2000 18906 5903 6559 12491 15034 11961 17042 12233 10027 6505 12025 10328 12278 5905 9276 7441 4324 4944 14664 13001
19659 17750 15393 19781 16464 6530 8625 18346 24593 19842 14169 12904 18482 9145 13986 12253 25773 20163 17512 16036 13507 14747 3029 21186 14811 21535 25323 15079 5059 6143 15921 20131 4316 18239 21551 2098 15339 8011 21662 2941 21851 13950 13483 22237 13218 7032 11622 9576 25748 7580 16452 12820 14299 11416 0 22550 2816 15975 20012 16487 5248 19529 14189 14451 14572 15188 12258 20518 17434 3973 3202 19934 4375 18367 16435 19325 15356 13253 8857 22795 9694 15772 6120 8492 14733 12779 4821 13213 13580 12360 8831 15056 14708 4595 17290 18685 5921 12895 16126 14625 18096
6296 7224 7287 7340 17182 16020 19488 11834 3910 12576 9855 10793 6270 13793 12217 12975 5517 8162 7149 19004 9358 17424 20306 3966 16995 3288 5520 9851 18349 16955 11943 6539 20310 7933 4943 20739 8611 16131 2604 21177 7539 10677 9530 2944 11858 17120 11998 13065 5030 15135 13722 13497 16956 17170 22550 0 20836 6632 2754 6063 18799 5354 10480 8179 8229 9682 12626 5746 5843 19058 21410 7919 20364 8854 19344 5042 18439 12133 19116 7367 16743 14155 17529 14423 8149 12862 18889 14870 9449 10200 14114 7590 7928 19352 16187 9793 16820 12850 18585 9967 4534
18639 15500 13919 18914 13648 5198 5859 18128 22561 19716 11905 12034 16295 7087 13682 11944 23650 19416 15290 13242 12229 11932 555 19109 11996 20173 23174 14346 5333 3914 13295 17842 5679 17406 19377 3160 13134 8004 19706 4670 19468 11570 12285 20237 12737 4400 10847 7783 23674 5710 13716 12715 11484 8602 2816 20836 0 14424 18198 14831 5917 18363 11813 12965 13206 14430 11847 18292 16110 4261 5077 17533 5773 15923 13647 17227 12552 12849 6070 20431 6909 15929 3590 6440 13403 12508 5414 13451 12385 10822 6763 13566 12909 5437 14483 16161 4047 10312 13323 13857 16314
5366 5598 728 6216 14205 9452 14022 8876 9383 10306 5359 4599 5413 7580 6958 7078 10865 7121 5259 15671 2815 13801 13880 6553 13425 5839 10570 4786 11721 10631 9066 7239 13697 5336 7437 14125 4716 9610 6389 14545 9263 6330 3074 7091 6157 11086 5617 6665 10635 8726 11059 7897 13203 12431 15975 6632 14424 0 4390 836 12190 4597 6257 1547 1723 4655 6662 7017 2174 12428 14781 8125 13754 7717 16103 5267 14939 6507 13699 9816 11437 9772 11325 8156 1753 7156 12266 9520 3013 3623 7882 968 2111 12731 13648 8774 10377 8361 15330 4598 2596
6270 4720 5108 7396 14733 13500 16734 11471 5007 12529 7105 8905 3847 11126 10852 11292 6530 8350 4582 16501 7205 14853 17675 2736 14429 4271 6286 8491 16008 14299 9422 4720 18016 7437 3840 18264 5872 13995 2073 18798 6303 7941 7452 2796 10264 14401 9992 10464 6263 12521 11285 11985 14358 14449 20012 2754 18198 4390 0 3667 16520 5179 7750 5890 6101 8329 10900 4079 4427 16645 19056 6047 18077 6607 16863 2750 15899 10583 16362 6496 13989 13248 14839 11764 6090 11283 16568 13508 7386 7751 11448 5350 5309 17038 13822 7638 14211 10125 16094 8477 1923
5662 4871 1547 6600 13817 9958 14106 9555 8627 10939 5072 5420 4622 7874 7787 7909 10085 7539 4542 15346 3580 13507 14294 5730 13119 5667 9777 5590 12356 10989 8594 6422 14355 5873 6603 14681 4264 10338 5619 15160 8439 6046 3866 6311 6993 11327 6404 7049 9874 9122 10592 8733 12925 12333 16487 6063 14831 836 3667 0 12856 4781 5943 2227 2526 5454 7491 6185 2512 13022 15410 7343 14415 7017 15767 4434 14635 7342 13768 8982 11463 10572 11632 8477 2579 7992 12911 10355 3812 4140 8186 1719 2083 13380 13195 8087 10795 8158 14991 5420 1804
15029 15355 11515 14999 17174 4107 10704 13168 21409 14630 12064 8340 15880 7263 8894 7204 22770 15274 15054 17344 9446 15660 5540 18202 15576 17271 22392 10280 866 5785 14953 17729 1516 13454 18791 3209 12972 2958 18396 2657 19667 12208 9305 19049 8263 7434 7031 6987 22634 5754 16080 7649 15078 12362 5248 18799 5917 12190 16520 12856 0 15065 12413 10651 10573 10410 7281 17931 13236 1667 2745 17880 1565 16529 17804 16464 16553 8239 10744 20519 10365 10525 6531 6774 10669 7692 504 7965 9393 8828 7052 11223 11460 676 17637 17125 4938 11991 17297 9875 14618
1092 9060 4770 2218 18559 13196 18546 6509 9208 7403 9852 6727 8456 11897 7259 8372 10831 3178 8793 20119 6137 18287 17809 7892 17898 2455 10770 5047 14800 14763 13279 9776 16565 2585 9007 17532 9007 12168 6928 17643 11474 10825 6086 7590 7198 15435 8038 10844 10373 12811 15269 8645 17706 17027 19529 5354 18363 4597 5179 4781 15065 0 10724 5649 5233 4886 8109 9212 2447 15701 17797 11016 16599 11198 20536 7665 19413 7396 18236 11667 16006 8847 15552 12412 5006 8121 15266 9822 5986 7710 12177 5120 6701 15691 17876 12283 14362 12920 19759 5328 4959
11588 3805 6405 12472 7969 8419 9127 14721 11139 16274 908 8609 4718 5251 11630 10863 12026 13377 3672 9417 6795 7564 11372 7692 7179 11311 11515 10141 11640 8047 3151 6055 13666 11540 7732 12919 1886 10993 8608 13938 7667 244 7195 8977 10486 7507 8736 5453 12137 6879 5022 11963 6983 6700 14189 10480 11813 6257 7750 5943 12413 10724 0 5958 6660 10071 10436 6576 8399 11802 14307 5745 13757 4207 9846 5849 8694 10847 8738 8621 6370 14778 8225 5851 6918 11230 12233 13628 7234 5366 5523 6166 4218 12689 7521 4713 8362 2376 9073 9748 6341
6227 6268 955 6897 13895 7939 12917 8768 10853 10317 5057 3389 6306 6263 6113 5919 12299 7710 5915 15222 1406 13308 12417 7878 12959 7217 11978 4260 10175 9225 9001 8215 12156 5738 8678 12587 4788 8111 7842 12997 10269 5972 1756 8528 5145 9799 4233 5262 12098 7294 10950 6849 12686 11608 14451 8179 12965 1547 5890 2227 10651 5649 5958 0 705 4170 5485 8114 3235 10882 13234 8925 12213 8249 15672 6408 14456 5512 12615 10910 10432 9133 9964 6802 960 6089 10721 8523 1728 2144 6551 606 1882 11187 13478 9245 8920 7783 14911 3930 4026
5722 6886 996 6325 14589 8104 13422 8063 11102 9616 5760 2902 6867 6676 5483 5413 12587 7107 6535 15901 1129 13983 12655 8254 13637 6983 12292 3563 10146 9541 9706 8756 12086 5106 9106 12661 5484 7926 8111 12990 10804 6671 1352 8814 4567 10211 3895 5611 12355 7592 11655 6293 13358 12219 14572 8229 13206 1723 6101 2526 10573 5233 6660 705 0 3469 4988 8609 2904 10911 13207 9522 12138 8902 16353 6879 15131 4929 13132 11412 10986 8465 10320 7181 273 5538 10676 7949 1290 2479 6950 834 2575 11134 14180 9910 9176 8454 15594 3249 4316
4655 10222 4086 4603 17925 9262 15843 4705 13189 6327 9183 2418 10067 8956 2547 3487 14780 4997 9877 19141 3358 17204 13880 10886 16882 7297 14587 169 10256 11248 13155 11873 11878 3057 11875 13123 8953 7460 10396 13044 13877 10061 3003 11119 2313 12305 3596 7747 14433 9352 15086 3827 16567 15136 15188 9682 14430 4655 8329 5454 10410 4886 10071 4170 3469 0 3245 11597 3936 11249 13155 12779 11902 12300 19602 9843 18351 2516 15605 14372 13671 5118 12163 9292 3242 3247 10667 5213 2937 5126 9157 4160 6044 11062 17584 13330 10650 11692 18858 573 6958
7895 11685 5944 7752 17743 6902 14224 6296 15890 7915 9657 2096 11786 7631 1858 441 17430 7994 11333 18673 4109 16740 11315 13214 16478 10482 17173 3095 7228 9167 13580 13699 8713 6218 14089 10165 9863 4325 12961 9935 15753 10351 3732 13677 983 10506 1747 6453 17146 7475 15347 1532 16090 14180 12258 12626 11847 6662 10900 7491 7281 8109 10436 5485 4988 3245 0 13588 6784 8285 10014 14368 8730 13547 19150 11865 17854 1005 14053 16389 12451 4728 10142 7754 4912 856 7582 3195 3757 5078 7731 5821 7179 7947 17647 14473 8419 11475 18454 2782 9241
10304 2795 7695 11426 11754 14308 15541 15291 4751 16462 6387 11493 2061 11378 13972 14018 5460 12390 3008 13651 9514 12258 17824 1795 11824 8262 4940 11741 17275 14433 6825 821 19342 11303 1216 19047 5180 15833 3158 19867 2312 6819 9868 3080 13158 14059 12305 11131 5618 12977 8341 14893 11879 12715 20518 5746 18292 7017 4079 6185 17931 9212 6576 8114 8609 11597 13588 0 8004 17679 20191 2179 19419 3394 13946 1754 13175 13513 15139 2803 12819 16695 14724 12028 8715 14143 17866 16531 9835 9281 11690 7776 6647 18341 10651 4167 14602 8651 13214 11599 4684
3195 7224 2330 4092 16314 10996 16104 7309 9254 8582 7509 5007 6804 9498 6480 7133 10844 5027 6917 17815 3927 15956 15558 7070 15576 4101 10655 4102 12881 12431 11106 8413 14751 3432 8112 15491 6770 10444 6479 15734 10316 8483 3972 7201 6025 13034 6266 8481 10499 10487 13104 7694 15363 14597 17434 5843 16110 2174 4427 2512 13236 2447 8399 3235 2904 3936 6784 8004 0 13706 15925 9503 14795 9391 18242 6293 17091 6312 15791 10698 13559 8828 13189 10033 2713 7036 13384 9147 3877 5344 9785 2684 4286 13830 15706 10474 12079 10534 17467 4154 3341
15773 15008 11796 15850 15925 3400 9145 14396 21419 15914 11566 9012 15617 6553 10018 8282 22710 16208 14727 15974 9808 14354 3873 18111 14301 17795 22300 11135 1133 4493 14115 17404 2028 14305 18612 1881 12587 4058 18428 2190 19274 11582 9734 19050 9247 6063 7713 6554 22620 4938 15085 8877 13795 11010 3973 19058 4261 12428 16645 13022 1667 15701 11802 10882 10911 11249 8285 17679 13706 0 2520 17427 2133 15989 16426 16311 15198 9280 9210 20164 9032 11924 5113 5979 11045 8811 1164 9388 9829 8894 6294 11477 11427 1313 16474 16496 3748 11090 15953 10691 14723
17773 17526 14125 17742 18033 5920 10742 15783 23877 17195 14084 11069 18130 9056 11586 9920 25188 18007 17245 17910 12086 16400 4940 20595 16387 19980 24786 13025 3062 6738 16548 19922 1335 16198 21114 1958 15106 5699 20876 435 21794 14085 11971 21509 10997 8155 9759 9072 25086 7431 17429 10297 15874 13023 3202 21410 5077 14781 19056 15410 2745 17797 14307 13234 13207 13155 10014 20191 15925 2520 0 19946 1349 18501 18344 18806 17164 10961 10883 22684 11102 12995 7171 8468 13319 10392 2541 10434 12062 11311 8789 13820 13886 2106 18675 18992 6110 13507 17931 12620 17140
12097 2692 8719 13201 9708 14027 14199 16801 6618 18075 5862 12288 2724 10925 15000 14807 6974 14175 3041 11630 10262 10348 17103 3974 9916 10305 6406 12909 17158 13792 5092 1381 19216 12906 3218 18633 4921 16067 5336 19593 1941 5985 10651 5232 14070 13181 12917 10913 7273 12558 6364 15771 10022 11179 19934 7919 17533 8125 6047 7343 17880 11016 5745 8925 9522 12779 14368 2179 9503 17427 19946 0 19301 1679 11902 3357 11203 14437 13791 2923 11558 17894 13944 11549 9679 15009 17754 17448 10638 9643 11215 8716 7197 18222 8554 2101 14090 7429 11187 12694 6186
16538 16811 13079 16474 18055 5349 11125 14440 22955 15847 13458 9880 17363 8539 10267 8618 24305 16716 16516 18077 11011 16476 5520 19729 16428 18821 23921 11768 2147 6625 16176 19195 106 14933 20299 2658 14411 4445 19944 1453 21112 13544 10869 20592 9712 8182 8574 8387 24177 6960 17193 8964 15921 13123 4375 20364 5773 13754 18077 14415 1565 16599 13757 12213 12138 11902 8730 19419 14795 2133 1349 19301 0 17913 18525 17976 17307 9663 11220 21978 11153 11647 7221 8000 12234 9079 1554 9085 10956 10370 8301 12787 12991 1080 18606 18467 5873 13168 18064 11376 16172
12244 2167 8218 13309 8391 12596 12521 16572 8096 17943 4467 11512 2792 9448 14360 13988 8585 14282 2479 10271 9497 8866 15504 5090 8432 10849 8024 12414 15781 12226 3478 2605 17825 12822 4582 17126 3752 14877 6384 18137 3604 4439 9901 6434 13352 11553 11999 9543 8845 11080 4956 15005 8497 9521 18367 8854 15923 7717 6607 7017 16529 11198 4207 8249 8902 12300 13547 3394 9391 15989 18501 1679 17913 0 10577 3879 9783 13722 12113 4593 9880 17365 12337 10055 9094 14244 16376 16694 9902 8627 9726 8147 6408 16838 7340 1087 12567 5759 9837 12143 6241
21426 12153 16218 22318 2194 14051 7817 24307 18510 25915 10744 17732 13081 11716 20696 19520 18678 23221 12281 480 16244 2415 13574 15667 2721 20869 18101 19644 16944 12020 7443 13134 18419 21355 15093 16418 11534 17911 16949 17909 13323 9776 16608 17009 19490 10377 17416 12781 19064 12573 5631 20643 3063 5446 16435 19344 13647 16103 16863 15767 17804 20536 9846 15672 16353 19602 19150 13946 18242 16426 18344 11902 18525 10577 0 14302 1305 19815 7578 14186 7446 23827 11313 11828 16621 20004 17398 22156 16669 14522 11719 15955 14041 17705 3433 9809 12887 7914 778 19196 15885
8749 2223 5952 9859 12142 12983 14974 13597 5355 14808 5441 9772 1242 10194 12219 12292 6448 10831 2224 13962 7812 12402 16737 1886 11971 7018 6006 9987 15841 13326 6911 2133 17902 9639 2333 17759 4154 14256 2797 18500 4044 6076 8157 3129 11415 13123 10623 9811 6447 11747 8682 13153 11950 12384 19325 5042 17227 5267 2750 4434 16464 7665 5849 6408 6879 9843 11865 1754 6293 16311 18806 3357 17976 3879 14302 0 13404 11769 14583 4548 12218 14945 13709 10850 6976 12406 16427 14786 8120 7708 10514 6045 5051 16903 11168 4893 13409 8132 13542 9845 2955
20281 11219 15028 21154 1775 12767 6785 23055 17819 24670 9582 16454 12170 10410 19410 18222 18086 22046 11322 826 14993 1149 12450 14854 1515 19833 17511 18389 15691 10768 6496 12375 17201 20160 14349 15252 10434 16615 16103 16730 12740 8609 15352 16208 18203 9138 16121 11478 18440 11278 4843 19344 1785 4193 15356 18439 12552 14939 15899 14635 16553 19413 8694 14456 15131 18351 17854 13175 17091 15198 17164 11203 17307 9783 1305 13404 0 18525 6512 13643 6188 22536 10087 10525 15401 18708 16153 20853 15415 13257 10415 14757 12860 16470 3132 9102 11626 6678 771 17937 14836
7090 11779 5818 6866 18339 7877 15115 5308 15530 6939 10029 2248 11795 8430 920 1048 17097 7055 11426 19340 4227 17401 12315 13009 17124 9813 16869 2352 8214 10115 13998 13683 9650 5351 13932 11158 10111 5293 12655 10896 15728 10781 3821 13377 370 11416 2452 7230 16782 8382 15819 1403 16752 14942 13253 12133 12849 6507 10583 7342 8239 7396 10847 5512 4929 2516 1005 13513 6312 9280 10961 14437 9663 13722 19815 11769 18525 0 14932 16315 13261 4015 11085 8599 4801 733 8554 3022 3821 5493 8553 5754 7315 8909 18180 14686 9385 12049 19106 2166 9027
18840 12471 13466 19445 7749 7609 409 20075 19821 21739 9270 13296 13423 6650 15852 14323 20582 20179 12383 7179 12526 6000 6020 16406 6135 19435 20043 15585 9922 5241 8847 14499 11115 18130 16339 8933 10541 11569 17346 10451 15690 8517 12767 17709 14686 3631 12510 7861 20756 6597 8587 15358 5642 2939 8857 19116 6070 13699 16362 13768 10744 18236 8738 12615 13132 15605 14053 15139 15791 9210 10883 13791 11220 12113 7578 14583 6512 14932 0 16681 2376 18724 4314 6358 13392 14880 10287 16596 12857 10723 6458 13119 11689 10522 8743 11994 6145 6493 7280 15080 14733
12754 5166 10497 13881 12024 16769 17089 17927 4719 19023 8648 14293 4708 13724 16766 16819 4517 14825 5466 13972 12307 12892 19993 3777 12470 10357 3945 14519 19830 16658 7896 2799 21896 13906 2660 21438 7578 18529 4910 22343 991 8864 12666 4428 15960 16092 15086 13615 4966 15351 8894 17696 12637 14015 22795 7367 20431 9816 6496 8982 20519 11667 8621 10910 11412 14372 16389 2803 10698 20164 22684 2923 21978 4593 14186 4548 13643 16315 16681 0 14469 19455 16841 14360 11518 16947 20425 19333 12634 11995 14023 10579 9394 20897 10758 4752 16920 10350 13522 14389 7426
16655 10124 11248 17311 6931 6647 2759 18251 17477 19912 6895 11451 11068 4831 14179 12764 18273 18081 10025 6982 10473 5323 6671 14050 5287 17121 17740 13666 9503 4581 6758 12201 11047 16049 14011 9245 8165 10578 14975 10670 13478 6147 10748 15346 12984 2971 10810 6039 18431 5275 6859 13849 4776 2000 9694 16743 6909 11437 13989 11463 10365 16006 6370 10432 10986 13671 12451 12819 13559 9032 11102 11558 11153 9880 7446 12218 6188 13261 2376 14469 0 17175 3942 4723 11252 13300 9968 15220 10833 8649 4720 10908 9393 10291 7628 9852 5441 4171 6933 13170 12376
8081 15317 9183 7316 22350 11353 18876 3291 17902 4323 13934 6187 15185 12358 3161 4414 19520 6952 14969 23352 8019 21413 15431 15893 21138 11235 19388 4986 10792 13707 17923 16988 11669 6272 16917 13708 13890 7932 15276 13055 18984 14727 7610 15991 4350 15137 6426 11180 19112 12127 19779 3369 20764 18906 15772 14155 15929 9772 13248 10572 10525 8847 14778 9133 8465 5118 4728 16695 8828 11924 12995 17894 11647 17365 23827 14945 22536 4015 18724 19455 17175 0 14692 12468 8271 3876 10955 2565 7585 9465 12455 9223 11009 11186 22171 18375 12898 16059 23120 5223 12029
15969 11930 10904 16396 10869 3373 4354 16358 19058 18008 8341 9756 12743 3758 11990 10358 20108 17015 11729 10861 9473 9262 3170 15595 9229 17155 19624 12111 5685 985 9801 14261 7116 14960 15824 5354 9587 7281 16251 6741 15878 7981 9615 16756 10885 984 8768 4710 20150 2815 10406 11328 8719 5903 6120 17529 3590 11325 14839 11632 6531 15552 8225 9964 10320 12163 10142 14724 13189 5113 7171 13944 7221 12337 11313 13709 10087 11085 4314 16841 3942 14692 0 3169 10548 10928 6103 12447 9714 7848 3447 10545 9624 6395 11508 12598 1852 6778 10843 11604 12995
12868 9269 7739 13349 10801 2669 6571 13717 16155 15381 5712 6948 9989 656 9519 8054 17295 14014 9024 11349 6389 9490 5926 12721 9314 13986 16838 9262 5947 2534 8186 11659 7904 11954 13060 7084 6850 6134 13274 8093 13437 5624 6571 13817 8341 3054 6162 1587 17289 1042 9338 9130 8858 6559 8492 14423 6440 8156 11764 8477 6774 12412 5851 6802 7181 9292 7754 12028 10033 5979 8468 11549 8000 10055 11828 10850 10525 8599 6358 14360 4723 12468 3169 0 7416 8596 6522 10501 6666 4702 339 7379 6497 6956 11075 10524 2574 5221 11206 8754 9892
5471 7059 1032 6060 14853 8283 13681 7810 11096 9356 6017 2846 7008 6920 5322 5331 12596 6837 6709 16170 1237 14253 12851 8306 13907 6807 12312 3342 10261 9759 9954 8884 12184 4834 9179 12807 5714 7986 8118 13109 10928 6932 1383 8826 4444 10452 3905 5842 12351 7808 11907 6179 13628 12491 14733 8149 13403 1753 6090 2579 10669 5006 6918 960 273 3242 4912 8715 2713 11045 13319 9679 12234 9094 16621 6976 15401 4801 13392 11518 11252 8271 10548 7416 0 5430 10783 7823 1307 2719 7190 963 2806 11239 14438 10110 9379 8725 15863 3049 4345
7793 12338 6456 7531 18588 7651 15045 5625 16242 7211 10436 2733 12392 8483 1208 573 17803 7672 11986 19527 4756 17593 11982 13682 17330 10542 17569 3082 7723 9949 14378 14291 9071 6031 14591 10681 10591 4777 13354 10346 16341 11151 4360 14075 1020 11318 2593 7308 17495 8292 16163 762 16944 15034 12779 12862 12508 7156 11283 7992 7692 8121 11230 6089 5538 3247 856 14143 7036 8811 10392 15009 9079 14244 20004 12406 18708 733 14880 16947 13300 3876 10928 8596 5430 0 8031 2450 4372 5864 8579 6370 7848 8366 18480 15189 9181 12314 19307 2896 9700
15263 15259 11602 15265 16807 3855 10239 13548 21426 15028 11917 8540 15810 7039 9237 7528 22767 15566 14963 16940 9553 15275 5036 18186 15200 17440 22379 10542 596 5389 14708 17642 1476 13719 18749 2755 12861 3262 18417 2381 19561 12023 9432 19061 8561 7021 7229 6842 22644 5490 15789 8022 14700 11961 4821 18889 5414 12266 16568 12911 504 15266 12233 10721 10676 10667 7582 17866 13384 1164 2541 17754 1554 16376 17398 16427 16153 8554 10287 20425 9968 10955 6103 6522 10783 8031 0 8400 9523 8842 6813 11302 11452 476 17296 16945 4565 11724 16901 10124 14657
9281 14781 8837 8759 20832 9076 16718 5533 18401 6804 12852 5183 14815 10489 2667 2765 19987 8638 14429 21677 7204 19757 12966 15991 19516 12277 19784 5046 8256 11463 16769 16705 9106 7424 16933 11155 13037 5449 15581 10490 18750 13539 6806 16304 3383 12973 4904 9378 19645 10027 18520 1690 19109 17042 13213 14870 13451 9520 13508 10355 7965 9822 13628 8523 7949 5213 3195 16531 9147 9388 10434 17448 9085 16694 22156 14786 20853 3022 16596 19333 15220 2565 12447 10501 7823 2450 8400 0 6814 8273 10538 8775 10297 8624 20786 17638 10617 14596 21479 5033 12016
6279 7968 2286 6688 15014 7210 13119 7641 12389 9263 6369 1661 8032 6245 4485 4191 13877 7351 7615 16206 439 14269 11831 9535 13948 7969 13582 2975 9011 8870 10361 9942 10908 5292 10370 11620 6322 6682 9401 11863 11996 7203 100 10104 3451 9720 2607 5082 13643 6918 12254 5133 13631 12233 13580 9449 12385 3013 7386 3812 9393 5986 7234 1728 1290 2937 3757 9835 3877 9829 12062 10638 10956 9902 16669 8120 15415 3821 12857 12634 10833 7585 9714 6666 1307 4372 9523 6814 0 2206 6483 2100 3494 9973 14713 10872 8408 8763 15926 2538 5606
8186 6964 3098 8729 12929 5833 11000 9817 12585 11451 4580 3279 7288 4201 6305 5510 13945 9457 6625 14055 1826 12114 10275 9391 11805 9361 13574 5151 8273 7089 8516 9207 10305 7411 10040 10541 4882 6554 9575 11047 11235 5292 2130 10222 5137 7734 3414 3138 13807 5153 10326 6600 11472 10027 12360 10200 10822 3623 7751 4140 8828 7710 5366 2144 2479 5126 5078 9281 5344 8894 11311 9643 10370 8627 14522 7708 13257 5493 10723 11995 8649 9465 7848 4702 2719 5864 8842 8273 2206 0 4472 2744 2659 9316 12707 9493 6776 6644 13788 4686 5831
12652 8931 7481 13154 10639 2958 6687 13625 15823 15290 5375 6838 9651 324 9472 8045 16959 13834 8685 11240 6191 9364 6253 12387 9175 13718 16501 9132 6234 2853 7901 11321 8206 11774 12723 7419 6511 6304 12946 8417 13101 5298 6388 13487 8285 3262 6106 1411 16955 1358 9091 9133 8727 6505 8831 14114 6763 7882 11448 8186 7052 12177 5523 6551 6950 9157 7731 11690 9785 6294 8789 11215 8301 9726 11719 10514 10415 8553 6458 14023 4720 12455 3447 339 7190 8579 6813 10538 6483 4472 0 7122 6192 7251 10877 10204 2912 4959 11084 8626 9581
5752 6100 360 6479 14132 8545 13427 8636 10335 10144 5258 3732 6047 6830 6285 6247 11802 7325 5750 15512 1862 13611 13019 7435 13252 6623 11496 4270 10759 9816 9135 7929 12731 5403 8276 13188 4841 8646 7332 13587 9976 6202 2150 8028 5394 10360 4685 5850 11584 7890 11106 7123 12997 12025 15056 7590 13566 968 5350 1719 11223 5120 6166 606 834 4160 5821 7776 2684 11477 13820 8716 12787 8147 15955 6045 14757 5754 13119 10579 10908 9223 10545 7379 963 6370 11302 8775 2100 2744 7122 0 1965 11766 13662 9171 9520 8105 15190 4000 3522
7475 4509 2188 8301 12187 8211 12025 10592 9993 12108 3310 5116 4697 5873 7962 7619 11315 9186 4158 13603 3093 11719 12381 6743 11350 7749 10932 6138 10874 9027 7172 6626 12922 7323 7382 12991 2909 9206 7003 13603 8674 4268 3495 7624 6945 9278 5732 5155 11200 7216 9142 8610 11114 10328 14708 7928 12909 2111 5309 2083 11460 6701 4218 1882 2575 6044 7179 6647 4286 11427 13886 7197 12991 6408 14041 5051 12860 7315 11689 9394 9393 11009 9624 6497 2806 7848 11452 10297 3494 2659 6192 1965 0 11927 11699 7384 8905 6255 13272 5812 3407
15672 15731 12065 15655 17157 4295 10457 13843 21900 15302 12382 8964 16284 7483 9569 7875 23242 15939 15436 17251 10010 15608 5098 18661 15542 17878 22854 10934 1067 5724 15140 18115 1001 14109 19224 2589 13331 3622 18891 1989 20031 12478 9883 19535 8928 7331 7653 7309 23119 5920 16196 8324 15039 12278 4595 19352 5437 12731 17038 13380 676 15691 12689 11187 11134 11062 7947 18341 13830 1313 2106 18222 1080 16838 17705 16903 16470 8909 10522 20897 10291 11186 6395 6956 11239 8366 476 8624 9973 9316 7251 11766 11927 0 17669 17400 4925 12146 17221 10523 15128
18831 9111 13880 19795 1360 13611 9090 22242 15134 23792 8421 15986 9984 10780 19011 18052 15257 20732 9288 3262 14275 2894 14281 12406 2644 17956 14681 17649 16774 11986 4602 9832 18502 18980 11766 16854 8941 17174 13720 18247 9906 7523 14667 13729 17832 10524 15903 11640 15654 11995 2608 19176 3110 5905 17290 16187 14483 13648 13822 13195 17637 17876 7521 13478 14180 17584 17647 10651 15706 16474 18675 8554 18606 7340 3433 11168 3132 18180 8743 10758 7628 22171 11508 11075 14438 18480 17296 20786 14713 12707 10877 13662 11699 17669 0 6485 12744 6196 2816 17244 13048
13330 3252 9256 14396 7614 13124 12403 17639 8718 19019 5138 12461 3858 9944 15346 14914 9034 15369 3558 9532 10459 8257 15767 5935 7827 11895 8462 13441 16353 12569 3158 3347 18376 13904 5287 17543 4617 15606 7269 18616 3779 4923 10866 7247 14316 11764 12890 10154 9356 11561 4265 15948 7949 9276 18685 9793 16161 8774 7638 8087 17125 12283 4713 9245 9910 13330 14473 4167 10474 16496 18992 2101 18467 1087 9809 4893 9102 14686 11994 4752 9852 18375 12598 10524 10110 15189 16945 17638 10872 9493 10204 9171 7384 17400 6485 0 12977 5866 9090 13157 7326
14685 11841 9874 15024 12242 1546 6201 14685 18695 16323 8275 8232 12562 3225 10276 8608 19857 15584 11597 12423 8225 10722 3503 15275 10639 16132 19404 10584 4073 909 10444 14229 5770 13545 15631 4567 9424 5431 15789 5707 15989 8128 8308 16348 9209 2583 7150 3755 19841 1690 11344 9545 10140 7441 5921 16820 4047 10377 14211 10795 4938 14362 8362 8920 9176 10650 8419 14602 12079 3748 6110 14090 5873 12567 12887 13409 11626 9385 6145 16920 5441 12898 1852 2574 9379 9181 4565 10617 8408 6776 2912 9520 8905 4925 12744 12977 0 7398 12366 10082 12312
13727 5986 8390 14550 6293 7884 6893 16396 13330 18002 3125 9897 6948 4792 12903 11873 14103 15422 5915 7456 8335 5530 9935 9929 5193 13642 13569 11737 11157 6861 3052 8030 13070 13504 9847 11908 4261 11128 10917 13106 9363 2198 8704 11246 11709 5912 9728 5503 14266 6237 4151 12999 4903 4324 12895 12850 10312 8361 10125 8158 11991 12920 2376 7783 8454 11692 11475 8651 10534 11090 13507 7429 13168 5759 7914 8132 6678 12049 6493 10350 4171 16059 6778 5221 8725 12314 11724 14596 8763 6644 4959 8105 6255 12146 6196 5866 7398 0 7166 11296 8698
20650 11387 15451 21545 1498 13486 7549 23562 17801 25166 9972 17009 12319 11068 19983 18828 18000 22449 11512 450 15500 1724 13221 14925 1984 20093 17424 18901 16434 11513 6673 12404 17959 20588 14368 16020 10757 17312 16200 17496 12645 9005 15866 16271 18778 9891 16716 12113 18376 11980 4883 19953 2371 4944 16126 18585 13323 15330 16094 14991 17297 19759 9073 14911 15594 18858 18454 13214 17467 15953 17931 11187 18064 9837 778 13542 771 19106 7280 13522 6933 23120 10843 11206 15863 19307 16901 21479 15926 13788 11084 15190 13272 17221 2816 9090 12366 7166 0 18457 15108
5164 10098 3975 5159 17552 8690 15313 5134 13393 6777 8871 1851 9998 8432 2391 3065 14969 5568 9749 18732 2973 16793 13307 10973 16477 7705 14756 509 9706 10686 12857 11837 11350 3614 11934 12563 8713 6931 10550 12503 13859 9727 2593 11273 1907 11758 3024 7219 14642 8795 14769 3541 16152 14664 14625 9967 13857 4598 8477 5420 9875 5328 9748 3930 3249 573 2782 11599 4154 10691 12620 12694 11376 12143 19196 9845 17937 2166 15080 14389 13170 5223 11604 8754 3049 2896 10124 5033 2538 4686 8626 4000 5812 10523 17244 13157 10082 11296 18457 0 7010
6004 4102 3324 7078 13827 11580 15093 10650 6827 11892 5588 7190 3529 9260 9400 9651 8281 8053 3844 15493 5383 13745 15788 3982 13335 5001 7977 7108 14095 12425 8491 5071 16110 6721 4925 16341 4470 12135 3816 16878 6991 6502 5663 4507 8688 12597 8205 8560 8072 10623 10451 10428 13207 13001 18096 4534 16314 2596 1923 1804 14618 4959 6341 4026 4316 6958 9241 4684 3341 14723 17140 6186 16172 6241 15885 2955 14836 9027 14733 7426 12376 12029 12995 9892 4345 9700 14657 12016 5606 5831 9581 3522 3407 15128 13048 7326 12312 8698 15108 7010 0
1 15 9 6
2 8 15 5
3 16 6 6
4 8 12 9
5 11 11 10
6 5 12 9
7 17 7 6
8 11 7 5
9 9 9 6
10 12 14 5
11 10 8 3
12 5 12 7
13 8 9 4
14 9 6 5
15 3 10 5
16 13 9 5
17 9 6 7
18 8 6 8
19 13 4 5
20 10 11 5
21 7 11 3
22 13 10 5
23 14 9 6
24 9 9 4
25 13 7 9
26 8 8 3
27 10 10 7
28 6 4 8
29 10 6 8
30 6 6 5
31 9 7 4
32 9 9 5
33 10 9 6
34 8 6 1
35 9 8 7
36 10 9 7
37 12 9 7
38 9 11 3
39 8 9 6
40 11 6 8
41 8 11 5
42 9 13 3
43 7 5 2
44 13 8 10
45 11 9 4
46 11 12 5
47 8 10 6
48 14 5 4
49 13 13 10
50 8 5 2
51 11 7 6
52 12 10 2
53 14 6 3
54 15 12 5
55 11 7 4
56 7 9 5
57 9 8 4
58 5 12 7
59 7 8 4
60 8 9 6
61 14 6 5
62 17 8 3
63 9 6 7
64 12 10 7
65 11 7 7
66 9 9 4
67 11 10 4
68 11 4 8
69 11 6 8
70 11 12 7
71 14 13 4
72 8 10 9
73 14 6 4
74 9 8 5
75 9 12 7
76 10 4 5
77 16 12 8
78 12 10 5
79 8 6 5
80 13 5 7
81 11 11 6
82 10 5 4
83 10 8 4
84 7 4 6
85 8 11 6
86 8 10 7
87 10 14 5
88 6 12 6
89 5 5 5
90 9 9 8
91 8 11 6
92 9 6 4
93 11 9 2
94 11 12 4
95 12 4 5
96 14 10 6
97 11 5 5
98 10 9 7
99 8 6 7
100 11 11 7
