700 100 3
30 60 700 9.00
0 11 42 2
0 5 12 1
0 7 25 2
0 17 29 2
0 19 75 2
0 4 76 2
0 7 66 2
0 3 51 1
0 18 59 2
0 10 55 1
0 3 17 1
0 18 73 1
0 18 33 3
0 5 33 3
0 21 74 1
0 13 94 1
0 16 87 3
0 2 61 1
0 3 13 3
0 17 99 3
0 10 13 3
0 19 80 2
0 5 83 2
0 5 48 1
0 1 51 2
0 5 30 1
0 1 13 2
0 23 63 2
0 9 68 1
0 1 83 3
0 14 80 1
0 17 90 1
0 3 31 3
0 7 30 1
0 4 68 3
0 7 90 1
0 8 11 1
0 1 82 2
0 4 3 3
0 11 77 2
0 1 53 3
0 2 38 3
0 11 13 3
0 6 30 1
0 9 27 1
0 9 40 1
0 4 46 1
0 6 12 3
0 10 88 3
0 3 21 3
0 1 95 2
0 2 70 3
0 8 73 1
0 11 5 1
0 3 20 1
0 4 46 1
0 1 41 2
0 6 5 1
0 8 20 1
0 8 87 1
0 14 65 2
0 7 6 3
0 5 38 1
0 9 41 3
0 7 74 1
0 3 54 3
0 7 84 1
0 5 41 1
0 2 38 1
0 7 6 2
0 2 61 1
0 3 83 1
0 9 91 1
0 15 69 1
0 2 14 3
0 14 29 3
0 13 64 2
0 14 8 2
0 4 85 3
0 2 29 3
0 10 8 1
0 9 61 1
0 6 97 1
0 4 51 3
0 9 86 1
0 9 85 3
0 3 55 3
0 13 68 2
0 4 76 2
0 9 32 2
0 1 18 1
0 10 11 1
0 3 67 3
0 14 88 3
0 1 53 1
0 23 48 1
0 9 91 3
0 4 72 2
0 13 52 2
0 8 55 1
0 4 61 2
0 5 77 1
0 19 69 2
0 1 31 2
0 19 68 1
0 1 49 2
0 5 65 1
0 11 51 3
0 11 71 1
0 24 61 2
0 5 90 2
0 16 46 2
0 2 94 2
0 5 84 1
0 2 22 2
0 1 65 1
0 10 31 3
0 5 31 3
0 7 87 3
0 2 93 2
0 7 17 3
0 4 39 1
0 2 62 2
0 8 78 2
0 7 52 1
0 21 72 2
0 16 92 3
0 4 88 1
0 3 66 3
0 15 60 3
0 10 60 1
0 6 44 1
0 10 37 3
0 2 35 2
0 3 43 1
0 7 86 3
0 8 21 2
0 12 11 2
0 1 20 3
0 9 29 1
0 19 11 3
0 6 9 2
0 8 89 3
0 11 35 3
0 8 71 2
0 5 7 3
0 11 20 1
0 8 20 1
0 9 16 3
0 4 45 2
0 1 90 2
0 8 43 1
0 14 61 3
0 2 90 1
0 2 62 2
0 4 10 2
0 2 77 3
0 8 70 2
0 20 94 1
0 2 24 3
0 3 7 2
0 11 33 2
0 20 44 2
0 2 5 1
0 11 85 1
0 7 83 2
0 1 87 2
0 9 48 3
0 12 62 1
0 4 69 2
0 23 31 2
0 3 59 3
0 1 63 1
0 23 12 2
0 14 31 3
0 3 9 1
0 2 77 2
0 2 23 2
0 5 71 1
0 14 78 2
0 11 35 3
0 12 4 3
0 10 48 1
0 7 47 3
0 5 8 1
0 4 77 2
0 1 82 3
0 17 86 2
0 6 29 3
0 4 73 2
0 4 38 3
0 1 7 3
0 5 64 3
0 6 63 2
0 13 93 3
0 9 24 2
0 3 39 2
0 6 99 3
0 8 58 3
0 23 92 1
0 10 74 2
0 9 3 2
0 6 37 3
0 14 25 1
0 4 66 3
0 11 82 3
0 8 95 1
0 5 38 2
0 13 93 3
0 9 32 2
0 24 36 1
0 6 24 1
0 10 64 3
0 6 75 3
0 4 59 1
0 11 52 1
0 10 23 1
0 3 36 3
0 2 8 2
0 23 48 3
0 4 63 3
0 20 83 1
0 6 37 2
0 3 37 3
0 3 98 2
0 6 72 3
0 20 53 1
0 16 28 2
0 2 47 1
0 4 40 1
0 5 2 3
0 16 70 3
0 17 96 1
0 22 48 2
0 2 24 1
0 8 44 1
0 11 67 2
0 6 53 2
0 19 4 3
0 3 10 2
0 7 42 2
0 4 36 3
0 19 72 2
0 14 88 1
0 16 78 3
0 23 81 2
0 24 82 1
0 9 45 1
0 6 91 1
0 13 74 2
0 8 61 3
0 15 31 1
0 8 65 1
0 14 4 2
0 2 46 1
0 12 77 1
0 7 76 2
0 10 62 2
0 2 69 1
0 1 72 3
0 3 37 2
0 4 68 2
0 3 22 1
0 3 35 3
0 10 32 3
0 15 51 2
0 20 76 3
0 7 24 3
0 5 63 1
0 3 37 1
0 6 56 1
0 10 41 1
0 15 47 2
0 1 74 1
0 9 3 1
0 10 30 2
0 15 78 2
0 1 84 2
0 3 3 2
0 8 46 2
0 15 65 3
0 1 31 2
0 3 46 2
0 3 56 2
0 1 97 1
0 12 31 2
0 10 39 2
0 14 65 3
0 10 95 3
0 4 74 1
0 18 11 1
0 5 12 1
0 6 11 3
0 11 19 3
0 5 84 3
0 2 39 3
0 5 16 3
0 12 69 2
0 7 75 3
0 1 31 2
0 9 37 1
0 1 59 3
0 5 6 1
0 2 36 3
0 2 90 3
0 15 100 2
0 18 25 1
0 7 19 2
0 6 22 1
0 9 41 3
0 1 65 1
0 10 12 1
0 6 28 1
0 8 89 2
0 8 95 1
0 11 54 1
0 21 20 1
0 11 4 2
0 8 45 2
0 14 16 1
0 6 23 3
0 2 58 1
0 19 58 1
0 1 52 3
0 19 14 3
0 12 51 3
0 17 11 3
0 12 83 2
0 17 67 2
0 10 8 2
0 13 88 3
0 4 43 2
0 8 20 1
0 14 68 2
0 3 24 3
0 15 18 3
0 18 26 3
0 1 79 1
0 10 53 1
0 13 71 1
0 8 1 2
0 5 28 1
0 11 61 2
0 1 54 2
0 11 11 2
0 3 32 1
0 10 18 2
0 23 84 2
0 7 62 2
0 13 51 3
0 3 54 3
0 21 2 1
0 1 73 2
0 18 30 1
0 14 10 1
0 13 42 3
0 1 56 1
0 1 25 3
0 2 5 1
0 7 44 1
0 8 56 2
0 6 79 2
0 3 99 3
0 9 38 1
0 20 86 3
0 4 54 1
0 23 44 1
0 18 98 1
0 2 48 2
0 2 16 2
0 1 23 1
0 15 93 1
0 2 19 3
0 3 45 2
0 2 39 2
0 1 17 1
0 2 76 1
0 20 7 1
0 1 48 3
0 14 62 2
0 10 66 3
0 12 94 3
0 4 38 3
0 19 98 3
0 8 17 2
0 5 68 2
0 4 58 3
0 6 87 3
0 1 2 3
0 20 60 1
0 5 31 3
0 25 82 3
0 6 83 2
0 21 29 2
0 1 79 1
0 3 22 2
0 16 96 1
0 12 58 3
0 9 77 1
0 6 32 2
0 4 83 2
0 5 82 2
0 16 86 3
0 5 47 3
0 10 69 3
0 5 85 3
0 1 35 3
0 19 73 2
0 6 94 3
0 5 67 2
0 14 40 1
0 12 82 1
0 5 89 3
0 4 72 2
0 1 90 1
0 8 18 1
0 6 47 3
0 3 54 2
0 5 91 2
0 2 67 3
0 18 12 3
0 2 28 3
0 22 94 2
0 17 81 2
0 5 12 2
0 6 66 3
0 2 6 2
0 6 33 1
0 4 84 1
0 3 61 2
0 2 21 1
0 23 61 3
0 4 23 2
0 21 27 1
0 12 91 2
0 14 47 1
0 5 44 2
0 7 19 1
0 3 46 3
0 9 25 1
0 20 35 1
0 11 54 2
0 1 93 3
0 6 74 1
0 1 100 1
0 11 75 2
0 13 73 1
0 14 3 3
0 4 2 2
0 4 67 3
0 2 27 3
0 1 4 3
0 1 17 2
0 7 57 3
0 16 30 1
0 2 27 1
0 1 7 2
0 2 89 1
0 2 96 1
0 4 29 2
0 1 80 1
0 8 27 2
0 6 42 2
0 8 29 1
0 15 100 1
0 9 67 1
0 6 58 3
0 1 95 3
0 13 8 2
0 13 9 1
0 2 88 3
0 11 80 1
0 2 39 2
0 1 5 2
0 19 27 2
0 17 21 2
0 13 27 1
0 8 77 3
0 21 88 1
0 4 38 3
0 1 39 3
0 3 81 1
0 7 82 1
0 1 58 1
0 14 82 3
0 1 69 2
0 12 34 1
0 5 70 1
0 10 97 2
0 24 86 3
0 10 43 3
0 8 66 3
0 14 92 3
0 18 36 2
0 7 93 3
0 3 37 1
0 11 98 1
0 5 42 1
0 2 14 3
0 1 79 2
0 5 96 1
0 8 99 2
0 10 74 1
0 4 71 2
0 16 78 1
0 3 89 1
0 2 21 3
0 10 40 3
0 8 78 1
0 1 4 2
0 16 48 2
0 6 35 1
0 22 61 2
0 3 95 1
0 15 32 3
0 4 98 3
0 1 1 3
0 22 88 2
0 11 50 1
0 9 72 3
0 9 10 1
0 4 59 1
0 22 62 3
0 25 58 2
0 4 72 1
0 2 13 2
0 9 83 2
0 4 7 2
0 6 80 2
0 14 29 2
0 2 24 2
0 24 40 2
0 10 23 1
0 3 98 1
0 13 84 3
0 8 70 3
0 12 26 2
0 3 44 3
0 7 36 2
0 17 50 3
0 5 4 2
0 13 64 1
0 17 78 1
0 4 27 1
0 10 21 2
0 16 56 3
0 2 88 3
0 19 72 1
0 2 85 1
0 1 52 3
0 4 56 1
0 14 56 3
0 5 77 3
0 1 74 1
0 13 2 3
0 14 92 2
0 16 74 2
0 5 34 2
0 3 8 1
0 3 47 3
0 2 73 3
0 10 39 2
0 6 65 1
0 6 91 2
0 13 5 2
0 10 53 3
0 21 69 1
0 18 85 2
0 7 78 1
0 22 75 3
0 20 26 3
0 14 32 3
0 6 17 1
0 21 48 3
0 14 68 2
0 8 94 1
0 7 80 2
0 18 53 2
0 16 65 2
0 8 42 2
0 12 85 2
0 9 93 1
0 1 52 3
0 14 14 3
0 3 73 1
0 7 45 1
0 2 30 1
0 5 23 3
0 11 26 1
0 7 24 3
0 12 91 3
0 8 63 2
0 12 66 2
0 7 67 1
0 2 47 2
0 8 91 1
0 10 87 3
0 2 35 2
0 4 29 1
0 13 63 1
0 18 29 3
0 2 24 2
0 10 77 3
0 4 87 2
0 4 65 2
0 11 12 2
0 12 24 1
0 9 53 3
0 5 32 2
0 5 89 2
0 3 56 1
0 2 45 3
0 1 30 1
0 6 38 2
0 6 92 1
0 14 10 1
0 9 93 2
0 1 43 1
0 5 40 3
0 17 29 3
0 7 98 1
0 11 31 3
0 5 97 2
0 10 2 1
0 8 49 3
0 5 33 2
0 4 44 2
0 2 66 3
0 6 49 3
0 13 74 2
0 8 27 3
0 1 74 3
0 1 96 1
0 7 86 2
0 2 81 2
0 3 51 2
0 1 73 3
0 1 91 3
0 4 68 1
0 14 49 2
0 4 4 1
0 15 18 1
0 1 74 1
0 21 77 3
0 12 86 2
0 9 4 2
0 1 1 2
0 10 81 2
0 1 38 1
0 1 70 1
0 3 25 3
0 7 41 1
0 9 74 2
0 2 70 2
0 4 2 3
0 1 9 2
0 3 66 1
0 4 11 1
0 1 60 1
0 2 8 1
0 5 25 3
0 4 90 2
0 9 24 1
0 3 53 3
0 7 48 2
0 8 55 1
0 2 73 3
0 2 70 3
0 13 75 3
0 1 39 1
0 25 86 2
0 4 53 3
0 14 56 3
0 3 23 2
0 16 68 3
0 3 90 2
0 2 56 3
0 3 92 1
0 18 82 3
0 3 42 1
0 13 96 1
0 2 94 1
0 4 98 3
0 9 18 2
0 18 95 3
0 12 92 2
0 9 78 3
0 4 85 2
0 23 85 2
0 8 70 2
0 14 54 3
0 2 9 2
0 4 56 1
0 13 24 3
0 1 18 2
0 7 18 3
0 8 3 3
0 6 100 2
0 14 17 1
0 1 63 2
0 5973 4524 5434 6154 12354 7825 10867 1303 4908 2358 11659 10855 14164 14807 9244 11118 7491 7238 9827 5171 11811 15649 6307 13252 11612 8245 9378 7325 12373 7634 15128 8280 12441 9190 5172 7815 5347 11403 6378 6703 13004 8282 5692 12951 10166 6354 9185 7347 4003 4792 9330 12716 10197 14603 12161 4536 9761 13529 5935 2390 4605 5685 6771 10279 5520 9642 11055 11340 9228 13700 9053 6014 9112 9385 11892 3845 7752 2021 3854 4946 2427 4200 10648 8236 10603 14162 9458 8799 3484 8212 7231 6780 8558 970 11444 5475 7118 12463 8627 5285
5973 0 9662 1601 6061 8371 12621 8788 7247 9583 7392 13370 6557 11443 12431 15196 12176 7106 12707 13598 10970 16935 19550 6210 17186 6827 13810 14484 1817 14567 13505 18658 14243 9550 10329 960 13651 7543 14646 10527 5203 9349 3390 8120 15640 4220 8533 4142 12859 1973 3486 10419 11223 15802 12193 16455 5007 13647 10292 11215 3775 1577 2273 6198 8074 8022 7651 10917 12017 3675 16119 3265 11623 11196 5187 15896 7698 4121 7944 3031 10550 7888 10172 6409 13968 15307 11568 15331 14739 2905 2251 8769 12370 12159 5521 6589 11425 11736 15927 3919 7905
4524 9662 0 9592 6525 13646 3305 10993 3505 7403 5714 8733 15271 14257 14562 6491 8782 7383 3078 5652 5368 7372 11232 6587 8864 13626 4212 4914 10497 9010 4514 10850 5782 12893 7216 9084 4518 9368 7429 8972 11227 13961 10889 9556 9209 13527 4567 13395 7705 7877 7023 7360 12073 9786 14406 7685 5740 5525 14097 7193 5955 8095 9985 11242 10626 9386 9990 9670 9263 13244 10075 12920 2220 6352 11314 7510 2429 12181 3966 6764 5875 5175 3354 15069 7766 6080 14159 6182 7173 6763 11867 5609 7088 4634 5478 13535 4607 9031 8303 12906 9147
5434 1601 9592 0 7090 9972 12733 10269 6736 8370 6398 14315 5844 13010 13979 14635 13230 8266 12540 14049 10099 16959 20027 7252 17634 8395 13598 14498 3387 15428 13067 19235 13656 11117 11322 938 13249 6042 15256 9178 3640 10949 4988 6620 16401 5312 9228 3804 11805 1819 4433 11425 12670 14753 13742 16784 5771 14065 11882 10110 3679 2223 733 4604 9557 6534 9097 12161 13140 3802 16950 3712 11373 12013 6787 16310 7924 2973 7256 3594 9583 6977 9566 5663 13007 15484 13127 14890 13962 3212 3180 9620 11358 12629 4768 8151 10698 10447 16495 3332 6435
6154 6061 6525 7090 0 7121 8319 4792 6645 11058 8512 7310 12617 8127 8686 13014 6144 1371 9346 8249 10661 12569 13974 172 11714 7291 10473 10317 5734 8538 11040 12921 12270 6542 4269 6175 11035 10920 8925 12527 10406 7462 5287 11392 9688 8492 2991 10156 13058 5500 2657 4361 6569 15660 8489 11275 1685 8373 7713 11893 4655 4867 7795 11069 4281 11234 3629 5245 6059 9493 10104 8877 8732 5238 5060 10536 4122 10035 7710 3651 10729 8519 8958 12470 13603 10582 8094 12675 13483 4204 7593 2837 12442 6848 6664 7244 10431 13247 10251 9979 11024
12354 8371 13646 9972 7121 0 15199 3754 13226 17047 14528 11322 13090 3844 5024 20130 9699 6482 16432 14372 17376 19240 19279 7067 17361 2225 17544 17167 6629 12801 18160 17932 19369 2450 8940 9205 18156 15734 14355 18289 13511 1125 4994 16297 14281 6782 9683 10663 19673 9531 7563 8906 5478 22441 4799 17353 8165 14573 2340 18285 10118 8575 10618 14552 3586 16177 4035 7374 9077 9547 14254 8776 15854 10590 3212 16442 11232 11934 14246 8596 17276 14762 15867 13052 20413 17115 4097 19792 20501 9101 7853 8972 19084 13166 12472 2476 17333 19295 15638 10966 16026
7825 12621 3305 12733 8319 15199 0 11997 6794 10255 8902 7431 18490 14992 15039 6252 8085 8718 2202 3066 7635 4352 8011 8316 5700 15606 2855 1998 13209 7174 4520 7791 6012 13959 7151 12145 4286 12576 4952 11750 14528 15288 13320 12720 6889 16229 5517 16515 9610 10962 9604 7267 12432 10953 14927 4419 8113 2831 15164 9605 9056 11045 13177 14544 11809 12553 11240 9701 8744 16272 7836 15881 2973 5697 13374 4384 4933 15416 7131 9615 8357 8302 5811 18292 9169 2783 14832 5388 7846 9728 14751 6294 9062 2864 8782 15563 6532 11535 5479 16064 12318
10867 8788 10993 10269 4792 3754 11997 0 11433 15770 13207 7567 14735 3337 3955 17430 5945 3639 13491 10814 15444 15825 15537 4665 13664 5328 14551 13902 7482 9046 15441 14181 16771 1963 5292 9355 15385 15232 10656 17192 13896 3431 6056 15750 10527 8978 6599 12171 17847 9193 6488 5241 2482 20417 3743 13738 6332 11035 3170 16677 9036 8299 10996 14774 714 15604 1249 3637 5333 11188 10507 10425 13113 6969 4393 12798 8721 12853 12498 7670 15521 13268 13698 14645 18357 13657 3305 16938 18117 8257 9230 5710 17229 9704 11264 5469 15164 17984 11922 12267 15414
1303 7247 3505 6736 6645 13226 6794 11433 0 4633 2381 11361 12100 14763 15325 7953 10998 7909 6017 9043 4152 10637 14733 6780 12357 12636 6991 8230 8531 11935 6331 14308 6997 13112 9137 6465 6515 5922 10721 6205 7811 13804 9393 6164 12375 11419 6238 10480 6471 5284 5730 9282 13105 9219 15132 11190 5161 8947 14241 5249 3566 5834 6975 7756 10892 5991 10243 11213 11301 10530 13175 10351 4767 8821 10366 11000 3512 8998 1066 4929 4100 2059 2938 11890 7206 9547 14737 8155 7600 4637 9492 7210 5870 7867 2107 12483 4283 6700 11701 9913 5750
4908 9583 7403 8370 11058 17047 10255 15770 4633 0 2565 15890 12038 19056 19714 8269 15612 12385 8657 13007 3166 13146 18199 11208 15945 16047 9199 11070 11287 16342 7614 18045 7318 17308 13767 8628 7935 3513 14822 1592 7220 17775 12571 3270 16610 13674 10866 11335 3674 7798 9535 13913 17610 6533 19509 14586 9442 12851 18370 1941 6935 8683 8180 6498 15173 3166 14541 15829 15931 11838 17469 11966 7437 13375 13947 14639 8120 9279 3671 8453 2284 2588 4480 11820 5102 12714 19061 9065 6698 7950 11547 11844 3413 12035 4586 15848 4376 2249 15626 10639 3017
2358 7392 5714 6398 8512 14528 8902 13207 2381 2565 0 13728 10981 16491 17153 8632 13312 9849 7749 11344 3737 12413 16907 8665 14560 13614 8554 10108 8996 14316 7414 16564 7631 14745 11418 6467 7676 3675 13061 4021 6315 15234 10175 3842 14743 11587 8537 9799 5468 5493 6990 11561 15074 8410 16947 13320 6883 11230 15811 3858 4410 6312 6382 5978 12609 3671 11977 13375 13580 10106 15550 10104 6457 11184 11465 13212 5861 7972 1771 5934 3185 710 3772 10764 6611 11578 16497 9136 7645 5457 9502 9470 4982 10213 2060 13425 4521 4801 14001 9149 3433
11659 13370 8733 14315 7310 11322 7431 7567 11361 15890 13728 0 19927 9432 9018 13682 1623 6436 9584 4764 14098 9797 8050 7165 6451 12712 10266 8701 12923 1479 11911 6638 13409 9220 3055 13427 11699 16998 3627 17482 17387 10883 12117 17350 2971 15397 5366 17461 16399 12608 9921 2982 6589 18186 8994 6970 8558 5053 10227 15911 11272 12106 14993 17875 7836 17178 7601 3986 2301 16761 2992 16111 9964 2548 11117 5941 7870 17285 12230 10744 14593 13396 12085 19778 16269 7666 9179 12779 15193 11213 14818 4725 15791 4583 12516 12801 13257 17706 4659 17288 16942
10855 6557 15271 5844 12617 13090 18490 14735 12100 12038 10981 19927 0 16769 17891 19612 18714 13619 18093 19893 14623 22633 25871 12765 23478 10958 19090 20182 7311 21118 18283 25070 18611 14970 16884 6613 18510 8642 21080 12135 4819 14209 8684 9072 22162 6360 15010 2569 15711 7663 10028 16972 17217 18509 17652 22611 11500 19909 15371 13977 9484 7912 5323 5642 14042 9102 13752 17324 18522 3581 22665 4359 16863 17733 10470 22151 13752 3104 12340 9377 13906 11677 14641 219 17126 21260 16965 20060 18518 9045 5505 15311 15425 18473 9996 10688 15502 13552 22330 2639 9165
14164 11443 14257 13010 8127 3844 14992 3337 14763 19056 16491 9432 16769 0 1182 20641 7893 6959 16628 13424 18781 18565 17447 8002 15854 6066 17653 16821 9879 10838 18655 15984 20017 1894 7940 12144 18581 18332 12910 20451 16644 2758 8274 18867 12345 10552 9772 14277 21184 12173 9641 7848 2843 23749 967 16174 9640 13673 1527 20004 12239 11237 13712 17602 3885 18728 4526 5601 7155 13194 12085 12416 16335 9582 6396 15178 12030 15320 15827 10810 18854 16576 17027 16715 21688 16371 308 20092 21408 11384 11375 8808 20566 12486 14517 6310 18491 21281 14064 14506 18548
14807 12431 14562 13979 8686 5024 15039 3955 15325 19714 17153 9018 17891 1182 0 20853 7561 7431 16780 13257 19270 18427 16938 8546 15469 7243 17768 16803 10919 10365 18878 15448 20274 2932 7900 13094 18783 19157 12584 21144 17618 3940 9336 19681 11854 11705 10015 15384 21688 13051 10422 7792 2611 24180 240 15894 10272 13518 2708 20574 12987 12131 14690 18551 4599 19538 5200 5412 6810 14312 11514 13533 16576 9479 7469 14882 12425 16365 16391 11601 19392 17197 17460 17832 22121 16231 935 20245 21734 12185 12467 9006 21065 12423 15219 7485 18910 21920 13677 15593 19350
9244 15196 6491 14635 13014 20130 6252 17430 7953 8269 8632 13682 19612 20641 20853 0 14283 13852 4159 9138 5163 6233 12157 13078 10459 20013 3435 5373 16395 13348 1989 12610 1001 19352 13130 14416 2073 11660 10918 9189 14923 20450 17061 11509 12844 19341 10869 18289 5510 13237 13205 13262 18294 5368 20715 8934 12108 8864 20560 6612 11464 13747 14789 14458 17093 11387 16464 15690 14909 18437 13801 18293 4317 11838 17695 9515 8898 16579 7390 12670 6012 7935 5070 19394 4286 7057 20522 1198 2244 12487 17444 11852 5289 9112 9873 19904 4125 8267 11040 17675 11209
11118 12176 8782 13230 6144 9699 8085 5945 10998 15612 13312 1623 18714 7893 7561 14283 0 5107 10127 5806 14113 10966 9654 5986 7962 11117 10937 9598 11588 3102 12418 8257 13905 7605 1969 12319 12242 16394 5028 17195 16454 9264 10682 16785 4592 13948 4777 16210 16484 11591 8799 1844 5056 18481 7517 8334 7561 6082 8629 15831 10425 11008 13929 17022 6228 16616 6018 2372 752 15456 4582 14782 10311 2476 9588 7321 7492 16180 11943 9721 14522 13057 12110 18575 16503 8786 7652 13471 15611 10230 13489 3909 15863 5247 11910 11213 13386 17547 6173 16081 16385
7491 7106 7383 8266 1371 6482 8718 3639 7909 12385 9849 6436 13619 6959 7431 13852 5107 0 10006 8151 11845 12813 13612 1205 11451 7060 11101 10691 6495 7772 11864 12453 13165 5511 3401 7336 11826 12290 8538 13869 11675 6639 5725 12763 9042 9006 3201 11106 14260 6763 3874 3459 5226 16791 7245 11189 3056 8316 6714 13155 6021 6058 8986 12376 3243 12605 2613 3929 4911 10353 9349 9687 9537 4702 5029 10366 5083 11169 8973 4950 11963 9829 10068 13484 14730 10731 6898 13418 14482 5519 8394 2585 13637 6835 8028 7064 11532 14557 9872 10992 12395
7238 12707 3078 12540 9346 16432 2202 13491 6017 8657 7749 9584 18093 16628 16780 4159 10127 10006 0 5251 5773 4668 9602 9381 7457 16574 1144 2415 13575 9374 2329 9624 3827 15440 8991 12090 2121 11367 7123 10058 13804 16645 13943 11425 9067 16605 6891 16341 7548 10878 10088 9120 14200 8755 16651 6012 8754 5003 16651 7742 8963 11148 12878 13654 13215 11267 12606 11555 10750 16250 10018 15954 1291 7679 14279 6245 5407 14990 6031 9838 6573 7078 4198 17886 7005 4086 16493 3466 5646 9818 14926 7821 7033 5001 8121 16498 4585 9675 7533 15819 11042
9827 13598 5652 14049 8249 14372 3066 10814 9043 13007 11344 4764 19893 13424 13257 9138 5806 8151 5251 0 10591 5174 5978 8184 3591 15204 5707 3958 13791 4217 7536 5305 9010 12726 5543 13318 7276 14963 1891 14551 16388 14237 13532 15182 3824 16690 5274 17690 12649 12229 10233 5614 10669 14005 13185 3041 8660 289 13879 12542 10453 12077 14600 16579 10805 15010 10340 7854 6541 17262 4770 16758 5994 3865 13155 2310 6210 16922 9613 10590 11260 10824 8678 19710 12235 2983 13219 8148 10871 10860 15530 5573 12089 1441 10793 15214 9540 14454 2658 17336 14770
5171 10970 5368 10099 10661 17376 7635 15444 4152 3166 3737 14098 14623 18781 19270 5163 14113 11845 5773 10591 0 10082 15374 10782 13211 16761 6158 8142 12451 14310 4468 15363 4188 17188 12446 10082 4796 6497 12468 4357 9860 17939 13454 6357 14351 15189 9621 13533 2429 9013 9874 12593 16935 5066 19088 11784 9272 10396 18336 1976 7560 9725 10114 9326 14940 6231 14288 14778 14554 13835 15261 13811 4675 11709 14506 11960 6926 11667 3167 9014 884 3121 2013 14405 3067 9858 18735 5905 3915 8655 13145 10668 1801 9841 5451 16601 1242 3911 13111 12879 6048
11811 16935 7372 16959 12569 19240 4352 15825 10637 13146 12413 9797 22633 18565 18427 6233 10966 12813 4668 5174 10082 0 5966 12550 4621 19817 3948 2461 17560 8910 5699 6617 6679 17768 10637 16419 5356 16012 6272 14439 18445 19213 17654 16046 7899 20581 9653 20759 11350 15221 13956 10722 15833 11600 18352 3230 12459 4910 18945 11967 13302 15358 17357 18319 15738 15891 15218 13020 11707 20567 8783 20199 5959 8983 17627 4145 9273 19537 10698 13947 10944 11736 8783 22430 10373 2197 18368 5035 8447 14033 19086 10269 10960 6122 12726 19790 8841 13848 5783 20277 15671
15649 19550 11232 20027 13974 19279 8011 15537 14733 18199 16907 8050 25871 17447 16938 12157 9654 13612 9602 5978 15374 5966 0 13884 2406 20472 9358 7258 19645 6611 11320 1538 12500 17257 10436 19292 10983 20579 5074 19644 22294 18907 19237 20731 5103 22466 11095 23657 16991 18208 16143 10442 14612 17520 16940 3614 14575 5972 18277 17339 16424 18042 20576 22419 15721 20563 15388 12026 10351 23201 5461 22675 10770 8919 18620 3761 12165 22895 15137 16555 16172 16313 13721 25689 16166 5517 17184 10962 14333 16836 21429 11161 16533 7403 16619 20525 14174 19269 3740 23311 20328
6307 6210 6587 7252 172 7067 8316 4665 6780 11208 8665 7165 12765 8002 8546 13078 5986 1205 9381 8184 10782 12550 13884 0 11634 7290 10505 10313 5851 8404 11101 12819 12342 6435 4119 6336 11091 11089 8829 12681 10576 7384 5364 11560 9566 8584 2943 10298 13183 5669 2819 4210 6412 15772 8352 11215 1852 8313 7611 12029 4826 5030 7959 11240 4169 11402 3516 5072 5893 9625 9971 9003 8789 5120 5078 10465 4195 10195 7846 3822 10859 8665 9065 12619 13714 10550 7964 12725 13572 4375 7717 2733 12565 6791 6826 7249 10536 13393 10157 10127 11191
13252 17186 8864 17634 11714 17361 5700 13664 12357 15945 14560 6451 23478 15854 15469 10459 7962 11451 7457 3591 13211 4621 2406 11634 0 18416 7379 5241 17336 5170 9370 2184 10664 15471 8429 16908 9045 18226 3008 17420 19890 17080 16997 18394 3801 20197 8787 21281 14965 15815 13804 8456 13014 15754 15444 1526 12231 3570 16549 15186 14022 15668 18177 20023 13778 18225 13393 10298 8699 20846 4516 20334 8555 6823 16480 1360 9761 20494 12794 14181 13981 13981 11479 23294 14255 3464 15610 9293 12541 14450 19098 8938 14473 5027 14223 18452 12040 17121 1793 20926 17988
11612 6827 13626 8395 7291 2225 15606 5328 12636 16047 13614 12712 10958 6066 7243 20013 11117 7060 16574 15204 16761 19817 20472 7290 18416 0 17713 17603 5013 14180 18088 19203 19184 4536 10036 7741 18127 14356 15442 17168 11783 3342 3505 14931 15612 4610 10165 8594 18950 8297 6919 10033 7439 21808 7016 18237 7908 15374 4565 17453 9256 7376 8977 12871 4907 14826 5116 8914 10574 7460 15697 6703 15843 11595 2319 17388 11203 10033 13595 7759 16553 13942 15442 10932 19828 17770 6313 19805 20140 8174 5906 9645 18390 13895 11563 272 16876 18275 16761 8955 14697
8245 13810 4212 13598 10473 17544 2855 14551 6991 9199 8554 10266 19090 17653 17768 3435 10937 11101 1144 5707 6158 3948 9358 10505 7379 17713 0 2137 14706 9914 1992 9562 3362 16506 9924 13175 1672 12104 7508 10510 14720 17738 15086 12118 9444 17734 7958 17392 7633 11961 11229 10047 15174 8451 17645 5872 9899 5435 17717 8076 10053 12258 13914 14512 14295 11966 13693 12486 11589 17330 10402 17050 2231 8530 15419 6288 6552 15987 6893 10963 7010 7862 4857 18881 6877 3916 17510 2534 5252 10929 16036 8858 7181 5717 9097 17638 4921 9984 7726 16857 11749
9378 14484 4914 14498 10317 17167 1998 13902 8230 11070 10108 8701 20182 16821 16803 5373 9598 10691 2415 3958 8142 2461 7258 10313 5241 17603 2137 0 15147 8145 4129 7425 5456 15863 8906 13960 3805 13751 5608 12456 16040 17227 15301 13824 7506 18175 7492 18298 9749 12761 11556 9011 14191 10556 16704 3737 10085 3670 17061 10096 10841 12908 14900 15953 13744 13664 13188 11413 10301 18110 8459 17749 3678 7346 15372 4174 6846 17088 8364 11506 8962 9451 6612 19979 9014 1779 16647 4287 7345 11581 16646 8225 9279 4396 10303 17561 6927 12021 5667 17818 13437
7325 1817 10497 3387 5734 6629 13209 7482 8531 11287 8996 12923 7311 9879 10919 16395 11588 6495 13575 13791 12451 17560 19645 5851 17336 5013 14706 15147 0 14223 14613 18638 15473 7999 9873 2750 14727 9358 14629 12292 6883 7644 1639 9935 15415 3034 8552 4745 14452 3506 3617 9942 9960 17379 10679 16752 5167 13877 8647 12849 4965 2726 3999 7929 6777 9835 6450 10044 11325 3881 15797 3193 12586 10970 3508 16101 8303 5446 9341 3758 12100 9434 11466 7206 15491 15785 10028 16424 16119 3911 1901 8567 13937 12355 7028 4773 12795 13471 15945 4789 9715
12373 14567 9010 15428 8538 12801 7174 9046 11935 16342 14316 1479 21118 10838 10365 13348 3102 7772 9374 4217 14310 8910 6611 8404 5170 14180 9914 8145 14223 0 11692 5175 13181 10687 4371 14563 11449 17717 2642 17929 18369 12355 13486 18033 1510 16769 6279 18687 16525 13681 11090 4322 8001 18105 10355 5890 9658 4497 11679 16190 12230 13243 16086 18791 9312 17860 9065 5457 3760 18028 1577 17398 9937 3423 12548 4864 8531 18401 12728 11836 14876 13923 12315 20963 16261 6882 10577 12364 15020 12272 16107 5814 15934 4496 13273 14265 13376 18041 3407 18482 17622
7634 13505 4514 13067 11040 18160 4520 15441 6331 7614 7414 11911 18283 18655 18878 1989 12418 11864 2329 7536 4468 5699 11320 11101 9370 18088 1992 4129 14613 11692 0 11553 1498 17363 11194 12771 344 10763 9385 8803 13718 18468 15202 10704 11329 17594 8885 16795 5686 11572 11332 11328 16326 6498 18737 7861 10180 7277 18571 6287 9739 12014 13286 13377 15105 10563 14476 13747 13023 16861 12285 16666 2328 9955 15770 8273 6933 15206 5944 10864 5349 6704 3655 18068 4885 5906 18539 1828 3335 10724 15756 9874 5268 7329 8361 17985 3239 8151 9682 16211 10361
15128 18658 10850 19235 12921 17932 7791 14181 14308 18045 16564 6638 25070 15984 15448 12610 8257 12453 9624 5305 15363 6617 1538 12819 2184 19203 9562 7425 18638 5175 11553 0 12840 15858 9185 18462 11228 20213 4016 19539 21685 17520 18137 20406 3668 21393 10135 22789 17144 17420 15207 9178 13157 17924 15456 3699 13654 5369 16853 17339 15698 17185 19816 21884 14399 20236 14097 10624 8933 22277 3944 21721 10695 7754 17422 3410 11493 22147 14809 15705 16120 16009 13597 24894 16438 5647 15716 11435 14712 16026 20457 10086 16649 6650 16096 19268 14202 19274 2740 22479 19997
8280 14243 5782 13656 12270 19369 6012 16771 6997 7318 7631 13409 18611 20017 20274 1001 13905 13165 3827 9010 4188 6679 12500 12342 10664 19184 3362 5456 15473 13181 1498 12840 0 18675 12648 13452 1734 10682 10844 8297 13923 19726 16179 10543 12786 18404 10262 17298 4758 12280 12338 12784 17740 5099 20128 9142 11292 8747 19879 5720 10528 12810 13801 13464 16407 10418 15771 15193 14504 17457 13743 17322 3701 11439 16866 9629 8148 15580 6405 11764 5048 6934 4091 18394 3694 7210 19909 1821 1891 11563 16489 11271 4466 8827 8890 19068 3126 7444 11087 16681 10236
12441 9550 12893 11117 6542 2450 13959 1963 13112 17308 14745 9220 14970 1894 2932 19352 7605 5511 15440 12726 17188 17768 17257 6435 15471 4536 16506 15863 7999 10687 17363 15858 18675 0 7185 10252 17315 16477 12471 18675 14750 1690 6407 17017 12190 8837 8550 12455 19569 10300 7829 7122 3047 22200 2692 15614 7955 12953 1212 18329 10440 9359 11818 15709 2275 16881 2923 5234 6927 11389 12076 10611 15035 8866 4537 14657 10579 13444 14171 8985 17213 14865 15499 14908 20144 15594 2029 18881 19981 9553 9536 7672 18957 11646 12745 4751 16971 19544 13707 12661 16704
9190 10329 7216 11322 4269 8940 7151 5292 9137 13767 11418 3055 16884 7940 7900 13130 1969 3401 8991 5543 12446 10637 10436 4119 8429 10036 9924 8906 9873 4371 11194 9185 12648 7185 0 10421 11060 14441 5429 15342 14499 8723 9116 14840 5676 12399 2901 14410 14850 9655 6903 147 5289 16998 7798 8445 5611 5776 8336 14091 8456 9103 12012 15056 5354 14671 4967 2564 2165 13706 5948 13059 8969 1681 8249 7511 5661 14283 10112 7784 12796 11195 10468 16738 14981 8447 7754 12434 14259 8282 11766 1960 14223 4547 9962 10092 11809 15756 6734 14246 14442
5172 960 9084 938 6175 9205 12145 9355 6465 8628 6467 13427 6613 12144 13094 14416 12319 7336 12090 13318 10082 16419 19292 6336 16908 7741 13175 13960 2750 14563 12771 18462 13452 10252 10421 0 12932 6615 14468 9567 4542 10152 4267 7191 15565 5120 8402 4391 11930 1213 3521 10521 11745 14876 12859 16106 4909 13347 11050 10275 3131 1321 1669 5459 8644 7088 8174 11225 12217 4161 16094 3897 10966 11156 6000 15596 7269 3862 7104 2764 9637 6983 9367 6443 13060 14870 12253 14598 13884 2462 3066 8750 11449 11889 4647 7508 10581 10777 15724 4020 6965
7815 13651 4518 13249 11035 18156 4286 15385 6515 7935 7676 11699 18510 18581 18783 2073 12242 11826 2121 7276 4796 5356 10983 11091 9045 18127 1672 3805 14727 11449 344 11228 1734 17315 11060 12932 0 11057 9113 9137 13970 18444 15282 11007 11056 17719 8810 16990 6029 11729 11407 11192 16221 6789 18646 7533 10223 7013 18525 6626 9880 12148 13482 13647 15063 10866 14439 13618 12858 17037 12013 16828 2303 9788 15811 7960 6945 15427 6172 10972 5675 6967 3907 18296 5210 5581 18459 1700 3606 10849 15901 9785 5612 7117 8564 18029 3562 8494 9384 16413 10661
5347 7543 9368 6042 10920 15734 12576 15232 5922 3513 3675 16998 8642 18332 19157 11660 16394 12290 11367 14963 6497 16012 20579 11089 18226 14356 12104 13751 9358 17717 10763 20213 10682 16477 14441 6615 11057 0 16636 3521 3879 16615 10871 578 18254 11224 11664 8273 7134 6218 8744 14577 17382 9874 18932 16995 9238 14862 17405 5437 6276 7176 5612 3021 14562 510 13985 16096 16562 8959 19024 9239 10081 14454 12525 16876 9186 6105 5445 7562 5660 4302 7249 8427 8597 15247 18394 12357 10200 6975 9110 12486 6920 13780 4490 14124 7604 4932 17621 7561 523
11403 14646 7429 15256 8925 14355 4952 10656 10721 14822 13061 3627 21080 12910 12584 10918 5028 8538 7123 1891 12468 6272 5074 8829 3008 15442 7508 5608 14629 2642 9385 4016 10844 12471 5429 14468 9113 16636 0 16378 17825 14074 14172 16883 1945 17412 6119 18781 14540 13446 11191 5452 10080 15870 12544 3342 9641 2122 13560 14413 11768 13184 15851 18093 10773 16710 10396 7326 5777 18262 2900 17705 7884 3855 13553 2314 7645 18186 11359 11707 13124 12574 10540 20907 14118 4250 12675 9880 12718 12045 16443 6099 13978 2856 12357 15486 11428 16319 1334 18481 16470
6378 10527 8972 9178 12527 18289 11750 17192 6205 1592 4021 17482 12135 20451 21144 9189 17195 13869 10058 14551 4357 14439 19644 12681 17420 17168 10510 12456 12292 17929 8803 19539 8297 18675 15342 9567 9137 3521 16378 0 7400 19062 13668 3063 18181 14477 12442 11766 3975 8871 10858 15487 19093 6463 20935 16035 10886 14389 19708 2578 8242 9797 8876 6493 16578 3040 15954 17373 17506 12396 19045 12615 8876 14966 15142 16129 9703 9616 5259 9735 3502 4148 5942 11922 5481 14138 20468 10100 7361 9201 12342 13412 3965 13606 5935 16957 5599 1417 17157 11056 3006
6703 5203 11227 3640 10406 13511 14528 13896 7811 7220 6315 17387 4819 16644 17618 14923 16454 11675 13804 16388 9860 18445 22294 10576 19890 11783 14720 16040 6883 18369 13718 21685 13923 14750 14499 4542 13970 3879 17825 7400 0 14522 8520 4360 19184 7967 12090 4504 10893 4913 7803 14616 16277 13708 17381 18848 8894 16352 15490 9158 6139 5673 2932 1148 13186 4364 12711 15603 16445 5342 19828 5775 12531 14954 10367 18533 10196 2301 7839 6758 9116 7024 10064 4601 12308 17306 16764 15451 13732 6227 6005 12665 10607 15042 5750 11525 10798 8811 18974 3798 4398
13004 9349 13961 10949 7462 1125 15288 3431 13804 17775 15234 10883 14209 2758 3940 20450 9264 6639 16645 14237 17939 19213 18907 7384 17080 3342 17738 17227 7644 12355 18468 17520 19726 1690 8723 10152 18444 16615 14074 19062 14522 0 6005 17173 13854 7907 9800 11771 20273 10398 8244 8672 4704 22992 3722 17168 8672 14454 1234 18938 10841 9440 11612 15545 3483 17048 4051 6898 8598 10660 13757 9887 16146 10399 4162 16227 11580 13000 14843 9331 17886 15428 16354 14169 20950 17057 3026 20051 20935 9861 8940 9002 19674 13100 13190 3596 17826 20023 15327 12062 16888
8282 3390 10889 4988 5287 4994 13320 6056 9393 12571 10175 12117 8684 8274 9336 17061 10682 5725 13943 13532 13454 17654 19237 5364 16997 3505 15086 15301 1639 13486 15202 18137 16179 6407 9116 4267 15282 10871 14172 13668 8520 6005 0 11443 14767 3283 8261 6127 15570 4797 3876 9164 8536 18462 9096 16550 5224 13649 7016 14029 5895 3888 5625 9558 5372 11335 5136 8925 10335 5132 15062 4372 13060 10389 1882 15822 8551 7049 10295 4465 13184 10543 12282 8601 16518 15760 8434 16981 16980 4800 3182 8076 15027 12122 8142 3289 13674 14789 15503 6273 11201
5692 8120 9556 6620 11392 16297 12720 15750 6164 3270 3842 17350 9072 18867 19681 11509 16785 12763 11425 15182 6357 16046 20731 11560 18394 14931 12118 13824 9935 18033 10704 20406 10543 17017 14840 7191 11007 578 16883 3063 4360 17173 11443 0 18531 11796 12037 8796 6808 6775 9262 14977 17879 9483 19458 17134 9708 15071 17953 5149 6764 7733 6187 3430 15084 173 14502 16544 16972 9505 19317 9798 10146 14803 13090 17049 9508 6616 5600 8081 5497 4418 7264 8859 8290 15357 18925 12252 9965 7497 9684 12882 6637 14030 4878 14699 7506 4481 17840 8084 414
12951 15640 9209 16401 9688 14281 6889 10527 12375 16610 14743 2971 22162 12345 11854 12844 4592 9042 9067 3824 14351 7899 5103 9566 3801 15612 9444 7506 15415 1510 11329 3668 12786 12190 5676 15565 11056 18254 1945 18181 19184 13854 14767 18531 0 18046 7174 19778 16458 14620 12154 5648 9509 17815 11850 4736 10662 4064 13188 16282 13060 14254 17035 19532 10769 18358 10496 6957 5265 19170 958 18565 9804 4455 13916 3757 9122 19365 13081 12810 14984 14292 12400 21999 16058 6033 12082 11790 14661 13207 17281 6882 15890 4575 13884 15689 13334 18175 2149 19534 18118
10166 4220 13527 5312 8492 6782 16229 8978 11419 13674 11587 15397 6360 10552 11705 19341 13948 9006 16605 16690 15189 20581 22466 8584 20197 4610 17734 18175 3034 16769 17594 21393 18404 8837 12399 5120 17719 11224 17412 14477 7967 7907 3283 11796 18046 0 11420 4105 17045 6187 6625 12447 11397 19992 11470 19682 8148 16791 9101 15377 7877 5594 5621 9112 8350 11729 8232 12114 13578 2964 18344 2284 15603 13655 4590 18993 11333 5884 12155 6774 14757 12101 14356 6344 18180 18778 10771 19412 18952 6871 2135 11313 16569 15264 9741 4341 15634 15758 18740 4583 11657
6354 8533 4567 9228 2991 9683 5517 6599 6238 10866 8537 5366 15010 9772 10015 10869 4777 3201 6891 5274 9621 9653 11095 2943 8787 10165 7958 7492 8552 6279 8885 10135 10262 8550 2901 8402 8810 11664 6119 12442 12090 9800 8261 12037 7174 11420 0 12673 12041 7446 5072 3047 7507 14313 9866 8289 3526 5388 9761 11215 5952 7098 9861 12530 6340 11867 5749 5162 5065 12142 7755 11592 6569 2869 8002 7574 2764 12191 7211 5641 9929 8297 7676 14843 12271 7618 9654 10342 11735 6033 10337 1053 11412 3861 7175 10142 9066 12859 7416 12394 11634
9185 4142 13395 3804 10156 10663 16515 12171 10480 11335 9799 17461 2569 14277 15384 18289 16210 11106 16341 17690 13533 20759 23657 10298 21281 8594 17392 18298 4745 18687 16795 22789 17298 12455 14410 4391 16990 8273 18781 11766 4504 11771 6127 8796 19778 4105 12673 0 14960 5554 7625 14493 14653 17864 15144 20496 9146 17726 12908 13219 7462 5615 3509 5611 11476 8777 11183 14772 15997 1144 20245 1892 15164 15331 7935 19976 11659 2203 10902 7101 12915 10448 13230 2475 16281 19253 14463 18609 17444 6851 2945 12902 14588 16256 8438 8322 14262 13151 20055 712 8772
7347 12859 7705 11805 13058 19673 9610 17847 6471 3674 5468 16399 15711 21184 21688 5510 16484 14260 7548 12649 2429 11350 16991 13183 14965 18950 7633 9749 14452 16525 5686 17144 4758 19569 14850 11930 6029 7134 14540 3975 10893 20273 15570 6808 16458 17045 12041 14960 0 10955 12127 14996 19362 2949 21504 13480 11628 12431 20706 1744 9696 11748 11701 10147 17332 6733 16680 17200 16943 15405 17387 15477 6655 14057 16732 13788 9354 12937 5430 11194 2401 5029 4382 15493 1506 11522 21143 6568 3466 10784 14947 13089 629 12031 7438 18776 3150 2821 15064 14272 6619
4003 1973 7877 1819 5500 9531 10962 9193 5284 7798 5493 12608 7663 12173 13051 13237 11591 6763 10878 12229 9013 15221 18208 5669 15815 8297 11961 12761 3506 13681 11572 17420 12280 10300 9655 1213 11729 6218 13446 8871 4913 10398 4797 6775 14620 6187 7446 5554 10955 0 2894 9765 11490 13889 12821 14974 4052 12247 11196 9344 1923 958 2415 5647 8498 6651 7968 10692 11552 5373 15189 5104 9753 10259 6333 14492 6118 4748 5971 1871 8619 5952 8203 7482 12027 13700 12252 13399 12767 1413 4209 7891 10450 10810 3563 8085 9452 10002 14680 5130 6496
4792 3486 7023 4433 2657 7563 9604 6488 5730 9535 6990 9921 10028 9641 10422 13205 8799 3874 10088 10233 9874 13956 16143 2819 13804 6919 11229 11556 3617 11090 11332 15207 12338 7829 6903 3521 11407 8744 11191 10858 7803 8244 3876 9262 12154 6625 5072 7625 12127 2894 0 7002 8681 14937 10201 13163 1574 10305 8850 10722 2616 2210 5140 8530 5823 9117 5241 7800 8711 7070 12638 6532 9185 7711 4637 12542 4730 7383 6717 1182 9727 7200 8526 9873 12935 12169 9683 13106 13226 1771 5297 5285 11548 8793 4950 6778 9956 11783 12485 7392 8928
9330 10419 7360 11425 4361 8906 7267 5241 9282 13913 11561 2982 16972 7848 7792 13262 1844 3459 9120 5614 12593 10722 10442 4210 8456 10033 10047 9011 9942 4322 11328 9178 12784 7122 147 10521 11192 14577 5452 15487 14616 8672 9164 14977 5648 12447 3047 14493 14996 9765 7002 0 5181 17141 7693 8498 5725 5851 8267 14238 8581 9205 12117 15178 5322 14809 4950 2439 2020 13781 5898 13130 9107 1749 8269 7557 5808 14384 10259 7894 12943 11340 10615 16828 15126 8530 7658 12559 14399 8395 11836 2099 14370 4643 10100 10092 11954 15903 6750 14335 14580
12716 11223 12073 12670 6569 5478 12432 2482 13105 17610 15074 6589 17217 2843 2611 18294 5056 5226 14200 10669 16935 15833 14612 6412 13014 7439 15174 14191 9960 8001 16326 13157 17740 3047 5289 11745 16221 17382 10080 19093 16277 4704 8536 17879 9509 11397 7507 14653 19362 11490 8681 5181 0 21771 2520 13361 8234 10926 3787 18336 11117 10631 13400 17117 3183 17726 3575 2815 4315 13666 9278 12902 14038 6872 6835 12358 10029 15309 14164 9854 17116 15050 15071 17128 19717 13637 2596 17661 19241 10445 11712 6476 18735 9813 13227 7623 16503 19776 11223 14747 17525
10197 15802 9786 14753 15660 22441 10953 20417 9219 6533 8410 18186 18509 23749 24180 5368 18481 16791 8755 14005 5066 11600 17520 15772 15754 21808 8451 10556 17379 18105 6498 17924 5099 22200 16998 14876 6789 9874 15870 6463 13708 22992 18462 9483 17815 19992 14313 17864 2949 13889 14937 17141 21771 0 24007 14229 14321 13754 23361 4659 12572 14667 14640 12892 19940 9432 19287 19451 19009 18336 18769 18419 8222 16010 19564 14728 11756 15810 8221 14051 5282 7945 6723 18293 2060 12307 23688 6566 3213 13665 17895 15364 3442 13652 10354 21642 5271 5079 16173 17171 9351
14603 12193 14406 13742 8489 4799 14927 3743 15132 19509 16947 8994 17652 967 240 20715 7517 7245 16651 13185 19088 18352 16940 8352 15444 7016 17645 16704 10679 10355 18737 15456 20128 2692 7798 12859 18646 18932 12544 20935 17381 3722 9096 19458 11850 11470 9866 15144 21504 12821 10201 7693 2520 24007 0 15846 10067 13444 2493 20381 12770 11899 14453 18316 4379 19315 4986 5332 6767 14073 11528 13294 16432 9391 7229 14837 12254 16125 16197 11379 19203 16996 17285 17593 21947 16155 704 20116 21577 11962 12227 8864 20882 12330 15007 7257 18738 21718 13651 15353 19129
12161 16455 7685 16784 11275 17353 4419 13738 11190 14586 13320 6970 22611 16174 15894 8934 8334 11189 6012 3041 11784 3230 3614 11215 1526 18237 5872 3737 16752 5890 7861 3699 9142 15614 8445 16106 7533 16995 3342 16035 18848 17168 16550 17134 4736 19682 8289 20496 13480 14974 13163 8498 13361 14229 15846 0 11593 2902 16740 13754 13127 14906 17291 18918 13773 16968 13331 10573 9085 20130 5586 19658 7159 6772 16197 1031 8860 19583 11550 13427 12572 12717 10107 22421 12743 1958 15948 7770 11017 13645 18452 8614 12999 4429 13128 18250 10595 15688 2591 20103 16733
4536 5007 5740 5771 1685 8165 8113 6332 5161 9442 6883 8558 11500 9640 10272 12108 7561 3056 8754 8660 9272 12459 14575 1852 12231 7908 9899 10085 5167 9658 10180 13654 11292 7955 5611 4909 10223 9238 9641 10886 8894 8672 5224 9708 10662 8148 3526 9146 11628 4052 1574 5725 8234 14321 10067 11593 0 8732 9080 10376 2986 3593 6438 9492 5756 9550 5114 6888 7567 8630 11185 8103 7949 6247 5590 10968 3347 8744 6217 2186 9261 6938 7703 11337 12278 10631 9631 11907 12344 2671 6871 3849 11022 7219 4994 7806 9171 11652 10927 8876 9339
9761 13647 5525 14065 8373 14573 2831 11035 8947 12851 11230 5053 19909 13673 13518 8864 6082 8316 5003 289 10396 4910 5972 8313 3570 15374 5435 3670 13877 4497 7277 5369 8747 12953 5776 13347 7013 14862 2122 14389 16352 14454 13649 15071 4064 16791 5388 17726 12431 12247 10305 5851 10926 13754 13444 2902 8732 0 14111 12353 10452 12117 14607 16523 11013 14900 10539 8112 6815 17315 5015 16822 5778 4102 13308 2250 6195 16924 9490 10631 11077 10699 8499 19725 11997 2715 13470 7867 10612 10887 15601 5733 11875 1529 10730 15381 9331 14270 2781 17362 14660
13529 10292 14097 11882 7713 2340 15164 3170 14241 18370 15811 10227 15371 1527 2708 20560 8629 6714 16651 13879 18336 18945 18277 7611 16549 4565 17717 17061 8647 11679 18571 16853 19879 1212 8336 11050 18525 17405 13560 19708 15490 1234 7016 17953 13188 9101 9761 12908 20706 11196 8850 8267 3787 23361 2493 16740 9080 14111 0 19438 11466 10244 12564 16486 3472 17822 4114 6263 7926 11808 13020 11032 16243 10015 5139 15772 11772 14055 15295 9984 18340 15956 16670 15325 21307 16766 1804 20093 21172 10539 10041 8880 20098 12824 13792 4816 18143 20612 14775 13172 17652
5935 11215 7193 10110 11893 18285 9605 16677 5249 1941 3858 15911 13977 20004 20574 6612 15831 13155 7742 12542 1976 11967 17339 12029 15186 17453 8076 10096 12849 16190 6287 17339 5720 18329 14091 10275 6626 5437 14413 2578 9158 18938 14029 5149 16282 15377 11215 13219 1744 9344 10722 14238 18336 4659 20381 13754 10376 12353 19438 0 8209 10170 9982 8436 16126 5060 15480 16329 16230 13677 17183 13764 6650 13472 15274 13936 8462 11193 4184 9727 1319 3525 3885 13759 3162 11823 19982 7526 4853 9280 13267 12244 1488 11747 5891 17269 3168 1935 15078 12530 4930
2390 3775 5955 3679 4655 10118 9056 9036 3566 6935 4410 11272 9484 12239 12987 11464 10425 6021 8963 10453 7560 13302 16424 4826 14022 9256 10053 10841 4965 12230 9739 15698 10528 10440 8456 3131 9880 6276 11768 8242 6139 10841 5895 6764 13060 7877 5952 7462 9696 1923 2616 8581 11117 12572 12770 13127 2986 10452 11466 8209 0 2283 4164 6608 8393 6610 7788 9874 10492 7292 13691 6997 7855 8818 7066 12686 4271 6472 4409 1524 7301 4689 6502 9294 10623 11806 12271 11563 11159 1095 6022 6568 9142 9056 2354 9081 7836 9184 12965 7010 6408
4605 1577 8095 2223 4867 8575 11045 8299 5834 8683 6312 12106 7912 11237 12131 13747 11008 6058 11148 12077 9725 15358 18042 5030 15668 7376 12258 12908 2726 13243 12014 17185 12810 9359 9103 1321 12148 7176 13184 9797 5673 9440 3888 7733 14254 5594 7098 5615 11748 958 2210 9205 10631 14667 11899 14906 3593 12117 10244 10170 2283 0 2932 6486 7598 7609 7086 9968 10919 5239 14776 4841 10083 9839 5380 14367 6125 5180 6618 1487 9385 6722 8772 7747 12768 13735 11322 13836 13404 1333 3778 7429 11225 10642 4313 7170 10080 10902 14449 5298 7453
5685 2273 9985 733 7795 10618 13177 10996 6975 8180 6382 14993 5323 13712 14690 14789 13929 8986 12878 14600 10114 17357 20576 7959 18177 8977 13914 14900 3999 16086 13286 19816 13801 11818 12012 1669 13482 5612 15851 8876 2932 11612 5625 6187 17035 5621 9861 3509 11701 2415 5140 12117 13400 14640 14453 17291 6438 14607 12564 9982 4164 2932 0 3934 10283 6115 9827 12886 13850 3724 17600 3786 11683 12667 7451 16845 8435 2335 7400 4253 9546 7003 9726 5131 12954 15943 13833 15100 14009 3828 3498 10286 11283 13190 4930 8727 10788 10186 17077 2944 6038
6771 6198 11242 4604 11069 14552 14544 14774 7756 6498 5978 17875 5642 17602 18551 14458 17022 12376 13654 16579 9326 18319 22419 11240 20023 12871 14512 15953 7929 18791 13377 21884 13464 15709 15056 5459 13647 3021 18093 6493 1148 15545 9558 3430 19532 9112 12530 5611 10147 5647 8530 15178 17117 12892 18316 18918 9492 16523 16486 8436 6608 6486 3934 0 14068 3464 13569 16302 17058 6481 20214 6923 12367 15398 11383 18663 10450 3414 7627 7426 8534 6685 9748 5430 11598 17303 17712 15061 13132 6865 7135 13176 9911 15273 5801 12615 10343 7911 19199 4913 3542
10279 8074 10626 9557 4281 3586 11809 714 10892 15173 12609 7836 14042 3885 4599 17093 6228 3243 13215 10805 14940 15738 15721 4169 13778 4907 14295 13744 6777 9312 15105 14399 16407 2275 5354 8644 15063 14562 10773 16578 13186 3483 5372 15084 10769 8350 6340 11476 17332 8498 5823 5322 3183 19940 4379 13773 5756 11013 3472 16126 8393 7598 10283 14068 0 14940 653 4011 5668 10503 10809 9743 12777 7006 3760 12857 8304 12140 11954 7003 14988 12691 13232 13951 17882 13591 3890 16644 17706 7588 8538 5520 16717 9634 10645 5022 14703 17396 12062 11564 14752
5520 8022 9386 6534 11234 16177 12553 15604 5991 3166 3671 17178 9102 18728 19538 11387 16616 12605 11267 15010 6231 15891 20563 11402 18225 14826 11966 13664 9835 17860 10563 20236 10418 16881 14671 7088 10866 510 16710 3040 4364 17048 11335 173 18358 11729 11867 8777 6733 6651 9117 14809 17726 9432 19315 16968 9550 14900 17822 5060 6610 7609 6115 3464 14940 0 14356 16381 16804 9468 19144 9749 9987 14630 12972 16880 9335 6604 5431 7937 5375 4251 7110 8888 8209 15193 18785 12120 9864 7353 9613 12713 6548 13857 4709 14595 7372 4455 17668 8065 240
9642 7651 9990 9097 3629 4035 11240 1249 10243 14541 11977 7601 13752 4526 5200 16464 6018 2613 12606 10340 14288 15218 15388 3516 13393 5116 13693 13188 6450 9065 14476 14097 15771 2923 4967 8174 14439 13985 10396 15954 12711 4051 5136 14502 10496 8232 5749 11183 16680 7968 5241 4950 3575 19287 4986 13331 5114 10539 4114 15480 7788 7086 9827 13569 653 14356 0 3928 5515 10244 10590 9496 12149 6586 3680 12433 7659 11746 11306 6423 14339 12051 12580 13652 17230 13084 4520 16027 17060 7011 8262 4966 16065 9132 10023 5200 14051 16760 11700 11235 14165
11055 10917 9670 12161 5245 7374 9701 3637 11213 15829 13375 3986 17324 5601 5412 15690 2372 3929 11555 7854 14778 13020 12026 5072 10298 8914 12486 11413 10044 5457 13747 10624 15193 5234 2564 11225 13618 16096 7326 17373 15603 6898 8925 16544 6957 12114 5162 14772 17200 10692 7800 2439 2815 19451 5332 10573 6888 8112 6263 16329 9874 9968 12886 16302 4011 16381 3928 0 1705 13918 6882 13200 11504 4073 7603 9580 7873 15022 12238 8876 15059 13241 12837 17204 17417 10823 5380 14998 16776 9441 11927 4111 16572 7022 11714 9033 14220 17906 8517 14730 16163
11340 12017 9263 13140 6059 9077 8744 5333 11301 15931 13580 2301 18522 7155 6810 14909 752 4911 10750 6541 14554 11707 10351 5893 8699 10574 11589 10301 11325 3760 13023 8933 14504 6927 2165 12217 12858 16562 5777 17506 16445 8598 10335 16972 5265 13578 5065 15997 16943 11552 8711 2020 4315 19009 6767 9085 7567 6815 7926 16230 10492 10919 13850 17058 5668 16804 5515 1705 0 15204 5177 14512 10878 3071 9145 8072 7820 16067 12274 9690 14929 13359 12562 18390 17014 9523 6911 14123 16183 10220 13225 4113 16319 5929 12095 10682 13870 17911 6909 15899 16576
9228 3675 13244 3802 9493 9547 16272 11188 10530 11838 10106 16761 3581 13194 14312 18437 15456 10353 16250 17262 13835 20567 23201 9625 20846 7460 17330 18110 3881 18028 16861 22277 17457 11389 13706 4161 17037 8959 18262 12396 5342 10660 5132 9505 19170 2964 12142 1144 15405 5373 7070 13781 13666 18336 14073 20130 8630 17315 11808 13677 7292 5239 3724 6481 10503 9468 10244 13918 15204 0 19596 779 15115 14715 6893 19563 11362 3093 11054 6707 13270 10720 13367 3521 16674 18973 13387 18686 17724 6544 1992 12289 14998 15821 8566 7188 14482 13755 19555 1662 9439
13700 16119 10075 16950 10104 14254 7836 10507 13175 17469 15550 2992 22665 12085 11514 13801 4582 9349 10018 4770 15261 8783 5461 9971 4516 15697 10402 8459 15797 1577 12285 3944 13743 12076 5948 16094 12013 19024 2900 19045 19828 13757 15062 19317 958 18344 7755 20245 17387 15189 12638 5898 9278 18769 11528 5586 11185 5015 13020 17183 13691 14776 17600 20214 10809 19144 10590 6882 5177 19596 0 18969 10738 4938 14105 4639 9857 19921 13911 13356 15880 15118 13298 22508 17005 6966 11811 12744 15618 13777 17679 7354 16816 5447 14620 15789 14258 19068 3002 20030 18904
9053 3265 12920 3712 8877 8776 15881 10425 10351 11966 10104 16111 4359 12416 13533 18293 14782 9687 15954 16758 13811 20199 22675 9003 20334 6703 17050 17749 3193 17398 16666 21721 17322 10611 13059 3897 16828 9239 17705 12615 5775 9887 4372 9798 18565 2284 11592 1892 15477 5104 6532 13130 12902 18419 13294 19658 8103 16822 11032 13764 6997 4841 3786 6923 9743 9749 9496 13200 14512 779 18969 0 14850 14112 6117 19065 10953 3618 10940 6272 13285 10689 13231 4300 16705 18554 12608 18493 17672 6169 1293 11693 15046 15317 8455 6431 14398 13949 19008 2304 9702
6014 11623 2220 11373 8732 15854 2973 13113 4767 7437 6457 9964 16863 16335 16576 4317 10311 9537 1291 5994 4675 5959 10770 8789 8555 15843 2231 3678 12586 9937 2328 10695 3701 15035 8969 10966 2303 10081 7884 8876 12531 16146 13060 10146 9804 15603 6569 15164 6655 9753 9185 9107 14038 8222 16432 7159 7949 5778 16243 6650 7855 10083 11683 12367 12777 9987 12149 11504 10878 15115 10738 14850 0 7835 13530 7288 4649 13760 4741 8830 5427 5788 2958 16654 6327 5278 16222 3962 5305 8761 13859 7571 6097 5452 6874 15750 3559 8584 8451 14627 9761
9112 11196 6352 12013 5238 10590 5697 6969 8821 13375 11184 2548 17733 9582 9479 11838 2476 4702 7679 3865 11709 8983 8919 5120 6823 11595 8530 7346 10970 3423 9955 7754 11439 8866 1681 11156 9788 14454 3855 14966 14954 10399 10389 14803 4455 13655 2869 15331 14057 10259 7711 1749 6872 16010 9391 6772 6247 4102 10015 13472 8818 9839 12667 15398 7006 14630 6586 4073 3071 14715 4938 14112 7835 0 9701 5852 5324 14985 9708 8419 12157 10863 9698 17574 14039 6789 9386 11062 13136 8849 12829 2429 13440 2951 9976 11634 10943 15234 5184 15100 14394
9385 5187 11314 6787 5060 3212 13374 4393 10366 13947 11465 11117 10470 6396 7469 17695 9588 5029 14279 13155 14506 17627 18620 5078 16480 2319 15419 15372 3508 12548 15770 17422 16866 4537 8249 6000 15811 12525 13553 15142 10367 4162 1882 13090 13916 4590 8002 7935 16732 6333 4637 8269 6835 19564 7229 16197 5590 13308 5139 15274 7066 5380 7451 11383 3760 12972 3680 7603 9145 6893 14105 6117 13530 9701 0 15390 8894 8930 11344 5548 14331 11752 13144 10399 17569 15620 6561 17492 17837 6008 5003 7584 16162 11804 9405 2221 14585 16190 14884 8124 12823
11892 15896 7510 16310 10536 16442 4384 12798 11000 14639 13212 5941 22151 15178 14882 9515 7321 10366 6245 2310 11960 4145 3761 10465 1360 17388 6288 4174 16101 4864 8273 3410 9629 14657 7511 15596 7960 16876 2314 16129 18533 16227 15822 17049 3757 18993 7574 19976 13788 14492 12542 7557 12358 14728 14837 1031 10968 2250 15772 13936 12686 14367 16845 18663 12857 16880 12433 9580 8072 19563 4639 19065 7288 5852 15390 0 8419 19157 11449 12881 12712 12640 10187 21966 13149 2465 14949 8385 11518 13135 17839 7811 13278 3750 12862 17411 10809 15871 1643 19610 16643
3845 7698 2429 7924 4122 11232 4933 8721 3512 8120 5861 7870 13752 12030 12425 8898 7492 5083 5407 6210 6926 9273 12165 4195 9761 11203 6552 6846 8303 8531 6933 11493 8148 10579 5661 7269 6945 9186 7645 9703 10196 11580 8551 9508 9122 11333 2764 11659 9354 6118 4730 5808 10029 11756 12254 8860 3347 6195 11772 8462 4271 6125 8435 10450 8304 9335 7659 7873 7820 11362 9857 10953 4649 5324 8894 8419 0 10740 4455 4684 7186 5568 5043 13563 9698 7611 11954 8610 9403 4823 9818 3782 8725 4847 4764 11116 6486 10096 8778 11248 9097
7752 4121 12181 2973 10035 11934 15416 12853 8998 9279 7972 17285 3104 15320 16365 16579 16180 11169 14990 16922 11667 19537 22895 10195 20494 10033 15987 17088 5446 18401 15206 22147 15580 13444 14283 3862 15427 6105 18186 9616 2301 13000 7049 6616 19365 5884 12191 2203 12937 4748 7383 14384 15309 15810 16125 19583 8744 16924 14055 11193 6472 5180 2335 3414 12140 6604 11746 15022 16067 3093 19921 3618 13760 14985 8930 19157 10740 0 9262 6566 10993 8654 11575 2896 14301 18193 15473 16993 15580 6160 4127 12593 12600 15517 6895 9765 12489 11013 19409 1499 6612
2021 7944 3966 7256 7710 14246 7131 12498 1066 3671 1771 12230 12340 15827 16391 7390 11943 8973 6031 9613 3167 10698 15137 7846 12794 13595 6893 8364 9341 12728 5944 14809 6405 14171 10112 7104 6172 5445 11359 5259 7839 14843 10295 5600 13081 12155 7211 10902 5430 5971 6717 10259 14164 8221 16197 11550 6217 9490 15295 4184 4409 6618 7400 7627 11954 5431 11306 12238 12274 11054 13911 10940 4741 9708 11344 11449 4455 9262 0 5848 3046 1214 2328 12126 6234 9811 15802 7734 6797 5501 10165 8205 4838 8525 2488 13434 3481 5668 12267 10298 5194
3854 3031 6764 3594 3651 8596 9615 7670 4929 8453 5934 10744 9377 10810 11601 12670 9721 4950 9838 10590 9014 13947 16555 3822 14181 7759 10963 11506 3758 11836 10864 15705 11764 8985 7784 2764 10972 7562 11707 9735 6758 9331 4465 8081 12810 6774 5641 7101 11194 1871 1182 7894 9854 14051 11379 13427 2186 10631 9984 9727 1524 1487 4253 7426 7003 7937 6423 8876 9690 6707 13356 6272 8830 8419 5548 12881 4684 6566 5848 0 8795 6204 7822 9207 12081 12282 10856 12671 12517 590 5140 6033 10632 9155 3876 7591 9208 10701 12967 6775 7749
4946 10550 5875 9583 10729 17276 8357 15521 4100 2284 3185 14593 13906 18854 19392 6012 14522 11963 6573 11260 884 10944 16172 10859 13981 16553 7010 8962 12100 14876 5349 16120 5048 17213 12796 9637 5675 5660 13124 3502 9116 17886 13184 5497 14984 14757 9929 12915 2401 8619 9727 12943 17116 5282 19203 12572 9261 11077 18340 1319 7301 9385 9546 8534 14988 5375 14339 15059 14929 13270 15880 13285 5427 12157 14331 12712 7186 10993 3046 8795 0 2667 2585 13688 3427 10659 18823 6782 4616 8392 12682 10964 1843 10440 5073 16381 2114 3195 13817 12247 5199
2427 7888 5175 6977 8519 14762 8302 13268 2059 2588 710 13396 11677 16576 17197 7935 13057 9829 7078 10824 3121 11736 16313 8665 13981 13942 7862 9451 9434 13923 6704 16009 6934 14865 11195 6983 6967 4302 12574 4148 7024 15428 10543 4418 14292 12101 8297 10448 5029 5952 7200 11340 15050 7945 16996 12717 6938 10699 15956 3525 4689 6722 7003 6685 12691 4251 12051 13241 13359 10720 15118 10689 5788 10863 11752 12640 5568 8654 1214 6204 2667 0 3063 11459 6080 10949 16569 8427 7007 5768 10038 9264 4503 9738 2410 13763 3835 4728 13477 9806 4017
4200 10172 3354 9566 8958 15867 5811 13698 2938 4480 3772 12085 14641 17027 17460 5070 12110 10068 4198 8678 2013 8783 13721 9065 11479 15442 4857 6612 11466 12315 3655 13597 4091 15499 10468 9367 3907 7249 10540 5942 10064 16354 12282 7264 12400 14356 7676 13230 4382 8203 8526 10615 15071 6723 17285 10107 7703 8499 16670 3885 6502 8772 9726 9748 13232 7110 12580 12837 12562 13367 13298 13231 2958 9698 13144 10187 5043 11575 2328 7822 2585 3063 0 14426 4663 8236 16965 5419 4703 7564 12412 8728 3757 7862 4804 15303 1473 5779 11248 12625 6892
10648 6409 15069 5663 12470 13052 18292 14645 11890 11820 10764 19778 219 16715 17832 19394 18575 13484 17886 19710 14405 22430 25689 12619 23294 10932 18881 19979 7206 20963 18068 24894 18394 14908 16738 6443 18296 8427 20907 11922 4601 14169 8601 8859 21999 6344 14843 2475 15493 7482 9873 16828 17128 18293 17593 22421 11337 19725 15325 13759 9294 7747 5131 5430 13951 8888 13652 17204 18390 3521 22508 4300 16654 17574 10399 21966 13563 2896 12126 9207 13688 11459 14426 0 16908 21064 16908 19845 18300 8868 5419 15154 15207 18292 9786 10661 15284 13340 22154 2494 8950
8236 13968 7766 13007 13603 20413 9169 18357 7206 5102 6611 16269 17126 21688 22121 4286 16503 14730 7005 12235 3067 10373 16166 13714 14255 19828 6877 9014 15491 16261 4885 16438 3694 20144 14981 13060 5210 8597 14118 5481 12308 20950 16518 8290 16058 18180 12271 16281 1506 12027 12935 15126 19717 2060 21947 12743 12278 11997 21307 3162 10623 12768 12954 11598 17882 8209 17230 17417 17014 16674 17005 16705 6327 14039 17569 13149 9698 14301 6234 12081 3427 6080 4663 16908 0 10791 21627 5425 2095 11718 16108 13323 1703 11779 8468 19668 3214 4290 14520 15602 8087
10603 15307 6080 15484 10582 17115 2783 13657 9547 12714 11578 7666 21260 16371 16231 7057 8786 10731 4086 2983 9858 2197 5517 10550 3464 17770 3916 1779 15785 6882 5906 5647 7210 15594 8447 14870 5581 15247 4250 14138 17306 17057 15760 15357 6033 18778 7618 19253 11522 13700 12169 8530 13637 12307 16155 1958 10631 2715 16766 11823 11806 13735 15943 17303 13591 15193 13084 10823 9523 18973 6966 18554 5278 6789 15620 2465 7611 18193 9811 12282 10659 10949 8236 21064 10791 0 16172 5921 9094 12433 17394 8163 11044 3958 11558 17755 8658 13754 4047 18816 14962
14162 11568 14159 13127 8094 4097 14832 3305 14737 19061 16497 9179 16965 308 935 20522 7652 6898 16493 13219 18735 18368 17184 7964 15610 6313 17510 16647 10028 10577 18539 15716 19909 2029 7754 12253 18459 18394 12675 20468 16764 3026 8434 18925 12082 10771 9654 14463 21143 12252 9683 7658 2596 23688 704 15948 9631 13470 1804 19982 12271 11322 13833 17712 3890 18785 4520 5380 6911 13387 11811 12608 16222 9386 6561 14949 11954 15473 15802 10856 18823 16569 16965 16908 21627 16172 0 19959 21318 11434 11552 8678 20524 12301 14534 6553 18425 21280 13819 14681 18602
9458 15331 6182 14890 12675 19792 5388 16938 8155 9065 9136 12779 20060 20092 20245 1198 13471 13418 3466 8148 5905 5035 10962 12725 9293 19805 2534 4287 16424 12364 1828 11435 1821 18881 12434 14598 1700 12357 9880 10100 15451 20051 16981 12252 11790 19412 10342 18609 6568 13399 13106 12559 17661 6566 20116 7770 11907 7867 20093 7526 11563 13836 15100 15061 16644 12120 16027 14998 14123 18686 12744 18493 3962 11062 17492 8385 8610 16993 7734 12671 6782 8427 5419 19845 5425 5921 19959 0 3425 12542 17582 11284 6287 8247 10172 19711 4753 9265 9934 18020 11929
8799 14739 7173 13962 13483 20501 7846 18117 7600 6698 7645 15193 18518 21408 21734 2244 15611 14482 5646 10871 3915 8447 14333 13572 12541 20140 5252 7345 16119 15020 3335 14712 1891 19981 14259 13884 3606 10200 12718 7361 13732 20935 16980 9965 14661 18952 11735 17444 3466 12767 13226 14399 19241 3213 21577 11017 12344 10612 21172 4853 11159 13404 14009 13132 17706 9864 17060 16776 16183 17724 15618 17672 5305 13136 17837 11518 9403 15580 6797 12517 4616 7007 4703 18300 2095 9094 21318 3425 0 12236 16950 12769 3398 10620 9239 20003 3324 6285 12977 16792 9713
3484 2905 6763 3212 4204 9101 9728 8257 4637 7950 5457 11213 9045 11384 12185 12487 10230 5519 9818 10860 8655 14033 16836 4375 14450 8174 10929 11581 3911 12272 10724 16026 11563 9553 8282 2462 10849 6975 12045 9201 6227 9861 4800 7497 13207 6871 6033 6851 10784 1413 1771 8395 10445 13665 11962 13645 2671 10887 10539 9280 1095 1333 3828 6865 7588 7353 7011 9441 10220 6544 13777 6169 8761 8849 6008 13135 4823 6160 5501 590 8392 5768 7564 8868 11718 12433 11434 12542 12236 0 5108 6490 10233 9434 3398 7995 8916 10196 13286 6476 7168
8212 2251 11867 3180 7593 7853 14751 9230 9492 11547 9502 14818 5505 11375 12467 17444 13489 8394 14926 15530 13145 19086 21429 7717 19098 5906 16036 16646 1901 16107 15756 20457 16489 9536 11766 3066 15901 9110 16443 12342 6005 8940 3182 9684 17281 2135 10337 2945 14947 4209 5297 11836 11712 17895 12227 18452 6871 15601 10041 13267 6022 3778 3498 7135 8538 9613 8262 11927 13225 1992 17679 1293 13859 12829 5003 17839 9818 4127 10165 5140 12682 10038 12412 5419 16108 17394 11552 17582 16950 5108 0 10414 14482 14090 7713 5638 13644 13624 17750 3132 9535
7231 8769 5609 9620 2837 8972 6294 5710 7210 11844 9470 4725 15311 8808 9006 11852 3909 2585 7821 5573 10668 10269 11161 2733 8938 9645 8858 8225 8567 5814 9874 10086 11271 7672 1960 8750 9785 12486 6099 13412 12665 9002 8076 12882 6882 11313 1053 12902 13089 7891 5285 2099 6476 15364 8864 8614 3849 5733 8880 12244 6568 7429 10286 13176 5520 12713 4966 4111 4113 12289 7354 11693 7571 2429 7584 7811 3782 12593 8205 6033 10964 9264 8728 15154 13323 8163 8678 11284 12769 6490 10414 0 12461 4251 8005 9648 10119 13866 7429 12676 12483
6780 12370 7088 11358 12442 19084 9062 17229 5870 3413 4982 15791 15425 20566 21065 5289 15863 13637 7033 12089 1801 10960 16533 12565 14473 18390 7181 9279 13937 15934 5268 16649 4466 18957 14223 11449 5612 6920 13978 3965 10607 19674 15027 6637 15890 16569 11412 14588 629 10450 11548 14370 18735 3442 20882 12999 11022 11875 20098 1488 9142 11225 11283 9911 16717 6548 16065 16572 16319 14998 16816 15046 6097 13440 16162 13278 8725 12600 4838 10632 1843 4503 3757 15207 1703 11044 20524 6287 3398 10233 14482 12461 0 11443 6912 18220 2561 2981 14528 13907 6416
8558 12159 4634 12629 6848 13166 2864 9704 7867 12035 10213 4583 18473 12486 12423 9112 5247 6835 5001 1441 9841 6122 7403 6791 5027 13895 5717 4396 12355 4496 7329 6650 8827 11646 4547 11889 7117 13780 2856 13606 15042 13100 12122 14030 4575 15264 3861 16256 12031 10810 8793 4643 9813 13652 12330 4429 7219 1529 12824 11747 9056 10642 13190 15273 9634 13857 9132 7022 5929 15821 5447 15317 5452 2951 11804 3750 4847 15517 8525 9155 10440 9738 7862 18292 11779 3958 12301 8247 10620 9434 14090 4251 11443 0 9516 13894 8884 13624 3932 15908 13617
970 5521 5478 4768 6664 12472 8782 11264 2107 4586 2060 12516 9996 14517 15219 9873 11910 8028 8121 10793 5451 12726 16619 6826 14223 11563 9097 10303 7028 13273 8361 16096 8890 12745 9962 4647 8564 4490 12357 5935 5750 13190 8142 4878 13884 9741 7175 8438 7438 3563 4950 10100 13227 10354 15007 13128 4994 10730 13792 5891 2354 4313 4930 5801 10645 4709 10023 11714 12095 8566 14620 8455 6874 9976 9405 12862 4764 6895 2488 3876 5073 2410 4804 9786 8468 11558 14534 10172 9239 3398 7713 8005 6912 9516 0 11378 5945 6834 13427 7850 4481
11444 6589 13535 8151 7244 2476 15563 5469 12483 15848 13425 12801 10688 6310 7485 19904 11213 7064 16498 15214 16601 19790 20525 7249 18452 272 17638 17561 4773 14265 17985 19268 19068 4751 10092 7508 18029 14124 15486 16957 11525 3596 3289 14699 15689 4341 10142 8322 18776 8085 6778 10092 7623 21642 7257 18250 7806 15381 4816 17269 9081 7170 8727 12615 5022 14595 5200 9033 10682 7188 15789 6431 15750 11634 2221 17411 11116 9765 13434 7591 16381 13763 15303 10661 19668 17755 6553 19711 20003 7995 5638 9648 18220 13894 11378 0 16732 18072 16807 8683 14468
5475 11425 4607 10698 10431 17333 6532 15164 4283 4376 4521 13257 15502 18491 18910 4125 13386 11532 4585 9540 1242 8841 14174 10536 12040 16876 4921 6927 12795 13376 3239 14202 3126 16971 11809 10581 3562 7604 11428 5599 10798 17826 13674 7506 13334 15634 9066 14262 3150 9452 9956 11954 16503 5271 18738 10595 9171 9331 18143 3168 7836 10080 10788 10343 14703 7372 14051 14220 13870 14482 14258 14398 3559 10943 14585 10809 6486 12489 3481 9208 2114 3835 1473 15284 3214 8658 18425 4753 3324 8916 13644 10119 2561 8884 5945 16732 0 5096 12009 13630 7178
7118 11736 9031 10447 13247 19295 11535 17984 6700 2249 4801 17706 13552 21281 21920 8267 17547 14557 9675 14454 3911 13848 19269 13393 17121 18275 9984 12021 13471 18041 8151 19274 7444 19544 15756 10777 8494 4932 16319 1417 8811 20023 14789 4481 18175 15758 12859 13151 2821 10002 11783 15903 19776 5079 21718 15688 11652 14270 20612 1935 9184 10902 10186 7911 17396 4455 16760 17906 17911 13755 19068 13949 8584 15234 16190 15871 10096 11013 5668 10701 3195 4728 5779 13340 4290 13754 21280 9265 6285 10196 13624 13866 2981 13624 6834 18072 5096 0 17004 12443 4413
12463 15927 8303 16495 10251 15638 5479 11922 11701 15626 14001 4659 22330 14064 13677 11040 6173 9872 7533 2658 13111 5783 3740 10157 1793 16761 7726 5667 15945 3407 9682 2740 11087 13707 6734 15724 9384 17621 1334 17157 18974 15327 15503 17840 2149 18740 7416 20055 15064 14680 12485 6750 11223 16173 13651 2591 10927 2781 14775 15078 12965 14449 17077 19199 12062 17668 11700 8517 6909 19555 3002 19008 8451 5184 14884 1643 8778 19409 12267 12967 13817 13477 11248 22154 14520 4047 13819 9934 12977 13286 17750 7429 14528 3932 13427 16807 12009 17004 0 19741 17428
8627 3919 12906 3332 9979 10966 16064 12267 9913 10639 9149 17288 2639 14506 15593 17675 16081 10992 15819 17336 12879 20277 23311 10127 20926 8955 16857 17818 4789 18482 16211 22479 16681 12661 14246 4020 16413 7561 18481 11056 3798 12062 6273 8084 19534 4583 12394 712 14272 5130 7392 14335 14747 17171 15353 20103 8876 17362 13172 12530 7010 5298 2944 4913 11564 8065 11235 14730 15899 1662 20030 2304 14627 15100 8124 19610 11248 1499 10298 6775 12247 9806 12625 2494 15602 18816 14681 18020 16792 6476 3132 12676 13907 15908 7850 8683 13630 12443 19741 0 8061
5285 7905 9147 6435 11024 16026 12318 15414 5750 3017 3433 16942 9165 18548 19350 11209 16385 12395 11042 14770 6048 15671 20328 11191 17988 14697 11749 13437 9715 17622 10361 19997 10236 16704 14442 6965 10661 523 16470 3006 4398 16888 11201 414 18118 11657 11634 8772 6619 6496 8928 14580 17525 9351 19129 16733 9339 14660 17652 4930 6408 7453 6038 3542 14752 240 14165 16163 16576 9439 18904 9702 9761 14394 12823 16643 9097 6612 5194 7749 5199 4017 6892 8950 8087 14962 18602 11929 9713 7168 9535 12483 6416 13617 4481 14468 7178 4413 17428 8061 0
1 7 8 4
2 4 5 6
3 10 8 2
4 7 8 5
5 8 8 2
6 5 7 5
7 6 11 2
8 5 6 3
9 11 4 1
10 6 6 3
11 6 7 3
12 7 3 3
13 8 7 6
14 3 6 2
15 10 6 6
16 6 7 8
17 8 7 6
18 5 6 3
19 6 6 5
20 5 7 2
21 9 2 2
22 3 7 3
23 5 7 6
24 4 2 3
25 2 4 5
26 5 8 4
27 6 5 4
28 8 3 6
29 7 5 3
30 6 3 5
31 5 8 2
32 4 6 1
33 7 9 2
34 8 7 3
35 4 4 4
36 6 5 2
37 8 5 4
38 7 6 5
39 4 6 5
40 9 8 3
41 6 3 2
42 10 6 2
43 3 3 2
44 6 3 1
45 4 6 3
46 7 2 4
47 9 4 4
48 9 6 4
49 4 9 3
50 3 8 3
51 10 6 3
52 5 6 4
53 4 4 3
54 9 6 5
55 8 6 5
56 6 9 3
57 7 5 7
58 8 5 5
59 5 11 4
60 8 7 4
61 5 10 4
62 6 3 1
63 12 8 4
64 7 6 3
65 9 6 5
66 8 11 6
67 5 5 2
68 6 4 4
69 4 6 2
70 4 9 6
71 7 7 2
72 8 4 5
73 7 6 1
74 8 7 1
75 7 6 5
76 9 5 6
77 9 7 3
78 9 6 6
79 3 7 4
80 6 2 4
81 3 6 2
82 5 7 5
83 7 3 4
84 9 3 2
85 4 3 4
86 9 3 1
87 9 3 5
88 5 4 4
89 3 3 5
90 7 4 7
91 5 5 5
92 3 4 3
93 4 5 3
94 6 9 5
95 8 8 5
96 6 10 1
97 3 5 4
98 5 5 4
99 5 7 7
100 4 4 2
