900 100 3
30 60 700 9.00
0 6 81 1
0 20 46 2
0 16 90 1
0 7 48 3
0 17 64 2
0 12 38 3
0 6 76 2
0 21 37 3
0 2 46 1
0 13 47 1
0 2 46 3
0 2 28 3
0 6 68 1
0 3 21 3
0 2 73 1
0 23 44 2
0 5 20 3
0 9 17 3
0 2 61 2
0 12 98 3
0 4 59 3
0 3 30 3
0 1 87 2
0 1 36 3
0 17 1 3
0 12 80 2
0 5 93 2
0 3 6 1
0 2 55 3
0 7 11 1
0 1 92 2
0 1 47 2
0 16 49 1
0 17 40 3
0 19 86 1
0 3 72 3
0 10 58 1
0 24 88 2
0 8 73 3
0 18 82 2
0 7 92 1
0 18 57 2
0 2 48 3
0 21 20 1
0 21 67 1
0 1 96 1
0 6 55 2
0 15 85 3
0 14 49 2
0 1 60 2
0 4 63 2
0 5 77 1
0 8 85 2
0 6 68 3
0 3 11 2
0 4 9 1
0 12 40 2
0 2 38 3
0 10 8 1
0 6 25 1
0 1 26 2
0 21 90 1
0 1 40 2
0 3 65 2
0 3 7 2
0 4 52 2
0 3 99 3
0 5 58 1
0 20 71 2
0 13 52 2
0 19 71 2
0 2 53 2
0 8 44 3
0 5 15 1
0 2 58 1
0 1 5 3
0 4 41 1
0 4 28 3
0 15 4 1
0 5 54 2
0 5 19 3
0 14 99 1
0 4 55 2
0 8 18 3
0 1 72 1
0 8 25 1
0 2 63 2
0 5 39 2
0 14 80 3
0 9 79 2
0 3 64 2
0 11 46 1
0 7 25 1
0 6 67 2
0 7 68 1
0 13 51 3
0 7 67 1
0 2 83 1
0 9 79 3
0 1 19 1
0 3 55 2
0 2 26 1
0 4 8 2
0 2 97 3
0 6 47 2
0 3 90 2
0 6 82 1
0 3 26 1
0 3 32 3
0 7 53 1
0 4 50 1
0 4 94 3
0 12 83 1
0 15 52 2
0 2 50 1
0 1 56 2
0 5 29 2
0 5 50 2
0 8 64 2
0 10 23 3
0 6 70 1
0 8 87 1
0 20 4 2
0 4 72 2
0 24 40 3
0 6 24 1
0 2 65 2
0 1 26 1
0 25 91 3
0 24 31 1
0 1 76 3
0 25 69 1
0 2 11 1
0 20 33 1
0 7 61 3
0 7 26 2
0 10 58 1
0 21 44 1
0 15 74 2
0 11 48 3
0 7 80 2
0 9 36 2
0 5 53 1
0 6 58 2
0 21 37 2
0 3 55 2
0 1 3 1
0 2 18 2
0 9 92 1
0 6 41 2
0 1 49 1
0 8 99 3
0 8 2 3
0 1 25 3
0 25 32 2
0 8 29 3
0 8 67 3
0 11 38 3
0 9 24 2
0 3 87 2
0 4 72 2
0 15 68 3
0 7 2 1
0 6 57 1
0 5 16 2
0 6 33 3
0 20 65 2
0 19 62 1
0 6 50 3
0 11 16 2
0 7 97 2
0 5 38 3
0 4 87 3
0 1 22 1
0 15 49 2
0 16 44 3
0 5 19 1
0 3 20 3
0 13 31 2
0 1 5 3
0 6 92 1
0 13 37 2
0 8 62 2
0 19 4 2
0 2 58 1
0 6 36 1
0 10 8 1
0 20 1 1
0 3 59 3
0 18 48 1
0 9 92 1
0 23 42 1
0 2 96 1
0 2 20 2
0 6 63 3
0 15 70 3
0 17 44 2
0 9 53 1
0 3 39 2
0 22 89 1
0 4 52 3
0 2 37 1
0 7 33 1
0 7 71 3
0 11 57 2
0 8 18 2
0 7 57 2
0 20 47 3
0 2 49 1
0 1 1 1
0 5 67 1
0 15 67 1
0 15 97 1
0 19 1 2
0 3 75 2
0 17 76 3
0 15 37 3
0 5 27 2
0 9 95 3
0 2 63 3
0 5 75 1
0 1 90 1
0 2 73 3
0 16 77 3
0 9 40 2
0 1 88 1
0 9 37 1
0 5 69 2
0 2 42 1
0 9 13 3
0 1 6 2
0 20 54 1
0 17 72 2
0 15 91 2
0 8 75 3
0 14 25 1
0 6 98 1
0 5 80 1
0 6 23 2
0 6 85 2
0 1 44 2
0 24 31 3
0 6 24 3
0 1 25 1
0 21 94 3
0 1 6 3
0 2 58 3
0 16 98 2
0 3 2 3
0 2 25 3
0 4 7 3
0 9 42 2
0 7 32 1
0 9 88 1
0 1 38 2
0 12 52 3
0 9 14 2
0 10 92 3
0 3 85 3
0 9 8 2
0 1 52 2
0 1 81 2
0 14 69 1
0 1 36 2
0 9 92 3
0 7 57 2
0 2 25 1
0 2 53 2
0 9 89 3
0 8 74 1
0 3 62 3
0 2 25 2
0 9 44 3
0 10 33 2
0 1 6 3
0 21 19 3
0 6 60 1
0 7 15 2
0 3 40 3
0 2 68 2
0 9 15 2
0 4 81 1
0 13 80 1
0 2 37 3
0 7 14 3
0 17 2 1
0 4 75 1
0 2 35 3
0 17 26 3
0 11 16 1
0 6 15 1
0 25 85 3
0 2 77 2
0 19 100 1
0 8 91 1
0 13 59 3
0 4 22 1
0 2 75 1
0 17 70 2
0 23 86 3
0 15 5 3
0 6 81 3
0 9 9 2
0 10 10 3
0 5 85 2
0 14 13 2
0 21 28 2
0 7 61 3
0 1 3 2
0 9 37 2
0 6 5 3
0 1 40 3
0 9 65 1
0 11 73 2
0 3 44 1
0 4 81 2
0 11 99 3
0 8 25 3
0 10 28 1
0 11 49 1
0 11 76 3
0 10 30 3
0 3 23 2
0 19 11 3
0 8 44 2
0 7 43 2
0 12 70 3
0 15 69 3
0 11 71 3
0 25 21 1
0 15 100 3
0 3 66 3
0 11 18 1
0 6 61 2
0 6 19 2
0 13 79 2
0 5 30 1
0 5 26 3
0 10 50 3
0 9 69 1
0 7 34 2
0 5 17 2
0 13 67 1
0 10 100 1
0 8 10 1
0 22 68 2
0 14 51 3
0 12 41 2
0 15 22 3
0 18 18 3
0 1 45 1
0 8 69 2
0 15 2 1
0 8 17 3
0 5 90 3
0 3 9 3
0 8 87 3
0 6 8 3
0 12 80 1
0 4 50 1
0 1 47 1
0 4 32 1
0 11 43 2
0 5 5 2
0 6 73 1
0 16 14 3
0 11 7 2
0 8 84 1
0 1 5 2
0 10 65 2
0 19 32 1
0 19 87 2
0 17 40 1
0 3 92 3
0 3 85 2
0 7 85 1
0 13 64 2
0 9 76 1
0 13 60 2
0 2 71 3
0 5 89 1
0 1 37 2
0 3 15 3
0 2 7 2
0 14 59 3
0 12 71 2
0 7 70 1
0 1 21 2
0 2 35 3
0 16 20 1
0 8 22 3
0 3 38 1
0 1 75 2
0 1 19 2
0 7 11 3
0 6 61 3
0 1 29 2
0 1 54 2
0 10 85 1
0 19 58 2
0 21 23 3
0 1 11 1
0 8 90 3
0 1 80 2
0 3 64 1
0 4 3 1
0 12 42 1
0 1 43 2
0 1 96 1
0 8 63 3
0 17 77 1
0 2 35 2
0 12 89 1
0 10 37 3
0 21 63 2
0 23 11 3
0 5 30 1
0 3 41 1
0 8 71 2
0 7 82 3
0 3 87 3
0 15 98 1
0 9 64 1
0 11 93 3
0 9 52 3
0 8 73 2
0 1 3 2
0 18 52 1
0 15 73 3
0 1 63 1
0 20 99 1
0 2 78 1
0 2 64 1
0 7 45 3
0 3 24 3
0 6 5 1
0 1 36 3
0 3 94 2
0 3 50 1
0 8 97 3
0 2 97 3
0 1 55 2
0 12 36 2
0 4 96 2
0 17 97 1
0 12 80 1
0 10 36 1
0 1 3 3
0 9 7 2
0 20 94 3
0 8 62 1
0 8 80 3
0 20 77 2
0 8 13 1
0 24 83 1
0 8 3 2
0 14 67 1
0 12 76 2
0 1 14 2
0 1 82 1
0 13 26 3
0 14 39 1
0 10 46 1
0 9 98 3
0 3 49 1
0 1 100 2
0 2 90 3
0 16 9 3
0 6 72 3
0 3 58 3
0 3 97 3
0 1 8 3
0 3 57 3
0 5 34 1
0 18 74 1
0 2 93 2
0 4 93 1
0 9 46 3
0 1 69 3
0 2 33 2
0 2 86 3
0 6 3 1
0 8 46 2
0 12 59 2
0 7 82 2
0 6 14 1
0 8 44 1
0 7 57 1
0 15 72 3
0 12 55 1
0 9 33 3
0 8 83 2
0 4 39 2
0 7 87 2
0 1 36 3
0 2 43 2
0 6 100 2
0 23 42 2
0 3 2 2
0 6 47 3
0 11 68 1
0 5 55 2
0 19 90 2
0 1 83 1
0 7 11 1
0 1 32 3
0 4 12 2
0 10 27 1
0 11 60 3
0 5 83 2
0 1 24 2
0 19 91 2
0 13 21 1
0 1 14 1
0 11 41 1
0 4 62 1
0 4 74 1
0 8 100 3
0 5 100 1
0 1 5 1
0 12 88 3
0 2 29 2
0 8 49 2
0 5 20 1
0 1 92 2
0 5 16 2
0 7 35 2
0 6 16 1
0 4 13 1
0 5 8 3
0 6 7 2
0 3 63 2
0 13 28 3
0 1 44 3
0 2 47 1
0 2 22 1
0 2 37 3
0 15 50 3
0 4 60 3
0 4 54 1
0 7 62 2
0 2 66 2
0 6 48 1
0 9 61 1
0 7 98 1
0 5 58 1
0 1 93 1
0 12 89 1
0 2 82 1
0 10 2 3
0 6 17 3
0 5 21 3
0 3 4 2
0 5 70 1
0 4 23 1
0 13 74 3
0 9 4 2
0 23 75 1
0 3 72 1
0 11 11 2
0 21 26 3
0 16 68 2
0 7 40 1
0 14 8 3
0 14 61 1
0 10 95 3
0 18 16 2
0 2 32 1
0 6 62 1
0 24 96 1
0 9 38 1
0 2 96 2
0 10 36 1
0 16 9 3
0 1 4 1
0 8 94 3
0 5 20 1
0 18 26 1
0 13 6 3
0 19 88 3
0 5 1 1
0 4 51 1
0 18 13 2
0 9 67 2
0 9 92 2
0 2 24 2
0 9 45 3
0 9 32 1
0 5 47 3
0 14 44 2
0 9 52 3
0 2 74 1
0 2 56 1
0 3 32 1
0 4 89 3
0 22 95 1
0 4 63 1
0 11 57 2
0 7 9 2
0 14 91 1
0 11 60 3
0 5 64 2
0 1 69 1
0 16 64 3
0 11 20 3
0 1 90 3
0 8 66 1
0 1 69 2
0 12 34 1
0 11 98 3
0 11 6 3
0 17 22 3
0 19 86 2
0 11 70 1
0 15 88 3
0 16 72 2
0 1 18 2
0 20 59 3
0 6 16 3
0 11 72 3
0 23 46 2
0 1 55 2
0 12 57 1
0 6 99 2
0 8 9 3
0 3 81 2
0 5 17 3
0 3 27 2
0 1 56 2
0 2 60 3
0 2 77 1
0 14 5 1
0 24 43 3
0 6 46 1
0 8 53 3
0 7 36 3
0 8 46 2
0 24 78 1
0 7 38 3
0 11 64 3
0 6 92 3
0 13 86 3
0 3 79 3
0 6 79 3
0 1 95 3
0 15 97 1
0 12 98 3
0 11 88 3
0 9 59 2
0 1 66 3
0 14 45 1
0 8 13 3
0 4 86 3
0 11 22 2
0 2 54 2
0 6 66 3
0 9 68 3
0 20 60 3
0 16 99 1
0 2 46 1
0 4 47 1
0 11 44 2
0 8 72 3
0 4 15 1
0 14 99 1
0 3 94 2
0 2 19 2
0 9 82 1
0 12 13 1
0 1 92 2
0 24 72 1
0 2 89 2
0 4 70 1
0 1 70 1
0 3 86 1
0 18 3 1
0 18 97 1
0 9 2 2
0 1 60 2
0 8 79 1
0 20 54 3
0 22 29 1
0 24 73 3
0 5 86 3
0 10 21 3
0 10 13 1
0 3 91 2
0 3 41 1
0 1 49 3
0 13 74 1
0 14 83 2
0 7 44 2
0 11 65 2
0 4 91 2
0 5 76 2
0 5 27 2
0 6 26 1
0 13 47 3
0 21 96 1
0 13 10 2
0 8 73 3
0 3 67 1
0 8 80 3
0 2 24 1
0 4 20 2
0 4 47 1
0 2 48 1
0 9 50 1
0 13 4 3
0 1 6 1
0 12 59 1
0 5 74 3
0 9 96 2
0 11 32 2
0 9 94 2
0 8 99 2
0 10 37 1
0 14 54 1
0 1 1 3
0 6 19 3
0 14 96 3
0 6 46 3
0 2 57 2
0 3 2 3
0 3 85 2
0 18 12 1
0 11 67 2
0 5 3 2
0 18 83 3
0 6 43 3
0 3 84 1
0 1 97 2
0 10 22 3
0 12 12 3
0 2 51 1
0 8 51 1
0 3 10 1
0 5 9 1
0 13 16 3
0 8 14 2
0 3 80 2
0 13 20 2
0 4 4 3
0 11 55 1
0 13 81 1
0 8 77 3
0 11 100 2
0 4 78 2
0 16 30 2
0 17 53 3
0 3 98 3
0 15 78 2
0 1 34 1
0 6 65 1
0 11 19 1
0 24 98 1
0 15 55 1
0 5 31 3
0 3 100 3
0 1 83 3
0 6 59 1
0 11 64 3
0 5 62 3
0 12 71 1
0 13 97 1
0 4 26 3
0 2 58 3
0 13 17 3
0 3 22 1
0 11 86 2
0 8 81 3
0 3 97 1
0 16 10 1
0 6 30 2
0 1 93 2
0 2 82 3
0 3 56 2
0 2 5 2
0 20 55 2
0 14 40 1
0 2 8 3
0 9 44 1
0 8 53 3
0 4 16 3
0 16 3 2
0 5 82 3
0 6 99 2
0 10 78 2
0 4 62 1
0 3 31 1
0 19 52 2
0 11 38 1
0 2 14 3
0 6 53 3
0 10 51 2
0 1 70 3
0 2 51 2
0 4 4 1
0 2 70 3
0 17 40 3
0 24 42 2
0 17 49 2
0 18 10 1
0 3 81 3
0 17 89 3
0 23 94 2
0 6 98 3
0 23 96 1
0 17 76 1
0 6 63 2
0 13 89 3
0 10 90 3
0 6 13 2
0 5 4 3
0 8 33 3
0 23 30 1
0 5 40 3
0 9 23 1
0 9 61 1
0 20 92 3
0 3 29 3
0 9 24 3
0 2 78 2
0 8 84 2
0 15 40 3
0 13 42 3
0 21 85 2
0 9 29 1
0 7 36 2
0 6 1 2
0 14 40 3
0 6 30 3
0 3 50 1
0 8 59 2
0 3 46 1
0 1 87 2
0 20 90 3
0 9 44 3
0 14 77 2
0 20 26 3
0 15 24 3
0 2 10 2
0 10 13 3
0 12 22 2
0 8 42 3
0 25 39 1
0 8 53 3
0 5 31 3
0 11 47 1
0 4 38 3
0 4 11 1
0 8 28 3
0 2 39 1
0 1 37 1
0 5 100 3
0 3 41 1
0 13 37 3
0 25 59 2
0 1 66 2
0 1 99 1
0 6 64 3
0 6 76 1
0 7 2 2
0 8 21 1
0 2 54 1
0 5 96 3
0 11 88 3
0 4 90 3
0 8 28 3
0 19 54 1
0 12 34 3
0 5 85 3
0 25 92 3
0 12 97 3
0 18 25 3
0 13 61 3
0 3 33 2
0 7 60 2
0 2 84 1
0 11 99 2
0 5 64 2
0 3 7 2
0 2 64 1
0 12 47 2
0 20 68 3
0 2 25 1
0 18 29 3
0 15 74 2
0 5 7 3
0 9 25 2
0 3 93 3
0 4 59 3
0 6 73 2
0 9 56 2
0 5 13 2
0 9 39 1
0 13 93 3
0 5 85 1
0 10 22 2
0 5 45 1
0 8399 10556 6905 10398 8793 3602 14433 6813 7206 10645 9283 11388 9140 1879 10749 10627 2782 3777 5322 8833 7535 1981 11163 11028 14816 10619 5565 5640 11885 10033 8449 7283 11940 7636 7316 6303 8396 7584 3719 2921 6981 9767 2862 1253 3897 8446 4847 11263 3899 10026 7366 8377 9535 10390 5487 4461 9056 10652 5930 8179 6714 7183 2998 8398 3236 10101 11854 6597 12041 11313 10161 4915 5611 5474 3268 9616 10367 2130 9791 9484 2962 11040 1282 3081 12049 10335 6697 11392 5212 8477 12840 8506 4212 8908 5360 8295 8367 8798 8218 7669
8399 0 3835 13610 6145 6015 5950 13123 2490 11445 9085 16758 8181 5990 8997 17809 16715 9402 10816 6119 8233 13623 8280 18086 16901 13531 5956 13225 8369 4788 15859 16032 15599 11360 5772 4101 14592 11833 12883 9786 7540 14327 9235 8109 7499 10892 13644 12464 9907 8718 15036 15651 15227 16933 9257 3390 11541 13558 16081 6814 4059 9104 15145 11374 8685 5340 16025 13147 8005 11093 17253 17997 13229 11117 4894 10118 17147 15932 9189 4123 8808 7652 17908 9077 10771 11080 14246 12252 16653 13525 3219 13318 12426 12259 5808 9187 8225 13347 5885 5324 5085
10556 3835 0 16675 9776 9832 9093 16857 3811 14961 12888 19600 11846 9783 10501 20837 16591 10589 11876 9698 12067 13799 9731 21168 20263 17259 9517 14327 8233 1332 19213 16871 17204 15176 9601 7927 16844 11040 12774 12822 8682 17186 13069 9216 9403 11917 13380 15165 13705 11921 18537 17199 15651 17585 13078 6752 14412 17106 15667 6552 2782 8525 16342 13284 12499 8097 15870 16976 11703 14894 20606 20653 14926 11410 5420 12974 19966 19344 11895 1216 12642 8759 21006 10829 13383 14880 17895 12362 20140 15749 6999 17151 16027 13728 3703 12633 12045 13019 9700 3732 8918
6905 13610 16675 0 12388 10639 7674 12672 12885 3814 10502 3399 12191 11029 8283 4198 14698 9012 9128 7848 8975 12336 8739 4496 4193 12933 12794 9091 12433 17946 3283 10959 7791 10392 9692 10578 4607 14604 12991 3858 9803 1435 9248 9648 8127 9230 13726 2469 10659 4904 3907 8042 12103 12084 10026 10220 2444 3867 15325 12834 14688 13443 9245 6155 8099 8580 14440 8674 6971 10766 4448 5009 6824 11423 12173 3784 3809 3735 4959 16145 9260 9831 4331 7563 3887 10788 5208 12158 4830 4570 12103 10038 4360 7670 15668 4887 8389 13809 10736 14951 10207
10398 6145 9776 12388 0 1782 6797 7116 8061 8956 3528 15785 2073 1386 11876 16238 20663 12622 13947 5251 3796 17473 11406 16341 14355 7510 460 15961 13145 10397 13437 18846 17295 5788 2897 3260 15211 16756 17102 9401 11245 13578 4294 11713 10194 14056 17952 12395 4243 8136 12129 17435 18648 19928 3905 5664 11211 10603 20373 11944 10093 14123 17530 13122 4662 7472 20050 8215 5417 5398 14714 17372 15050 15108 9944 10142 16195 13289 9835 10251 3966 11367 16126 11568 11238 5379 10717 16307 13661 14342 3018 7939 9368 14584 11852 7552 4231 17741 1715 11284 2730
8793 6015 9832 10639 1782 0 5203 7214 7469 7298 3079 14038 2735 396 10363 14543 19217 11149 12430 3537 2475 16038 9950 14667 12781 7629 2160 14355 12023 10648 11833 17225 15568 5346 1165 2198 13436 15608 15753 7621 9911 11809 3314 10341 8705 12543 16614 10613 3905 6358 10599 15714 17120 18323 3247 4564 9428 9059 19007 10973 9649 13054 15865 11434 3214 6046 18626 7327 3675 5085 13142 15611 13349 13738 9032 8369 14448 11721 8099 10100 2903 10031 14455 10001 9475 5073 9314 14932 12167 12577 2851 7343 7823 12941 11372 5783 2740 16427 144 10741 1284
3602 5950 9093 7674 6797 5203 0 11328 5395 6034 7310 10813 7844 5543 5183 11871 14062 6002 7240 1861 5575 10901 4837 12163 11175 11730 7026 9167 7544 10327 10124 12050 10648 8918 4056 3784 8998 10945 10726 3836 5030 8384 6611 5364 3566 7355 11595 6591 8007 2831 9533 10765 11921 13136 7131 2569 5608 8181 13934 6982 7454 8657 10748 6391 5352 1368 13491 9468 3706 8925 11516 12094 8337 8699 5484 4207 11204 10273 3423 8704 6267 5140 11990 4799 5006 8928 9158 9873 11111 7999 5093 10200 7226 7792 8789 3680 5124 11446 5203 8054 4068
14433 13123 16857 12672 7116 7214 11328 0 14679 8964 4203 15577 5049 7162 16267 15207 25022 17150 18201 9485 5763 21968 16073 15070 12401 416 7435 19600 18792 17512 11874 22246 19766 2511 7894 9390 16899 22264 21959 11661 16357 14105 4718 16677 14805 18323 22829 13982 3402 10780 10236 19975 22646 23408 4243 11618 12867 9176 25084 17951 16862 19880 20650 16317 6044 12543 24522 4285 7837 2406 12691 17310 17967 19943 16094 12523 15937 11452 12908 17244 5065 16467 14846 15715 13696 2402 8336 21085 11224 16399 9905 2954 8342 18043 18586 9422 6209 22710 7325 17949 8398
6813 2490 3811 12885 8061 7469 5395 14679 0 11387 10501 15789 9973 7560 7004 17035 14279 7265 8648 6307 9297 11225 6246 17373 16555 15094 7969 11099 5888 5117 15504 13828 13723 12656 6870 5291 13116 9344 10434 9040 5345 13376 10376 5913 5718 8711 11180 11357 11324 8197 14921 13746 12894 14672 10569 3362 10604 13541 13610 4325 2248 6615 13072 9645 9534 4308 13583 14029 8419 12471 16892 16854 11388 8723 2425 9168 16156 15665 8084 3309 9952 5446 17214 7224 9579 12463 14435 9832 16505 12024 5049 14426 12525 10289 3914 9033 9128 10876 7364 3272 6295
7206 11445 14961 3814 8956 7298 6034 8964 11387 0 6728 7058 8498 7664 9023 7298 16968 9904 10537 5326 5320 14190 9178 7386 5570 9251 9390 11315 12724 16123 4575 13690 10920 6612 6538 7782 7952 15594 14534 3535 9961 5217 5469 10025 8140 10657 15361 5086 6850 3505 3592 11145 14434 14856 6242 8210 4071 2154 17323 12617 13486 13832 12018 8009 4421 7313 16581 5244 3718 6967 5931 8750 9363 12674 11406 4240 7458 4544 5132 14685 5519 10032 7171 8318 5234 6988 3200 13648 5209 7534 9280 6521 1303 9752 14799 2357 4776 15348 7414 14063 7165
10645 9085 12888 10502 3528 3079 7310 4203 10501 6728 0 13786 1996 3105 12408 13903 21269 13265 14415 5449 1831 18147 12133 13914 11622 4619 3957 16046 14660 13656 10812 18817 16692 2311 3692 5211 14130 18176 18030 8437 12312 11854 1260 12670 10858 14534 18900 11176 827 7341 9334 16874 18998 19961 509 7415 9983 7894 21218 13767 12704 15735 17313 12873 2511 8447 20728 4723 4202 2008 11967 15476 14670 16004 11895 9290 14185 10560 9408 13179 1286 12425 13690 11921 10478 1996 7694 17171 10746 13444 5889 4423 6724 14532 14413 6216 2422 18755 3203 13766 4207
9283 16758 19600 3399 15785 14038 10813 15577 15789 7058 13786 0 15534 14427 10212 1822 14679 10749 10427 11183 12327 12919 10826 2357 4306 15794 16192 9557 14353 20901 4130 10577 7121 13448 13087 13925 4270 15873 13846 6992 11980 2432 12526 11694 10533 10502 14449 4459 13877 8162 5638 7383 12162 11562 13298 13382 5223 6409 15585 15069 17409 15240 8972 7498 11441 11549 14584 11382 10368 13862 4296 1733 7248 12653 14751 6660 410 4696 7705 18960 12572 11978 2368 9568 6255 13885 7455 13118 5566 4994 15444 12772 7287 8497 18189 8280 11752 14620 14134 17501 13591
11388 8181 11846 12191 2073 2735 7844 5049 9973 8498 1996 15534 0 2502 13026 15756 21900 13832 15084 6066 3217 18729 12644 15792 13568 5440 2388 16921 14750 12467 12731 19762 17897 3967 3807 4850 15529 18340 18474 9723 12639 13493 3152 13062 11387 15198 19337 12609 2475 8526 11286 18060 19754 20880 2492 7268 11407 9820 21721 13664 12069 15773 18341 13887 4094 8765 21319 6636 5458 3515 13916 17196 15760 16455 11698 10540 15938 12502 10462 12299 2999 12759 15571 12626 11703 3492 9679 17646 12722 14759 4995 6139 8625 15464 13821 7616 3815 19155 2786 13228 4015
9140 5990 9783 11029 1386 396 5543 7162 7560 7664 3105 14427 2502 0 10688 14921 19529 11464 12757 3910 2730 16346 10260 15040 13130 7574 1767 14704 12252 10559 12189 17579 15949 5405 1538 2353 13829 15847 16040 8016 10190 12203 3484 10630 9022 12869 16899 11009 3922 6753 10937 16093 17451 18674 3330 4766 9824 9399 19299 11164 9713 13272 16230 11804 3515 6342 18932 7505 4061 5111 13491 16003 13722 14029 9205 8762 14837 12068 8481 10098 3089 10311 14827 10339 9865 5097 9620 15225 12497 12968 2784 7451 8162 13300 11449 6176 3050 16706 345 10830 1540
1879 8997 10501 8283 11876 10363 5183 16267 7004 9023 12408 10212 13026 10688 0 11824 8883 902 2071 7003 10614 5739 770 12280 12471 16654 12054 4276 4179 11826 11517 7154 6727 13783 9230 8683 6628 6578 5713 5498 1895 8093 11578 1499 1691 2181 6578 5978 13054 5775 11668 6743 6771 8157 12177 6564 5899 10795 8823 4910 7880 5161 6150 2915 10223 4433 8324 13733 8432 13867 12731 10826 4426 3732 5110 4924 10500 11897 3893 9574 11280 1855 12183 732 4405 13874 12108 4829 12954 5562 9668 14717 10316 3287 8243 7237 10095 6491 10353 7624 9172
10749 17809 20837 4198 16238 14543 11871 15207 17035 7298 13903 1822 15756 14921 11824 0 16490 12412 12167 11989 12610 14735 12401 539 3087 15382 16666 11372 15993 22118 3343 12374 8916 13262 13684 14692 6088 17639 15649 8045 13536 3769 12652 13287 12001 12247 16261 5909 13886 9098 4983 9177 13980 13340 13400 14419 6446 6120 17405 16621 18766 16913 10783 9202 11710 12742 16402 10933 10883 13714 2950 2797 9056 14415 16170 7873 1769 3818 8999 20267 12758 13543 605 11154 7672 13740 6886 14911 4422 6773 16221 12307 7199 10282 19643 8939 12074 16428 14652 18941 14247
10627 16715 16591 14698 20663 19217 14062 25022 14279 16968 21269 14679 21900 19529 8883 16490 0 8069 6854 15885 19459 3192 9269 17029 18484 25396 20802 5675 8466 17706 17808 4178 7600 22516 18097 17418 10516 5798 3858 13585 9481 13723 20386 8975 10515 6734 3214 12325 21889 14278 18599 7346 2596 3490 21016 15119 13017 18236 1461 10147 13876 8068 5707 8958 19008 13197 723 22090 17204 22643 18614 14172 7875 5643 11857 12778 14736 18335 12164 15395 20110 9358 17047 9348 11734 22653 19636 4471 19423 10177 18205 23215 18150 7221 13062 15700 18920 3587 19199 12872 17998
2782 9402 10589 9012 12622 11149 6002 17150 7265 9904 13265 10749 13832 11464 902 12412 8069 0 1420 7841 11480 4900 1223 12883 13205 17538 12782 3837 3615 11899 12271 6635 6639 14670 10028 9400 6965 5719 4818 6373 1928 8724 12454 1375 2446 1506 5685 6645 13921 6677 12482 6620 6059 7576 13043 7196 6669 11647 7954 4612 7889 4501 5810 3285 11106 5152 7490 14635 9318 14748 13455 11247 4465 2830 5169 5769 11017 12668 4772 9596 12150 1838 12797 1586 5166 14755 12971 3937 13735 5941 10310 15619 11194 3164 8057 8139 10968 5591 11133 7487 9938
3777 10816 11876 9128 13947 12430 7240 18201 8648 10537 14415 10427 15084 12757 2071 12167 6854 1420 0 9043 12607 3770 2616 12665 13286 18582 14122 2461 4351 13172 12411 5217 5501 15703 11293 10747 6375 5508 4000 7021 3303 8620 13543 2734 3756 122 4824 6673 15039 7536 12803 5446 4701 6158 14165 8589 6947 12118 6906 5651 9138 4998 4467 3009 12171 6495 6325 15467 10369 15813 13507 10712 3559 2296 6478 6305 10652 12853 5482 10843 13261 3202 12602 2496 5475 15821 13482 3119 13941 5456 11700 16519 11797 2157 9142 8988 12071 4819 12421 8624 11243
5322 6119 9698 7848 5251 3537 1861 9485 6307 5326 5449 11183 6066 3910 7003 11989 15885 7841 9043 0 3724 12737 6690 12208 10817 9889 5547 10859 9331 10823 9784 13714 12045 7103 2373 2744 10040 12780 12584 4340 6879 8819 4777 7224 5417 9160 13454 7338 6149 3077 8917 12186 13695 14823 5274 2976 6205 7443 15785 8634 8518 10433 12333 7897 3575 3073 15325 7888 2132 7087 11172 12629 9813 10557 6958 4989 11590 9829 4586 9529 4420 6991 12015 6569 6029 7089 8199 11729 10534 9130 4261 8501 6333 9421 10027 3114 3302 13306 3566 9309 2600
8833 8233 12067 8975 3796 2475 5575 5763 9297 5320 1831 12327 3217 2730 10614 12610 19459 11480 12607 3724 0 16349 10366 12675 10586 6169 4253 14216 13034 12970 9692 16987 14892 3437 2475 4148 12394 16503 16264 6647 10603 10277 1096 10937 9093 12727 17135 9453 2442 5523 8344 15071 17174 18129 1564 6039 8252 6826 19434 12242 11539 14126 15487 11044 901 6781 18926 4926 2381 3372 10943 13982 12848 14240 10444 7491 12733 9518 7579 12207 701 10714 12456 10111 8676 3373 6929 15399 9866 11673 5221 5138 5596 12701 13194 4461 616 17000 2618 12514 3149
7535 13623 13799 12336 17473 16038 10901 21968 11225 14190 18147 12919 18729 16346 5739 14735 3192 4900 3770 12737 16349 0 6088 15264 16345 22349 17610 3365 5568 14983 15567 3807 6353 19471 14924 14227 8649 3920 1331 10716 6297 11556 17299 5785 7343 3648 1574 9880 18786 11296 16167 6154 1981 4058 17910 11930 10395 15636 3147 7257 11034 5424 4474 6275 15933 10009 2590 19202 14133 19576 16521 12757 5700 2506 8821 9954 13054 16057 9218 12633 17010 6174 15245 6253 9004 19584 17023 1438 17155 8047 15021 20275 15421 4665 10440 12742 15822 1844 16017 10146 14813
1981 8280 9731 8739 11406 9950 4837 16073 6246 9178 12133 10826 12644 10260 770 12401 9269 1223 2616 6690 10366 6088 0 12844 12906 16466 11562 4952 3702 11056 11931 7801 7493 13611 8838 8179 7347 6453 5899 5700 1171 8647 11362 909 1274 2712 6769 6513 12807 5810 11988 7506 7282 8770 11929 5977 6317 11037 9097 4246 7116 4752 6868 3647 10034 3934 8677 13719 8265 13667 13179 11502 5195 3875 4344 5220 11127 12287 4108 8808 11045 1155 12739 1262 4854 13673 12315 5039 13326 6271 9090 14649 10479 4043 7518 7255 9872 6638 9930 6887 8729
11163 18086 21168 4496 16341 14667 12163 15070 17373 7386 13914 2357 15792 15040 12280 539 17029 12883 12665 12208 12675 15264 12844 0 2788 15232 16774 11901 16454 22441 3202 12913 9455 13185 13837 14892 6619 18145 16171 8354 13972 4198 12670 13735 12412 12746 16787 6338 13864 9368 4834 9716 14518 13878 13408 14698 6812 6067 17942 17053 19136 17384 11322 9689 11774 13071 16940 10786 11023 13647 2603 3276 9580 14919 16562 8226 2307 3625 9369 20619 12793 13982 226 11603 8082 13673 6734 15428 4115 7288 16420 12150 7191 10796 20042 9132 12152 16952 14779 19336 14415
11028 16901 20263 4193 14355 12781 11175 12401 16555 5570 11622 4306 13568 13130 12471 3087 18484 13205 13286 10817 10586 16345 12906 2788 0 12542 14804 13023 16607 21479 1051 14521 11127 10651 12092 13348 7994 18779 17084 7634 13945 4794 10416 13816 12221 13385 17788 6615 11474 8358 2290 11391 15903 15578 11112 13576 6590 3762 19237 16936 18507 17627 12842 10289 9700 12283 18298 8120 9282 11134 361 5770 10692 15583 16126 7801 4491 1069 8989 19860 10597 13978 2583 11748 8068 11161 4102 16272 1336 8340 14850 9459 4990 11701 19618 7716 10124 17896 12906 18889 12730
14816 13531 17259 12933 7510 7629 11730 416 15094 9251 4619 15794 5440 7574 16654 15382 25396 17538 18582 9889 6169 22349 16466 15232 12542 0 7823 19960 19201 17906 12043 22593 20085 2880 8310 9806 17197 22669 22350 12006 16759 14367 5119 17076 15200 18703 23219 14289 3817 11143 10403 20297 23012 23757 4655 12033 13184 9387 25468 18365 17277 20290 20990 16671 6434 12950 24900 4450 8222 2805 12824 17526 18307 20335 16510 12867 16150 11609 13272 17653 5470 16869 15009 16097 14036 2802 8500 21474 11344 16713 10313 3083 8588 18400 19001 9775 6608 23103 7739 18364 8815
10619 5956 9517 12794 460 2160 7026 7435 7969 9390 3957 16192 2388 1767 12054 16666 20802 12782 14122 5547 4253 17610 11562 16774 14804 7823 0 16174 13180 10095 13882 19066 17580 6197 3226 3385 15546 16792 17206 9750 11356 13970 4750 11837 10366 14229 18052 12751 4654 8481 12582 17715 18823 20138 4347 5737 11572 11054 20481 11936 9951 14139 17773 13384 5115 7632 20181 8658 5824 5794 15163 17770 15318 15224 9927 10477 16602 13738 10132 10036 4425 11479 16560 11769 11559 5774 11176 16423 14117 14664 2925 8356 9819 14818 11711 7943 4680 17832 2076 11161 2977
5565 13225 14327 9091 15961 14355 9167 19600 11099 11315 16046 9557 16921 14704 4276 11372 5675 3837 2461 10859 14216 3365 4952 11901 13023 19960 16174 0 6560 15617 12276 2899 3380 17089 13195 12842 5289 6641 4341 8006 5754 8230 15065 5188 5927 2411 4894 6676 16601 8822 12970 3256 3119 3969 15744 10819 7342 12563 6236 8007 11578 6984 2020 3324 13671 8634 5360 16480 11879 17260 13188 9460 2342 3685 8936 7172 9699 12782 6695 13279 14829 5656 11881 4419 6086 17271 13963 3720 13878 4696 13906 17644 12482 1572 11491 10192 13642 5083 14362 11010 13232
5640 8369 8233 12433 13145 12023 7544 18792 5888 12724 14660 14353 14750 12252 4179 15993 8466 3615 4351 9331 13034 5568 3702 16454 16607 19201 13180 6560 0 9431 15634 8783 9819 16434 11057 9932 10557 3612 4609 9328 2764 12271 14103 2794 4585 4337 5310 10157 15414 9255 15666 9743 7429 9403 14553 7499 10018 14661 7726 1692 5466 1123 8546 6899 12888 6259 7756 16939 11239 16406 16877 14857 7890 3211 3477 8905 14626 15988 7765 7075 13734 2699 16360 4880 8546 16407 15902 4131 17023 9548 10347 17734 14025 6498 5002 10638 12633 4994 11964 4620 10739
11885 4788 1332 17946 10397 10648 10327 17512 5117 16123 13656 20901 12467 10559 11826 22118 17706 11899 13172 10823 12970 14983 11056 22441 21479 17906 10095 15617 9431 0 20429 18128 18522 15963 10532 8873 18174 12070 13919 14089 9999 18484 13935 10528 10734 13211 14492 16474 14461 13157 19709 18514 16860 18816 13884 7920 15704 18259 16731 7768 4042 9644 17635 14615 13460 9377 16984 17895 12775 15650 21824 21970 16251 12630 6735 14265 21270 20545 13197 2361 13512 10074 22277 12159 14696 15635 19002 13546 21318 17079 7797 17991 17156 15044 4673 13813 12994 14122 10511 4845 9833
10033 15859 19213 3283 13437 11833 10124 11874 15504 4575 10812 4130 12731 12189 11517 3343 17808 12271 12411 9784 9692 15567 11931 3202 1051 12043 13882 12276 15634 20429 0 13920 10582 9990 11111 12337 7397 17885 16259 6596 12953 4088 9586 12840 11215 12513 16982 5745 10716 7307 1641 10844 15218 15004 10304 12529 5621 2919 18508 15927 17460 16665 12223 9432 8797 11233 17592 7595 8292 10457 1396 5757 9964 14706 15090 6790 4397 577 7975 18809 9743 12990 2978 10791 7114 10483 3544 15432 1619 7632 13845 8966 4109 10906 18580 6678 9208 17075 11954 17850 11740
8449 16032 16871 10959 18846 17225 12050 22246 13828 13690 18817 10577 19762 17579 7154 12374 4178 6635 5217 13714 16987 3807 7801 12913 14521 22593 19066 2899 8783 18128 13920 0 3458 19741 16063 15739 6531 7727 5137 10587 8503 9845 17795 7932 8819 5140 5222 8740 19340 11518 14857 3198 2026 1167 18494 13711 9625 14681 5319 10382 14093 8924 1713 5952 16399 11532 4244 18923 14625 19942 14625 10000 4329 5593 11569 9727 10611 14467 9414 15769 17580 8396 12942 7317 8570 19955 16074 4993 15538 6391 16803 20147 14771 4300 13784 12826 16401 5570 17236 13385 16117
7283 15599 17204 7791 17295 15568 10648 19766 13723 10920 16692 7121 17897 15949 6727 8916 7600 6639 5501 12045 14892 6353 7493 9455 11127 20085 17580 3380 9819 18522 10582 3458 0 17303 14411 14432 3208 9964 7531 8256 8523 6560 15567 8001 8101 5498 7925 5835 17113 9384 11629 264 5174 4457 16312 12767 6901 11621 8617 11147 14526 10328 1947 4295 14196 10516 7574 16150 12515 17566 11214 6586 2374 7063 11787 7403 7153 11141 7470 16232 15415 8449 9485 6531 6216 17582 12989 7027 12193 3386 15699 17441 11875 3479 14635 10498 14282 8188 15605 14100 14607
11940 11360 15176 10392 5788 5346 8918 2511 12656 6612 2311 13448 3967 5405 13783 13262 22516 14670 15703 7103 3437 19471 13611 13185 10651 2880 6197 17089 16434 15963 9990 19741 17303 0 5786 7399 14490 19862 19485 9160 13940 11815 2345 14240 12349 15825 20354 11552 1545 8269 8391 17509 20135 20903 2107 9455 10417 7144 22593 15677 14883 17534 18152 13808 3580 10175 22021 2842 5352 518 10971 15177 15471 17474 13881 10024 13825 9636 10397 15433 2744 14047 12960 13220 11201 547 6557 18607 9598 13950 8182 2173 6160 15532 16567 6916 3801 20243 5477 15901 6381
7636 5772 9601 9692 2897 1165 4056 7894 6870 6538 3692 13087 3807 1538 9230 13684 18097 10028 11293 2373 2475 14924 8838 13837 12092 8310 3226 13195 11057 10532 11111 16063 14411 5786 0 1675 12321 14617 14672 6526 8850 10811 3523 9262 7583 11407 15537 9530 4499 5256 9976 14555 15976 17164 3708 3724 8356 8436 17915 10095 9101 12111 14700 10270 2938 4967 17514 7375 2825 5616 12453 14625 12186 12651 8206 7252 13497 11046 6945 9732 3096 8969 13630 8853 8342 5610 8848 13842 11574 11446 2901 7606 7215 11777 10781 4806 2466 15360 1194 10116 711
7316 4101 7927 10578 3260 2198 3784 9390 5291 7782 5211 13925 4850 2353 8683 14692 17418 9400 10747 2744 4148 14227 8179 14892 13348 9806 3385 12842 9932 8873 12337 15739 14432 7399 1675 0 12659 13536 13842 7063 7986 11562 5181 8458 6993 10853 14692 10042 6035 5811 11321 14549 15446 16796 5298 2432 8930 9797 17113 8814 7496 10937 14497 10173 4587 4253 16799 9048 4120 7190 13708 15372 12120 11850 6852 7664 14331 12326 7105 8066 4752 8108 14694 8426 8633 7182 10333 13049 12936 11702 1529 9269 8605 11528 9203 5761 4124 14481 2107 8559 1018
6303 14592 16844 4607 15211 13436 8998 16899 13116 7952 14130 4270 15529 13829 6628 6088 10516 6965 6375 10040 12394 8649 7347 6619 7994 17197 15546 5289 10557 18174 7397 6531 3208 14490 12321 12659 0 11702 9594 5829 8514 3353 12942 8117 7443 6434 10182 2959 14463 7079 8422 3465 7957 7607 13711 11420 4147 8462 11353 11522 14375 11335 4849 3716 11620 9263 10373 13118 10071 14795 8108 4337 3000 8510 11610 5069 4415 7950 5577 16030 12844 8481 6608 6119 4026 14814 9814 8889 9013 1095 14066 14444 8803 4318 14865 7933 11778 10360 13495 14231 12638
8396 11833 11040 14604 16756 15608 10945 22264 9344 15594 18176 15873 18340 15847 6578 17639 5798 5719 5508 12780 16503 3920 6453 18145 18779 22669 16792 6641 3612 12070 17885 7727 9964 19862 14617 13536 11702 0 2590 12075 5928 14127 17553 5685 7625 5417 2722 12165 18912 12263 18181 9802 5845 7908 18042 11105 12338 17365 4681 5020 8449 2729 8218 8517 16290 9731 5088 20151 14578 19865 19006 16001 8721 3227 6999 11488 16074 18309 10470 9826 17200 5824 18090 7297 10838 19868 18685 2938 19389 10879 13953 21038 16891 7389 7397 13707 16068 2322 15554 7315 14325
7584 12883 12774 12991 17102 15753 10726 21959 10434 14534 18030 13846 18474 16040 5713 15649 3858 4818 4000 12584 16264 1331 5899 16171 17084 22350 17206 4341 4609 13919 16259 5137 7531 19485 14672 13842 9594 2590 0 11011 5857 12325 17255 5412 7173 3882 871 10522 18706 11453 16747 7348 3283 5359 17828 11477 10908 16108 3276 6293 10038 4284 5708 6842 15916 9709 3152 19410 14133 19555 17280 13801 6599 2027 8010 10304 14008 16726 9451 11587 16942 5736 16138 6330 9456 19562 17478 890 17821 8893 14519 20422 15797 5404 9316 12914 15766 823 15721 9075 14500
3719 9786 12822 3858 9401 7621 3836 11661 9040 3535 8437 6992 9723 8016 5498 8045 13585 6373 7021 4340 6647 10716 5700 8354 7634 12006 9750 8006 9328 14089 6596 10587 8256 9160 6526 7063 5829 12075 11011 0 6573 4572 7316 6574 4764 7142 11844 3009 8864 1274 6373 8441 11105 11751 8057 6400 1867 5339 13860 9415 10902 10418 8993 4688 5940 4732 13160 8506 4281 9379 7951 8341 6314 9139 8495 866 7388 6850 1605 12316 7159 6630 8188 4787 2054 9393 6620 10123 7818 5038 8552 9641 4822 6435 11985 2258 6034 11823 7686 11256 6899
2921 7540 8682 9803 11245 9911 5030 16357 5345 9961 12312 11980 12639 10190 1895 13536 9481 1928 3303 6879 10603 6297 1171 13972 13945 16759 11356 5754 2764 9999 12953 8503 8523 13940 8850 7986 8514 5928 5857 6573 0 9774 11641 571 1822 3370 6712 7635 13027 6502 12926 8517 7734 9393 12153 5643 7365 11901 9128 3089 6015 3872 7737 4806 10365 3888 8840 14269 8651 13954 14226 12673 6276 3868 3263 6184 12285 13287 5025 7717 11296 123 13862 2429 5935 13957 13138 5067 14309 7440 8725 15122 11263 5046 6352 7902 10153 6517 9875 5729 8650
6981 14327 17186 1435 13578 11809 8384 14105 13376 5217 11854 2432 13493 12203 8093 3769 13723 8724 8620 8819 10277 11556 8647 4198 4794 14367 13970 8230 12271 18484 4088 9845 6560 11815 10811 11562 3353 14127 12325 4572 9774 0 10607 9539 8233 8710 13011 2141 12043 5767 5075 6818 11134 10942 11387 10953 2792 5248 14447 12856 15039 13220 8142 5611 9416 9122 13517 10103 8174 12181 4965 3818 5900 10907 12416 4230 2821 4625 5296 16569 10598 9784 4093 7409 3908 12203 6548 11529 5706 3553 13073 11470 5794 6926 15881 6027 9680 13130 11898 15182 11281
9767 9235 13069 9248 4294 3314 6611 4718 10376 5469 1260 12526 3152 3484 11578 12652 20386 12454 13543 4777 1096 17299 11362 12670 10416 5119 4750 15065 14103 13935 9586 17795 15567 2345 3523 5181 12942 17553 17255 7316 11641 10607 0 11959 10092 13664 18125 9984 1550 6280 8135 15756 18062 18946 781 7132 8798 6671 20401 13332 12614 15200 16258 11843 1396 7845 19867 4021 3191 2313 10765 14217 13597 15235 11540 8177 12925 9351 8384 13247 429 11750 12447 11049 9368 2317 6554 16384 9581 12286 6147 4089 5486 13531 14278 5069 1491 18001 3456 13601 4168
2862 8109 9216 9648 11713 10341 5364 16677 5913 10025 12670 11694 13062 10630 1499 13287 8975 1375 2734 7224 10937 5785 909 13735 13816 17076 11837 5188 2794 10528 12840 7932 8001 14240 9262 8458 8117 5685 5412 6574 571 9539 11959 0 1941 2800 6275 7409 13370 6614 12884 7987 7182 8825 12494 6145 7226 11913 8669 3412 6526 3853 7176 4401 10660 4297 8345 14467 8920 14272 14088 12325 5783 3399 3795 6118 11988 13194 4992 8231 11625 468 13632 2133 5762 14276 13179 4597 14231 7056 9240 15358 11328 4522 6776 8042 10468 6101 10310 6177 9090
1253 7499 9403 8127 10194 8705 3566 14805 5718 8140 10858 10533 11387 9022 1691 12001 10515 2446 3756 5417 9093 7343 1274 12412 12221 15200 10366 5927 4585 10734 11215 8819 8101 12349 7583 6993 7443 7625 7173 4764 1822 8233 10092 1941 0 3863 8043 6100 11534 4692 11129 8152 8456 9839 10655 4892 5684 10083 10369 4715 6963 5692 7734 3931 8770 2742 9933 12526 7010 12399 12513 11386 5735 5148 4235 4426 10864 11529 3247 8596 9772 1892 12288 1583 4331 12405 11317 6313 12536 6348 7986 13425 9442 4790 7656 6108 8602 7909 8690 6969 7499
3897 10892 11917 9230 14056 12543 7355 18323 8711 10657 14534 10502 15198 12869 2181 12247 6734 1506 122 9160 12727 3648 2712 12746 13385 18703 14229 2411 4337 13211 12513 5140 5498 15825 11407 10853 6434 5417 3882 7142 3370 8710 13664 2800 3863 0 4704 6773 15160 7658 12913 5437 4593 6070 14285 8687 7058 12233 6784 5663 9174 4960 4425 3103 12292 6601 6204 15589 10490 15934 13604 10771 3594 2199 6526 6423 10724 12957 5604 10877 13381 3266 12685 2616 5588 15943 13598 3003 14045 5526 11799 16641 11916 2189 9154 9110 12192 4702 12533 8644 11353
8446 13644 13380 13726 17952 16614 11595 22829 11180 15361 18900 14449 19337 16899 6578 16261 3214 5685 4824 13454 17135 1574 6769 16787 17788 23219 18052 4894 5310 14492 16982 5222 7925 20354 15537 14692 10182 2722 871 11844 6712 13011 18125 6275 8043 4704 0 11259 19576 12308 17512 7724 3238 5252 18698 12318 11689 16905 2451 6972 10674 4855 6034 7597 16785 10572 2492 20262 15001 20425 17975 14322 7208 2897 8756 11125 14593 17459 10293 12182 17812 6590 16763 7187 10252 20432 18280 1749 18556 9537 15348 21281 16618 6087 9850 13768 16637 400 16581 9659 15359
4847 12464 15165 2469 12395 10613 6591 13982 11357 5086 11176 4459 12609 11009 5978 5909 12325 6645 6673 7338 9453 9880 6513 6338 6615 14289 12751 6676 10157 16474 5745 8740 5835 11552 9530 10042 2959 12165 10522 3009 7635 2141 9984 7409 6100 6773 11259 0 11503 4282 6298 6063 9735 9892 10754 9136 1203 5949 12897 10716 12950 11125 7037 3688 8668 7171 12035 10316 7155 11847 6843 5536 4477 8969 10299 2397 4811 6204 3294 14505 9891 7646 6228 5283 1795 11866 7347 9690 7299 2450 11510 11607 6064 5219 13753 4996 8837 11340 10683 13058 9907
11263 9907 13705 10659 4243 3905 8007 3402 11324 6850 827 13877 2475 3922 13054 13886 21889 13921 15039 6149 2442 18786 12807 13864 11474 3817 4654 16601 15414 14461 10716 19340 17113 1545 4499 6035 14463 18912 18706 8864 13027 12043 1550 13370 11534 15160 19576 11503 0 7827 9185 17303 19585 20490 878 8220 10324 7804 21875 14551 13529 16496 17807 13388 2942 9181 21361 4169 4722 1190 11811 15586 15147 16681 12693 9726 14269 10425 9927 14004 1780 13139 13639 12544 10917 1176 7460 17841 10527 13823 6706 3706 6687 15071 15237 6615 2971 19440 4029 14588 5030
3899 8718 11921 4904 8136 6358 2831 10780 8197 3505 7341 8162 8526 6753 5775 9098 14278 6677 7536 3077 5523 11296 5810 9368 8358 11143 8481 8822 9255 13157 7307 11518 9384 8269 5256 5811 7079 12263 11453 1274 6502 5767 6280 6614 4692 7658 12308 4282 7827 0 6816 9556 11870 12672 6992 5331 3131 5570 14439 9112 10181 10371 9981 5566 4886 3946 13808 7960 3142 8439 8695 9566 7329 9503 7954 2022 8564 7479 2128 11503 6081 6580 9190 5125 3178 8451 6705 10563 8359 6248 7312 8984 4793 7271 11395 1462 4920 12247 6421 10659 5626
10026 15036 18537 3907 12129 10599 9533 10236 14921 3592 9334 5638 11286 10937 11668 4983 18599 12482 12803 8917 8344 16167 11988 4834 2290 10403 12582 12970 15666 19709 1641 14857 11629 8391 9976 11321 8422 18181 16747 6373 12926 5075 8135 12884 11129 12913 17512 6298 9185 6816 0 11886 16004 15975 8825 11791 5858 1542 19195 15784 16974 16737 13144 9916 7468 10749 18328 5955 7208 8867 2633 7318 10725 15071 14759 6768 5941 1246 7902 18227 8326 12977 4610 10936 7349 8893 1903 15893 1619 8474 12796 7326 2776 11513 18210 5905 7906 17570 10727 17474 10638
7366 15651 17199 8042 17435 15714 10765 19975 13746 11145 16874 7383 18060 16093 6743 9177 7346 6620 5446 12186 15071 6154 7506 9716 11391 20297 17715 3256 9743 18514 10844 3198 264 17509 14555 14549 3465 9802 7348 8441 8517 6818 15756 7987 8152 5437 7724 6063 17303 9556 11886 0 4935 4193 16498 12852 7116 11867 8376 11096 14509 10227 1718 4391 14381 10601 7328 16378 12691 17767 11479 6833 2451 6940 11779 7585 7413 11402 7620 16216 15598 8440 9747 6575 6396 17783 13238 6865 12455 3613 15802 17666 12109 3472 14587 10688 14462 7993 15749 14061 14740
8377 15227 15651 12103 18648 17120 11921 22646 12894 14434 18998 12162 19754 17451 6771 13980 2596 6059 4701 13695 17174 1981 7282 14518 15903 23012 18823 3119 7429 16860 15218 2026 5174 20135 15976 15446 7957 5845 3283 11105 7734 11134 18062 7182 8456 4593 3238 9735 19585 11870 16004 4935 0 2078 18719 13253 10451 15656 3446 9100 12873 7375 3232 6436 16673 11193 2422 19593 14871 20288 16040 11755 5279 4244 10531 10280 12239 15742 9743 14502 17806 7616 14526 7128 9204 20298 17056 3359 16832 7585 16366 20746 15598 4686 12366 13265 16616 3605 17114 12040 15941
9535 16933 17585 12084 19928 18323 13136 23408 14672 14856 19961 11562 20880 18674 8157 13340 3490 7576 6158 14823 18129 4058 8770 13878 15578 23757 20138 3969 9403 18816 15004 1167 4457 20903 17164 16796 7607 7908 5359 11751 9393 10942 18946 8825 9839 6070 5252 9892 20490 12672 15975 4193 2078 0 19642 14721 10788 15827 4807 11049 14802 9418 2856 7106 17551 12569 3737 20090 15773 21101 15670 10880 5495 6192 12362 10892 11572 15556 10563 16456 18727 9281 13918 8371 9736 21114 17218 5407 16620 7524 17824 21314 15931 5431 14376 13987 17547 5634 18331 14023 17200
10390 9257 13078 10026 3905 3247 7131 4243 10569 6242 509 13298 2492 3330 12177 13400 21016 13043 14165 5274 1564 17910 11929 13408 11112 4655 4347 15744 14553 13884 10304 18494 16312 2107 3708 5298 13711 18042 17828 8057 12153 11387 781 12494 10655 14285 18698 10754 878 6992 8825 16498 18719 19642 0 7412 9565 7385 20997 13712 12789 15638 16972 12544 2117 8313 20486 4311 3869 1909 11458 14992 14319 15803 11871 8915 13696 10051 9080 13326 915 12265 13184 11669 10105 1904 7190 16963 10239 13043 6092 4123 6217 14219 14482 5819 2103 18563 3380 13822 4282
5487 3390 6752 10220 5664 4564 2569 11618 3362 8210 7415 13382 7268 4766 6564 14419 15119 7196 8589 2976 6039 11930 5977 14698 13576 12033 5737 10819 7499 7920 12529 13711 12767 9455 3724 2432 11420 11105 11477 6400 5643 10953 7132 6145 4892 8687 12318 9136 8220 5331 11791 12852 13253 14721 7412 0 8175 10354 14753 6409 5600 8507 12595 8473 6202 2251 14483 10682 5065 9319 13924 14654 10401 9509 4486 6765 13773 12630 5902 6553 6717 5766 14521 6429 7495 9315 11165 10706 13399 10383 3113 11130 9281 9626 7189 5893 5814 12095 4493 6494 3287
4461 11541 14412 2444 11211 9428 5608 12867 10604 4071 9983 5223 11407 9824 5899 6446 13017 6669 6947 6205 8252 10395 6317 6812 6590 13184 11572 7342 10018 15704 5621 9625 6901 10417 8356 8930 4147 12338 10908 1867 7365 2792 8798 7226 5684 7058 11689 1203 10324 3131 5858 7116 10451 10788 9565 8175 0 5244 13481 10390 12324 11044 7947 4120 7473 6334 12675 9314 5952 10698 6864 6497 5301 9213 9762 1440 5608 6001 2557 13822 8697 7395 6670 5170 1504 10715 6637 10046 7065 3534 10417 10571 5161 5807 13252 3794 7636 11731 9500 12539 8753
9056 13558 17106 3867 10603 9059 8181 9176 13541 2154 7894 6409 9820 9399 10795 6120 18236 11647 12118 7443 6826 15636 11037 6067 3762 9387 11054 12563 14661 18259 2919 14681 11621 7144 8436 9797 8462 17365 16108 5339 11901 5248 6671 11913 10083 12233 16905 5949 7804 5570 1542 11867 15656 15827 7385 10354 5244 0 18725 14656 15635 15755 12972 9363 5943 9446 17911 4978 5679 7594 4118 8140 10423 14337 13516 5878 6764 2693 6930 16839 6840 11962 5842 10071 6653 7619 1400 15235 3142 8314 11264 6367 1237 11045 16931 4509 6374 16930 9187 16194 9101
10652 16081 15667 15325 20373 19007 13934 25084 13610 17323 21218 15585 21721 19299 8823 17405 1461 7954 6906 15785 19434 3147 9097 17942 19237 25468 20481 6236 7726 16731 18508 5319 8617 22593 17915 17113 11353 4681 3276 13860 9128 14447 20401 8669 10369 6784 2451 12897 21875 14439 19195 8376 3446 4807 20997 14753 13481 18725 0 9363 13007 7171 6677 9365 19043 12960 1080 22349 17247 22687 19390 15201 8547 5270 11189 13091 15673 19016 12365 14458 20102 9005 17945 9373 12119 22695 20118 4075 20112 10897 17792 23421 18546 7690 12062 15888 18918 2734 18978 11935 17760
5930 6814 6552 12834 11944 10973 6982 17951 4325 12617 13767 15069 13664 11164 4910 16621 10147 4612 5651 8634 12242 7257 4246 17053 16936 18365 11936 8007 1692 7768 15927 10382 11147 15677 10095 8814 11522 5020 6293 9415 3089 12856 13332 3412 4715 5663 6972 10716 14551 9112 15784 11096 9100 11049 13712 6409 10390 14656 9363 0 3778 2291 10020 7807 12205 5621 9434 16447 10668 15600 17228 15735 9065 4862 2016 9137 15372 16231 7952 5408 12941 3092 16940 5508 8994 15599 15817 5821 17225 10466 9044 17133 13899 7721 3492 10394 11901 6642 10900 3012 9696
8179 4059 2782 14688 10093 9649 7454 16862 2248 13486 12704 17409 12069 9713 7880 18766 13876 7889 9138 8518 11539 11034 7116 19136 18507 17277 9951 11578 5466 4042 17460 14093 14526 14883 9101 7496 14375 8449 10038 10902 6015 15039 12614 6526 6963 9174 10674 12950 13529 10181 16974 14509 12873 14802 12789 5600 12324 15635 13007 3778 0 5837 13596 10735 11782 6236 13157 16275 10641 14685 18835 18340 12290 8631 2775 10914 17757 17657 9768 1707 12189 6082 18990 8278 11155 14677 16582 9597 18537 13282 7083 16671 14659 11047 1760 11130 11375 10324 9538 1293 8508
6714 9104 8525 13443 14123 13054 8657 19880 6615 13832 15735 15240 15773 13272 5161 16913 8068 4501 4998 10433 14126 5424 4752 17384 17627 20290 14139 6984 1123 9644 16665 8924 10328 17534 12111 10937 11335 2729 4284 10418 3872 13220 15200 3853 5692 4960 4855 11125 16496 10371 16737 10227 7375 9418 15638 8507 11044 15755 7171 2291 5837 0 8900 7748 13996 7360 7346 18061 12355 17498 17890 15662 8555 3372 4280 9970 15499 17031 8843 7327 14827 3801 17297 5880 9559 17499 17005 4016 18075 10362 11272 18851 15134 7150 5033 11759 13734 4495 12991 4805 11770
7183 15145 16342 9245 17530 15865 10748 20650 13072 12018 17313 8972 18341 16230 6150 10783 5707 5810 4467 12333 15487 4474 6868 11322 12842 20990 17773 2020 8546 17635 12223 1713 1947 18152 14700 14497 4849 8218 5708 8993 7737 8142 16258 7176 7734 4425 6034 7037 17807 9981 13144 1718 3232 2856 16972 12595 7947 12972 6677 10020 13596 8900 0 4456 14866 10369 5642 17258 13112 18370 12955 8524 2684 5541 10944 8129 9032 12766 7911 15298 16061 7643 11340 6169 6954 18384 14364 5299 13841 4678 15643 18496 13080 2975 13499 11246 14892 6318 15886 13026 14804
2998 11374 13284 6155 13122 11434 6391 16317 9645 8009 12873 7498 13887 11804 2915 9202 8958 3285 3009 7897 11044 6275 3647 9689 10289 16671 13384 3324 6899 14615 9432 5952 4295 13808 10270 10173 3716 8517 6842 4688 4806 5611 11843 4401 3931 3103 7597 3688 13388 5566 9916 4391 6436 7106 12544 8473 4120 9363 9365 7807 10735 7748 4456 0 10447 6223 8582 13157 8677 13998 10504 7964 1948 5302 7960 3849 7751 9889 3465 12412 11630 4770 9619 2459 2775 14010 10754 6003 10983 2664 11412 14322 9200 1752 11158 6896 10454 7663 11460 10533 10407
8398 8685 12499 8099 4662 3214 5352 6044 9534 4421 2511 11441 4094 3515 10223 11710 19008 11106 12171 3575 901 15933 10034 11774 9700 6434 5115 13671 12888 13460 8797 16399 14196 3580 2938 4587 11620 16290 15916 5940 10365 9416 1396 10660 8770 12292 16785 8668 2942 4886 7468 14381 16673 17551 2117 6202 7473 5943 19043 12205 11782 13996 14866 10447 0 6639 18496 4506 1804 3644 10057 13102 12207 13901 10486 6798 11845 8632 6989 12559 1225 10471 11555 9680 7988 3652 6105 15041 9005 10935 5811 4954 4710 12135 13391 3708 483 16669 3353 12693 3647
3236 5340 8097 8580 7472 6046 1368 12543 4308 7313 8447 11549 8765 6342 4433 12742 13197 5152 6495 3073 6781 10009 3934 13071 12283 12950 7632 8634 6259 9377 11233 11532 10516 10175 4967 4253 9263 9731 9709 4732 3888 9122 7845 4297 2742 6601 10572 7171 9181 3946 10749 10601 11193 12569 8313 2251 6334 9446 12960 5621 6236 7360 10369 6223 6639 0 12593 10826 5049 10151 12614 12705 8151 7692 4129 4894 11926 11422 3878 7591 7480 4005 12910 4220 5443 10152 10470 8886 12303 8206 5279 11531 8535 7395 7486 4978 6375 10393 6018 6750 4806
10101 16025 15870 14440 20050 18626 13491 24522 13583 16581 20728 14584 21319 18932 8324 16402 723 7490 6325 15325 18926 2590 8677 16940 18298 24900 20181 5360 7756 16984 17592 4244 7574 22021 17514 16799 10373 5088 3152 13160 8840 13517 19867 8345 9933 6204 2492 12035 21361 13808 18328 7328 2422 3737 20486 14483 12675 17911 1080 9434 13157 7346 5642 8582 18496 12593 0 21665 16693 22136 18441 14160 7630 4985 11159 12368 14661 18109 11707 14673 19583 8718 16948 8819 11354 22145 19309 3799 19202 9964 17560 22769 17782 6868 12339 15242 18394 2865 18605 12150 17398
11854 13147 16976 8674 8215 7327 9468 4285 14029 5244 4723 11382 6636 7505 13733 10933 22090 14635 15467 7888 4926 19202 13719 10786 8120 4450 8658 16480 16939 17895 7595 18923 16150 2842 7375 9048 13118 20151 19410 8506 14269 10103 4021 14467 12526 15589 20262 10316 4169 7960 5955 16378 19593 20090 4311 10682 9314 4978 22349 16447 16275 18061 17258 13157 4506 10826 21665 0 5788 3360 8414 13110 14595 17462 14842 9315 11730 7167 9987 17063 4425 14362 10563 13084 10402 3388 4053 18520 6965 12766 10137 1390 4326 14909 17862 6498 4941 20206 7471 17156 8066
6597 8005 11703 6971 5417 3675 3706 7837 8419 3718 4202 10368 5458 4061 8432 10883 17204 9318 10369 2132 2381 14133 8265 11023 9282 8222 5824 11879 11239 12775 8292 14625 12515 5352 2825 4120 10071 14578 14133 4281 8651 8174 3191 8920 7010 10490 15001 7155 4722 3142 7208 12691 14871 15773 3869 5065 5952 5679 17247 10668 10641 12355 13112 8677 1804 5049 16693 5788 0 5444 9643 11958 10469 12123 9059 5118 10778 8244 5212 11604 2954 8754 10814 7879 6299 5452 6248 13255 8820 9318 5588 6497 4485 10350 12159 2176 1780 14893 3777 11440 3448
12041 11093 14894 10766 5398 5085 8925 2406 12471 6967 2008 13862 3515 5111 13867 13714 22643 14748 15813 7087 3372 19576 13667 13647 11134 2805 5794 17260 16406 15650 10457 19942 17566 518 5616 7190 14795 19865 19555 9379 13954 12181 2313 14272 12399 15934 20425 11847 1190 8439 8867 17767 20288 21101 1909 9319 10698 7594 22687 15600 14685 17498 18370 13998 3644 10151 22136 3360 5444 0 11456 15588 15692 17538 13773 10244 14242 10112 10565 15185 2671 14063 13421 13323 11428 28 7046 18682 10094 14227 7895 2636 6580 15710 16385 7124 3803 20305 5210 15728 6178
11313 17253 20606 4448 14714 13142 11516 12691 16892 5931 11967 4296 13916 13491 12731 2950 18614 13455 13507 11172 10943 16521 13179 2603 361 12824 15163 13188 16877 21824 1396 14625 11214 10971 12453 13708 8108 19006 17280 7951 14226 4965 10765 14088 12513 13604 17975 6843 11811 8695 2633 11479 16040 15670 11458 13924 6864 4118 19390 17228 18835 17890 12955 10504 10057 12614 18441 8414 9643 11456 0 5689 10852 15803 16440 8098 4450 1425 9287 20195 10949 14258 2410 12011 8332 11484 4415 16474 1530 8496 15211 9744 5347 11888 19934 8070 10483 18089 13266 19206 13092
10161 17997 20653 5009 17372 15611 12094 17310 16854 8750 15476 1733 17196 16003 10826 2797 14172 11247 10712 12629 13982 12757 11502 3276 5770 17526 17770 9460 14857 21970 5757 10000 6586 15177 14625 15372 4337 16001 13801 8341 12673 3818 14217 12325 11386 10771 14322 5536 15586 9566 7318 6833 11755 10880 14992 14654 6497 8140 15201 15735 18340 15662 8524 7964 13102 12705 14160 13110 11958 15588 5689 0 7282 12831 15620 7889 1383 6306 8828 19941 14250 12655 3397 10245 7282 15612 9161 13145 7084 5308 16878 14499 9018 8641 18987 9830 13398 14535 15702 18324 15099
4915 13229 14926 6824 15050 13349 8337 17967 11388 9363 14670 7248 15760 13722 4426 9056 7875 4465 3559 9813 12848 5700 5195 9580 10692 18307 15318 2342 7890 16251 9964 4329 2374 15471 12186 12120 3000 8721 6599 6314 6276 5900 13597 5783 5735 3594 7208 4477 15147 7329 10725 2451 5279 5495 14319 10401 5301 10423 8547 9065 12290 8555 2684 1948 12207 8151 7630 14595 10469 15692 10852 7282 0 5558 9528 5449 7410 10479 5298 13990 13409 6213 9554 4173 4271 15706 11822 5890 11573 2356 13357 15822 10456 1405 12522 8569 12248 7373 13378 11948 12341
5611 11117 11410 11423 15108 13738 8699 19943 8723 12674 16004 12653 16455 14029 3732 14415 5643 2830 2296 10557 14240 2506 3875 14919 15583 20335 15224 3685 3211 12630 14706 5593 7063 17474 12651 11850 8510 3227 2027 9139 3868 10907 15235 3399 5148 2199 2897 8969 16681 9503 15071 6940 4244 6192 15803 9509 9213 14337 5270 4862 8631 3372 5541 5302 13901 7692 4985 17462 12123 17538 15803 12831 5558 0 6327 8478 12860 15144 7554 10269 14919 3745 14863 4385 7726 17544 15686 1199 16230 7661 12577 18448 13954 4193 8200 10965 13745 2770 13708 7831 12489
5474 4894 5420 12173 9944 9032 5484 16094 2425 11406 11895 14751 11698 9205 5110 16170 11857 5169 6478 6958 10444 8821 4344 16562 16126 16510 9927 8936 3477 6735 15090 11569 11787 13881 8206 6852 11610 6999 8010 8495 3263 12416 11540 3795 4235 6526 8756 10299 12693 7954 14759 11779 10531 12362 11871 4486 9762 13516 11189 2016 2775 4280 10944 7960 10486 4129 11159 14842 9059 13773 16440 15620 9528 6327 0 8392 15088 15336 7215 4464 11137 3339 16426 5504 8510 13770 14583 7418 16272 10518 7030 15438 12648 8309 3497 9093 10148 8454 8952 2778 7765
3268 10118 12974 3784 10142 8369 4207 12523 9168 4240 9290 6660 10540 8762 4924 7873 12778 5769 6305 4989 7491 9954 5220 8226 7801 12867 10477 7172 8905 14265 6790 9727 7403 10024 7252 7664 5069 11488 10304 866 6184 4230 8177 6118 4426 6423 11125 2397 9726 2022 6768 7585 10280 10892 8915 6765 1440 5878 13091 9137 10914 9970 8129 3849 6798 4894 12368 9315 5118 10244 8098 7889 5449 8478 8392 0 7041 7106 1189 12395 8014 6229 8077 4196 1191 10259 7211 9420 8125 4226 9121 10473 5493 5600 11888 3123 6880 11121 8427 11169 7581
9616 17147 19966 3809 16195 14448 11204 15937 16156 7458 14185 410 15938 14837 10500 1769 14736 11017 10652 11590 12733 13054 11127 2307 4491 16150 16602 9699 14626 21270 4397 10611 7153 13825 13497 14331 4415 16074 14008 7388 12285 2821 12925 11988 10864 10724 14593 4811 14269 8564 5941 7413 12239 11572 13696 13773 5608 6764 15673 15372 17757 15499 9032 7751 11845 11926 14661 11730 10778 14242 4450 1383 7410 12860 15088 7041 0 4955 8073 19316 12973 12280 2356 9866 6605 14266 7779 13294 5780 5201 15850 13119 7665 8687 18516 8690 12159 14774 14545 17832 14000
10367 15932 19344 3735 13289 11721 10273 11452 15665 4544 10560 4696 12502 12068 11897 3818 18335 12668 12853 9829 9518 16057 12287 3625 1069 11609 13738 12782 15988 20545 577 14467 11141 9636 11046 12326 7950 18309 16726 6850 13287 4625 9351 13194 11529 12957 17459 6204 10425 7479 1246 11402 15742 15556 10051 12630 6001 2693 19016 16231 17657 17031 12766 9889 8632 11422 18109 7167 8244 10112 1425 6306 10479 15144 15336 7106 4955 0 8282 18974 9529 13328 3404 11168 7502 10139 3118 15893 1098 8157 13822 8527 3922 11392 18816 6746 9058 17544 11846 18084 11690
2130 9189 11895 4959 9835 8099 3423 12908 8084 5132 9408 7705 10462 8481 3893 8999 12164 4772 5482 4586 7579 9218 4108 9369 8989 13272 10132 6695 7765 13197 7975 9414 7470 10397 6945 7105 5577 10470 9451 1605 5025 5296 8384 4992 3247 5604 10293 3294 9927 2128 7902 7620 9743 10563 9080 5902 2557 6930 12365 7952 9768 8843 7911 3465 6989 3878 11707 9987 5212 10565 9287 8828 5298 7554 7215 1189 8073 8282 0 11276 8166 5075 9226 3186 1593 10576 8223 8561 9291 4598 8491 11064 6423 5149 10709 3537 6989 10258 8138 9993 7172
9791 4123 1216 16145 10251 10100 8704 17244 3309 14685 13179 18960 12299 10098 9574 20267 15395 9596 10843 9529 12207 12633 8808 20619 19860 17653 10036 13279 7075 2361 18809 15769 16232 15433 9732 8066 16030 9826 11587 12316 7717 16569 13247 8231 8596 10877 12182 14505 14004 11503 18227 16216 14502 16456 13326 6553 13822 16839 14458 5408 1707 7327 15298 12412 12559 7591 14673 17063 11604 15185 20195 19941 13990 10269 4464 12395 19316 18974 11276 0 12818 7785 20466 9953 12712 15174 17705 11195 19814 14936 7340 17335 15805 12753 2496 12334 12123 11818 9976 2524 9080
9484 8808 12642 9260 3966 2903 6267 5065 9952 5519 1286 12572 2999 3089 11280 12758 20110 12150 13261 4420 701 17010 11045 12793 10597 5470 4425 14829 13734 13512 9743 17580 15415 2744 3096 4752 12844 17200 16942 7159 11296 10598 429 11625 9772 13381 17812 9891 1780 6081 8326 15598 17806 18727 915 6717 8697 6840 20102 12941 12189 14827 16061 11630 1225 7480 19583 4425 2954 2671 10949 14250 13409 14919 11137 8014 12973 9529 8166 12818 0 11406 12572 10765 9203 2672 6800 16074 9802 12159 5728 4518 5634 13304 13856 4932 1191 17681 3046 13181 3739
2962 7652 8759 9831 11367 10031 5140 16467 5446 10032 12425 11978 12759 10311 1855 13543 9358 1838 3202 6991 10714 6174 1155 13982 13978 16869 11479 5656 2699 10074 12990 8396 8449 14047 8969 8108 8481 5824 5736 6630 123 9784 11750 468 1892 3266 6590 7646 13139 6580 12977 8440 7616 9281 12265 5766 7395 11962 9005 3092 6082 3801 7643 4770 10471 4005 8718 14362 8754 14063 14258 12655 6213 3745 3339 6229 12280 13328 5075 7785 11406 0 13873 2416 5957 14067 13205 4944 14353 7411 8847 15221 11334 4971 6388 7985 10262 6396 9995 5772 8770
11040 17908 21006 4331 16126 14455 11990 14846 17214 7171 13690 2368 15571 14827 12183 605 17047 12797 12602 12015 12456 15245 12739 226 2583 15009 16560 11881 16360 22277 2978 12942 9485 12960 13630 14694 6608 18090 16138 8188 13862 4093 12447 13632 12288 12685 16763 6228 13639 9190 4610 9747 14526 13918 13184 14521 6670 5842 17945 16940 18990 17297 11340 9619 11555 12910 16948 10563 10814 13421 2410 3397 9554 14863 16426 8077 2356 3404 9226 20466 12572 13873 0 11501 7959 13447 6511 15388 3914 7248 16222 11928 6968 10754 19910 8934 11934 16922 14567 19202 14211
1282 9077 10829 7563 11568 10001 4799 15715 7224 8318 11921 9568 12626 10339 732 11154 9348 1586 2496 6569 10111 6253 1262 11603 11748 16097 11769 4419 4880 12159 10791 7317 6531 13220 8853 8426 6119 7297 6330 4787 2429 7409 11049 2133 1583 2616 7187 5283 12544 5125 10936 6575 7128 8371 11669 6429 5170 10071 9373 5508 8278 5880 6169 2459 9680 4220 8819 13084 7879 13323 12011 10245 4173 4385 5504 4196 9866 11168 3186 9953 10765 2416 11501 0 3680 13331 11388 5440 12223 5035 9498 14094 9608 3212 8759 6587 9576 7122 10000 8115 8846
3081 10771 13383 3887 11238 9475 5006 13696 9579 5234 10478 6255 11703 9865 4405 7672 11734 5166 5475 6029 8676 9004 4854 8082 8068 14036 11559 6086 8546 14696 7114 8570 6216 11201 8342 8633 4026 10838 9456 2054 5935 3908 9368 5762 4331 5588 10252 1795 10917 3178 7349 6396 9204 9736 10105 7495 1504 6653 12119 8994 11155 9559 6954 2775 7988 5443 11354 10402 6299 11428 8332 7282 4271 7726 8510 1191 6605 7502 1593 12712 9203 5957 7959 3680 0 11443 8030 8586 8569 3104 10048 11592 6430 4519 11973 4311 8066 10279 9527 11274 8629
12049 11080 14880 10788 5379 5073 8928 2402 12463 6988 1996 13885 3492 5097 13874 13740 22653 14755 15821 7089 3373 19584 13673 13673 11161 2802 5774 17271 16407 15635 10483 19955 17582 547 5610 7182 14814 19868 19562 9393 13957 12203 2317 14276 12405 15943 20432 11866 1176 8451 8893 17783 20298 21114 1904 9315 10715 7619 22695 15599 14677 17499 18384 14010 3652 10152 22145 3388 5452 28 11484 15612 15706 17544 13770 10259 14266 10139 10576 15174 2672 14067 13447 13331 11443 0 7073 18689 10122 14244 7881 2661 6604 15722 16377 7138 3807 20311 5198 15721 6170
10335 14246 17895 5208 10717 9314 9158 8336 14435 3200 7694 7455 9679 9620 12108 6886 19636 12971 13482 8199 6929 17023 12315 6734 4102 8500 11176 13963 15902 19002 3544 16074 12989 6557 8848 10333 9814 18685 17478 6620 13138 6548 6554 13179 11317 13598 18280 7347 7460 6705 1903 13238 17056 17218 7190 11165 6637 1400 20118 15817 16582 17005 14364 10754 6105 10470 19309 4053 6248 7046 4415 9161 11822 15686 14583 7211 7779 3118 8223 17705 6800 13205 6511 11388 8030 7073 0 16601 3068 9700 11737 5422 1935 12442 17946 5492 6575 18298 9450 17210 9542
6697 12252 12362 12158 16307 14932 9873 21085 9832 13648 17171 13118 17646 15225 4829 14911 4471 3937 3119 11729 15399 1438 5039 15428 16272 21474 16423 3720 4131 13546 15432 4993 7027 18607 13842 13049 8889 2938 890 10123 5067 11529 16384 4597 6313 3003 1749 9690 17841 10563 15893 6865 3359 5407 16963 10706 10046 15235 4075 5821 9597 4016 5299 6003 15041 8886 3799 18520 13255 18682 16474 13145 5890 1199 7418 9420 13294 15893 8561 11195 16074 4944 15388 5440 8586 18689 16601 0 16986 8141 13771 19534 14913 4635 9014 12024 14897 1701 14903 8711 13686
11392 16653 20140 4830 13661 12167 11111 11224 16505 5209 10746 5566 12722 12497 12954 4422 19423 13735 13941 10534 9866 17155 13326 4115 1336 11344 14117 13878 17023 21318 1619 15538 12193 9598 11574 12936 9013 19389 17821 7818 14309 5706 9581 14231 12536 14045 18556 7299 10527 8359 1619 12455 16832 16620 10239 13399 7065 3142 20112 17225 18537 18075 13841 10983 9005 12303 19202 6965 8820 10094 1530 7084 11573 16230 16272 8125 5780 1098 9291 19814 9802 14353 3914 12223 8569 10122 3068 16986 0 9246 14406 8271 4360 12490 19740 7508 9454 18640 12298 19005 12241
5212 13525 15749 4570 14342 12577 7999 16399 12024 7534 13444 4994 14759 12968 5562 6773 10177 5941 5456 9130 11673 8047 6271 7288 8340 16713 14664 4696 9548 17079 7632 6391 3386 13950 11446 11702 1095 10879 8893 5038 7440 3553 12286 7056 6348 5526 9537 2450 13823 6248 8474 3613 7585 7524 13043 10383 3534 8314 10897 10466 13282 10362 4678 2664 10935 8206 9964 12766 9318 14227 8496 5308 2356 7661 10518 4226 5201 8157 4598 14936 12159 7411 7248 5035 3104 14244 9700 8141 9246 0 13084 14055 8503 3509 13788 7228 11058 9683 12630 13150 11729
8477 3219 6999 12103 3018 2851 5093 9905 5049 9280 5889 15444 4995 2784 9668 16221 18205 10310 11700 4261 5221 15021 9090 16420 14850 10313 2925 13906 10347 7797 13845 16803 15699 8182 2901 1529 14066 13953 14519 8552 8725 13073 6147 9240 7986 11799 15348 11510 6706 7312 12796 15802 16366 17824 6092 3113 10417 11264 17792 9044 7083 11272 15643 11412 5811 5279 17560 10137 5588 7895 15211 16878 13357 12577 7030 9121 15850 13822 8491 7340 5728 8847 16222 9498 10048 7881 11737 13771 14406 13084 0 10194 10058 12668 8839 7288 5330 15106 2714 8266 2197
12840 13318 17151 10038 7939 7343 10200 2954 14426 6521 4423 12772 6139 7451 14717 12307 23215 15619 16519 8501 5138 20275 14649 12150 9459 3083 8356 17644 17734 17991 8966 20147 17441 2173 7606 9269 14444 21038 20422 9641 15122 11470 4089 15358 13425 16641 21281 11607 3706 8984 7326 17666 20746 21314 4123 11130 10571 6367 23421 17133 16671 18851 18496 14322 4954 11531 22769 1390 6497 2636 9744 14499 15822 18448 15438 10473 13119 8527 11064 17335 4518 15221 11928 14094 11592 2661 5422 19534 8271 14055 10194 0 5680 16072 18311 7533 5317 21208 7481 17623 8257
8506 12426 16027 4360 9368 7823 7226 8342 12525 1303 6724 7287 8625 8162 10316 7199 18150 11194 11797 6333 5596 15421 10479 7191 4990 8588 9819 12482 14025 17156 4109 14771 11875 6160 7215 8605 8803 16891 15797 4822 11263 5794 5486 11328 9442 11916 16618 6064 6687 4793 2776 12109 15598 15931 6217 9281 5161 1237 18546 13899 14659 15134 13080 9200 4710 8535 17782 4326 4485 6580 5347 9018 10456 13954 12648 5493 7665 3922 6423 15805 5634 11334 6968 9608 6430 6604 1935 14913 4360 8503 10058 5680 0 10929 16012 3558 5139 16614 7952 15277 7886
4212 12259 13728 7670 14584 12941 7792 18043 10289 9752 14532 8497 15464 13300 3287 10282 7221 3164 2157 9421 12701 4665 4043 10796 11701 18400 14818 1572 6498 15044 10906 4300 3479 15532 11777 11528 4318 7389 5404 6435 5046 6926 13531 4522 4790 2189 6087 5219 15071 7271 11513 3472 4686 5431 14219 9626 5807 11045 7690 7721 11047 7150 2975 1752 12135 7395 6868 14909 10350 15710 11888 8641 1405 4193 8309 5600 8687 11392 5149 12753 13304 4971 10754 3212 4519 15722 12442 4635 12490 3509 12668 16072 10929 0 11196 8628 12121 6206 12956 10642 11855
8908 5808 3703 15668 11852 11372 8789 18586 3914 14799 14413 18189 13821 11449 8243 19643 13062 8057 9142 10027 13194 10440 7518 20042 19618 19001 11711 11491 5002 4673 18580 13784 14635 16567 10781 9203 14865 7397 9316 11985 6352 15881 14278 6776 7656 9154 9850 13753 15237 11395 18210 14587 12366 14376 14482 7189 13252 16931 12062 3492 1760 5033 13499 11158 13391 7486 12339 17862 12159 16385 19934 18987 12522 8200 3497 11888 18516 18816 10709 2496 13856 6388 19910 8759 11973 16377 17946 9014 19740 13788 8839 18311 16012 11196 0 12458 13000 9474 11265 737 10209
5360 9187 12633 4887 7552 5783 3680 9422 9033 2357 6216 8280 7616 6176 7237 8939 15700 8139 8988 3114 4461 12742 7255 9132 7716 9775 7943 10192 10638 13813 6678 12826 10498 6916 4806 5761 7933 13707 12914 2258 7902 6027 5069 8042 6108 9110 13768 4996 6615 1462 5905 10688 13265 13987 5819 5893 3794 4509 15888 10394 11130 11759 11246 6896 3708 4978 15242 6498 2176 7124 8070 9830 8569 10965 9093 3123 8690 6746 3537 12334 4932 7985 8934 6587 4311 7138 5492 12024 7508 7228 7288 7533 3558 8628 12458 0 3845 13709 5872 11722 5325
8295 8225 12045 8389 4231 2740 5124 6209 9128 4776 2422 11752 3815 3050 10095 12074 18920 10968 12071 3302 616 15822 9872 12152 10124 6608 4680 13642 12633 12994 9208 16401 14282 3801 2466 4124 11778 16068 15766 6034 10153 9680 1491 10468 8602 12192 16637 8837 2971 4920 7906 14462 16616 17547 2103 5814 7636 6374 18918 11901 11375 13734 14892 10454 483 6375 18394 4941 1780 3803 10483 13398 12248 13745 10148 6880 12159 9058 6989 12123 1191 10262 11934 9576 8066 3807 6575 14897 9454 11058 5330 5317 5139 12121 13000 3845 0 16510 2877 12308 3173
8367 13347 13019 13809 17741 16427 11446 22710 10876 15348 18755 14620 19155 16706 6491 16428 3587 5591 4819 13306 17000 1844 6638 16952 17896 23103 17832 5083 4994 14122 17075 5570 8188 20243 15360 14481 10360 2322 823 11823 6517 13130 18001 6101 7909 4702 400 11340 19440 12247 17570 7993 3605 5634 18563 12095 11731 16930 2734 6642 10324 4495 6318 7663 16669 10393 2865 20206 14893 20305 18089 14535 7373 2770 8454 11121 14774 17544 10258 11818 17681 6396 16922 7122 10279 20311 18298 1701 18640 9683 15106 21208 16614 6206 9474 13709 16510 0 16391 9294 15166
8798 5885 9700 10736 1715 144 5203 7325 7364 7414 3203 14134 2786 345 10353 14652 19199 11133 12421 3566 2618 16017 9930 14779 12906 7739 2076 14362 11964 10511 11954 17236 15605 5477 1194 2107 13495 15554 15721 7686 9875 11898 3456 10310 8690 12533 16581 10683 4029 6421 10727 15749 17114 18331 3380 4493 9500 9187 18978 10900 9538 12991 15886 11460 3353 6018 18605 7471 3777 5210 13266 15702 13378 13708 8952 8427 14545 11846 8138 9976 3046 9995 14567 10000 9527 5198 9450 14903 12298 12630 2714 7481 7952 12956 11265 5872 2877 16391 0 10636 1230
8218 5324 3732 14951 11284 10741 8054 17949 3272 14063 13766 17501 13228 10830 7624 18941 12872 7487 8624 9309 12514 10146 6887 19336 18889 18364 11161 11010 4620 4845 17850 13385 14100 15901 10116 8559 14231 7315 9075 11256 5729 15182 13601 6177 6969 8644 9659 13058 14588 10659 17474 14061 12040 14023 13822 6494 12539 16194 11935 3012 1293 4805 13026 10533 12693 6750 12150 17156 11440 15728 19206 18324 11948 7831 2778 11169 17832 18084 9993 2524 13181 5772 19202 8115 11274 15721 17210 8711 19005 13150 8266 17623 15277 10642 737 11722 12308 9294 10636 0 9559
7669 5085 8918 10207 2730 1284 4068 8398 6295 7165 4207 13591 4015 1540 9172 14247 17998 9938 11243 2600 3149 14813 8729 14415 12730 8815 2977 13232 10739 9833 11740 16117 14607 6381 711 1018 12638 14325 14500 6899 8650 11281 4168 9090 7499 11353 15359 9907 5030 5626 10638 14740 15941 17200 4282 3287 8753 9101 17760 9696 8508 11770 14804 10407 3647 4806 17398 8066 3448 6178 13092 15099 12341 12489 7765 7581 14000 11690 7172 9080 3739 8770 14211 8846 8629 6170 9542 13686 12241 11729 2197 8257 7886 11855 10209 5325 3173 15166 1230 9559 0
1 13 7 5
2 11 6 4
3 5 10 6
4 7 7 2
5 6 9 7
6 11 3 2
7 6 8 4
8 6 5 7
9 7 8 4
10 11 8 2
11 6 8 4
12 7 7 4
13 5 9 1
14 9 8 3
15 11 7 5
16 8 6 7
17 8 5 6
18 4 6 4
19 6 7 5
20 8 6 3
21 5 5 4
22 5 5 5
23 9 9 3
24 9 7 3
25 9 2 2
26 10 8 6
27 8 10 7
28 12 11 6
29 7 9 6
30 8 8 3
31 11 8 5
32 12 4 4
33 9 7 4
34 6 7 4
35 5 6 5
36 11 7 4
37 6 10 2
38 5 5 6
39 6 6 5
40 7 5 4
41 7 9 2
42 9 12 5
43 8 7 7
44 10 10 6
45 9 6 7
46 9 9 4
47 8 11 3
48 10 12 3
49 6 4 3
50 7 8 6
51 5 8 0
52 9 13 5
53 6 10 4
54 6 5 4
55 5 8 4
56 8 5 4
57 13 9 7
58 10 5 2
59 8 7 1
60 10 4 5
61 9 8 4
62 9 6 3
63 9 6 4
64 7 13 3
65 10 9 6
66 4 5 5
67 6 7 3
68 6 2 4
69 13 4 2
70 7 4 8
71 13 6 7
72 10 6 7
73 11 12 9
74 3 1 8
75 11 4 2
76 14 9 4
77 8 8 2
78 8 9 4
79 12 4 5
80 11 11 5
81 7 11 4
82 8 8 4
83 10 5 6
84 6 5 7
85 6 8 7
86 7 6 4
87 4 6 5
88 8 11 4
89 13 10 3
90 6 8 3
91 13 7 5
92 9 10 3
93 6 5 4
94 8 8 6
95 6 7 4
96 10 10 4
97 8 6 5
98 9 3 4
99 9 3 4
100 6 6 2
