700 100 3
30 60 700 9.00
0 4 60 3
0 17 30 3
0 9 72 1
0 3 34 3
0 2 85 1
0 15 13 1
0 3 65 2
0 2 63 1
0 20 24 2
0 1 53 2
0 4 38 1
0 1 42 2
0 7 37 3
0 6 40 3
0 1 86 2
0 1 49 1
0 2 45 2
0 10 74 3
0 4 82 2
0 4 44 2
0 16 83 3
0 2 61 1
0 5 63 3
0 1 29 3
0 2 89 3
0 1 95 2
0 3 90 1
0 3 96 3
0 1 84 3
0 13 69 2
0 9 66 1
0 25 96 3
0 7 34 3
0 19 56 2
0 2 73 3
0 24 27 2
0 4 49 3
0 13 16 3
0 3 48 3
0 8 54 3
0 16 39 2
0 24 53 3
0 3 99 3
0 4 16 3
0 5 25 2
0 12 49 3
0 9 58 3
0 22 13 1
0 16 14 1
0 7 8 2
0 7 7 2
0 7 54 1
0 13 21 1
0 15 45 3
0 2 37 3
0 19 21 1
0 17 2 3
0 4 12 2
0 3 62 3
0 1 6 2
0 4 42 1
0 2 29 1
0 5 44 2
0 2 34 3
0 23 70 3
0 13 27 3
0 8 13 3
0 4 44 3
0 14 23 2
0 10 100 2
0 12 22 2
0 17 11 2
0 18 77 3
0 7 77 3
0 3 67 1
0 10 7 2
0 25 7 2
0 15 41 3
0 7 94 2
0 7 72 2
0 1 62 2
0 1 31 3
0 4 58 3
0 15 17 3
0 6 66 3
0 8 12 2
0 19 87 3
0 2 32 3
0 3 22 1
0 1 4 1
0 1 11 3
0 8 15 3
0 9 26 1
0 13 61 1
0 2 78 3
0 25 40 1
0 6 89 2
0 23 67 2
0 21 20 1
0 6 50 3
0 13 31 2
0 14 21 2
0 1 46 1
0 1 40 1
0 10 43 2
0 4 21 3
0 23 85 1
0 13 94 1
0 18 5 1
0 1 3 1
0 12 88 1
0 7 92 3
0 9 35 1
0 2 88 1
0 1 34 3
0 1 26 3
0 15 15 3
0 12 97 1
0 2 36 3
0 3 82 3
0 1 81 3
0 12 68 3
0 10 95 2
0 3 94 2
0 1 43 3
0 8 7 1
0 8 41 3
0 9 13 2
0 1 1 2
0 17 25 3
0 3 21 1
0 25 77 3
0 10 74 3
0 1 17 1
0 1 17 3
0 5 13 1
0 6 27 2
0 2 23 1
0 6 28 2
0 15 57 3
0 2 18 1
0 10 96 3
0 11 1 2
0 11 25 2
0 1 40 3
0 1 63 1
0 7 24 3
0 1 58 3
0 5 28 3
0 7 45 3
0 1 90 3
0 4 39 2
0 19 43 3
0 12 67 1
0 20 15 1
0 1 50 1
0 1 44 3
0 22 61 1
0 2 14 2
0 25 3 1
0 6 86 3
0 6 1 3
0 5 25 1
0 3 71 3
0 25 64 2
0 2 95 2
0 1 69 3
0 3 84 3
0 3 84 2
0 1 13 1
0 13 51 3
0 5 87 3
0 18 9 2
0 7 50 2
0 11 68 1
0 1 65 3
0 9 3 2
0 19 65 3
0 9 69 2
0 13 68 1
0 1 51 3
0 2 74 2
0 1 3 1
0 11 11 3
0 2 25 2
0 5 29 1
0 21 34 3
0 4 38 3
0 1 53 3
0 19 1 3
0 3 54 3
0 15 98 3
0 5 29 1
0 4 38 1
0 9 88 3
0 1 33 3
0 11 26 3
0 5 3 2
0 6 47 1
0 8 11 2
0 3 48 2
0 7 76 3
0 5 50 1
0 4 49 2
0 9 7 1
0 16 29 1
0 9 30 3
0 19 11 1
0 17 85 1
0 18 57 1
0 2 86 1
0 6 17 1
0 6 4 1
0 1 60 3
0 11 57 3
0 21 81 3
0 3 69 3
0 5 30 3
0 4 23 1
0 3 35 1
0 12 17 1
0 4 41 1
0 22 26 2
0 6 10 1
0 2 7 1
0 6 17 1
0 9 14 3
0 10 89 3
0 15 10 1
0 13 44 2
0 9 49 1
0 18 47 3
0 16 55 1
0 17 48 2
0 9 49 1
0 10 61 3
0 21 95 1
0 1 46 3
0 10 27 1
0 4 17 1
0 3 64 2
0 2 29 1
0 2 14 1
0 13 67 2
0 4 11 2
0 1 59 2
0 4 95 2
0 5 51 1
0 15 97 2
0 1 82 2
0 2 96 2
0 3 50 3
0 6 97 3
0 6 3 3
0 7 72 3
0 3 34 2
0 12 52 3
0 10 88 3
0 3 50 3
0 15 69 3
0 3 15 1
0 1 28 2
0 6 98 3
0 3 60 2
0 1 99 2
0 18 10 1
0 10 98 3
0 4 6 1
0 1 53 3
0 4 51 1
0 14 16 1
0 3 7 2
0 2 44 1
0 2 52 1
0 2 52 2
0 13 53 3
0 4 32 2
0 17 56 2
0 7 27 2
0 10 57 3
0 5 42 3
0 8 52 3
0 1 37 2
0 4 78 2
0 14 63 1
0 1 28 3
0 3 79 3
0 9 62 2
0 4 55 1
0 11 28 1
0 5 10 2
0 2 15 2
0 4 47 2
0 6 71 3
0 6 92 1
0 15 35 1
0 2 99 1
0 10 50 2
0 3 30 1
0 3 72 1
0 2 45 1
0 14 13 1
0 6 17 2
0 22 39 1
0 23 53 3
0 4 81 1
0 2 35 2
0 5 6 2
0 6 66 2
0 15 26 2
0 8 20 2
0 2 35 3
0 4 58 1
0 1 51 3
0 6 24 2
0 1 55 2
0 16 17 2
0 20 10 3
0 5 67 3
0 4 59 2
0 24 90 3
0 20 73 1
0 13 95 1
0 3 94 3
0 10 38 1
0 17 13 3
0 2 3 2
0 2 21 2
0 6 49 2
0 10 56 2
0 1 3 3
0 8 26 1
0 9 22 1
0 8 18 1
0 23 89 2
0 5 24 2
0 11 38 2
0 6 47 3
0 21 66 1
0 1 45 3
0 4 21 3
0 16 3 1
0 9 5 2
0 22 18 3
0 3 93 1
0 2 95 2
0 4 9 2
0 25 10 1
0 16 11 1
0 9 38 1
0 11 90 3
0 6 67 3
0 4 70 1
0 9 89 2
0 5 17 3
0 2 16 2
0 2 47 3
0 6 96 3
0 5 95 3
0 5 30 1
0 16 7 3
0 6 60 1
0 6 51 3
0 7 42 3
0 1 64 1
0 2 33 1
0 5 95 3
0 3 44 1
0 1 81 2
0 14 44 1
0 6 30 3
0 18 69 3
0 7 67 1
0 5 81 3
0 8 38 3
0 2 90 3
0 18 71 1
0 12 36 2
0 11 85 1
0 11 85 2
0 1 8 2
0 3 40 2
0 2 99 1
0 9 51 3
0 17 58 2
0 9 33 3
0 24 86 3
0 5 33 1
0 10 77 3
0 22 12 1
0 8 7 3
0 1 28 1
0 19 13 2
0 2 35 2
0 12 60 3
0 7 6 3
0 1 21 2
0 7 40 2
0 1 52 1
0 9 30 1
0 1 48 3
0 4 27 1
0 2 25 3
0 3 9 1
0 21 74 2
0 4 11 2
0 4 99 3
0 3 69 1
0 2 100 2
0 17 59 1
0 6 43 3
0 5 12 1
0 5 36 1
0 23 70 3
0 10 5 2
0 4 87 1
0 4 25 1
0 22 53 1
0 1 20 3
0 19 67 2
1 22 76 1
1 14 74 1
1 16 76 3
1 12 77 2
1 14 36 3
1 1 23 3
1 10 36 1
1 13 25 1
1 16 1 2
1 16 19 3
1 15 46 2
1 2 94 1
1 9 64 2
1 1 69 3
1 16 27 2
1 8 66 2
1 12 60 2
1 1 76 3
1 1 98 1
1 6 28 1
1 9 20 3
1 14 56 2
1 2 34 1
1 2 33 1
1 7 11 3
1 11 61 1
1 1 75 3
1 7 17 2
1 16 28 3
1 1 18 3
1 22 47 1
1 3 25 3
1 1 93 1
1 1 97 3
1 12 73 2
1 6 85 3
1 9 98 3
1 11 97 1
1 1 80 3
1 7 84 3
1 3 39 3
1 5 15 3
1 6 84 1
1 12 74 3
1 25 39 1
1 19 91 3
1 17 74 1
1 4 11 2
1 3 68 3
1 6 39 3
1 20 80 1
1 12 61 3
1 18 45 3
1 19 36 3
1 2 93 3
1 13 91 3
1 11 19 1
1 5 94 2
1 5 28 2
1 1 24 3
1 7 35 3
1 3 79 3
1 6 21 1
1 6 68 1
1 1 55 1
1 3 57 1
1 13 13 1
1 6 39 3
1 2 91 3
1 9 2 3
1 1 45 2
1 4 81 1
1 1 64 2
1 1 71 1
1 14 33 2
1 22 10 1
1 2 76 3
1 6 28 1
1 13 27 1
1 24 31 3
1 3 44 2
1 17 22 2
1 4 71 1
1 6 70 1
1 25 1 3
1 3 5 2
1 9 58 1
1 13 32 1
1 4 82 3
1 17 11 1
1 10 73 2
1 5 66 2
1 7 17 1
1 11 82 3
1 5 35 2
1 1 33 3
1 12 11 2
1 2 43 2
1 16 52 1
1 17 53 3
1 18 18 2
1 25 72 1
1 2 94 3
1 9 74 3
1 15 25 1
1 2 2 3
1 12 3 3
1 23 59 3
1 14 47 2
1 1 64 1
1 23 55 3
1 11 87 1
1 3 90 2
1 5 43 1
1 3 40 1
1 10 26 1
1 7 14 3
1 21 17 3
1 18 34 1
1 12 31 3
1 8 45 2
1 17 91 3
1 4 44 3
1 1 32 2
1 11 33 1
1 1 29 2
1 10 6 1
1 2 96 2
1 4 18 3
1 2 99 3
1 6 29 1
1 2 58 2
1 16 32 1
1 1 92 1
1 1 97 2
1 2 44 3
1 21 81 2
1 4 50 2
1 4 11 2
1 4 77 2
1 22 5 1
1 2 60 2
1 2 48 1
1 1 100 2
1 5 11 3
1 4 46 1
1 1 6 1
1 5 17 3
1 18 65 3
1 5 84 3
1 1 60 1
1 4 70 2
1 19 78 1
1 8 9 2
1 9 93 2
1 5 11 3
1 1 38 3
1 1 56 1
1 1 18 1
1 18 37 3
1 19 53 1
1 13 52 1
1 10 78 3
1 15 98 3
1 8 88 2
1 20 71 1
1 2 47 3
1 11 13 2
1 3 41 3
1 5 38 1
1 5 3 1
1 9 100 1
1 4 25 1
1 17 14 3
1 21 48 2
1 4 37 3
1 1 2 2
1 5 33 1
1 16 5 1
1 12 9 2
1 8 75 1
1 18 1 2
1 22 80 2
1 1 12 3
1 8 15 1
1 18 62 2
1 2 24 1
1 9 41 3
1 3 6 2
1 5 42 2
1 8 15 2
1 2 84 3
1 19 51 1
1 14 13 2
1 12 66 3
1 19 31 3
1 14 64 1
1 10 84 1
1 10 97 1
1 1 6 1
1 3 71 1
1 1 59 1
1 20 100 1
1 1 88 3
1 7 6 3
1 3 61 3
1 6 12 3
1 4 51 3
1 14 98 2
1 8 97 3
1 14 83 3
1 4 74 1
1 10 89 2
1 4 27 1
1 1 33 2
1 4 45 1
1 1 23 1
1 4 70 2
1 7 4 3
1 8 32 1
1 16 62 3
1 24 37 2
1 21 82 3
1 3 70 2
1 2 16 1
1 8 80 3
1 25 91 1
1 5 21 1
1 5 41 2
1 1 81 3
1 5 40 3
1 15 58 2
1 7 12 1
1 16 19 2
1 9 36 2
1 14 34 2
1 2 90 2
1 14 30 2
1 9 58 1
1 5 83 1
1 11 50 3
1 1 70 2
1 22 54 1
1 4 61 2
1 24 55 2
1 23 76 2
1 4 50 2
1 9 100 1
1 4 80 2
1 7 100 3
1 2 9 2
1 7 47 3
1 1 49 3
1 3 57 1
1 10 97 1
1 3 4 1
1 6 75 3
1 3 5 2
1 17 16 1
1 9 97 2
1 14 43 1
1 18 54 2
1 1 56 1
1 10 1 2
1 12 27 1
1 5 70 3
1 4 91 1
1 1 25 2
1 7 35 3
1 1 34 1
1 18 38 2
1 10 31 2
1 3 26 1
1 7 85 2
1 12 53 1
1 4 52 3
1 2 61 2
1 4 69 3
1 7 58 1
1 13 48 2
0 18736 19500 20007 18982 19965 13424 6362 23011 11074 17757 7642 13500 19774 20644 17359 11513 15145 9644 19052 16532 3260 21042 13143 17107 16312 12653 12457 22166 20722 14546 13345 14126 5607 3551 15266 14827 18879 8577 20563 26577 17261 14756 12952 4980 17054 15880 9865 24298 5105 19094 12432 6491 10995 6180 23335 20493 19637 14288 10239 17020 12561 18778 2863 10487 13647 10939 19186 14955 11414 19434 10803 7378 23339 4215 14106 6699 20607 11144 25811 22601 9374 912 13561 16639 2065 7685 10423 18935 18145 24090 14647 19440 17967 13953 9714 12552 18382 19366 18543 17828
18736 0 10744 10024 9296 1800 11933 12397 4529 11802 4715 11844 12468 8122 3065 1401 10851 12799 9689 10951 5920 16222 3233 8818 7067 2502 11211 11445 4492 2098 9638 7735 14943 13693 17219 3800 4683 4723 11860 4639 8173 11024 5554 9407 13767 1770 12820 10222 6040 16186 10745 8818 12860 11993 13448 7639 1809 10197 4777 8544 11033 12787 523 16043 9039 12394 13136 4507 10296 7633 2462 7939 13007 6623 15763 9797 14142 6926 7753 7872 3965 13042 17903 12833 12741 17379 13208 9013 5287 11492 7177 8383 3263 4651 6083 9441 8071 10333 4536 2788 1339
19500 10744 0 1091 19561 9779 6372 14240 10982 18633 6087 12157 6531 2890 13625 10787 7988 5322 10774 585 5443 18573 13645 16695 4088 11077 6897 7124 14710 11991 18294 15602 7725 16868 16420 9180 8400 15308 17002 7066 12656 20620 14064 17213 15351 11039 4729 15872 10984 14824 20894 16210 13220 18786 13381 7002 11668 20527 9248 12771 2654 7480 11261 17832 9998 6369 8989 15164 4550 13218 13206 11698 12124 8176 15334 5418 12859 4678 10717 11123 11332 18947 18600 6664 4051 19215 11827 10140 15850 1821 8704 17111 13998 6115 14011 14280 15383 1121 6422 7965 9632
20007 10024 1091 0 19008 8945 7133 14543 9982 18525 5479 12544 7349 1957 12828 10183 8515 6262 11016 1642 5103 18918 12824 16439 3800 10566 7532 7775 13853 11151 17971 15325 8714 17103 17023 8803 8113 14660 17042 6122 11572 20191 13681 16974 15708 10462 5714 15835 9930 15449 20371 15998 13640 18684 13848 5911 10835 19964 8986 12780 3519 8272 10546 18219 10207 7188 9720 14493 5161 13106 12478 11704 12633 7098 15883 5909 13430 3665 10751 10035 10362 18943 19101 7516 5074 19620 12377 10340 15211 2855 7617 16764 13286 5473 13688 14281 15162 1836 5589 7236 8980
18982 9296 19561 19008 0 10914 18677 14041 12421 8150 13529 15047 19210 17212 7581 8839 16669 20133 13595 19648 14195 15757 7896 5916 15536 8492 17633 17772 7921 9279 4472 6092 21676 13428 19203 10566 11532 4650 10406 13927 15316 2761 6109 6036 14980 8546 20404 9269 13918 18917 1486 6698 15524 8281 16184 16785 9424 984 10869 10600 19167 19118 8796 16172 13505 19200 18727 4967 17760 9141 7158 11009 16549 15572 17903 16915 17515 16192 11704 15793 11645 9976 18435 19572 20578 17030 17022 13373 4096 19905 15971 4422 6342 13542 6615 10071 6876 18925 13769 11940 10088
19965 1800 9779 8945 10914 0 11929 13603 3048 13547 4129 12797 12442 6992 3911 3024 11210 12536 10624 10066 5619 17599 3881 10596 6521 4103 11354 11608 4936 2212 11437 9501 14835 15114 18207 4716 5351 6275 13460 3088 6662 12763 7328 11186 14985 3435 12455 11839 4433 17065 12383 10567 13870 13737 14420 5899 1891 11782 5714 9909 10473 12888 2201 17348 9894 12348 13451 5999 10086 9148 3809 9186 13835 4830 16764 9761 14961 5558 8842 6186 2689 14733 19108 12793 12267 18716 13970 9895 6837 10766 5377 10183 4651 3991 7822 10936 9801 9535 3361 2115 2153
13424 11933 6372 7133 18677 11929 0 9023 14325 15144 7931 6716 547 7677 14964 11208 2491 1916 6220 5848 6348 13005 15164 14172 5846 10857 1152 1164 16424 13852 16041 13300 3064 11801 10170 8600 7554 15402 12843 10522 17066 18873 12577 14549 9849 11237 2580 12196 14960 8548 19735 13476 7577 15253 7554 12096 13512 19652 7977 9179 3735 1162 12335 12138 5781 525 2623 15428 2154 10238 14090 8284 6207 12772 9210 2168 6726 9187 7338 15765 14346 14900 12550 918 3271 13435 5790 5945 15836 4795 13473 15097 14675 8116 12167 10545 12785 5322 9341 9823 10594
6362 12397 14240 14543 14041 13603 9023 0 16649 7461 11560 2321 9315 13975 14450 11033 6610 10936 3570 13887 10471 4410 14834 8190 11238 10008 7967 7873 16003 14410 9975 7981 10923 2780 5255 8907 8505 12999 4629 14301 20220 12985 8890 8233 1384 10744 11596 4953 17943 4891 14526 7381 1853 7493 2386 17188 14170 14855 7933 4026 12065 8586 12462 3869 4420 9421 7244 13262 9904 5381 13248 4458 3387 17086 3881 8902 3908 14577 4793 19481 16242 6531 5511 9525 12240 5294 3974 4317 13145 13209 17832 9635 13340 11765 8106 3991 7179 13132 13135 12211 11468
23011 4529 10982 9982 12421 3048 14325 16649 0 16255 6407 15797 14806 8096 4840 5910 13918 14646 13626 11392 8003 20636 4539 13203 8572 7015 13894 14160 4906 3257 13788 12164 17070 18139 21207 7753 8326 7886 16387 4002 3649 14642 9979 13783 18032 6296 14443 14750 1575 20026 13903 13276 16884 16446 17422 5117 3237 13164 8746 12943 12276 15363 4713 20394 12875 14694 16097 7514 12325 12129 5466 12233 16787 3633 19770 12182 17904 6317 11882 3485 776 17552 22153 15137 14122 21760 16891 12885 8394 12316 3767 12578 6181 6214 10568 13930 12558 11034 5030 4746 5196
11074 11802 18633 18525 8150 13547 15144 7461 16255 0 13769 9330 15578 17256 12254 10530 12688 16984 8950 18473 13496 7813 12684 3137 14734 9495 13993 14011 13457 13158 3704 4094 17661 5814 11978 10135 10536 9543 2874 15664 19827 6191 6276 2622 7900 10117 17506 2948 17808 12139 8065 2984 9282 191 9847 18888 13081 8683 9651 6037 17172 15097 11550 8397 9376 15636 14098 9940 15185 5421 11165 7055 10713 18190 10905 14146 11364 17061 8063 19668 15595 1826 10645 15875 17970 9049 11287 9211 9357 18208 18829 4301 10771 13903 5725 4602 3755 17667 14871 13244 11634
17757 4715 6087 5479 13529 4129 7931 11560 6407 13769 0 10175 8423 3737 7710 4710 7607 8417 8113 6255 1598 15898 7795 11336 2405 5114 7492 7760 8964 6250 12716 10194 10756 13657 15460 3646 3339 9221 12813 2889 9405 14776 8364 11902 12909 4984 8326 11376 7185 14122 14896 11008 11322 13944 11760 5635 5908 14485 4185 8647 6381 8958 5222 15430 7271 8318 9724 9079 5995 8511 7168 7652 10901 5605 14084 5779 11964 3305 6918 8314 6417 14503 16857 8762 8151 16854 10901 7334 9764 6781 6360 11475 7939 217 8484 10029 10164 5619 1641 2047 3548
7642 11844 12157 12544 15047 12797 6716 2321 15797 9330 10175 0 6997 12165 14259 10569 4343 8625 2173 11769 8899 6429 14607 9445 9475 9661 5682 5574 15841 13928 11331 8979 8634 5099 5410 8110 7473 13292 6638 13024 19253 14361 9366 9614 3209 10349 9294 6540 16968 4366 15721 8637 1153 9392 1625 15710 13652 15930 7108 4461 9874 6266 12003 5679 2942 7105 4960 13495 7720 5938 13098 4322 1504 15778 3974 6755 2514 12965 4138 18365 15483 8643 6732 7204 9952 7075 2019 2916 13529 11021 16533 10769 13334 10389 8652 5155 8233 11039 11803 11154 10747
13500 12468 6531 7349 19210 12442 547 9315 14806 15578 8423 6997 0 8009 15503 11752 2892 1667 6635 5986 6849 13210 15700 14664 6293 11404 1621 1568 16959 14379 16539 13804 2517 12095 10182 9147 8100 15949 13234 10977 17503 19383 13108 15033 10084 11782 2389 12630 15414 8553 20261 13960 7805 15684 7739 12463 14039 20185 8522 9639 3877 973 12873 12320 6235 163 2585 15975 2547 10726 14633 8763 6383 13179 9286 2686 6819 9567 7828 16182 14840 15291 12637 371 3140 13592 5932 6399 16382 4874 13872 15606 15220 8606 12689 10985 13278 5519 9808 10333 11129
19774 8122 2890 1957 17212 6992 7677 13975 8096 17256 3737 12165 8009 0 10884 8373 8515 7264 10404 3302 3785 18385 10873 14982 2744 8847 7789 8058 11896 9197 16422 13848 9783 16387 17010 7272 6724 12796 16005 4181 9955 18512 12083 15535 15225 8677 6857 14690 8164 15499 18599 14601 13302 17424 13598 4509 8882 18157 7610 11741 4562 8838 8645 17768 9558 7859 10103 12613 5536 11879 10565 10680 12486 5469 15771 5989 13396 1827 9790 8482 8442 17824 18862 8249 6357 19189 12315 9670 13352 4316 6075 15190 11382 3690 12164 13212 13758 3047 3643 5341 7136
20644 3065 13625 12828 7581 3911 14964 14450 4840 12254 7710 14259 15503 10884 0 3863 13759 15862 12173 13875 8979 17871 431 9117 10094 4612 14204 14430 1583 1817 9325 8237 17988 15293 19513 6577 7560 3108 13000 6965 7933 9852 6201 9655 15768 3976 15884 11368 6350 18623 9064 9387 15187 12442 15812 9431 2066 8336 7466 10438 14070 15786 2631 17845 11623 15433 16047 2714 13359 9238 1210 10075 15538 8110 18057 12841 16669 9466 10123 8243 4064 13775 19864 15869 15796 19096 15803 11571 3582 14485 8445 8205 1505 7622 6950 10995 8816 13295 7241 5695 4392
17359 1401 10787 10183 8839 3024 11208 11033 5910 10530 4710 10569 11752 8373 3863 0 9903 12246 8435 10922 5594 14824 4146 7621 6870 1106 10396 10614 5421 3384 8605 6507 14258 12293 15915 2714 3713 4544 10480 5424 9558 10276 4360 8212 12397 415 12344 8847 7397 14927 10231 7554 11559 10720 12160 8583 3137 9786 3615 7152 10734 11981 1439 14654 7830 11693 12190 4446 9744 6234 2886 6576 11782 7715 14458 9130 12917 7437 6448 9197 5364 11711 16533 12122 12349 15985 12015 7791 5075 11320 8323 7338 3488 4710 4808 8041 6780 10241 5008 3167 1292
11513 10851 7988 8515 16669 11210 2491 6610 13918 12688 7607 4343 2892 8515 13759 9903 0 4396 3743 7551 6048 10742 14014 11870 6092 9351 1370 1332 15292 12893 13763 11062 5105 9376 8530 7192 6199 13760 10354 10448 17009 16660 10567 12215 7538 9849 5016 9741 14790 6991 17643 11145 5311 12793 5409 12595 12567 17632 6384 6779 5574 2494 11181 9933 3380 2959 2289 13839 3453 7932 12766 5950 4137 12996 7368 2607 4922 9689 5064 15864 13805 12410 10613 3188 5634 11285 3862 3541 14145 6718 13737 12885 13253 7818 10074 8099 10494 6869 9199 9202 9543
15145 12799 5322 6262 20133 12536 1916 10936 14646 16984 8417 8625 1667 7264 15862 12246 4396 0 8098 4745 6938 14873 16019 15877 6088 12039 3032 3078 17249 14590 17720 14960 2520 13715 11793 9781 8742 16611 14734 10698 17076 20489 14076 16279 11738 12330 739 14039 15091 10161 21252 15207 9460 17099 9404 11772 14247 21114 9294 10983 2761 2583 13242 13987 7608 1537 4208 16598 2507 11966 15087 10046 8050 12647 10934 3220 8476 8969 9072 15673 14768 16789 14287 1588 1524 15259 7599 7774 17076 3541 13299 16728 15734 8573 13728 12382 14487 4443 9618 10428 11473
9644 9689 10774 11016 13595 10624 6220 3570 13626 8950 8113 2173 6635 10404 12173 8435 3743 8098 0 10456 6936 7981 12510 8357 7668 7562 5074 5072 13757 11779 10270 7681 8741 6096 7583 5940 5305 11406 6640 10929 17095 13246 7663 8642 4850 8233 8671 6005 14809 6497 14415 7591 3268 9052 3797 13706 11498 14521 4938 3167 8757 6155 9864 7395 857 6701 5309 11578 6620 4505 11032 2587 3366 13699 6143 5578 4495 11038 2091 16233 13310 8693 8745 6927 9215 8822 3672 779 11689 9883 14452 9517 11317 8324 7023 4378 7024 9681 9724 8999 8577
19052 10951 585 1642 19648 10066 5848 13887 11392 18473 6255 11769 5986 3302 13875 10922 7551 4745 10456 0 5469 18194 13912 16616 4116 11156 6420 6638 15002 12275 18248 15536 7141 16541 15937 9191 8366 15459 16768 7440 13161 20632 14060 17123 14971 11156 4146 15679 11448 14335 20961 16108 12816 18622 12957 7534 11947 20618 9195 12562 2114 6942 11464 17436 9699 5824 8469 15329 4100 13069 13411 11493 11684 8674 14874 5014 12393 5119 10502 11640 11715 18733 18156 6109 3467 18810 11371 9845 15995 1237 9220 17081 14191 6302 13974 14071 15288 806 6723 8191 9801
16532 5920 5443 5103 14195 5619 6348 10471 8003 13496 1598 8899 6849 3785 8979 5594 6048 6938 6936 5469 0 14864 9110 11336 1356 5709 5895 6163 10324 7652 12879 10222 9217 12745 14082 3738 3011 10128 12228 4400 10966 15178 8622 11873 11783 5778 6913 10905 8765 12696 15496 10905 10052 13661 10446 6814 7309 15170 3889 7970 5148 7363 6392 14325 6080 6747 8135 10039 4470 8102 8300 6917 9506 7009 12738 4189 10538 4106 6059 9823 7999 14039 15625 7193 6823 15753 9463 6166 10645 5741 7759 11682 9015 1797 8594 9432 10066 4731 3151 3504 4629
3260 16222 18573 18918 15757 17599 13005 4410 20636 7813 15898 6429 13210 18385 17871 14824 10742 14873 7981 18194 14864 0 18283 9964 15648 13739 12045 11906 19351 18123 11307 10252 14390 2579 5064 13006 12738 15899 5372 18575 24260 14001 11821 9742 3222 14485 15576 6763 22009 6022 15840 9283 5440 7735 5477 21533 17921 16395 12080 7694 16299 12365 16203 1032 8830 13336 10836 16227 14147 8665 16664 8455 6833 21358 4696 13182 6647 18967 9014 23630 20161 6125 2910 13357 16275 1282 7326 8724 15914 17446 22097 11460 16592 16098 11023 6879 9478 17457 17441 16392 15446
21042 3233 13645 12824 7896 3881 15164 14834 4539 12684 7795 14607 15700 10873 431 4146 14014 16019 12510 13912 9110 18283 0 9547 10191 4949 14426 14657 1278 1699 9741 8668 18176 15706 19879 6850 7815 3491 13426 6887 7547 10213 6628 10084 16157 4289 16022 11793 6022 18972 9375 9818 15546 12873 16168 9244 1995 8626 7759 10828 14170 16006 2841 18249 11945 15627 16303 3089 13520 9642 1620 10445 15872 7893 18423 13030 17005 9407 10469 7903 3763 14206 20258 16065 15914 19505 16128 11897 3945 14553 8197 8627 1928 7696 7376 11405 9246 13349 7237 5761 4572
13143 8818 16695 16439 5916 10596 14172 8190 13203 3137 11336 9445 14664 14982 9117 7621 11870 15877 8357 16616 11336 9964 9547 0 12652 6654 13042 13121 10328 10062 1913 1147 16974 7551 13299 7713 8327 6441 4596 12927 16743 4922 3268 591 9074 7206 16299 3353 14767 13081 6339 814 9775 3326 10422 16139 10001 6682 7458 5193 15588 14363 8526 10305 8503 14691 13663 6831 13785 3940 8037 5920 10943 15334 12021 12798 11826 14557 6836 16646 12525 4751 12558 14999 16650 11246 11461 8348 6296 16534 15942 1508 7634 11441 2886 4308 1390 15821 12253 10528 8803
17107 7067 4088 3800 15536 6521 5846 11238 8572 14734 2405 9475 6293 2744 10094 6870 6092 6088 7668 4116 1356 15648 10191 12652 0 7045 5634 5910 11368 8654 14218 11546 8499 13644 14455 5092 4330 11414 13338 4685 11222 16534 9975 13182 12499 7079 5948 12077 9122 12991 16845 12200 10620 14895 10947 6503 8313 16509 5195 9068 3980 6951 7560 15044 6819 6169 7960 11308 3769 9319 9494 7998 9892 6986 13170 3808 10855 3602 7081 9944 8680 15200 16196 6606 5748 16468 9771 6928 11940 4454 7710 13028 10237 2530 9933 10556 11365 3390 3544 4452 5827
16312 2502 11077 10566 8492 4103 10857 10008 7015 9495 5114 9661 11404 8847 4612 1106 9351 12039 7562 11156 5709 13739 4949 6654 7045 0 9969 10169 6195 4410 7771 5522 13921 11201 14961 2264 3311 4572 9377 6283 10664 9668 3437 7244 11363 746 12203 7747 8498 14026 9818 6533 10616 9684 11230 9487 4189 9464 2967 6085 10757 11548 2469 13588 7016 11359 11622 4573 9565 5131 3494 5563 10926 8702 13504 8856 12058 8098 5523 10287 6468 10633 15495 11775 12278 14909 11193 6961 5044 11438 9334 6507 3906 5158 3795 6939 5740 10435 5706 3911 2151
12653 11211 6897 7532 17633 11354 1152 7967 13894 13993 7492 5682 1621 7789 14204 10396 1370 3032 5074 6420 5895 12045 14426 13042 5634 9969 0 276 15697 13187 14918 12185 4044 10738 9522 7734 6697 14479 11704 10220 16800 17767 11525 13412 8857 10394 3646 11045 14636 7930 18665 12340 6605 14102 6645 12072 12851 18605 7041 8030 4367 1585 11586 11209 4630 1656 2335 14524 2371 9105 13282 7143 5325 12620 8460 1836 5975 9146 6207 15566 13857 13760 11764 1963 4273 12538 4970 4794 14896 5494 13343 13990 13831 7691 11089 9393 11656 5796 8999 9276 9877
12457 11445 7124 7775 17772 11608 1164 7873 14160 14011 7760 5574 1568 8058 14430 10614 1332 3078 5072 6638 6163 11906 14657 13121 5910 10169 276 0 15928 13429 15003 12279 3907 10649 9299 7942 6909 14666 11685 10493 17074 17868 11663 13481 8730 10605 3724 11063 14909 7700 18791 12410 6468 14117 6484 12347 13094 18742 7231 8074 4569 1380 11816 11059 4670 1629 2060 14717 2615 9181 13499 7210 5154 12897 8257 2111 5769 9420 6289 15842 14119 13742 11571 1883 4381 12377 4779 4834 15078 5688 13619 14091 14040 7960 11213 9417 11737 6027 9271 9534 10113
22166 4492 14710 13853 7921 4936 16424 16003 4906 13457 8964 15841 16959 11896 1583 5421 15292 17249 13757 15002 10324 19351 1278 10328 11368 6195 15697 15928 0 2731 10314 9530 19428 16772 21085 8128 9094 3974 14390 7812 7405 10426 7590 10838 17312 5552 17236 12774 6228 20205 9362 10672 16764 13643 17392 9889 3066 8540 9033 11984 15345 17275 4116 19354 13204 16884 17581 3562 14755 10752 2758 11646 17121 8465 19631 14284 18252 10351 11705 8015 4169 15048 21395 17323 17106 20586 17385 13153 4305 15688 8669 9280 2773 8854 8366 12487 10160 14467 8289 6919 5830
20722 2098 11991 11151 9279 2212 13852 14410 3257 13158 6250 13928 14379 9197 1817 3384 12893 14590 11779 12275 7652 18123 1699 10062 8654 4410 13187 13429 2731 0 10551 9068 16821 15569 19291 5897 6761 4672 13543 5188 6684 11409 6907 10632 15769 3669 14550 11896 4826 18276 10764 10202 14933 13350 15528 7620 344 10074 6874 10493 12627 14751 1949 17993 11136 14296 15171 4321 12109 9471 2211 9956 15103 6322 17834 11695 16239 7710 9822 6739 2515 14547 19903 14739 14400 19305 15306 11109 5201 12958 6694 9356 2958 6133 7564 11276 9532 11736 5572 4203 3353
14546 9638 18294 17971 4472 11437 16041 9975 13788 3704 12716 11331 16539 16422 9325 8605 13763 17720 10270 18248 12879 11307 9741 1913 14218 7771 14918 15003 10314 10551 0 2770 18868 9041 14983 9173 9894 6341 5989 14021 17193 3032 4362 1742 10766 8203 18122 5041 15363 14859 4606 2701 11616 3849 12254 17186 10551 5091 9053 7106 17321 16257 9268 11762 10404 16562 15575 6755 15577 5832 8388 7817 12824 16256 13753 14608 13682 15845 8714 17270 13063 5528 14029 16877 18447 12574 13349 10250 6039 18233 16814 1267 7822 12799 4285 6179 3270 17464 13474 11680 9863
13345 7735 15602 15325 6092 9501 13300 7981 12164 4094 10194 8979 13804 13848 8237 6507 11062 14960 7681 15536 10222 10252 8668 1147 11546 5522 12185 12279 9530 9068 2770 0 16162 7743 13194 6577 7216 5760 4982 11788 15733 5600 2187 1730 8998 6092 15355 3491 13720 12837 6758 1150 9432 4286 10093 15002 8987 6954 6355 4572 14562 13555 7465 10484 7733 13823 12949 6126 12807 3178 7113 5150 10483 14214 11858 11839 11430 13410 5998 15587 11501 5537 12702 14147 15678 11531 10972 7585 5703 15487 14830 1838 6786 10297 1741 3993 810 14745 11106 9385 7673
14126 14943 7725 8714 21676 14835 3064 10923 17070 17661 10756 8634 2517 9783 17988 14258 5105 2520 8741 7141 9217 14390 18176 16974 8499 13921 4044 3907 19428 16821 18868 16162 0 13657 10620 11663 10616 18465 15164 13156 19578 21758 15567 17313 11455 14295 3001 14730 17569 9023 22698 16245 9216 17753 8985 14292 16479 22647 11036 11857 5257 2611 15358 13426 8475 2566 3678 18492 4761 13036 17136 11054 7666 15161 10029 5147 7752 11485 10164 18186 17155 17208 13331 2146 3691 14568 7118 8633 18897 5907 15817 17982 17732 10925 15121 13118 15599 6921 12042 12720 13605
5607 13693 16868 17103 13428 15114 11801 2780 18139 5814 13657 5099 12095 16387 15293 12293 9376 13715 6096 16541 12745 2579 15706 7551 13644 11201 10738 10649 16772 15569 9041 7743 13657 0 6182 10590 10411 13339 3059 16245 21775 11880 9248 7393 2385 11946 14373 4258 19538 6525 13635 6828 4454 5781 4800 19277 15374 14122 9700 5214 14777 11359 13658 2755 6895 12201 9985 13662 12618 6101 14086 6064 6023 19017 5217 11599 6279 16817 6740 21195 17645 4409 5009 12303 15010 3828 6598 6765 13368 15916 19747 9058 14013 13848 8449 4306 6954 15772 15150 14000 12964
3551 17219 16420 17023 19203 18207 10170 5255 21207 11978 15460 5410 10182 17010 19513 15915 8530 11793 7583 15937 14082 5064 19879 13299 14455 14961 9522 9299 21085 19291 14983 13194 10620 6182 0 13514 12881 18229 9146 18338 24646 17926 14136 13264 4225 15672 12532 9962 22362 1632 19584 12506 4359 11954 3787 20875 19024 19980 12511 9213 13857 9221 17354 4073 8337 10336 7598 18480 11881 10618 18328 9440 4579 21058 1458 11130 3615 18038 9469 23721 20893 10572 2866 10206 13308 4578 4695 8321 18390 14953 21813 14781 18484 15676 13357 9226 12386 15316 17099 16547 16148
15266 3800 9180 8803 10566 4716 8600 8907 7753 10135 3646 8110 9147 7272 6577 2714 7192 9781 5940 9191 3738 13006 6850 7713 5092 2264 7734 7942 8128 5897 9173 6577 11663 10590 13514 0 1047 6833 9352 5747 11313 11443 4886 8271 10291 2665 9959 7842 9039 12423 11821 7364 9166 10312 9729 8914 5599 11548 1003 5393 8602 9317 4052 12694 5255 9099 9478 6837 7315 4979 5576 4551 9223 8473 12065 6592 10358 6927 4129 10624 7390 10941 14404 9518 10062 14082 9412 5238 7296 9354 9189 7960 6098 3770 4897 6628 6520 8434 4794 3417 2637
14827 4683 8400 8113 11532 5351 7554 8505 8326 10536 3339 7473 8100 6724 7560 3713 6199 8742 5305 8366 3011 12738 7815 8327 4330 3311 6697 6909 9094 6761 9894 7216 10616 10411 12881 1047 0 7877 9474 5840 11795 12290 5709 8862 9882 3697 8935 8053 9509 11715 12756 7898 8570 10706 9098 8886 6448 12516 886 5323 7647 8281 4988 12349 4550 8052 8488 7884 6287 5199 6593 4358 8485 8621 11447 5548 9611 6631 3729 10984 8039 11186 13946 8471 9059 13759 8628 4559 8335 8447 9359 8716 7135 3508 5612 6690 7058 7590 4745 3717 3421
18879 4723 15308 14660 4650 6275 15402 12999 7886 9543 9221 13292 15949 12796 3108 4544 13760 16611 11406 15459 10128 15899 3491 6441 11414 4572 14479 14666 3974 4672 6341 5760 18465 13339 18229 6833 7877 0 10728 9316 11037 6758 4134 6922 14214 4354 16768 9171 9426 17563 6129 6870 14060 9725 14718 12135 4793 5507 7438 9022 15252 16046 4208 16023 11046 15909 15991 414 14134 7618 2511 8970 14706 10930 16806 13425 15795 11650 9322 11330 7118 11190 18168 16320 16823 17164 15069 10953 565 15862 11346 5316 1714 9201 4935 9185 6470 14784 9253 7461 5682
8577 11860 17002 17042 10406 13460 12843 4629 16387 2874 12813 6638 13234 16005 13000 10480 10354 14734 6640 16768 12228 5372 13426 4596 13338 9377 11704 11685 14390 13543 5989 4982 15164 3059 9146 9352 9474 10728 0 15093 20032 8826 6805 4376 5029 10091 15311 1647 17874 9265 10578 3944 6471 2884 7011 18265 13396 11078 8637 4270 15259 12660 11726 5773 7223 13310 11531 11083 13173 4387 11819 5343 7951 17781 8038 12123 8536 16102 6293 19643 15811 2057 8040 13504 15846 6652 8534 7061 10685 16350 18475 6088 11618 12978 6051 2798 4260 15968 14132 12715 11372
20563 4639 7066 6122 13927 3088 10522 14301 4002 15664 2889 13024 10977 4181 6965 5424 10448 10698 10929 7440 4400 18575 6887 12927 4685 6283 10220 10493 7812 5188 14021 11788 13156 16245 18338 5747 5840 9316 15093 0 6582 15629 9718 13515 15667 5819 10464 13558 4438 17010 15382 12752 14165 15849 14621 3223 4904 14816 6558 11102 8277 11609 5131 18163 10099 10854 12504 9060 8452 10710 6886 10183 13785 2785 16953 8433 14852 2539 9561 5430 4275 16621 19669 11291 10125 19579 13790 10151 9881 8324 3532 12754 7727 2672 10049 12374 11931 7044 1254 2421 4158
26577 8173 12656 11572 15316 6662 17066 20220 3649 19827 9405 19253 17503 9955 7933 9558 17009 17076 17095 13161 10966 24260 7547 16743 11222 10664 16800 17074 7405 6684 17193 15733 19578 21775 24646 11313 11795 11037 20032 6582 0 17743 13557 17314 21604 9942 16751 18394 2286 23402 16766 16858 20362 20019 20875 5721 6747 15945 12290 16571 14476 18170 8330 23995 16314 17374 19085 10636 14960 15778 8805 15834 20159 4491 23225 15005 21257 8153 15434 1606 4241 21166 25710 17804 16300 25371 20218 16338 11487 14258 3966 16020 9406 9192 14174 17577 16160 13000 7817 8100 8815
17261 11024 20620 20191 2761 12763 18873 12985 14642 6191 14776 14361 19383 18512 9852 10276 16660 20489 13246 20632 15178 14001 10213 4922 16534 9668 17767 17868 10426 11409 3032 5600 21758 11880 17926 11443 12290 6758 8826 15629 17743 0 6582 4766 13727 9918 20849 8036 16184 17860 1983 5725 14644 6281 15280 18656 11498 2808 11510 10095 19884 19153 10568 14547 13331 19397 18537 7141 18256 8764 9207 10745 15855 17555 16729 17324 16713 17708 11597 18087 13875 7955 16807 19730 21123 15240 16378 13182 6270 20731 18023 3778 8461 14826 6787 9210 6223 19869 15283 13442 11567
14756 5554 14064 13681 6109 7328 12577 8890 9979 6276 8364 9366 13108 12083 6201 4360 10567 14076 7663 14060 8622 11821 6628 3268 9975 3437 11525 11663 7590 6907 4362 2187 15567 9248 14136 4886 5709 4134 6805 9718 13557 6582 0 3858 10086 3946 14384 5183 11534 13544 7176 3301 10045 6468 10710 12915 6813 7080 4936 4970 13316 13009 5278 11906 7471 13102 12659 4430 11759 3522 5033 5101 10830 12075 12727 10870 11880 11484 5670 13401 9322 7645 14038 13468 14611 13076 11244 7350 4255 14151 12676 3112 4817 8442 803 5052 2637 13292 9121 7346 5569
12952 9407 17213 16974 6036 11186 14549 8233 13783 2622 11902 9614 15033 15535 9655 8212 12215 16279 8642 17123 11873 9742 10084 591 13182 7244 13412 13481 10838 10632 1742 1730 17313 7393 13264 8271 8862 6922 4376 13515 17314 4766 3858 0 9042 7797 16717 3307 15348 13119 6321 1073 9878 2806 10514 16728 10575 6742 7988 5477 16058 14703 9111 10136 8838 15065 13951 7318 14226 4314 8589 6271 11102 15925 12021 13229 11948 15131 7214 17229 13101 4310 12399 15363 17085 11020 11633 8679 6747 17017 16533 1764 8165 12010 3471 4459 1839 16327 12835 11114 9394
4980 13767 15351 15708 14980 14985 9849 1384 18032 7900 12909 3209 10084 15225 15768 12397 7538 11738 4850 14971 11783 3222 16157 9074 12499 11363 8857 8730 17312 15769 10766 8998 11455 2385 4225 10291 9882 14214 5029 15667 21604 13727 10086 9042 0 12101 12427 5737 19327 4243 15363 8283 2281 7899 2484 18529 15534 15754 9317 5330 13082 9280 13822 2546 5707 10204 7816 14492 10928 6616 14563 5828 3790 18451 3015 9960 3914 15888 6176 20861 17621 6690 4137 10256 13109 3972 4339 5617 14333 14229 19199 10558 14626 13116 9291 5074 8189 14235 14493 13592 12848
17054 1770 11039 10462 8546 3435 11237 10744 6296 10117 4984 10349 11782 8677 3976 415 9849 12330 8233 11156 5778 14485 4289 7206 7079 746 10394 10605 5552 3669 8203 6092 14295 11946 15672 2665 3697 4354 10091 5819 9942 9918 3946 7797 12101 0 12453 8456 7793 14713 9922 7140 11320 10306 11929 8988 3444 9502 3500 6830 10898 11978 1725 14333 7657 11728 12132 4290 9835 5871 2919 6293 11590 8129 14214 9185 12724 7790 6216 9602 5734 11305 16234 12153 12483 15655 11840 7609 4868 11517 8738 6936 3440 4997 4393 7680 6367 10462 5367 3531 1669
15880 12820 4729 5714 20404 12455 2580 11596 14443 17506 8326 9294 2389 6857 15884 12344 5016 739 8671 4146 6913 15576 16022 16299 5948 12203 3646 3724 17236 14550 18122 15355 3001 14373 12532 9959 8935 16768 15311 10464 16751 20849 14384 16717 12427 12453 0 14567 14816 10900 21555 15647 10153 17625 10113 11355 14207 21387 9538 11484 2295 3319 13279 14697 8140 2250 4945 16737 2649 12413 15153 10521 8760 12293 11668 3525 9206 8609 9533 15318 14602 17363 15021 2327 792 15977 8318 8305 17246 2918 12925 17102 15826 8468 14071 12907 14910 3929 9432 10360 11509
9865 10222 15872 15835 9269 11839 12196 4953 14750 2948 11376 6540 12630 14690 11368 8847 9741 14039 6005 15679 10905 6763 11793 3353 12077 7747 11045 11063 12774 11896 5041 3491 14730 4258 9962 7842 8053 9171 1647 13558 18394 8036 5183 3307 5737 8456 14567 0 16244 9824 9627 2590 6662 3059 7279 16750 11749 10022 7192 3137 14298 12157 10082 7008 6432 12688 11195 9514 12279 2868 10183 4191 7985 16218 8714 11235 8751 14678 5193 18024 14169 3137 9243 12928 15044 8040 8541 6266 9161 15355 16903 4855 10000 11531 4418 1661 2717 14874 12636 11162 9767
24298 6040 10984 9930 13918 4433 14960 17943 1575 17808 7185 16968 15414 8164 6350 7397 14790 15091 14809 11448 8765 22009 6022 14767 9122 8498 14636 14909 6228 4826 15363 13720 17569 19538 22362 9039 9509 9426 17874 4438 2286 16184 11534 15348 19327 7793 14816 16244 0 21125 15396 14826 18076 17999 18590 4443 4812 14635 10011 14327 12577 16044 6259 21729 14028 15291 16899 9047 12886 13579 7031 13570 17882 2966 20940 12864 18983 6337 13154 1913 2317 19081 23429 15727 14420 23109 17947 14052 9924 12473 2790 14153 7729 6976 12108 15369 14098 11194 5638 5815 6576
5105 16186 14824 15449 18917 17065 8548 4891 20026 12139 14122 4366 8553 15499 18623 14927 6991 10161 6497 14335 12696 6022 18972 13081 12991 14026 7930 7700 20205 18276 14859 12837 9023 6525 1632 12423 11715 17563 9265 17010 23402 17860 13544 13119 4243 14713 10900 9824 21125 0 19417 12271 3504 12141 2846 19452 17994 19741 11425 8574 12247 7591 16359 4990 7176 8708 5968 17786 10296 10034 17460 8627 3243 19698 1353 9576 2159 16588 8503 22421 19753 10912 4335 8574 11676 5814 3234 7185 17768 13337 20451 14521 17680 14339 12791 8846 12043 13725 15762 15321 15057
19094 10745 20894 20371 1486 12383 19735 14526 13903 8065 14896 15721 20261 18599 9064 10231 17643 21252 14415 20961 15496 15840 9375 6339 16845 9818 18665 18791 9362 10764 4606 6758 22698 13635 19584 11821 12756 6129 10578 15382 16766 1983 7176 6321 15363 9922 21555 9627 15396 19417 0 7151 16105 8169 16755 18261 10908 942 12051 11331 20403 20116 10251 16340 14399 20260 19634 6451 18922 9914 8638 11849 17224 17055 18338 18045 18141 17620 12615 17267 13128 9860 18606 20618 21762 17094 17722 14259 5578 21175 17457 4951 7825 14918 7577 10629 7488 20226 15193 13358 11495
12432 8818 16210 15998 6698 10567 13476 7381 13276 2984 11008 8637 13960 14601 9387 7554 11145 15207 7591 16108 10905 9283 9818 814 12200 6533 12340 12410 10672 10202 2701 1150 16245 6828 12506 7364 7898 6870 3944 12752 16858 5725 3301 1073 8283 7140 15647 2590 14826 12271 7151 0 8961 3175 9608 15974 10114 7481 7017 4424 15010 13635 8568 9583 7770 13993 12900 7244 13163 3241 8262 5200 10134 15235 11219 12162 11012 14267 6141 16684 12622 4388 11827 14291 16019 10566 10653 7612 6781 15979 15865 2275 7933 11126 2746 3495 845 15309 12013 10336 8680
6491 12860 13220 13640 15524 13870 7577 1853 16884 9282 11322 1153 7805 13302 15187 11559 5311 9460 3268 12816 10052 5440 15546 9775 10620 10616 6605 6468 16764 14933 11616 9432 9216 4454 4359 9166 8570 14060 6471 14165 20362 14644 10045 9878 2281 11320 10153 6662 18076 3504 16105 8961 0 9321 667 16863 14665 16375 8163 5076 10880 7001 12997 4625 4070 7925 5557 14284 8740 6544 14011 5141 1570 16923 2903 7805 2092 14117 5111 19494 16553 8384 5581 7976 10842 5995 2151 4032 14265 12026 17677 11168 14203 11535 9298 5476 8654 12100 12947 12267 11798
10995 11993 18786 18684 8281 13737 15253 7493 16446 191 13944 9392 15684 17424 12442 10720 12793 17099 9052 18622 13661 7735 12873 3326 14895 9684 14102 14117 13643 13350 3849 4286 17753 5781 11954 10312 10706 9725 2884 15849 20019 6281 6468 2806 7899 10306 17625 3059 17999 12141 8169 3175 9321 0 9879 19072 13272 8801 9821 6165 17309 15194 11741 8338 9491 15744 14181 10123 15315 5578 11355 7191 10764 18377 10898 14275 11399 17237 8199 19859 15787 1698 10579 15979 18095 8964 11340 9325 9536 18350 19018 4474 10959 14078 5915 4718 3944 17816 15052 13429 11822
6180 13448 13381 13848 16184 14420 7554 2386 17422 9847 11760 1625 7739 13598 15812 12160 5409 9404 3797 12957 10446 5477 16168 10422 10947 11230 6645 6484 17392 15528 12254 10093 8985 4800 3787 9729 9098 14718 7011 14621 20875 15280 10710 10514 2484 11929 10113 7279 18590 2846 16755 9608 667 9879 0 17260 15255 17033 8726 5741 10977 6889 13597 4585 4562 7868 5374 14940 8861 7210 14641 5785 1357 17366 2350 7966 1529 14480 5714 19977 17106 8879 5269 7881 10825 5893 1868 4540 14926 12117 18121 11823 14845 11975 9964 6129 9312 12260 13394 12776 12364
23335 7639 7002 5911 16785 5899 12096 17188 5117 18888 5635 15710 12463 4509 9431 8583 12595 11772 13706 7534 6814 21533 9244 16139 6503 9487 12072 12347 9889 7620 17186 15002 14292 19277 20875 8914 8886 12135 18265 3223 5721 18656 12915 16728 18529 8988 11355 16750 4443 19452 18261 15974 16863 19072 17260 0 7416 17629 9663 14202 9060 13249 8088 21057 12855 12318 14406 11832 9943 13891 9632 13242 16297 1505 19545 10237 17302 2926 12545 4147 5766 19828 22430 12720 10823 22482 16220 12929 12691 8687 1767 15920 10461 5436 13266 15521 15154 7474 4146 5644 7345
20493 1809 11668 10835 9424 1891 13512 14170 3237 13081 5908 13652 14039 8882 2066 3137 12567 14247 11498 11947 7309 17921 1995 10001 8313 4189 12851 13094 3066 344 10551 8987 16479 15374 19024 5599 6448 4793 13396 4904 6747 11498 6813 10575 15534 3444 14207 11749 4812 17994 10908 10114 14665 13272 15255 7416 0 10237 6582 10273 12286 14414 1720 17776 10845 13955 14843 4457 11766 9281 2294 9713 14813 6152 17567 11354 15949 7416 9556 6720 2528 14440 19669 14398 14058 19096 15011 10821 5333 12622 6554 9342 3084 5792 7449 11089 9427 11403 5251 3861 3032
19637 10197 20527 19964 984 11782 19652 14855 13164 8683 14485 15930 20185 18157 8336 9786 17632 21114 14521 20618 15170 16395 8626 6682 16509 9464 18605 18742 8540 10074 5091 6954 22647 14122 19980 11548 12516 5507 11078 14816 15945 2808 7080 6742 15754 9502 21387 10022 14635 19741 942 7481 16375 8801 17033 17629 10237 0 11853 11496 20149 20085 9691 16851 14449 20176 19677 5797 18744 10048 7997 11937 17434 16388 18701 17897 18384 17109 12651 16492 12388 10499 19118 20546 21562 17659 17915 14315 4945 20883 16765 5220 7168 14494 7567 10907 7722 19898 14692 12869 11026
14288 4777 9248 8986 10869 5714 7977 7933 8746 9651 4185 7108 8522 7610 7466 3615 6384 9294 4938 9195 3889 12080 7759 7458 5195 2967 7041 7231 9033 6874 9053 6355 11036 9700 12511 1003 886 7438 8637 6558 12290 11510 4936 7988 9317 3500 9538 7192 10011 11425 12051 7017 8163 9821 8726 9663 6582 11853 0 4546 8381 8611 4999 11741 4264 8489 8656 7486 6892 4330 6415 3638 8232 9319 11062 6075 9367 7487 3144 11564 8391 10321 13421 8893 9714 13137 8433 4242 7861 9224 10047 7892 6871 4344 4783 5866 6178 8412 5518 4312 3639
10239 8544 12771 12780 10600 9909 9179 4026 12943 6037 8647 4461 9639 11741 10438 7152 6779 10983 3167 12562 7970 7694 10828 5193 9068 6085 8030 8074 11984 10493 7106 4572 11857 5214 9213 5393 5323 9022 4270 11102 16571 10095 4970 5477 5330 6830 11484 3137 14327 8574 11331 4424 5076 6165 5741 14202 10273 11496 4546 0 11161 9252 8554 7503 3404 9685 8476 9267 9151 1480 9233 1076 5956 13855 7785 8110 6958 11906 2062 15982 12470 6175 9437 9956 11935 8836 6422 3241 9203 12219 14576 6397 9314 8825 4223 1509 3877 11758 10057 8810 7756
17020 11033 2654 3519 19167 10473 3735 12065 12276 17172 6381 9874 3877 4562 14070 10734 5574 2761 8757 2114 5148 16299 14170 15588 3980 10757 4367 4569 15345 12627 17321 14562 5257 14777 13857 8602 7647 15252 15259 8277 14476 19884 13316 16058 13082 10898 2295 14298 12577 12247 20403 15010 10880 17309 10977 9060 12286 20149 8381 11161 0 4829 11518 15505 8064 3715 6358 15178 2162 11853 13440 10119 9678 10008 12825 3183 10338 6326 9112 13031 12480 17270 16130 4015 1848 16858 9336 8220 15760 1147 10634 16216 14163 6495 13117 12653 14221 1687 7313 8426 9767
12561 12787 7480 8272 19118 12888 1162 8586 15363 15097 8958 6266 973 8838 15786 11981 2494 2583 6155 6942 7363 12365 16006 14363 6951 11548 1585 1380 17275 14751 16257 13555 2611 11359 9221 9317 8281 16046 12660 11609 18170 19153 13009 14703 9280 11978 3319 12157 16044 7591 20116 13635 7001 15194 6889 13249 14414 20085 8611 9252 4829 0 13166 11457 5865 1133 1626 16097 3309 10426 14866 8443 5532 13904 8352 3185 5899 10336 7557 16887 15356 14713 11705 1004 4088 12705 5053 6024 16457 5843 14610 15377 15414 9150 12541 10533 12988 6451 10412 10796 11451
18778 523 11261 10546 8796 2201 12335 12462 4713 11550 5222 12003 12873 8645 2631 1439 11181 13242 9864 11464 6392 16203 2841 8526 7560 2469 11586 11816 4116 1949 9268 7465 15358 13658 17354 4052 4988 4208 11726 5131 8330 10568 5278 9111 13822 1725 13279 10082 6259 16359 10251 8568 12997 11741 13597 8088 1720 9691 4999 8554 11518 13166 0 16057 9244 12803 13469 3986 10737 7570 1947 8007 13203 7027 15896 10211 14339 7443 7886 8123 4092 12841 17956 13239 13214 17377 13425 9209 4772 11993 7555 8022 2741 5163 5854 9379 7844 10841 5058 3310 1770
2863 16043 17832 18219 16172 17348 12138 3869 20394 8397 15430 5679 12320 17768 17845 14654 9933 13987 7395 17436 14325 1032 18249 10305 15044 13588 11209 11059 19354 17993 11762 10484 13426 2755 4073 12694 12349 16023 5773 18163 23995 14547 11906 10136 2546 14333 14697 7008 21729 4990 16340 9583 4625 8338 4585 21057 17776 16851 11741 7503 15505 11457 16057 0 8251 12451 9906 16334 13364 8607 16635 8162 5938 20948 3665 12422 5674 18430 8623 23304 19950 6798 2267 12455 15410 1428 6405 8159 16074 16650 21693 11812 16616 15634 11103 6877 9690 16713 17002 16041 15199
10487 9039 9998 10207 13505 9894 5781 4420 12875 9376 7271 2942 6235 9558 11623 7830 3380 7608 857 9699 6080 8830 11945 8503 6819 7016 4630 4670 13204 11136 10404 7733 8475 6895 8337 5255 4550 11046 7223 10099 16314 13331 7471 8838 5707 7657 8140 6432 14028 7176 14399 7770 4070 9491 4562 12855 10845 14449 4264 3404 8064 5865 9244 8251 0 6283 5235 11191 5955 4574 10507 2588 3969 12864 6911 4905 5104 10182 1803 15425 12582 9258 9586 6551 8639 9679 4185 166 11362 9175 13618 9567 10842 7483 6891 4774 7135 8915 8888 8214 7884
13647 12394 6369 7188 19200 12348 525 9421 14694 15636 8318 7105 163 7859 15433 11693 2959 1537 6701 5824 6747 13336 15627 14691 6169 11359 1656 1629 16884 14296 16562 13823 2566 12201 10336 9099 8052 15909 13310 10854 17374 19397 13102 15065 10204 11728 2250 12688 15291 8708 20260 13993 7925 15744 7868 12318 13955 20176 8489 9685 3715 1133 12803 12451 6283 0 2740 15931 2414 10756 14572 8798 6514 13043 9433 2602 6963 9425 7856 16048 14735 15367 12783 445 2993 13727 6068 6447 16346 4712 13733 15621 15165 8498 12692 11040 13304 5358 9691 10238 11056
10939 13136 8989 9720 18727 13451 2623 7244 16097 14098 9724 4960 2585 10103 16047 12190 2289 4208 5309 8469 8135 10836 16303 13663 7960 11622 2335 2060 17581 15171 15575 12949 3678 9985 7598 9478 8488 15991 11531 12504 19085 18537 12659 13951 7816 12132 4945 11195 16899 5968 19634 12900 5557 14181 5374 14406 14843 19677 8656 8476 6358 1626 13469 9906 5235 2740 0 16083 4603 9774 15050 7801 4030 14944 6733 4170 4296 11480 7027 17876 16017 13565 10086 2622 5713 11126 3511 5375 16361 7412 15669 14786 15527 9930 12112 9626 12319 7926 11270 11414 11824
19186 4507 15164 14493 4967 5999 15428 13262 7514 9940 9079 13495 15975 12613 2714 4446 13839 16598 11578 15329 10039 16227 3089 6831 11308 4573 14524 14717 3562 4321 6755 6126 18492 13662 18480 6837 7884 414 11083 9060 10636 7141 4430 7318 14492 4290 16737 9514 9047 17786 6451 7244 14284 10123 14940 11832 4457 5797 7486 9267 15178 16097 3986 16334 11191 15931 16083 0 14112 7883 2201 9175 14895 10605 17051 13426 15992 11425 9489 10948 6744 11577 18467 16346 16773 17489 15246 11104 881 15761 11008 5724 1375 9050 5233 9481 6823 14666 9043 7273 5532
14955 10296 4550 5161 17760 10086 2154 9904 12325 15185 5995 7720 2547 5536 13359 9744 3453 2507 6620 4100 4470 14147 13520 13785 3769 9565 2371 2615 14755 12109 15577 12807 4761 12618 11881 7315 6287 14134 13173 8452 14960 18256 11759 14226 10928 9835 2649 12279 12886 10296 18922 13163 8740 15315 8861 9943 11766 18744 6892 9151 2162 3309 10737 13364 5955 2414 4603 14112 0 9954 12580 8136 7585 10634 10785 1051 8310 7035 7131 13635 12396 15199 14057 2844 2871 14728 7278 6115 14607 3306 11329 14527 13231 6164 11470 10623 12401 3438 7305 7972 8968
11414 7633 13218 13106 9141 9148 10238 5381 12129 5421 8511 5938 10726 11879 9238 6234 7932 11966 4505 13069 8102 8665 9642 3940 9319 5131 9105 9181 10752 9471 5832 3178 13036 6101 10618 4979 5199 7618 4387 10710 15778 8764 3522 4314 6616 5871 12413 2868 13579 10034 9914 3241 6544 5578 7210 13891 9281 10048 4330 1480 11853 10426 7570 8607 4574 10756 9774 7883 9954 0 8028 1986 7431 13395 9205 8942 8438 11815 2901 15311 11598 5991 10652 11060 12800 9870 7888 4422 7773 12856 14091 5015 8031 8665 2757 1809 2562 12265 9770 8329 7028
19434 2462 13206 12478 7158 3809 14090 13248 5466 11165 7168 13098 14633 10565 1210 2886 12766 15087 11032 13411 8300 16664 1620 8037 9494 3494 13282 13499 2758 2211 8388 7113 17136 14086 18328 5576 6593 2511 11819 6886 8805 9207 5033 8589 14563 2919 15153 10183 7031 17460 8638 8262 14011 11355 14641 9632 2294 7997 6415 9233 13440 14866 1947 16635 10507 14572 15050 2201 12580 8028 0 8888 14398 8419 16874 12000 15525 9293 8967 8943 4715 12646 18655 15002 15115 17887 14677 10448 3061 13934 8843 7220 842 7110 5769 9787 7662 12787 6950 5246 3673
10803 7939 11698 11704 11009 9186 8284 4458 12233 7055 7652 4322 8763 10680 10075 6576 5950 10046 2587 11493 6917 8455 10445 5920 7998 5563 7143 7210 11646 9956 7817 5150 11054 6064 9440 4551 4358 8970 5343 10183 15834 10745 5101 6271 5828 6293 10521 4191 13570 8627 11849 5200 5141 7191 5785 13242 9713 11937 3638 1076 10119 8443 8007 8162 2588 8798 7801 9175 8136 1986 8888 0 5750 12953 7986 7103 6827 10886 1008 15175 11802 7250 9965 9092 10946 9539 6147 2437 9213 11167 13683 6986 9063 7835 4440 2583 4548 10688 9103 7945 7039
7378 13007 12124 12633 16549 13835 6207 3387 16787 10713 10901 1504 6383 12486 15538 11782 4137 8050 3366 11684 9506 6833 15872 10943 9892 10926 5325 5154 17121 15103 12824 10483 7666 6023 4579 9223 8485 14706 7951 13785 20159 15855 10830 11102 3790 11590 8760 7985 17882 3243 17224 10134 1570 10764 1357 16297 14813 17434 8232 5956 9678 5532 13203 5938 3969 6514 4030 14895 7585 7431 14398 5750 0 16491 3285 6728 1136 13466 5443 19188 16523 9903 6476 6524 9477 7228 587 3995 14961 10813 17245 12273 14675 11117 10129 6645 9737 11006 12541 12078 11849
23339 6623 8176 7098 15572 4830 12772 17086 3633 18190 5605 15778 13179 5469 8110 7715 12996 12647 13699 8674 7009 21358 7893 15334 6986 8702 12620 12897 8465 6322 16256 14214 15161 19017 21058 8473 8621 10930 17781 2785 4491 17555 12075 15925 18451 8129 12293 16218 2966 19698 17055 15235 16923 18377 17366 1505 6152 16388 9319 13855 10008 13904 7027 20948 12864 13043 14944 10605 10634 13395 8419 12953 16491 0 19688 10793 17539 3684 12345 3026 4311 19239 22443 13463 11822 22364 16468 12920 11477 9767 755 14998 9231 5391 12496 15094 14436 8511 3976 5069 6556
4215 15763 15334 15883 17903 16764 9210 3881 19770 10905 14084 3974 9286 15771 18057 14458 7368 10934 6143 14874 12738 4696 18423 12021 13170 13504 8460 8257 19631 17834 13753 11858 10029 5217 1458 12065 11447 16806 8038 16953 23225 16729 12727 12021 3015 14214 11668 8714 20940 1353 18338 11219 2903 10898 2350 19545 17567 18701 11062 7785 12825 8352 15896 3665 6911 9433 6733 17051 10785 9205 16874 7986 3285 19688 0 9974 2489 16734 8012 22320 19448 9620 3354 9353 12426 4592 3509 6890 16977 13943 20443 13487 17036 14299 11953 7871 11054 14221 15720 15125 14698
14106 9797 5418 5909 16915 9761 2168 8902 12182 14146 5779 6755 2686 5989 12841 9130 2607 3220 5578 5014 4189 13182 13030 12798 3808 8856 1836 2111 14284 11695 14608 11839 5147 11599 11130 6592 5548 13425 12123 8433 15005 17324 10870 13229 9960 9185 3525 11235 12864 9576 18045 12162 7805 14275 7966 10237 11354 17897 6075 8110 3183 3185 10211 12422 4905 2602 4170 13426 1051 8942 12000 7103 6728 10793 9974 0 7527 7311 6100 13750 12188 14149 13202 3044 3858 13800 6469 5064 13881 4317 11512 13579 12613 5969 10546 9578 11411 4297 7229 7655 8459
6699 14142 12859 13430 17515 14961 6726 3908 17904 11364 11964 2514 6819 13396 16669 12917 4922 8476 4495 12393 10538 6647 17005 11826 10855 12058 5975 5769 18252 16239 13682 11430 7752 6279 3615 10358 9611 15795 8536 14852 21257 16713 11880 11948 3914 12724 9206 8751 18983 2159 18141 11012 2092 11399 1529 17302 15949 18384 9367 6958 10338 5899 14339 5674 5104 6963 4296 15992 8310 8438 15525 6827 1136 17539 2489 7527 0 14447 6564 20265 17647 10407 5824 6903 9956 6843 1084 5131 16040 11455 18292 13194 15794 12181 11163 7518 10666 11748 13604 13186 12982
20607 6926 4678 3665 16192 5558 9187 14577 6317 17061 3305 12965 9567 1827 9466 7437 9689 8969 11038 5119 4106 18967 9407 14557 3602 8098 9146 9420 10351 7710 15845 13410 11485 16817 18038 6927 6631 11650 16102 2539 8153 17708 11484 15131 15888 7790 8609 14678 6337 16588 17620 14267 14117 17237 14480 2926 7416 17109 7487 11906 6326 10336 7443 18430 10182 9425 11480 11425 7035 11815 9293 10886 13466 3684 16734 7311 14447 0 10092 6710 6710 17807 19697 9835 8147 19858 13363 10271 12213 6140 4332 14588 10129 3160 11681 13312 13426 4866 2431 4273 6149
11144 7753 10717 10751 11704 8842 7338 4793 11882 8063 6918 4138 7828 9790 10123 6448 5064 9072 2091 10502 6059 9014 10469 6836 7081 5523 6207 6289 11705 9822 8714 5998 10164 6740 9469 4129 3729 9322 6293 9561 15434 11597 5670 7214 6176 6216 9533 5193 13154 8503 12615 6141 5111 8199 5714 12545 9556 12651 3144 2062 9112 7557 7886 8623 1803 7856 7027 9489 7131 2901 8967 1008 5443 12345 8012 6100 6564 10092 0 14689 11504 8232 10277 8165 9948 10030 5764 1680 9615 10162 13086 7822 9232 7111 5090 3569 5450 9698 8432 7421 6729
25811 7872 11123 10035 15793 6186 15765 19481 3485 19668 8314 18365 16182 8482 8243 9197 15864 15673 16233 11640 9823 23630 7903 16646 9944 10287 15566 15842 8015 6739 17270 15587 18186 21195 23721 10624 10984 11330 19643 5430 1606 18087 13401 17229 20861 9602 15318 18024 1913 22421 17267 16684 19494 19859 19977 4147 6720 16492 11564 15982 13031 16887 8123 23304 15425 16048 17876 10948 13635 15311 8943 15175 19188 3026 22320 13750 20265 6710 14689 0 4229 20906 24929 16471 14839 24700 19208 15463 11822 12761 2420 16056 9637 8098 13954 17085 15943 11516 6683 7270 8283
22601 3965 11332 10362 11645 2689 14346 16242 776 15595 6417 15483 14840 8442 4064 5364 13805 14768 13310 11715 7999 20161 3763 12525 8680 6468 13857 14119 4169 2515 13063 11501 17155 17645 20893 7390 8039 7118 15811 4275 4241 13875 9322 13101 17621 5734 14602 14169 2317 19753 13128 12622 16553 15787 17106 5766 2528 12388 8391 12470 12480 15356 4092 19950 12582 14735 16017 6744 12396 11598 4715 11802 16523 4311 19448 12188 17647 6710 11504 4229 0 16925 21752 15179 14319 21302 16652 12584 7623 12589 4502 11862 5416 6238 9933 13405 11920 11312 5174 4604 4777
9374 13042 18947 18943 9976 14733 14900 6531 17552 1826 14503 8643 15291 17824 13775 11711 12410 16789 8693 18733 14039 6125 14206 4751 15200 10633 13760 13742 15048 14547 5528 5537 17208 4409 10572 10941 11186 11190 2057 16621 21166 7955 7645 4310 6690 11305 17363 3137 19081 10912 9860 4388 8384 1698 8879 19828 14440 10499 10321 6175 17270 14713 12841 6798 9258 15367 13565 11577 15199 5991 12646 7250 9903 19239 9620 14149 10407 17807 8232 20906 16925 0 9005 15560 17891 7326 10490 9096 11044 18351 19908 6050 12318 14655 6993 4667 5014 17929 15733 14210 12724
912 17903 18600 19101 18435 19108 12550 5511 22153 10645 16857 6732 12637 18862 19864 16533 10613 14287 8745 18156 15625 2910 20258 12558 16196 15495 11764 11571 21395 19903 14029 12702 13331 5009 2866 14404 13946 18168 8040 19669 25710 16807 14038 12399 4137 16234 15021 9243 23429 4335 18606 11827 5581 10579 5269 22430 19669 19118 13421 9437 16130 11705 17956 2267 9586 12783 10086 18467 14057 10652 18655 9965 6476 22443 3354 13202 5824 19697 10277 24929 21752 9005 0 12707 15776 1951 6794 9524 18242 17257 23195 14066 18683 17068 13235 8986 11902 17482 18469 17663 16977
13561 12833 6664 7516 19572 12793 918 9525 15137 15875 8762 7204 371 8249 15869 12122 3188 1588 6927 6109 7193 13357 16065 14999 6606 11775 1963 1883 17323 14739 16877 14147 2146 12303 10206 9518 8471 16320 13504 11291 17804 19730 13468 15363 10256 12153 2327 12928 15727 8574 20618 14291 7976 15979 7881 12720 14398 20546 8893 9956 4015 1004 13239 12455 6551 445 2622 16346 2844 11060 15002 9092 6524 13463 9353 3044 6903 9835 8165 16471 15179 15560 12707 0 3104 13708 6053 6714 16753 4964 14149 15953 15591 8942 13045 11287 13614 5681 10131 10683 11494
16639 12741 4051 5074 20578 12267 3271 12240 14122 17970 8151 9952 3140 6357 15796 12349 5634 1524 9215 3467 6823 16275 15914 16650 5748 12278 4273 4381 17106 14400 18447 15678 3691 15010 13308 10062 9059 16823 15846 10125 16300 21123 14611 17085 13109 12483 792 15044 14420 11676 21762 16019 10842 18095 10825 10823 14058 21562 9714 11935 1848 4088 13214 15410 8639 2993 5713 16773 2871 12800 15115 10946 9477 11822 12426 3858 9956 8147 9948 14839 14319 17891 15776 3104 0 16702 9049 8803 17315 2230 12432 17397 15812 8278 14337 13383 15265 3351 9148 10197 11450
2065 17379 19215 19620 17030 18716 13435 5294 21760 9049 16854 7075 13592 19189 19096 15985 11285 15259 8822 18810 15753 1282 19505 11246 16468 14909 12538 12377 20586 19305 12574 11531 14568 3828 4578 14082 13759 17164 6652 19579 25371 15240 13076 11020 3972 15655 15977 8040 23109 5814 17094 10566 5995 8964 5893 22482 19096 17659 13137 8836 16858 12705 17377 1428 9679 13727 11126 17489 14728 9870 17887 9539 7228 22364 4592 13800 6843 19858 10030 24700 21302 7326 1951 13708 16702 0 7660 9587 17185 18001 23108 12741 17833 17058 12277 8101 10754 18095 18422 17442 16564
7685 13208 11827 12377 17022 13970 5790 3974 16891 11287 10901 2019 5932 12315 15803 12015 3862 7599 3672 11371 9463 7326 16128 11461 9771 11193 4970 4779 17385 15306 13349 10972 7118 6598 4695 9412 8628 15069 8534 13790 20218 16378 11244 11633 4339 11840 8318 8541 17947 3234 17722 10653 2151 11340 1868 16220 15011 17915 8433 6422 9336 5053 13425 6405 4185 6068 3511 15246 7278 7888 14677 6147 587 16468 3509 6469 1084 13363 5764 19208 16652 10490 6794 6053 9049 7660 0 4232 15339 10463 17220 12772 14982 11118 10559 7173 10236 10713 12540 12162 12022
10423 9013 10140 10340 13373 9895 5945 4317 12885 9211 7334 2916 6399 9670 11571 7791 3541 7774 779 9845 6166 8724 11897 8348 6928 6961 4794 4834 13153 11109 10250 7585 8633 6765 8321 5238 4559 10953 7061 10151 16338 13182 7350 8679 5617 7609 8305 6266 14052 7185 14259 7612 4032 9325 4540 12929 10821 14315 4242 3241 8220 6024 9209 8159 166 6447 5375 11104 6115 4422 10448 2437 3995 12920 6890 5064 5131 10271 1680 15463 12584 9096 9524 6714 8803 9587 4232 0 11264 9330 13673 9420 10772 7545 6762 4608 6982 9060 8945 8239 7871
18935 5287 15850 15211 4096 6837 15836 13145 8394 9357 9764 13529 16382 13352 3582 5075 14145 17076 11689 15995 10645 15914 3945 6296 11940 5044 14896 15078 4305 5201 6039 5703 18897 13368 18390 7296 8335 565 10685 9881 11487 6270 4255 6747 14333 4868 17246 9161 9924 17768 5578 6781 14265 9536 14926 12691 5333 4945 7861 9203 15760 16457 4772 16074 11362 16346 16361 881 14607 7773 3061 9213 14961 11477 16977 13881 16040 12213 9615 11822 7623 11044 18242 16753 17315 17185 15339 11264 0 16384 11885 5083 2249 9747 5043 9277 6446 15315 9814 8019 6231
18145 11492 1821 2855 19905 10766 4795 13209 12316 18208 6781 11021 4874 4316 14485 11320 6718 3541 9883 1237 5741 17446 14553 16534 4454 11438 5494 5688 15688 12958 18233 15487 5907 15916 14953 9354 8447 15862 16350 8324 14258 20731 14151 17017 14229 11517 2918 15355 12473 13337 21175 15979 12026 18350 12117 8687 12622 20883 9224 12219 1147 5843 11993 16650 9175 4712 7412 15761 3306 12856 13934 11167 10813 9767 13943 4317 11455 6140 10162 12761 12589 18351 17257 4964 2230 18001 10463 9330 16384 0 10342 17103 14686 6863 13995 13718 15178 1284 7486 8794 10276
24090 7177 8704 7617 15971 5377 13473 17832 3767 18829 6360 16533 13872 6075 8445 8323 13737 13299 14452 9220 7759 22097 8197 15942 7710 9334 13343 13619 8669 6694 16814 14830 15817 19747 21813 9189 9359 11346 18475 3532 3966 18023 12676 16533 19199 8738 12925 16903 2790 20451 17457 15865 17677 19018 18121 1767 6554 16765 10047 14576 10634 14610 7555 21693 13618 13733 15669 11008 11329 14091 8843 13683 17245 755 20443 11512 18292 4332 13086 2420 4502 19908 23195 14149 12432 23108 17220 13673 11885 10342 0 15560 9637 6146 13122 15801 15074 9102 4730 5776 7199
14647 8383 17111 16764 4422 10183 15097 9635 12578 4301 11475 10769 15606 15190 8205 7338 12885 16728 9517 17081 11682 11460 8627 1508 13028 6507 13990 14091 9280 9356 1267 1838 17982 9058 14781 7960 8716 5316 6088 12754 16020 3778 3112 1764 10558 6936 17102 4855 14153 14521 4951 2275 11168 4474 11823 15920 9342 5220 7892 6397 16216 15377 8022 11812 9567 15621 14786 5724 14527 5015 7220 6986 12273 14998 13487 13579 13194 14588 7822 16056 11862 6050 14066 15953 17397 12741 12772 9420 5083 17103 15560 0 6700 11554 3110 5693 2537 16302 12211 10415 8596
19440 3263 13998 13286 6342 4651 14675 13340 6181 10771 7939 13334 15220 11382 1505 3488 13253 15734 11317 14191 9015 16592 1928 7634 10237 3906 13831 14040 2773 2958 7822 6786 17732 14013 18484 6098 7135 1714 11618 7727 9406 8461 4817 8165 14626 3440 15826 10000 7729 17680 7825 7933 14203 10959 14845 10461 3084 7168 6871 9314 14163 15414 2741 16616 10842 15165 15527 1375 13231 8031 842 9063 14675 9231 17036 12613 15794 10129 9232 9637 5416 12318 18683 15591 15812 17833 14982 10772 2249 14686 9637 6700 0 7890 5593 9741 7396 13555 7776 6050 4411
17967 4651 6115 5473 13542 3991 8116 11765 6214 13903 217 10389 8606 3690 7622 4710 7818 8573 8324 6302 1797 16098 7696 11441 2530 5158 7691 7960 8854 6133 12799 10297 10925 13848 15676 3770 3508 9201 12978 2672 9192 14826 8442 12010 13116 4997 8468 11531 6976 14339 14918 11126 11535 14078 11975 5436 5792 14494 4344 8825 6495 9150 5163 15634 7483 8498 9930 9050 6164 8665 7110 7835 11117 5391 14299 5969 12181 3160 7111 8098 6238 14655 17068 8942 8278 17058 11118 7545 9747 6863 6146 11554 7890 0 8581 10197 10282 5684 1424 1936 3520
13953 6083 14011 13688 6615 7822 12167 8106 10568 5725 8484 8652 12689 12164 6950 4808 10074 13728 7023 13974 8594 11023 7376 2886 9933 3795 11089 11213 8366 7564 4285 1741 15121 8449 13357 4897 5612 4935 6051 10049 14174 6787 803 3471 9291 4393 14071 4418 12108 12791 7577 2746 9298 5915 9964 13266 7449 7567 4783 4223 13117 12541 5854 11103 6891 12692 12112 5233 11470 2757 5769 4440 10129 12496 11953 10546 11163 11681 5090 13954 9933 6993 13235 13045 14337 12277 10559 6762 5043 13995 13122 3110 5593 8581 0 4250 1990 13193 9368 7644 5946
9714 9441 14280 14281 10071 10936 10545 3991 13930 4602 10029 5155 10985 13212 10995 8041 8099 12382 4378 14071 9432 6879 11405 4308 10556 6939 9393 9417 12487 11276 6179 3993 13118 4306 9226 6628 6690 9185 2798 12374 17577 9210 5052 4459 5074 7680 12907 1661 15369 8846 10629 3495 5476 4718 6129 15521 11089 10907 5866 1509 12653 10533 9379 6877 4774 11040 9626 9481 10623 1809 9787 2583 6645 15094 7871 9578 7518 13312 3569 17085 13405 4667 8986 11287 13383 8101 7173 4608 9277 13718 15801 5693 9741 10197 4250 0 3197 13267 11379 10026 8805
12552 8071 15383 15162 6876 9801 12785 7179 12558 3755 10164 8233 13278 13758 8816 6780 10494 14487 7024 15288 10066 9478 9246 1390 11365 5740 11656 11737 10160 9532 3270 810 15599 6954 12386 6520 7058 6470 4260 11931 16160 6223 2637 1839 8189 6367 14910 2717 14098 12043 7488 845 8654 3944 9312 15154 9427 7722 6178 3877 14221 12988 7844 9690 7135 13304 12319 6823 12401 2562 7662 4548 9737 14436 11054 11411 10666 13426 5450 15943 11920 5014 11902 13614 15265 10754 10236 6982 6446 15178 15074 2537 7396 10282 1990 3197 0 14491 11178 9513 7880
18382 10333 1121 1836 18925 9535 5322 13132 11034 17667 5619 11039 5519 3047 13295 10241 6869 4443 9681 806 4731 17457 13349 15821 3390 10435 5796 6027 14467 11736 17464 14745 6921 15772 15316 8434 7590 14784 15968 7044 13000 19869 13292 16327 14235 10462 3929 14874 11194 13725 20226 15309 12100 17816 12260 7474 11403 19898 8412 11758 1687 6451 10841 16713 8915 5358 7926 14666 3438 12265 12787 10688 11006 8511 14221 4297 11748 4866 9698 11516 11312 17929 17482 5681 3351 18095 10713 9060 15315 1284 9102 16302 13555 5684 13193 13267 14491 0 6230 7600 9150
19366 4536 6422 5589 13769 3361 9341 13135 5030 14871 1641 11803 9808 3643 7241 5008 9199 9618 9724 6723 3151 17441 7237 12253 3544 5706 8999 9271 8289 5572 13474 11106 12042 15150 17099 4794 4745 9253 14132 1254 7817 15283 9121 12835 14493 5367 9432 12636 5638 15762 15193 12013 12947 15052 13394 4146 5251 14692 5518 10057 7313 10412 5058 17002 8888 9691 11270 9043 7305 9770 6950 9103 12541 3976 15720 7229 13604 2431 8432 6683 5174 15733 18469 10131 9148 18422 12540 8945 9814 7486 4730 12211 7776 1424 9368 11379 11178 6230 0 1843 3719
18543 2788 7965 7236 11940 2115 9823 12211 4746 13244 2047 11154 10333 5341 5695 3167 9202 10428 8999 8191 3504 16392 5761 10528 4452 3911 9276 9534 6919 4203 11680 9385 12720 14000 16547 3417 3717 7461 12715 2421 8100 13442 7346 11114 13592 3531 10360 11162 5815 15321 13358 10336 12267 13429 12776 5644 3861 12869 4312 8810 8426 10796 3310 16041 8214 10238 11414 7273 7972 8329 5246 7945 12078 5069 15125 7655 13186 4273 7421 7270 4604 14210 17663 10683 10197 17442 12162 8239 8019 8794 5776 10415 6050 1936 7644 10026 9513 7600 1843 0 1877
17828 1339 9632 8980 10088 2153 10594 11468 5196 11634 3548 10747 11129 7136 4392 1292 9543 11473 8577 9801 4629 15446 4572 8803 5827 2151 9877 10113 5830 3353 9863 7673 13605 12964 16148 2637 3421 5682 11372 4158 8815 11567 5569 9394 12848 1669 11509 9767 6576 15057 11495 8680 11798 11822 12364 7345 3032 11026 3639 7756 9767 11451 1770 15199 7884 11056 11824 5532 8968 7028 3673 7039 11849 6556 14698 8459 12982 6149 6729 8283 4777 12724 16977 11494 11450 16564 12022 7871 6231 10276 7199 8596 4411 3520 5946 8805 7880 9150 3719 1877 0
1 9 6 2
2 9 9 8
3 8 6 3
4 6 9 4
5 6 6 4
6 2 8 2
7 9 7 4
8 10 11 6
9 11 8 5
10 6 8 7
11 6 4 0
12 8 10 3
13 8 8 0
14 10 8 2
15 7 5 3
16 6 9 5
17 6 10 3
18 7 9 5
19 8 4 6
20 11 7 5
21 9 9 8
22 9 8 6
23 13 10 2
24 10 14 6
25 4 12 1
26 15 6 2
27 7 10 4
28 8 10 4
29 9 7 3
30 12 8 5
31 6 10 3
32 10 9 3
33 9 12 4
34 10 11 0
35 7 3 2
36 10 9 3
37 11 6 1
38 8 4 7
39 9 7 1
40 8 8 6
41 10 9 5
42 10 13 3
43 8 4 2
44 13 11 5
45 6 5 4
46 11 6 5
47 5 8 8
48 4 6 3
49 5 10 3
50 10 7 5
51 8 8 5
52 8 5 7
53 9 12 4
54 12 8 7
55 13 10 3
56 10 6 7
57 6 11 7
58 7 8 0
59 9 13 6
60 11 6 6
61 9 6 0
62 7 8 9
63 8 5 3
64 5 8 5
65 10 14 8
66 11 7 2
67 6 11 7
68 10 10 4
69 11 12 5
70 9 4 5
71 3 13 2
72 11 12 5
73 13 4 5
74 8 7 6
75 10 8 7
76 4 6 4
77 8 6 7
78 6 7 5
79 10 9 4
80 8 1 3
81 6 7 4
82 10 11 3
83 9 12 3
84 4 8 4
85 12 6 7
86 10 8 6
87 8 10 6
88 9 9 5
89 12 6 2
90 11 7 3
91 8 8 3
92 6 10 5
93 6 3 5
94 10 10 2
95 13 8 11
96 14 5 2
97 4 2 3
98 8 10 2
99 15 7 7
100 7 8 4
