900 100 3
30 60 700 9.00
0 5 17 2
0 20 95 1
0 9 11 1
0 18 70 2
0 6 80 3
0 10 55 2
0 1 10 1
0 3 65 1
0 4 43 3
0 22 54 3
0 3 10 2
0 9 77 1
0 2 30 2
0 7 26 1
0 2 73 2
0 4 60 2
0 3 94 1
0 15 58 2
0 5 80 3
0 1 39 1
0 10 79 2
0 15 55 3
0 20 54 3
0 2 45 3
0 1 75 1
0 9 11 3
0 10 8 2
0 25 70 2
0 4 83 3
0 1 16 3
0 6 61 3
0 7 86 3
0 3 80 2
0 4 8 1
0 10 99 1
0 17 96 1
0 11 6 1
0 24 5 2
0 6 25 2
0 3 93 3
0 10 37 2
0 17 67 3
0 2 29 2
0 11 96 3
0 7 18 1
0 11 70 1
0 6 14 3
0 22 22 1
0 16 56 2
0 1 18 2
0 9 53 3
0 2 77 3
0 2 11 1
0 8 53 1
0 5 98 1
0 5 63 1
0 7 74 3
0 2 49 3
0 1 48 1
0 11 45 3
0 10 23 3
0 19 76 2
0 12 43 2
0 4 35 2
0 3 65 3
0 7 18 2
0 1 90 2
0 21 55 2
0 11 96 1
0 15 38 3
0 3 83 2
0 13 94 2
0 2 63 3
0 8 28 3
0 15 98 3
0 3 64 3
0 3 97 1
0 11 23 3
0 14 89 3
0 3 23 3
0 3 18 3
0 21 4 2
0 9 81 2
0 1 53 2
0 11 70 1
0 6 61 2
0 2 24 3
0 20 83 2
0 7 76 2
0 2 77 1
0 2 8 1
0 3 51 1
0 19 3 3
0 9 32 3
0 17 77 2
0 5 13 2
0 16 94 1
0 1 92 2
0 5 62 3
0 16 29 2
0 3 4 2
0 24 85 1
0 7 71 3
0 9 58 2
0 9 23 1
0 1 27 1
0 10 90 1
0 24 59 3
0 1 80 1
0 9 59 1
0 4 25 2
0 8 68 2
0 1 87 3
0 8 90 3
0 17 21 3
0 14 79 3
0 5 6 3
0 2 7 2
0 9 48 1
0 4 63 2
0 2 93 2
0 14 29 1
0 8 43 3
0 5 35 3
0 2 79 1
0 2 91 1
0 24 91 3
0 18 75 3
0 10 74 3
0 1 14 2
0 1 92 1
0 9 98 3
0 4 6 3
0 21 5 3
0 11 32 3
0 1 65 3
0 24 44 1
0 11 35 3
0 17 43 1
0 23 8 2
0 6 2 3
0 22 58 3
0 2 30 2
0 22 96 3
0 10 79 1
0 1 26 1
0 5 94 3
0 1 29 2
0 2 38 1
0 9 9 2
0 8 17 3
0 5 8 1
0 16 79 3
0 4 26 1
0 4 59 1
0 9 63 1
0 4 51 1
0 2 32 1
0 3 57 3
0 1 2 3
0 4 11 1
0 3 21 2
0 3 99 2
0 11 8 1
0 7 65 1
0 15 35 2
0 3 44 2
0 12 73 3
0 13 51 1
0 4 83 3
0 13 13 1
0 7 24 1
0 3 21 2
0 14 100 3
0 2 38 1
0 2 74 1
0 3 98 2
0 8 42 2
0 18 35 2
0 2 82 2
0 13 48 1
0 1 40 2
0 7 96 3
0 4 71 3
0 1 49 3
0 24 78 3
0 16 40 3
0 6 28 3
0 8 91 1
0 3 29 1
0 11 49 1
0 4 25 3
0 6 18 3
0 4 24 3
0 1 85 3
0 1 99 3
0 1 48 2
0 2 50 1
0 2 12 3
0 4 4 2
0 2 33 1
0 15 29 1
0 7 88 3
0 8 67 1
0 11 73 2
0 15 17 2
0 7 81 3
0 13 33 2
0 2 70 2
0 15 57 2
0 12 42 3
0 8 46 2
0 2 61 2
0 6 86 2
0 23 52 1
0 5 55 2
0 19 41 2
0 19 78 2
0 1 17 2
0 9 42 3
0 24 82 1
0 13 18 1
0 3 72 1
0 9 98 1
0 2 60 1
0 8 24 2
0 11 43 3
0 2 14 3
0 11 16 3
0 11 1 1
0 6 21 2
0 14 54 1
0 2 97 3
0 3 57 1
0 14 73 2
0 7 45 1
0 1 30 3
0 8 92 1
0 6 22 1
0 7 48 2
0 11 44 3
0 2 62 2
0 2 24 1
0 1 54 1
0 1 26 1
0 17 35 2
0 2 22 3
0 8 47 1
0 13 54 1
0 1 13 1
0 20 79 1
0 1 57 1
0 4 41 1
0 5 42 2
0 1 99 2
0 19 17 2
0 2 87 2
0 6 3 2
0 4 37 2
0 4 27 2
0 8 39 2
0 18 20 3
0 10 74 2
0 2 80 1
0 3 54 3
0 19 55 2
0 11 29 2
0 6 63 3
0 15 67 3
0 3 97 1
0 4 74 3
0 25 73 2
0 6 90 1
0 12 5 3
0 13 48 1
0 4 56 1
0 23 45 3
0 15 27 3
0 15 43 2
0 10 47 3
0 16 24 2
0 23 46 3
0 5 52 3
0 16 4 2
0 14 8 3
0 11 11 1
0 25 5 2
0 10 76 3
0 2 19 2
0 23 5 3
0 24 1 1
0 9 68 2
0 6 79 2
0 7 10 1
0 1 67 2
0 3 68 3
0 8 31 1
0 3 38 3
0 20 74 3
0 6 88 2
0 21 17 2
0 3 100 3
0 4 99 1
0 14 6 2
0 4 93 1
0 13 40 2
0 5 24 2
0 5 63 2
0 10 60 1
0 3 82 2
0 4 54 1
0 8 75 1
0 4 89 2
0 12 40 2
0 12 6 2
0 3 74 1
0 4 8 1
0 8 34 3
0 5 88 1
0 2 32 3
0 9 21 1
0 17 63 2
0 22 51 3
0 3 65 2
0 7 40 3
0 5 84 1
0 8 65 1
0 1 95 3
0 18 2 2
0 5 71 1
0 24 30 3
0 14 35 3
0 13 28 2
0 13 72 2
0 4 100 3
0 7 42 2
0 21 69 3
0 6 75 1
0 16 55 3
0 18 20 2
0 6 18 1
0 6 86 1
0 7 75 1
0 19 90 2
0 8 94 3
0 12 15 2
0 14 46 1
0 2 95 1
0 12 45 3
0 2 68 1
0 13 85 2
0 15 52 3
0 7 13 1
0 13 61 3
0 3 22 3
0 1 26 3
0 4 45 1
0 3 8 3
0 9 33 3
0 10 38 2
0 3 93 2
0 18 55 3
0 2 99 2
0 2 3 2
0 8 36 1
0 7 33 3
0 14 62 3
0 1 14 2
0 12 55 2
0 4 7 1
0 2 56 3
0 13 15 2
0 2 53 3
0 1 7 1
0 18 5 3
0 1 75 2
0 9 52 2
0 6 78 1
0 4 73 3
0 4 19 2
0 2 8 2
0 7 61 3
0 8 27 1
0 5 53 3
0 7 51 3
0 20 38 2
0 17 79 1
0 5 22 1
0 17 36 3
0 2 70 2
0 24 5 2
0 1 8 2
0 5 98 3
0 2 79 3
0 4 42 3
0 5 59 1
0 6 12 1
0 23 20 3
0 5 27 1
0 5 38 2
0 3 25 1
0 2 33 1
0 12 52 1
0 10 70 2
0 1 38 3
0 6 19 2
0 8 25 2
0 1 82 1
0 3 7 1
0 1 63 3
0 1 10 1
0 2 54 3
0 7 32 1
0 17 99 1
0 2 53 3
0 12 47 3
0 9 99 2
0 19 51 3
0 17 68 2
0 11 95 1
0 6 67 3
0 14 28 1
0 2 9 2
0 8 74 1
0 7 53 3
0 6 41 2
0 2 22 3
0 6 77 1
0 2 98 2
0 12 33 3
0 7 34 1
0 25 66 1
0 7 74 1
0 3 38 1
0 7 52 1
0 2 9 2
0 4 69 1
0 4 23 1
0 19 83 1
0 2 85 3
0 1 2 3
0 22 98 1
0 11 84 2
0 20 55 1
0 5 78 2
0 16 7 1
0 2 75 3
0 1 26 1
0 7 12 2
0 17 6 3
0 18 99 3
0 17 46 1
0 9 34 3
0 5 58 1
0 1 46 1
0 14 87 1
0 11 62 2
0 14 41 3
0 3 35 1
0 4 87 2
0 4 77 3
0 1 46 2
0 5 52 3
0 4 52 3
0 20 4 3
0 1 100 3
0 1 25 3
0 7 3 1
0 7 36 2
0 5 51 3
0 5 75 2
0 8 68 1
0 2 31 2
0 2 55 2
0 7 64 1
0 6 7 3
0 8 3 3
0 6 78 1
0 4 29 1
0 24 86 3
0 14 88 2
0 21 6 2
0 7 60 2
0 5 64 3
0 2 53 1
0 2 52 1
0 8 19 2
0 2 69 2
0 17 31 1
0 10 49 3
0 2 71 1
0 7 54 3
0 14 78 3
0 1 6 3
0 14 28 1
0 5 94 3
0 10 82 3
0 1 62 1
0 1 23 3
0 10 87 2
0 20 8 3
0 12 15 2
0 2 52 1
0 5 86 3
0 1 8 2
0 1 16 2
0 4 21 1
0 7 90 1
0 3 74 3
0 7 21 1
0 1 51 1
0 8 51 3
0 5 40 2
0 6 65 2
0 4 47 2
0 2 56 2
0 4 38 3
0 5 20 1
0 2 63 3
0 25 12 3
0 5 30 3
0 2 97 2
0 2 57 2
0 2 9 1
0 16 51 3
0 3 78 3
0 9 79 1
0 19 72 3
0 17 16 3
0 17 37 2
0 1 22 1
0 25 75 3
0 1 74 3
0 4 90 3
0 5 49 2
0 8 62 1
0 3 22 3
0 4 92 3
0 19 73 3
0 3 52 1
0 14 6 1
0 4 23 1
0 10 13 3
0 1 96 1
0 7 49 2
0 4 22 1
0 4 83 3
0 1 3 3
0 12 71 2
0 1 98 3
0 4 71 1
0 4 12 2
0 19 34 1
0 4 9 2
0 3 71 3
0 2 2 3
0 4 12 1
0 22 51 1
0 17 1 1
0 12 92 2
0 4 11 2
0 1 17 3
0 13 19 1
0 6 52 1
0 18 93 1
0 3 88 3
0 2 10 1
0 7 7 3
0 1 62 2
0 2 59 1
0 4 18 3
0 2 24 2
0 19 38 3
0 11 80 1
0 9 86 1
0 4 45 1
0 1 98 3
0 8 23 1
0 6 68 2
0 7 25 1
0 6 59 1
0 9 80 1
0 19 43 1
0 12 71 1
0 7 73 2
0 3 23 1
0 10 27 2
0 4 10 2
0 6 71 3
0 8 51 1
0 5 49 2
0 16 33 1
0 6 23 3
0 12 100 3
0 7 8 2
0 15 93 2
0 2 58 3
0 3 29 3
0 22 3 1
0 5 51 3
0 2 81 1
0 2 67 3
0 4 55 2
0 11 43 1
0 2 2 3
0 4 32 1
0 1 11 1
0 4 58 2
0 20 63 2
0 18 83 3
0 2 10 1
0 21 100 3
0 2 83 3
0 8 46 2
0 11 86 1
0 6 69 3
0 6 42 2
0 1 32 3
0 9 13 1
0 6 29 1
0 10 20 3
0 18 61 3
0 24 47 3
0 3 37 3
0 2 95 2
0 24 3 2
0 1 52 1
0 13 10 3
0 1 74 3
0 20 8 3
0 1 63 1
0 22 20 1
0 11 17 3
0 8 30 3
0 11 58 3
0 20 6 2
0 13 77 1
0 18 12 1
0 1 22 1
0 4 14 3
0 12 63 1
0 11 78 2
0 5 24 3
0 11 83 1
0 10 32 2
0 2 94 3
0 14 25 3
0 18 66 1
0 16 93 1
0 15 25 1
0 4 51 3
0 7 32 3
0 9 55 1
0 1 97 1
0 9 7 2
0 9 24 1
0 15 42 3
0 4 55 2
0 3 34 1
0 18 44 1
0 2 60 1
0 4 38 1
0 1 90 2
0 2 43 1
0 7 79 3
0 1 100 1
0 17 49 1
0 1 70 3
0 5 68 2
0 7 50 3
0 11 59 1
0 6 33 1
0 5 67 2
0 2 6 1
0 17 93 3
0 3 71 1
0 3 39 1
0 8 50 2
0 23 24 2
0 24 38 2
0 24 38 3
0 3 46 3
0 5 77 2
0 15 66 2
0 3 41 2
0 10 97 2
0 22 70 3
0 3 33 3
0 1 95 2
0 2 58 2
0 3 65 3
0 1 82 2
0 13 59 1
0 21 94 2
0 12 68 1
0 12 72 2
0 1 88 1
0 18 16 1
0 3 80 1
0 1 22 1
0 7 28 1
0 17 99 2
0 7 46 2
0 1 15 1
0 15 12 1
0 13 82 2
0 12 49 2
0 1 18 1
0 1 48 1
0 13 39 2
0 11 14 3
0 8 30 1
0 1 44 3
0 8 24 1
0 7 99 1
0 16 28 2
0 10 33 3
0 5 100 1
0 18 82 1
0 16 3 2
1 7 91 1
1 7 11 3
1 12 51 1
1 4 84 3
1 24 93 2
1 9 23 3
1 1 45 1
1 10 81 1
1 2 73 3
1 7 10 2
1 1 63 3
1 5 38 2
1 3 72 3
1 10 78 1
1 9 33 3
1 9 62 1
1 1 22 1
1 8 80 1
1 10 10 1
1 11 49 3
1 19 6 1
1 2 74 3
1 8 4 1
1 4 15 2
1 21 32 2
1 16 1 2
1 7 24 3
1 12 43 3
1 12 61 3
1 14 44 2
1 8 54 3
1 13 28 2
1 3 86 2
1 2 83 1
1 5 9 2
1 4 6 2
1 1 96 2
1 7 87 3
1 3 75 3
1 5 49 2
1 3 17 3
1 10 61 2
1 3 98 1
1 5 69 1
1 5 9 1
1 8 92 2
1 9 26 2
1 8 34 2
1 5 3 1
1 2 83 2
1 14 19 1
1 4 27 1
1 3 59 3
1 3 15 1
1 1 93 1
1 2 21 3
1 23 93 3
1 5 89 2
1 9 99 2
1 6 52 3
1 18 6 2
1 14 2 2
1 14 15 2
1 4 84 3
1 5 34 2
1 17 59 3
1 4 48 1
1 14 32 1
1 17 70 1
1 2 1 1
1 4 25 2
1 1 16 3
1 1 84 3
1 2 64 3
1 13 86 1
1 11 55 2
1 16 71 1
1 9 17 1
1 10 87 3
1 4 61 2
1 6 35 2
1 2 42 3
1 13 63 2
1 12 93 3
1 5 7 1
1 10 96 2
1 1 79 3
1 5 39 3
1 3 81 3
1 2 1 1
1 8 6 2
1 5 69 2
1 2 55 2
1 9 61 2
1 8 63 2
1 24 29 2
1 15 69 2
1 6 26 2
1 4 23 2
1 5 90 2
1 4 37 3
1 12 19 2
1 19 38 3
1 7 11 2
1 6 10 1
1 5 75 3
1 14 91 3
1 9 25 1
1 13 49 3
1 3 76 1
1 8 45 2
1 3 45 3
1 8 90 3
1 1 9 2
1 2 59 3
1 13 93 2
1 8 88 3
1 1 91 2
1 4 31 3
1 2 20 3
1 8 80 1
1 12 74 2
1 13 97 1
1 10 95 2
1 5 21 1
1 6 87 1
1 12 27 3
1 12 2 2
1 10 95 2
1 5 30 1
1 16 37 3
1 1 61 2
1 2 57 3
1 1 98 3
1 6 92 3
1 13 78 1
1 5 73 1
1 16 20 1
1 9 26 1
1 3 52 2
1 18 30 1
1 10 10 3
1 6 56 3
1 4 44 1
1 9 37 1
1 25 27 3
1 17 25 3
1 9 40 2
1 7 95 3
1 11 25 2
1 11 7 1
1 11 20 2
1 7 54 2
1 5 81 1
1 5 48 1
1 6 62 2
1 3 40 2
1 1 45 3
1 4 49 2
1 2 15 3
1 11 24 3
1 9 82 1
1 1 2 1
1 14 75 2
1 6 93 1
1 21 26 3
1 2 98 3
1 2 89 1
1 12 42 3
1 1 96 2
1 2 92 2
1 21 7 3
1 1 18 3
1 9 56 2
1 12 13 3
1 19 13 1
1 4 61 1
1 12 80 3
1 7 56 1
1 2 81 2
0 13714 7956 4736 8894 9155 2355 6498 6642 4951 11278 7924 8985 5132 3310 10390 13098 3021 1780 12789 5718 4613 6088 5901 4881 8482 6998 11738 6283 12505 6748 5948 12038 2842 6054 5750 1194 8609 8056 6822 7878 11447 3994 7215 8742 13958 7825 11287 9918 4232 7220 8556 10090 7642 9238 6160 3423 5040 9226 14259 5445 6976 3354 13695 13337 9523 11949 4717 8511 6325 9725 4725 6255 9517 2707 6510 3576 2810 7833 6014 2058 9877 6206 16560 9596 9029 9517 8812 8185 5062 9106 11734 7412 12143 4325 8543 9717 11031 7553 11016 5169
13714 0 18595 14915 19885 4643 15876 11250 13808 13161 7227 18553 5642 11316 16629 21023 5411 13982 14111 2078 15193 9255 19024 14922 18524 5270 12674 2323 7877 1246 14263 7838 4555 16540 19450 19403 14376 6326 15369 17492 16472 21621 15966 17642 15304 3617 7604 11515 10165 10611 18996 18273 12388 7865 15731 8035 17023 12744 15208 8065 17006 7899 15002 10207 2831 10199 4535 12510 13794 10780 11347 9499 14422 12416 15722 16709 10145 12967 9558 19679 12772 10963 13855 8685 19494 10576 17746 16324 19415 17712 10773 9181 18067 8301 13868 5214 21131 4381 15524 5243 15463
7956 18595 0 12262 1295 14129 8279 14400 5007 5451 13091 42 15457 7292 8918 16206 15619 5433 6267 18433 3407 11382 10775 13521 8237 14167 6273 16288 13018 17603 14557 12224 15180 7527 9716 6563 6770 12302 15736 1207 2751 17372 3967 13931 16483 17296 11040 19164 17687 11861 12933 1249 8568 14831 4830 10757 8151 12988 17013 15357 11983 14034 4679 13535 17074 17302 15125 6125 6077 7875 9086 9508 14014 8070 9244 1897 9888 10759 9393 6743 7041 9496 14059 23646 16052 16859 3093 3787 14081 10683 9091 12260 13938 13163 4904 14232 2585 17379 15156 14092 3295
4736 14915 12262 0 12992 11000 4082 4256 11352 9638 14628 12237 9351 9473 3828 6448 15907 7753 6474 13422 10422 6204 4713 1266 5751 9852 11592 13455 7116 13674 2476 7506 14635 4994 5700 7742 5734 11451 3478 11233 12560 7321 8373 2953 4245 16219 11095 8352 7579 4428 4089 13041 14539 7250 13974 9091 4698 2298 4803 17614 2171 7038 7951 17547 15416 7206 14538 9319 13178 10564 14029 8079 1882 13995 3133 11060 6343 2548 11783 7874 6649 14107 2176 15072 5254 6582 14168 13534 4551 3430 13328 15523 3311 15716 9059 9893 13559 11151 2896 13789 9819
8894 19885 1295 12992 0 15407 8937 15383 6287 6733 14359 1337 16673 8577 9473 16502 16894 6565 7280 19703 4693 12540 11061 14257 8520 15421 7549 17580 14197 18888 15351 13430 16470 8109 9910 6643 7700 13596 16469 2427 3912 17668 4918 14449 17235 18585 12335 20166 18732 12918 13294 2107 9726 15975 5852 12026 8656 13884 17781 16578 12519 15189 5732 14696 18368 18343 16415 7403 7258 9170 10294 10753 14792 9250 9905 3178 11056 11667 10681 6774 8162 10711 14878 24830 16477 17881 3835 4812 14440 11122 10333 13481 14418 14400 6147 15485 1308 18611 15868 15384 4525
9155 4643 14129 11000 15407 0 11388 8039 9538 8678 5236 14086 3224 6845 12200 17371 5302 9352 9471 4338 10724 4917 14729 11269 14013 1386 8526 2589 3960 3522 10902 3521 3911 11996 15033 14793 9758 2424 12212 12991 12195 18114 11338 13889 12352 5228 3540 10130 8419 6572 14983 13916 9066 4957 11775 3421 12523 9055 12416 7657 12958 4538 10371 8780 4418 8270 3816 8004 9891 6513 8034 4860 10914 8916 11332 12232 5581 8773 5687 15073 8130 7746 10394 10634 15974 8389 13600 12218 15551 13456 7304 7045 14283 6584 9313 1384 16625 4069 12206 3441 10927
2355 15876 8279 4082 8937 11388 0 7300 8311 6758 13620 8256 10870 7309 1003 8541 15451 4581 3318 14815 6936 6641 3789 5345 2656 10610 8902 13977 8199 14649 6513 8043 14381 966 3704 4058 2516 10955 7546 7323 8945 9660 4547 5749 8324 16280 10179 11963 10847 5738 5240 9153 12089 9240 10646 8498 1150 5431 8885 16593 3809 8691 4387 15945 15638 10450 14291 6690 10255 8521 11830 7077 5933 11499 969 7273 5827 3537 10104 4267 4224 12019 6104 17959 8020 9880 10458 10036 6310 2930 11262 14010 5829 14457 5924 10668 9477 12892 6935 13366 6220
6498 11250 14400 4256 15383 8039 7300 0 11968 10294 12634 14366 5616 9358 7505 9804 13307 9100 8132 9543 11747 4374 8950 3823 9600 6697 11746 10176 4188 10049 3013 5050 11933 8257 9844 11342 7689 9268 4196 13232 13892 10371 10468 6538 4319 13161 9382 4790 3547 2796 8192 14881 14113 3386 14749 7406 8272 2012 4431 15447 6407 3527 9726 15968 12267 3150 11836 9745 13457 10123 13353 7079 3220 13671 6583 12815 5489 3841 10773 11532 7552 13297 2641 10867 8247 2586 15569 14601 8378 7638 12566 13975 6980 13895 10115 6719 16212 7161 4281 11301 11378
6642 13808 5007 11352 6287 9538 8311 11968 0 1730 8093 4966 11428 2915 9270 16841 10612 3740 5043 13875 2030 8019 11893 12459 9735 9843 1272 11485 9381 12898 13131 8409 10195 8062 11291 9025 5857 7482 14528 4119 2668 17945 4466 13824 15145 12305 6204 16405 14735 9177 13551 4485 4161 11355 2781 6383 8855 11156 15566 10477 11979 10521 4069 8903 12119 14389 10142 2223 1954 3039 4355 5503 12709 3571 9069 3298 6595 9101 4405 9301 4727 4716 12546 19694 16189 14080 4098 2806 14610 11233 4189 7403 13989 8246 2389 9904 7590 13171 14085 9116 2767
4951 13161 5451 9638 6733 8678 6758 10294 1730 0 8242 5409 10190 1845 7741 15242 10617 2199 3444 12989 2046 6485 10439 10735 8433 8769 2156 10865 7956 12155 11401 7044 9983 6619 9952 8025 4256 6910 12798 4331 3807 16330 3503 12158 13415 12100 5675 14802 13162 7515 11981 5312 5371 9894 4478 5325 7410 9432 13838 10919 10342 9065 2818 9693 11783 12806 9917 693 3561 2645 5264 4183 10979 4774 7460 3556 5015 7371 4365 8313 3000 5534 10816 18453 14533 12469 5437 4328 13015 9688 4850 7963 12339 8666 1012 8833 7970 12039 12357 8878 2349
11278 7227 13091 14628 14359 5236 13620 12634 8093 8242 0 13050 8456 6711 14588 21051 2578 9964 10725 8317 9960 8573 17360 15228 15942 6532 6821 5243 8471 6871 15187 7592 2703 13904 17279 16033 11340 3367 16605 12197 10537 21948 11694 17576 16894 4535 3545 15324 13586 10471 18212 12434 5422 9973 9236 5539 14609 13134 17059 3005 16235 9384 10873 3544 4702 13405 2707 7803 7360 5621 4457 6670 15056 5605 13920 11372 8314 12114 3879 16327 9493 4027 14616 15293 19862 13455 11456 10039 19000 16261 4122 1985 17908 1349 9211 6550 15666 9066 16462 2091 10510
7924 18553 42 12237 1337 14086 8256 14366 4966 5409 13050 0 15416 7249 8899 16194 15578 5395 6234 18390 3364 11343 10764 13495 8227 14125 6233 16246 12978 17561 14529 12184 15138 7507 9709 6561 6739 12260 15710 1168 2717 17360 3936 13912 16457 17254 10998 19129 17651 11825 12920 1238 8533 14792 4802 10715 8134 12957 16986 15318 11964 13995 4644 13499 17032 17267 15083 6083 6041 7833 9049 9466 13987 8034 9221 1855 9849 10728 9351 6742 7003 9458 14031 23606 16036 16824 3079 3759 14067 10668 9052 12222 13920 13124 4862 14190 2626 17337 15130 14051 3254
8985 5642 15457 9351 16673 3224 10870 5616 11428 10190 8456 15416 0 8525 11489 15382 8341 10183 9876 4079 12163 4393 13665 9289 13511 1975 10642 4711 2702 4434 8626 3253 6947 11661 14241 14717 9900 5411 9769 14260 13959 15983 12091 12016 9762 7771 6228 6927 5248 5235 13440 15487 11829 2230 13967 5092 12014 7132 9724 10827 11481 2319 11140 12000 6833 5138 6857 9500 12206 8610 10843 6008 8780 11583 10541 13592 5729 7627 8288 14971 8677 10614 8213 8272 13854 5341 15513 14225 13806 12332 10064 10227 12445 9805 10560 1943 17785 2046 9895 6635 12162
5132 11316 7292 9473 8577 6845 7309 9358 2915 1845 6711 7249 8525 0 8311 15496 8963 3254 4132 11167 3885 5205 11095 10437 9382 7001 2395 9022 6484 10311 10904 5498 8237 7407 10812 9327 4845 5081 12349 6176 5452 16529 5030 12218 12888 10344 3868 13623 11921 6571 12352 7090 5067 8467 5589 3535 8163 8831 13251 9542 10543 7633 4171 8651 9987 11588 8167 1209 4107 1215 4605 2595 10556 4531 7828 5399 3875 7006 2899 9620 3097 4745 10303 16795 14605 11316 6989 5722 13305 10167 3974 6761 12458 7321 2633 7064 9816 10307 11985 7132 4167
3310 16629 8918 3828 9473 12200 1003 7505 9270 7741 14588 8899 11489 8311 0 7620 16381 5555 4308 15489 7827 7374 2792 5047 2107 11359 9890 14787 8860 15394 6304 8792 15288 1396 2833 3931 3513 11871 7183 8034 9782 8753 5350 5013 7981 17159 11129 12026 11034 6280 4299 9863 13083 9742 11548 9404 875 5543 8563 17568 3064 9254 5292 16944 16495 10641 15197 7688 11219 9523 12832 8009 5709 12492 962 8056 6680 3943 11098 4084 5223 13022 5971 18303 7200 10048 11250 10901 5397 1965 12265 15005 5039 15442 6888 11415 9899 13487 6542 14286 7088
10390 21023 16206 6448 16502 17371 8541 9804 16841 15242 21051 16194 15382 15496 7620 0 22351 13102 11808 19347 15446 12646 5443 6128 7988 16159 17354 19754 13430 19805 6810 13916 21069 8951 6629 9926 10993 17898 5999 15472 17370 1167 12934 3499 6430 22599 17510 11991 12102 10828 3329 17269 20479 13168 19168 15523 8205 8341 6851 24045 4954 13152 12911 23871 21768 11837 20972 15089 18776 16663 20101 14439 6602 19904 7783 15595 12741 8937 18037 9855 12448 20231 7173 19429 1681 11245 18780 18509 2231 5668 19454 21859 3144 22108 14453 16195 16596 16956 5641 20235 14702
13098 5411 15619 15907 16894 5302 15451 13307 10612 10617 2578 15578 8341 8963 16381 22351 0 12169 12790 6968 12424 9705 19097 16338 17902 6684 9346 4035 9151 5455 16098 8479 1399 15844 19152 18188 13328 4531 17448 14692 13098 23168 13993 18852 17626 2105 5313 15235 13587 11547 19713 14993 7949 10251 11811 7001 16504 14154 17707 2714 17698 9833 13125 4823 2598 13477 1492 10118 9938 7972 7015 8375 16057 8166 15631 13867 9812 13491 6283 18481 11491 6581 15563 13976 21042 13645 14034 12616 20405 17921 6700 4161 19218 3153 11549 6677 18200 8349 17399 2126 12931
3021 13982 5433 7753 6565 9352 4581 9100 3740 2199 9964 5395 10183 3254 5555 13102 12169 0 1311 13489 2719 5976 8240 8922 6270 9113 4355 11774 7646 12872 9734 6930 11357 4421 7771 6073 2120 8039 11067 4230 4891 14205 1986 10108 11739 13434 6938 13810 12287 6465 9818 5789 7568 9411 6232 5948 5211 7912 12208 12787 8246 8624 1020 11759 12991 11907 11281 2285 5676 4407 7418 4496 9258 6972 5330 3727 4501 5721 6141 6367 1608 7660 9176 18277 12463 11488 6552 5792 10872 7510 6942 9943 10261 10555 1354 9178 7618 12168 10572 10261 2279
1780 14111 6267 6474 7280 9471 3318 8132 5043 3444 10725 6234 9876 4132 4308 11808 12790 1311 0 13428 3950 5519 7045 7663 5253 9041 5584 11987 7231 12952 8528 6665 11869 3283 6685 5429 815 8468 9830 5104 6103 12905 2372 8797 10521 13895 7483 12900 11452 5645 8537 6802 8775 8841 7535 6174 4054 6790 11006 13629 6937 8099 1601 12773 13375 11063 11787 3388 6969 5342 8548 4669 8033 8184 4028 4746 4160 4567 7014 5720 1351 8758 7985 17777 11152 10604 7737 7060 9579 6247 8015 10893 8950 11430 2663 9105 8200 11906 9318 10795 3389
12789 2078 18433 13422 19703 4338 14815 9543 13875 12989 8317 18390 4079 11167 15489 19347 6968 13489 13428 0 15034 8194 17732 13305 17469 4390 12845 3081 6629 1513 12545 6844 5849 15555 18270 18537 13583 6557 13572 17280 16533 19885 15466 16036 13452 5465 7789 9457 8158 9286 17509 18249 13072 6207 16059 7678 15965 11182 13318 9681 15559 6399 14496 11594 4561 8217 5800 12309 14152 10846 12022 9016 12755 13007 14552 16535 9309 11678 9899 18803 12132 11679 12179 7033 17777 8630 17928 16539 17845 16401 11360 10301 16471 9536 13577 4326 20903 2435 13774 6229 15199
5718 15193 3407 10422 4693 10724 6936 11747 2030 2046 9960 3364 12163 3885 7827 15446 12424 2719 3950 15034 0 8268 10292 11613 7993 10797 3233 12891 9830 14196 12450 8969 11887 6515 9565 7087 4697 8915 13773 2314 2172 16579 2631 12636 14453 14008 7663 16399 14821 9043 12121 3333 6162 11719 3723 7365 7290 10626 14925 12454 10723 10901 2551 10931 13739 14451 11827 2727 3793 4530 6383 6168 11969 5581 7795 1516 6768 8440 6143 7355 4195 6739 11894 20404 14948 14066 3840 3124 13223 9781 6185 9398 12749 10210 1672 10861 5944 14044 13267 10789 804
4613 9255 11382 6204 12540 4917 6641 4374 8019 6485 8573 11343 4393 5205 7374 12646 9705 5976 5519 8194 8268 0 9826 6676 9296 3985 7589 7474 1713 8020 6631 1422 8433 7361 10197 10362 5508 5291 8067 10175 10274 13473 7800 9147 8421 10074 5139 8418 6722 1898 10099 11584 9761 3456 10767 3108 7791 4561 8658 11513 8072 2652 6874 11745 9316 6384 8336 5845 9295 5821 8982 2743 6483 9336 6471 9584 1502 3866 6399 10623 4399 8923 6051 12307 11357 6117 11920 10784 10724 8544 8192 9727 9515 9756 6601 4041 13584 6437 7894 7590 8117
6088 19024 10775 4713 11061 14729 3789 8950 11893 10439 17360 10764 13665 11095 2792 5443 19097 8240 7045 17732 10292 9826 0 5546 2545 13783 12595 17299 11157 17779 6861 11245 17968 3832 1338 4538 6271 14572 7208 10084 12089 6610 7694 4029 7996 19788 13879 12938 12280 8449 2310 11861 15805 11718 14001 12100 3039 6951 8596 20346 2708 11360 7838 19734 19087 11911 17876 10433 13847 12309 15591 10744 6306 15210 3466 10269 9320 6064 13890 4506 8013 15792 6763 19784 5553 11285 13426 13265 3425 1340 15039 17797 3804 18229 9539 13835 11194 15586 6548 16989 9513
5901 14922 13521 1266 14257 11269 5345 3823 12459 10735 15228 13495 9289 10437 5047 6128 16338 8922 7663 13305 11613 6676 5546 0 6888 10037 12629 13628 7315 13696 1328 7862 15025 6250 6664 8929 6945 11967 2215 12483 13763 6847 9619 2732 2980 16493 11733 7392 6820 4797 4411 14286 15497 7099 15120 9701 5921 2217 3541 18185 2844 7033 9170 18274 15651 6471 14927 10376 14248 11481 14935 8829 760 14968 4391 12294 7065 3431 12597 9046 7735 14986 1266 14368 4710 5840 15383 14712 4557 4369 14210 16246 3168 16371 10206 10071 14823 10956 1657 14240 11030
4881 18524 8237 5751 8520 14013 2656 9600 9735 8433 15942 8227 13511 9382 2107 7988 17902 6270 5253 17469 7993 9296 2545 6888 0 13262 10569 16601 10850 17300 8196 10696 16887 2060 1574 2139 4602 13455 8901 7582 9667 9155 5363 6180 9708 18831 12595 14059 13118 8338 4787 9339 13784 11821 11652 11027 1506 7622 10305 18869 4404 11307 5677 18005 18217 12727 16800 8547 11673 10587 13685 9563 7601 13184 3061 7819 8436 6035 12266 2196 6450 13930 7926 20409 8007 12129 10942 10863 5928 2797 13207 16143 6062 16680 7467 13319 8695 15525 8239 15848 7195
8482 5270 14167 9852 15421 1386 10610 6697 9843 8769 6532 14125 1975 7001 11359 16159 6684 9113 9041 4390 10797 3985 13783 10037 13262 0 8953 3604 2738 4039 9602 2569 5290 11292 14182 14210 9220 3436 10885 12994 12448 16867 11084 12696 11001 6484 4300 8794 7066 5449 13887 14076 9915 3571 12266 3468 11758 7820 11050 9035 11872 3177 10115 10068 5619 6904 5195 8078 10447 6908 8913 4674 9644 9697 10455 12276 4947 7749 6404 14481 7742 8670 9111 9932 14725 7008 13940 12605 14399 12483 8145 8264 13101 7878 9275 65 16593 3340 10904 4815 10899
6998 12674 6273 11592 7549 8526 8902 11746 1272 2156 6821 6233 10642 2395 9890 17354 9346 4355 5584 12845 3233 7589 12595 12629 10569 8953 0 10352 8795 11807 13185 7777 8956 8775 12098 10040 6391 6365 14615 5389 3832 18430 5464 14210 15185 11060 5091 16005 14294 8954 14111 5698 3218 10786 3325 5550 9566 11142 15569 9226 12431 9956 4910 7736 10900 13965 8906 2283 1713 2045 3210 4916 12806 2619 9577 4566 6268 9212 3179 10323 4966 3535 12588 18869 16593 13704 5090 3693 15131 11831 2952 6165 14410 6988 3103 9012 8854 12293 14217 7887 3905
11738 2323 16288 13455 17580 2589 13977 10176 11485 10865 5243 16246 4711 9022 14787 19754 4035 11774 11987 3081 12891 7474 17299 13628 16601 3604 10352 0 6342 1636 13139 6060 2801 14580 17620 17347 12311 4004 14371 15194 14150 20445 13751 16298 14422 3065 5282 11399 9834 9044 17482 15953 10176 6861 13426 5837 15112 11413 14413 6733 15463 6663 12794 8527 2122 9776 2744 10222 11492 8460 9128 7330 13213 10169 13914 14407 8166 11309 7245 17629 10639 8760 12669 10100 18303 10031 15426 14007 18003 16017 8520 7227 16704 6455 11597 3565 18833 4343 14434 3162 13180
6283 7877 13018 7116 14197 3960 8199 4188 9381 7956 8471 12978 2702 6484 8860 13430 9151 7646 7231 6629 9830 1713 11157 7315 10850 2738 8795 6342 0 6631 6957 1058 7794 8971 11647 12016 7214 5106 8297 11813 11763 14157 9499 9961 8496 9179 5373 7381 5618 2737 11163 13160 10586 1992 12068 3573 9347 5099 8617 11259 9155 1166 8564 11866 8338 5335 7696 7287 10464 6872 9706 3892 6954 10229 7924 11193 3145 5094 7064 12271 6088 9575 6439 10634 12016 5214 13382 12181 11662 9839 8904 9906 10364 9755 8178 2778 15262 4747 8260 7120 9735
12505 1246 17603 13674 18888 3522 14649 10049 12898 12155 6871 17561 4434 10311 15394 19805 5455 12872 12952 1513 14196 8020 17779 13696 17300 4039 11807 1636 6631 0 13060 6608 4349 15325 18213 18210 13193 5444 14190 16480 15566 20416 14858 16413 14149 4020 6715 10574 9142 9365 17753 17334 11785 6663 14945 6942 15797 11512 14073 8169 15761 6667 13890 10097 3090 9147 4304 11490 13018 9859 10735 8377 13206 11760 14484 15710 8944 11722 8758 18485 11620 10374 12642 8540 18286 9491 16895 15486 18180 16467 10108 8855 16836 8061 12821 3982 20119 3377 14328 4796 14429
6748 14263 14557 2476 15351 10902 6513 3013 13131 11401 15187 14529 8626 10904 6304 6810 16098 9734 8528 12545 12450 6631 6861 1328 8196 9602 13185 13139 6957 13060 0 7652 14749 7446 7991 10214 7865 11860 1459 13482 14618 7358 10614 3694 2014 16086 11768 6083 5617 4742 5577 15261 15915 6398 15848 9732 7173 2115 2478 18092 4154 6477 10086 18367 15210 5288 14651 10981 14847 11872 15282 9043 596 15412 5584 13237 7290 4038 12839 10340 8420 15295 603 13162 5236 4661 16264 15510 5548 5697 14530 16345 4142 16386 10965 9630 15971 10147 1304 14037 11917
5948 7838 12224 7506 13430 3521 8043 5050 8409 7044 7592 12184 3253 5498 8792 13916 8479 6930 6665 6844 8969 1422 11245 7862 10696 2569 7777 6060 1058 6608 7652 0 7164 8738 11617 11694 6756 4232 9042 11024 10845 14701 8845 10421 9304 8718 4373 8438 6676 3088 11464 12301 9528 3030 11067 2520 9192 5675 9469 10450 9439 2217 7890 10924 7935 6391 7066 6363 9434 5832 8652 2906 7583 9171 7892 10372 2505 5255 6010 11961 5435 8525 7102 11436 12570 6259 12443 11214 12050 9958 7850 8943 10805 8845 7342 2626 14534 5253 8946 6394 8930
12038 4555 15180 14635 16470 3911 14381 11933 10195 9983 2703 15138 6947 8237 15288 21069 1399 11357 11869 5849 11887 8433 17968 15025 16887 5290 8956 2801 7794 4349 14749 7164 0 14827 18085 17295 12356 3432 16087 14189 12776 21865 13245 17571 16251 2121 4419 13849 12194 10246 18494 14654 8047 8855 11695 5884 15459 12830 16324 3977 16472 8447 12342 5748 2031 12081 98 9429 9773 7364 7040 7324 14723 8165 14506 13369 8651 12257 5791 17587 10543 6627 14222 12881 19734 12246 13850 12419 19154 16765 6582 4629 17945 3752 10864 5281 17764 7034 16052 1106 12327
2842 16540 7527 4994 8109 11996 966 8257 8062 6619 13904 7507 11661 7407 1396 8951 15844 4421 3283 15555 6515 7361 3832 6250 2060 11292 8775 14580 8971 15325 7446 8738 14827 0 3406 3134 2575 11395 8434 6639 8422 10096 3985 6408 9220 16775 10539 12928 11803 6600 5622 8467 11990 10104 10238 8970 793 6396 9790 16846 4457 9526 4018 16054 16169 11405 14740 6651 10016 8619 11814 7504 6860 11393 1862 6674 6416 4469 10269 3359 4414 12035 7051 18875 8589 10839 9869 9558 6742 3285 11295 14163 6434 14670 5708 11351 8589 13695 7810 13787 5757
6054 19450 9716 5700 9910 15033 3704 9844 11291 9952 17279 9709 14241 10812 2833 6629 19152 7771 6685 18270 9565 10197 1338 6664 1574 14182 12098 17620 11647 18213 7991 11617 18085 3406 0 3298 5978 14660 8450 9115 11231 7789 6935 5355 9247 19977 13869 14029 13268 9007 3629 10847 15316 12400 13225 12202 2670 7832 9849 20234 3887 11970 7226 19458 19322 12888 17995 10031 13234 12024 15187 10779 7416 14716 3729 9378 9505 6621 13673 3231 7804 15419 7832 20711 6863 12270 12482 12431 4715 2295 14687 17568 5140 18068 9000 14237 9967 16212 7786 17070 8768
5750 19403 6563 7742 6643 14793 4058 11342 9025 8025 16033 6561 14717 9327 3931 9926 18188 6073 5429 18537 7087 10362 4538 8929 2139 14210 10040 17347 12016 18210 10214 11694 17295 3134 3298 0 5036 13897 10994 6130 8411 11087 4578 8316 11800 19324 12897 15942 14888 9723 6839 7751 13180 13225 10527 11579 3093 9427 12394 18855 6536 12627 5222 17716 18795 14492 17214 8307 10879 10471 13243 10074 9617 12586 4782 6545 9268 7594 12212 294 6770 13541 9899 22008 10080 13914 9481 9635 7963 4935 12873 15969 8187 16617 7013 14271 6670 16759 10337 16216 6293
1194 14376 6770 5734 7700 9758 2516 7689 5857 4256 11340 6739 9900 4845 3513 10993 13328 2120 815 13583 4697 5508 6271 6945 4602 9220 6391 12311 7214 13193 7865 6756 12356 2575 5978 5036 0 8932 9132 5647 6826 12090 2804 7994 9841 14346 8015 12478 11093 5358 7725 7402 9573 8696 8324 6562 3319 6219 10341 14273 6125 7993 2226 13497 13787 10699 12271 4174 7784 6060 9322 5064 7352 8984 3213 5372 4276 3989 7696 5319 1848 9521 7339 17635 10343 10212 8438 7819 8764 5440 8770 11593 8141 12095 3474 9282 8532 11943 8602 11297 4085
8609 6326 12302 11451 13596 2424 10955 9268 7482 6910 3367 12260 5411 5081 11871 17898 4531 8039 8468 6557 8915 5291 14572 11967 13455 3436 6365 4004 5106 5444 11860 4232 3432 11395 14660 13897 8932 0 13265 11226 10148 18752 9975 14403 13537 5427 1279 12109 10349 7178 15196 11949 6644 6678 9515 2472 12029 9833 13695 6233 13186 6047 9044 6792 4952 10143 3345 6290 7599 4456 5610 3892 11754 6510 11106 10429 5281 8993 3342 14187 7131 5323 11297 13056 16643 10152 11452 10041 15912 13390 4886 4892 14756 4653 7698 3470 14858 6489 13144 2417 9247
8056 15369 15736 3478 16469 12212 7546 4196 14528 12798 16605 15710 9769 12349 7183 5999 17448 11067 9830 13572 13773 8067 7208 2215 8901 10885 14615 14371 8297 14190 1459 9042 16087 8434 8450 10994 9132 13265 0 14694 15933 6361 11829 3458 807 17356 13206 6152 6106 6186 5515 16494 17368 7545 17225 11173 8057 3575 1407 19492 4573 7722 11358 19810 16463 5839 15990 12396 16267 13326 16740 10502 1819 16862 6585 14493 8749 5427 14298 11089 9805 16755 2062 13511 4335 5251 17564 16856 5186 6212 15989 17789 3867 17815 12325 10908 17019 11146 666 15406 13210
6822 17492 1207 11233 2427 12991 7323 13232 4119 4331 12197 1168 14260 6176 8034 15472 14692 4230 5104 17280 2314 10175 10084 12483 7582 12994 5389 15194 11813 16480 13482 11024 14189 6639 9115 6130 5647 11226 14694 0 2386 16633 2869 13039 15430 16309 9976 17986 16497 10671 12165 1830 7969 13624 4572 9603 7315 11862 15949 14584 11088 12827 3506 12892 16050 16114 14130 4990 5471 6840 8374 8327 12950 7432 8277 825 8682 9631 8424 6347 5838 8765 12972 22441 15221 15677 3371 3591 13308 9871 8292 11498 13073 12360 3721 13059 3640 16190 14128 13093 2101
7878 16472 2751 12560 3912 12195 8945 13892 2668 3807 10537 2717 13959 5452 9782 17370 13098 4891 6103 16533 2172 10274 12089 13763 9667 12448 3832 14150 11763 15566 14618 10845 12776 8422 11231 8411 6826 10148 15933 2386 0 18518 4437 14686 16618 14871 8870 18509 16905 11165 14042 1898 5824 13698 2186 8980 9167 12798 17094 12673 12754 12869 4623 10793 14730 16540 12728 4482 3345 5707 6385 7964 14133 5338 9843 1870 8788 10612 7011 8646 6349 6805 14065 22230 16963 16174 1677 1225 15164 11707 6460 9578 14775 10509 3778 12510 5211 15759 15419 11714 2750
11447 21621 17372 7321 17668 18114 9660 10371 17945 16330 21948 17360 15983 16529 8753 1167 23168 14205 12905 19885 16579 13473 6610 6847 9155 16867 18430 20445 14157 20416 7358 14701 21865 10096 7789 11087 12090 18752 6361 16633 18518 0 14080 4380 6665 23336 18415 12117 12396 11622 4478 18432 21535 13756 20298 16411 9356 9059 7008 24933 6002 13802 14039 24832 22486 12159 21768 16157 19873 17683 21132 15377 7233 20964 8877 16749 13657 9850 19020 11012 13503 21252 7785 19567 2142 11591 19936 19651 3357 6811 20473 22814 4085 23032 15557 16900 17755 17472 6111 21061 15840
3994 15966 3967 8373 4918 11338 4547 10468 4466 3503 11694 3936 12091 5030 5350 12934 13993 1986 2372 15466 2631 7800 7694 9619 5363 11084 5464 13751 9499 14858 10614 8845 13245 3985 6935 4578 2804 9975 11829 2869 4437 14080 0 10295 12562 15338 8837 15248 13819 8017 9605 4668 8609 11177 6309 7931 4733 9021 13080 14417 8351 10418 970 13163 14926 13429 13172 3892 6363 6074 8670 6482 10081 8013 5476 2727 6369 6793 7821 4859 3416 8976 10106 20098 12543 12963 5912 5583 10726 7270 8325 11465 10364 12165 2499 11149 5832 14096 11268 12142 1833
7215 17642 13931 2953 14449 13889 5749 6538 13824 12158 17576 13912 12016 12218 5013 3499 18852 10108 8797 16036 12636 9147 4029 2732 6180 12696 14210 16298 9961 16413 3694 10421 17571 6408 5355 8316 7994 14403 3458 13039 14686 4380 10295 0 4175 19116 14040 9561 9289 7334 2067 14869 17259 9830 16311 12041 5796 4903 4752 20565 1951 9746 10089 20455 18294 8971 17473 11927 15719 13353 16814 10997 3334 16698 4844 13021 9277 5470 14654 8346 9248 16917 3911 16812 2388 8348 16207 15754 1856 3391 16138 18436 448 18653 11458 12734 14784 13685 2863 16736 11948
8742 15304 16483 4245 17235 12352 8324 4319 15145 13415 16894 16457 9762 12888 7981 6430 17626 11739 10521 13452 14453 8421 7996 2980 9708 11001 15185 14422 8496 14149 2014 9304 16251 9220 9247 11800 9841 13537 807 15430 16618 6665 12562 4175 0 17438 13549 5582 5731 6575 6241 17222 17875 7563 17862 11527 8856 4059 602 19743 5375 7824 12066 20157 16530 5504 16154 12990 16852 13830 17216 10944 2489 17380 7367 15210 9209 6052 14733 11896 10434 17213 2600 13003 4749 4953 18258 17520 5832 7016 16454 18145 4564 18128 12977 11020 17800 11018 1471 15614 13908
13958 3617 17296 16219 18585 5228 16280 13161 12305 12100 4535 17254 7771 10344 17159 22599 2105 13434 13895 5465 14008 10074 19788 16493 18831 6484 11060 3065 9179 4020 16086 8718 2121 16775 19977 19324 14346 5427 17356 16309 14871 23336 15338 19116 17438 0 6502 14428 12889 11792 20172 16754 9956 9892 13722 7805 17380 14278 17448 4533 18146 9635 14426 6867 961 12838 2183 11540 11816 9484 8986 9286 16123 10129 16342 15489 10482 13939 7904 19614 12556 8559 15594 12302 21194 13096 15906 14478 20767 18551 8594 6253 19508 5254 12974 6456 19880 7283 17388 3222 14446
7825 7604 11040 11095 12335 3540 10179 9382 6204 5675 3545 10998 6228 3868 11129 17510 5313 6938 7483 7789 7663 5139 13879 11733 12595 4300 5091 5282 5373 6715 11768 4373 4419 10539 13869 12897 8015 1279 13206 9976 8870 18415 8837 14040 13549 6502 0 12647 10874 7027 14672 10672 5615 7159 8270 2038 11211 9684 13761 6547 12692 6440 7926 6609 6119 10631 4342 5075 6367 3181 4616 3143 11599 5413 10423 9174 4770 8573 2149 13190 6178 4390 11184 14138 16339 10567 10180 8774 15456 12751 3845 4599 14368 4638 6499 4347 13602 7533 13022 3326 8021
11287 11515 19164 8352 20166 10130 11963 4790 16405 14802 15324 19129 6927 13623 12026 11991 15235 13810 12900 9457 16399 8418 12938 7392 14059 8794 16005 11399 7381 10574 6083 8438 13849 12928 14029 15942 12478 12109 6152 17986 18509 12117 15248 9561 5582 14428 12647 0 1773 7357 11572 19599 17966 5488 19171 10951 12848 6532 5140 17753 10233 6241 14485 18852 13468 2051 13762 14199 17708 14181 17084 11115 6632 17602 11162 17537 9810 8605 14441 16107 12229 16941 6197 7450 10312 2335 20181 19129 11334 11737 16281 17000 9989 16667 14740 8779 21002 7197 6701 13559 16085
9918 10165 17687 7579 18732 8419 10847 3547 14735 13162 13586 17651 5248 11921 11034 12102 13587 12287 11452 8158 14821 6722 12280 6820 13118 7066 14294 9834 5618 9142 5617 6676 12194 11803 13268 14888 11093 10349 6106 16497 16905 12396 13819 9289 5731 12889 10874 1773 0 5827 11191 18064 16203 3716 17490 9185 11814 5496 5442 16065 9627 4472 13015 17107 11932 399 12105 12544 15991 12444 15315 9389 6080 15845 10122 16011 8151 7368 12672 15076 10689 15170 5558 7550 10432 998 18570 17483 11130 11010 14513 15242 9734 14926 13153 7054 19621 5787 6530 11857 14548
4232 10611 11861 4428 12918 6572 5738 2796 9177 7515 10471 11825 5235 6571 6280 10828 11547 6465 5645 9286 9043 1898 8449 4797 8338 5449 8954 9044 2737 9365 4742 3088 10246 6600 9007 9723 5358 7178 6186 10671 11165 11622 8017 7334 6575 11792 7027 7357 5827 0 8439 12249 11401 3505 11958 4990 6860 2663 6848 13406 6424 2974 7192 13625 10989 5444 10149 6954 10664 7379 10687 4393 4585 10938 5324 10192 2719 2393 8166 9957 4874 10663 4158 12349 9496 5028 12840 11834 8978 7122 9912 11604 7719 11651 7389 5493 13840 7211 5998 9444 8733
7220 18996 12933 4089 13294 14983 5240 8192 13551 11981 18212 12920 13440 12352 4299 3329 19713 9818 8537 17509 12121 10099 2310 4411 4787 13887 14111 17482 11163 17753 5577 11464 18494 5622 3629 6839 7725 15196 5515 12165 14042 4478 9605 2067 6241 20172 14672 11572 11191 8439 0 13972 17269 11327 15844 12754 4878 6346 6819 21216 2026 11127 9591 20860 19399 10854 18398 11865 15494 13542 16942 11544 5122 16687 4543 12272 9932 6240 14998 6814 9268 17097 5672 18739 3243 10225 15460 15180 1148 2340 16325 18871 1707 19195 11163 13931 13477 15225 4902 17587 11374
8556 18273 1249 13041 2107 13916 9153 14881 4485 5312 12434 1238 15487 7090 9863 17269 14993 5789 6802 18249 3333 11584 11861 14286 9339 14076 5698 15953 13160 17334 15261 12301 14654 8467 10847 7751 7402 11949 16494 1830 1898 18432 4668 14869 17222 16754 10672 19599 18064 12249 13972 0 7649 15038 3745 10620 9135 13590 17734 14550 12918 14223 5205 12615 16596 17687 14604 6004 5209 7493 8261 9484 14737 7191 10105 2066 10082 11363 8875 7942 7376 8685 14741 23735 17044 17276 1849 2705 15116 11688 8356 11458 14901 12398 4985 14140 3367 17350 15935 13585 3517
10090 12388 8568 14539 9726 9066 12089 14113 4161 5371 5422 8533 11829 5067 13083 20479 7949 7568 8775 13072 6162 9761 15805 15497 13784 9915 3218 10176 10586 11785 15915 9528 8047 11990 15316 13180 9573 6644 17368 7969 5824 21535 8609 17259 17875 9956 5615 17966 16203 11401 17269 7649 0 12522 4049 7022 12780 13818 18207 6986 15535 11735 8115 4971 10077 15918 8031 5406 2502 4045 1051 7034 15592 600 12727 7205 8692 12067 3563 13458 8033 1427 15312 19699 19647 15758 6329 5002 18267 15011 1770 3964 17484 4978 6317 9961 11012 13119 17028 7166 6924
7642 7865 14831 7250 15975 4957 9240 3386 11355 9894 9973 14792 2230 8467 9742 13168 10251 9411 8841 6207 11719 3456 11718 7099 11821 3571 10786 6861 1992 6663 6398 3030 8855 10104 12400 13225 8696 6678 7545 13624 13698 13756 11177 9830 7563 9892 7159 5488 3716 3505 11327 15038 12522 0 14055 5501 10354 4984 7556 12587 9409 834 10276 13463 8974 3477 8761 9235 12455 8860 11617 5879 6566 12184 8781 13040 4958 5803 8976 13461 7815 11462 5995 8942 11629 3481 15330 14150 11639 10379 10816 11564 10264 11300 10054 3576 16993 3901 7666 8371 11572
9238 15731 4830 13974 5852 11775 10646 14749 2781 4478 9236 4802 13967 5589 11548 19168 11811 6232 7535 16059 3723 10767 14001 15120 11652 12266 3325 13426 12068 14945 15848 11067 11695 10238 13225 10527 8324 9515 17225 4572 2186 20298 6309 16311 17862 13722 8270 19171 17490 11958 15844 3745 4049 14055 0 8876 11011 13904 18298 11034 14415 13221 6260 8955 13709 17148 11662 5004 1938 5364 4828 8177 15407 3686 11485 3998 9364 11810 6188 10771 7429 5266 15269 22189 18642 16849 2281 1045 16943 13504 5129 7987 16440 8980 4915 12324 7095 15604 16760 10698 4488
6160 8035 10757 9091 12026 3421 8498 7406 6383 5325 5539 10715 5092 3535 9404 15523 7001 5948 6174 7678 7365 3108 12100 9701 11027 3468 5550 5837 3573 6942 9732 2520 5884 8970 12202 11579 6562 2472 11173 9603 8980 16411 7931 12041 11527 7805 2038 10951 9185 4990 12754 10620 7022 5501 8876 0 9583 7645 11753 8524 10754 4713 6968 8637 7224 8907 5794 4639 7125 3519 6134 1506 9561 6687 8634 8861 2824 6590 3491 11866 4823 6007 9147 13328 14323 8777 10481 9161 13499 10920 5331 6619 12379 6673 5904 3530 13228 6788 10984 4889 7524
3423 17023 8151 4698 8656 12523 1150 8272 8855 7410 14609 8134 12014 8163 875 8205 16504 5211 4054 15965 7290 7791 3039 5921 1506 11758 9566 15112 9347 15797 7173 9192 15459 793 2670 3093 3319 12029 8057 7315 9167 9356 4733 5796 8856 17380 11211 12848 11814 6860 4878 9135 12780 10354 11011 9583 0 6339 9438 17564 3863 9822 4806 16814 16751 11418 15370 7432 10809 9377 12595 8139 6579 12183 1693 7394 6952 4599 11011 3265 5136 12811 6830 19015 7910 10834 10585 10315 6009 2558 12069 14911 5787 15400 6501 11816 9048 14032 7416 14432 6525
5040 12744 12988 2298 13884 9055 5431 2012 11156 9432 13134 12957 7132 8831 5543 8341 14154 7912 6790 11182 10626 4561 6951 2217 7622 7820 11142 11413 5099 11512 2115 5675 12830 6396 7832 9427 6219 9833 3575 11862 12798 9059 9021 4903 4059 14278 9684 6532 5496 2663 6346 13590 13818 4984 13904 7645 6339 0 4428 16064 4468 4846 8385 16272 13434 5106 12732 8974 12820 9773 13172 6928 1922 13321 4646 11535 5175 2231 10724 9604 6495 13182 1516 12879 6919 4507 14463 13627 6674 5633 12417 14248 5324 14312 9075 7855 14623 8879 3339 12067 10155
9226 15208 17013 4803 17781 12416 8885 4431 15566 13838 17059 16986 9724 13251 8563 6851 17707 12208 11006 13318 14925 8658 8596 3541 10305 11050 15569 14413 8617 14073 2478 9469 16324 9790 9849 12394 10341 13695 1407 15949 17094 7008 13080 4752 602 17448 13761 5140 5442 6848 6819 17734 18207 7556 18298 11753 9438 4428 0 19877 5977 7878 12563 20364 16529 5248 16228 13396 17247 14165 17525 11237 3000 17722 7932 15713 9522 6499 15013 12491 10871 17509 3034 12585 5174 4734 18742 17978 6373 7618 16755 18360 5133 18311 13429 11066 18362 10884 2072 15722 14395
14259 8065 15357 17614 16578 7657 16593 15447 10477 10919 3005 15318 10827 9542 17568 24045 2714 12787 13629 9681 12454 11513 20346 18185 18869 9035 9226 6733 11259 8169 18092 10450 3977 16846 20234 18855 14273 6233 19492 14584 12673 24933 14417 20565 19743 4533 6547 17753 16065 13406 21216 14550 6986 12587 11034 8524 17564 16064 19877 0 19239 12078 13650 2568 5234 15926 4053 10558 9342 8385 6289 9674 17986 7378 16914 13769 11313 15109 6646 19148 12433 5868 17530 16680 22839 16043 13314 11965 22002 19259 6292 3097 20902 2255 11918 9038 17881 11011 19377 4219 13081
5445 17006 11983 2171 12519 12958 3809 6407 11979 10342 16235 11964 11481 10543 3064 4954 17698 8246 6937 15559 10723 8072 2708 2844 4404 11872 12431 15463 9155 15761 4154 9439 16472 4457 3887 6536 6125 13186 4573 11088 12754 6002 8351 1951 5375 18146 12692 10233 9627 6424 2026 12918 15535 9409 14415 10754 3863 4468 5977 19239 0 9163 8173 18955 17374 9266 16376 10156 13895 11711 15147 9578 3604 14963 2931 11075 7935 4216 13106 6599 7502 15278 4079 17160 4226 8637 14264 13835 2785 1644 14502 16953 2026 17244 9599 11917 12889 13309 3908 15572 10022
6976 7899 14034 7038 15189 4538 8691 3527 10521 9065 9384 13995 2319 7633 9254 13152 9833 8624 8099 6399 10901 2652 11360 7033 11307 3177 9956 6663 1166 6667 6477 2217 8447 9526 11970 12627 7993 6047 7722 12827 12869 13802 10418 9746 7824 9635 6440 6241 4472 2974 11127 14223 11735 834 13221 4713 9822 4846 7878 12078 9163 0 9505 12838 8744 4204 8351 8404 11628 8038 10843 5046 6570 11385 8297 12233 4149 5348 8200 12870 7036 10700 6017 9681 11662 4131 14499 13316 11517 10024 10041 10910 10169 10694 9238 3196 16222 4242 7771 7881 10767
3354 15002 4679 7951 5732 10371 4387 9726 4069 2818 10873 4644 11140 4171 5292 12911 13125 1020 1601 14496 2551 6874 7838 9170 5677 10115 4910 12794 8564 13890 10086 7890 12342 4018 7226 5222 2226 9044 11358 3506 4623 14039 970 10089 12066 14426 7926 14485 13015 7192 9591 5205 8115 10276 6260 6968 4806 8385 12563 13650 8173 9505 0 12507 13996 12628 12267 3092 6019 5270 8075 5514 9577 7515 5246 3156 5426 6158 7018 5513 2476 8352 9553 19179 12397 12181 6217 5665 10684 7254 7666 10747 10199 11405 1816 10180 6718 13138 10826 11242 1873
13695 10207 13535 17547 14696 8780 15945 15968 8903 9693 3544 13499 12000 8651 16944 23871 4823 11759 12773 11594 10931 11745 19734 18274 18005 10068 7736 8527 11866 10097 18367 10924 5748 16054 19458 17716 13497 6792 19810 12892 10793 24832 13163 20455 20157 6867 6609 18852 17107 13625 20860 12615 4971 13463 8955 8637 16814 16272 20364 2568 18955 12838 12507 0 7418 16916 5794 9474 7459 7437 4548 9469 18180 5470 16401 12106 11219 15000 5866 18004 11721 4201 17780 18624 22799 16941 11219 9947 21740 18757 4843 2028 20752 2196 10704 10087 15981 12561 19611 5518 11637
13337 2831 17074 15416 18368 4418 15638 12267 12119 11783 4702 17032 6833 9987 16495 21768 2598 12991 13375 4561 13739 9316 19087 15651 18217 5619 10900 2122 8338 3090 15210 7935 2031 16169 19322 18795 13787 4952 16463 16050 14730 22486 14926 18294 16530 961 6119 13468 11932 10989 19399 16596 10077 8974 13709 7224 16751 13434 16529 5234 17374 8744 13996 7418 0 11884 2054 11194 11782 9210 9071 8724 15262 10195 15658 15237 9817 13180 7721 19084 12027 8658 14727 11477 20344 12149 15846 14414 19967 17833 8606 6564 18692 5618 12618 5587 19653 6324 16509 3023 14132
9523 10199 17302 7206 18343 8270 10450 3150 14389 12806 13405 17267 5138 11588 10641 11837 13477 11907 11063 8217 14451 6384 11911 6471 12727 6904 13965 9776 5335 9147 5288 6391 12081 11405 12888 14492 10699 10143 5839 16114 16540 12159 13429 8971 5504 12838 10631 2051 399 5444 10854 17687 15918 3477 17148 8907 11418 5106 5248 15926 9266 4204 12628 16916 11884 0 11991 12192 15665 12131 15040 9068 5736 15552 9727 15632 7799 6969 12398 14680 10311 14903 5206 7898 10173 631 18208 17130 10817 10635 14238 15034 9417 14741 12784 6896 19228 5818 6239 11711 14170
11949 4535 15125 14538 16415 3816 14291 11836 10142 9917 2707 15083 6857 8167 15197 20972 1492 11281 11787 5800 11827 8336 17876 14927 16800 5195 8906 2744 7696 4304 14651 7066 98 14740 17995 17214 12271 3345 15990 14130 12728 21768 13172 17473 16154 2183 4342 13762 12105 10149 18398 14604 8031 8761 11662 5794 15370 12732 16228 4053 16376 8351 12267 5794 2054 11991 0 9360 9738 7301 7020 7236 14625 8142 14414 13311 8558 12161 5738 17505 10459 6609 14124 12831 19636 12155 13811 12380 19058 16671 6553 4646 17848 3781 10795 5187 17708 6960 15954 1039 12263
4717 12510 6125 9319 7403 8004 6690 9745 2223 693 7803 6083 9500 1209 7688 15089 10118 2285 3388 12309 2727 5845 10433 10376 8547 8078 2283 10222 7287 11490 10981 6363 9429 6651 10031 8307 4174 6290 12396 4990 4482 16157 3892 11927 12990 11540 5075 14199 12544 6954 11865 6004 5406 9235 5004 4639 7432 8974 13396 10558 10156 8404 3092 9474 11194 12192 9360 0 3874 2185 5163 3493 10581 4822 7323 4228 4393 6975 3934 8599 2683 5388 10390 17764 14311 11871 6096 4941 12870 9607 4661 7670 12129 8313 1436 8142 8628 11346 11979 8324 2960
8511 13794 6077 13178 7258 9891 10255 13457 1954 3561 7360 6041 12206 4107 11219 18776 9938 5676 6969 14152 3793 9295 13847 14248 11673 10447 1713 11492 10464 13018 14847 9434 9773 10016 13234 10879 7784 7599 16267 5471 3345 19873 6363 15719 16852 11816 6367 17708 15991 10664 15494 5209 2502 12455 1938 7125 10809 12820 17247 9342 13895 11628 6019 7459 11782 15665 9738 3874 0 3616 3055 6604 14453 1994 10997 4718 7980 10848 4262 11147 6529 3483 14253 20379 18092 15411 4097 2680 16546 13180 3238 6254 15896 7209 4332 10503 8554 13777 15853 8766 4586
6325 10780 7875 10564 9170 6513 8521 10123 3039 2645 5621 7833 8610 1215 9523 16663 7972 4407 5342 10846 4530 5821 12309 11481 10587 6908 2045 8460 6872 9859 11872 5832 7364 8619 12024 10471 6060 4456 13326 6840 5707 17683 6074 13353 13830 9484 3181 14181 12444 7379 13542 7493 4045 8860 5364 3519 9377 9773 14165 8385 11711 8038 5270 7437 9210 12131 7301 2185 3616 0 3466 3080 11555 3561 9027 6027 4661 8060 1749 10763 4305 3568 11269 16825 15737 11913 7087 5716 14481 11371 2791 5557 13606 6148 3593 6967 10448 10248 12994 6263 4972
9725 11347 9086 14029 10294 8034 11830 13353 4355 5264 4457 9049 10843 4605 12832 20101 7015 7418 8548 12022 6383 8982 15591 14935 13685 8913 3210 9128 9706 10735 15282 8652 7040 11814 15187 13243 9322 5610 16740 8374 6385 21132 8670 16814 17216 8986 4616 17084 15315 10687 16942 8261 1051 11617 4828 6134 12595 13172 17525 6289 15147 10843 8075 4548 9071 15040 7020 5163 3055 3466 0 6295 14987 1152 12406 7577 8007 11521 2643 13527 7674 438 14679 18665 19199 14904 7090 5706 17906 14727 802 3198 17060 4163 6260 8959 11596 12093 16429 6136 7096
4725 9499 9508 8079 10753 4860 7077 7079 5503 4183 6670 9466 6008 2595 8009 14439 8375 4496 4669 9016 6168 2743 10744 8829 9563 4674 4916 7330 3892 8377 9043 2906 7324 7504 10779 10074 5064 3892 10502 8327 7964 15377 6482 10997 10944 9286 3143 11115 9389 4393 11544 9484 7034 5879 8177 1506 8139 6928 11237 9674 9578 5046 5514 9469 8724 9068 7236 3493 6604 3080 6295 0 8793 6598 7284 7623 1766 5532 3796 10361 3317 6273 8443 14272 13332 8836 9546 8309 12352 9608 5520 7445 11306 7671 4607 4739 11918 7878 10236 6293 6228
6255 14422 14014 1882 14792 10914 5933 3220 12709 10979 15056 13987 8780 10556 5709 6602 16057 9258 8033 12755 11969 6483 6306 760 7601 9644 12806 13213 6954 13206 596 7583 14723 6860 7416 9617 7352 11754 1819 12950 14133 7233 10081 3334 2489 16123 11599 6632 6080 4585 5122 14737 15592 6566 15407 9561 6579 1922 3000 17986 3604 6570 9577 18180 15262 5736 14625 10581 14453 11555 14987 8793 0 15078 4998 12722 7030 3609 12584 9744 7986 15015 580 13630 5093 5106 15771 15045 5186 5121 14245 16153 3780 16231 10509 9675 15399 10380 1444 13977 11419
9517 12416 8070 13995 9250 8916 11499 13671 3571 4774 5605 8034 11583 4531 12492 19904 8166 6972 8184 13007 5581 9336 15210 14968 13184 9697 2619 10169 10229 11760 15412 9171 8165 11393 14716 12586 8984 6510 16862 7432 5338 20964 8013 16698 17380 10129 5413 17602 15845 10938 16687 7191 600 12184 3686 6687 12183 13321 17722 7378 14963 11385 7515 5470 10195 15552 8142 4822 1994 3561 1152 6598 15078 0 12145 6657 8222 11537 3296 12864 7462 1589 14809 19543 19086 15373 5956 4589 17689 14423 1651 4308 16918 5294 5717 9746 10544 12944 16511 7235 6336
2707 15722 9244 3133 9905 11332 969 6583 9069 7460 13920 9221 10541 7828 962 7783 15631 5330 4028 14552 7795 6471 3466 4391 3061 10455 9577 13914 7924 14484 5584 7892 14506 1862 3729 4782 3213 11106 6585 8277 9843 8877 5476 4844 7367 16342 10423 11162 10122 5324 4543 10105 12727 8781 11485 8634 1693 4646 7932 16914 2931 8297 5246 16401 15658 9727 14414 7323 10997 9027 12406 7284 4998 12145 0 8203 5863 2981 10537 4958 4734 12570 5200 17355 7157 9141 11379 10911 5556 2358 11802 14435 4956 14823 6684 10510 10434 12533 5970 13523 7103
6510 16709 1897 11060 3178 12232 7273 12815 3298 3556 11372 1855 13592 5399 8056 15595 13867 3727 4746 16535 1516 9584 10269 12294 7819 12276 4566 14407 11193 15710 13237 10372 13369 6674 9378 6545 5372 10429 14493 825 1870 16749 2727 13021 15210 15489 9174 17537 16011 10192 12272 2066 7205 13040 3998 8861 7394 11535 15713 13769 11075 12233 3156 12106 15237 15632 13311 4228 4718 6027 7577 7623 12722 6657 8203 0 8084 9311 7601 6783 5322 7963 12708 21805 15256 15216 3195 3091 13404 9949 7478 10686 13083 11543 3032 12340 4429 15499 13948 12275 1470
3576 10145 9888 6343 11056 5581 5827 5489 6595 5015 8314 9849 5729 3875 6680 12741 9812 4501 4160 9309 6768 1502 9320 7065 8436 4947 6268 8166 3145 8944 7290 2505 8651 6416 9505 9268 4276 5281 8749 8682 8788 13657 6369 9277 9209 10482 4770 9810 8151 2719 9932 10082 8692 4958 9364 2824 6952 5175 9522 11313 7935 4149 5426 11219 9817 7799 8558 4393 7980 4661 8007 1766 7030 8222 5863 8084 0 3807 5555 9542 2953 8008 6688 13777 11595 7486 10441 9332 10690 8116 7245 9192 9600 9376 5099 5009 12118 7750 8473 7691 6618
2810 12967 10759 2548 11667 8773 3537 3841 9101 7371 12114 10728 7627 7006 3943 8937 13491 5721 4567 11678 8440 3866 6064 3431 6035 7749 9212 11309 5094 11722 4038 5255 12257 4469 6621 7594 3989 8993 5427 9631 10612 9850 6793 5470 6052 13939 8573 8605 7368 2393 6240 11363 12067 5803 11810 6590 4599 2231 6499 15109 4216 5348 6158 15000 13180 6969 12161 6975 10848 8060 11521 5532 3609 11537 2981 9311 3807 0 9239 7804 4383 11584 3465 14425 7800 6424 12270 11479 6919 4746 10806 12976 5795 13182 6930 7798 12433 9590 5006 11365 7944
7833 9558 9393 11783 10681 5687 10104 10773 4405 4365 3879 9351 8288 2899 11098 18037 6283 6141 7014 9899 6143 6399 13890 12597 12266 6404 3179 7245 7064 8758 12839 6010 5791 10269 13673 12212 7696 3342 14298 8424 7011 19020 7821 14654 14733 7904 2149 14441 12672 8166 14998 8875 3563 8976 6188 3491 11011 10724 15013 6646 13106 8200 7018 5866 7721 12398 5738 3934 4262 1749 2643 3796 12584 3296 10537 7601 5555 9239 0 12505 5885 2531 12239 16281 17018 12265 8196 6770 15890 12893 1841 3907 14935 4422 5333 6454 11977 9673 14028 4712 6653
6014 19679 6743 7874 6774 15073 4267 11532 9301 8313 16327 6742 14971 9620 4084 9855 18481 6367 5720 18803 7355 10623 4506 9046 2196 14481 10323 17629 12271 18485 10340 11961 17587 3359 3231 294 5319 14187 11089 6347 8646 11012 4859 8346 11896 19614 13190 16107 15076 9957 6814 7942 13458 13461 10771 11866 3265 9604 12491 19148 6599 12870 5513 18004 19084 14680 17505 8599 11147 10763 13527 10361 9744 12864 4958 6783 9542 7804 12505 0 7060 13827 10038 22225 10057 14098 9688 9870 7927 4982 13161 16260 8202 16909 7301 14542 6747 17012 10429 16509 6563
2058 12772 7041 6649 8162 8130 4224 7552 4727 3000 9493 7003 8677 3097 5223 12448 11491 1608 1351 12132 4195 4399 8013 7735 6450 7742 4966 10639 6088 11620 8420 5435 10543 4414 7804 6770 1848 7131 9805 5838 6349 13503 3416 9248 10434 12556 6178 12229 10689 4874 9268 7376 8033 7815 7429 4823 5136 6495 10871 12433 7502 7036 2476 11721 12027 10311 10459 2683 6529 4305 7674 3317 7986 7462 4734 5322 2953 4383 5885 7060 0 7835 7841 16705 11634 9902 8026 7134 10242 7070 7069 9791 9459 10265 2587 7806 9186 10687 9358 9475 3860
9877 10963 9496 14107 10711 7746 12019 13297 4716 5534 4027 9458 10614 4745 13022 20231 6581 7660 8758 11679 6739 8923 15792 14986 13930 8670 3535 8760 9575 10374 15295 8525 6627 12035 15419 13541 9521 5323 16755 8765 6805 21252 8976 16917 17213 8559 4390 16941 15170 10663 17097 8685 1427 11462 5266 6007 12811 13182 17509 5868 15278 10700 8352 4201 8658 14903 6609 5388 3483 3568 438 6273 15015 1589 12570 7963 8008 11584 2531 13827 7835 0 14693 18367 19299 14784 7526 6140 18046 14902 780 2773 17173 3729 6539 8713 12014 11813 16459 5739 7437
6206 13855 14059 2176 14878 10394 6104 2641 12546 10816 14616 14031 8213 10303 5971 7173 15563 9176 7985 12179 11894 6051 6763 1266 7926 9111 12588 12669 6439 12642 603 7102 14222 7051 7832 9899 7339 11297 2062 12972 14065 7785 10106 3911 2600 15594 11184 6197 5558 4158 5672 14741 15312 5995 15269 9147 6830 1516 3034 17530 4079 6017 9553 17780 14727 5206 14124 10390 14253 11269 14679 8443 580 14809 5200 12708 6688 3465 12239 10038 7841 14693 0 13104 5648 4575 15715 14944 5762 5541 13927 15756 4357 15807 10395 9141 15528 9802 1847 13493 11374
16560 8685 23646 15072 24830 10634 17959 10867 19694 18453 15293 23606 8272 16795 18303 19429 13976 18277 17777 7033 20404 12307 19784 14368 20409 9932 18869 10100 10634 8540 13162 11436 12881 18875 20711 22008 17635 13056 13511 22441 22230 19567 20098 16812 13003 12302 14138 7450 7550 12349 18739 23735 19699 8942 22189 13328 19015 12879 12585 16680 17160 9681 19179 18624 11477 7898 12831 17764 20379 16825 18665 14272 13630 19543 17355 21805 13777 14425 16281 22225 16705 18367 13104 0 17748 8529 23784 22485 18637 18490 17937 17268 17254 16545 18777 9876 25890 6611 14001 13204 20356
9596 19494 16052 5254 16477 15974 8020 8247 16189 14533 19862 16036 13854 14605 7200 1681 21042 12463 11152 17777 14948 11357 5553 4710 8007 14725 16593 18303 12016 18286 5236 12570 19734 8589 6863 10080 10343 16643 4335 15221 16963 2142 12543 2388 4749 21194 16339 10312 10432 9496 3243 17044 19647 11629 18642 14323 7910 6919 5174 22839 4226 11662 12397 22799 20344 10173 19636 14311 18092 15737 19199 13332 5093 19086 7157 15256 11595 7800 17018 10057 11634 19299 5648 17748 0 9586 18450 18056 2161 5370 18519 20776 2203 20966 13815 14758 16702 15372 4017 18938 14240
9029 10576 16859 6582 17881 8389 9880 2586 14080 12469 13455 16824 5341 11316 10048 11245 13645 11488 10604 8630 14066 6117 11285 5840 12129 7008 13704 10031 5214 9491 4661 6259 12246 10839 12270 13914 10212 10152 5251 15677 16174 11591 12963 8348 4953 13096 10567 2335 998 5028 10225 17276 15758 3481 16849 8777 10834 4507 4734 16043 8637 4131 12181 16941 12149 631 12155 11871 15411 11913 14904 8836 5106 15373 9141 15216 7486 6424 12265 14098 9902 14784 4575 8529 9586 0 17846 16797 10196 10012 14102 15031 8794 14781 12406 7006 18744 6208 5632 11823 13760
9517 17746 3093 14168 3835 13600 10458 15569 4098 5437 11456 3079 15513 6989 11250 18780 14034 6552 7737 17928 3840 11920 13426 15383 10942 13940 5090 15426 13382 16895 16264 12443 13850 9869 12482 9481 8438 11452 17564 3371 1677 19936 5912 16207 18258 15906 10180 20181 18570 12840 15460 1849 6329 15330 2281 10481 10585 14463 18742 13314 14264 14499 6217 11219 15846 18208 13811 6096 4097 7087 7090 9546 15771 5956 11379 3195 10441 12270 8196 9688 8026 7526 15715 23784 18450 17846 0 1432 16594 13141 7335 10262 16275 11249 5455 14001 4983 17269 17040 12824 4354
8812 16324 3787 13534 4812 12218 10036 14601 2806 4328 10039 3759 14225 5722 10901 18509 12616 5792 7060 16539 3124 10784 13265 14712 10863 12605 3693 14007 12181 15486 15510 11214 12419 9558 12431 9635 7819 10041 16856 3591 1225 19651 5583 15754 17520 14478 8774 19129 17483 11834 15180 2705 5002 14150 1045 9161 10315 13627 17978 11965 13835 13316 5665 9947 14414 17130 12380 4941 2680 5716 5706 8309 15045 4589 10911 3091 9332 11479 6770 9870 7134 6140 14944 22485 18056 16797 1432 0 16294 12841 5917 8895 15860 9869 4553 12665 6064 15941 16364 11392 3817
8185 19415 14081 4551 14440 15551 6310 8378 14610 13015 19000 14067 13806 13305 5397 2231 20405 10872 9579 17845 13223 10724 3425 4557 5928 14399 15131 18003 11662 18180 5548 12050 19154 6742 4715 7963 8764 15912 5186 13308 15164 3357 10726 1856 5832 20767 15456 11334 11130 8978 1148 15116 18267 11639 16943 13499 6009 6674 6373 22002 2785 11517 10684 21740 19967 10817 19058 12870 16546 14481 17906 12352 5186 17689 5556 13404 10690 6919 15890 7927 10242 18046 5762 18637 2161 10196 16594 16294 0 3457 17271 19737 1408 20022 12222 14439 14612 15510 4644 18280 12483
5062 17712 10683 3430 11122 13456 2930 7638 11233 9688 16261 10668 12332 10167 1965 5668 17921 7510 6247 16401 9781 8544 1340 4369 2797 12483 11831 16017 9839 16467 5697 9958 16765 3285 2295 4935 5440 13390 6212 9871 11707 6811 7270 3391 7016 18551 12751 11737 11010 7122 2340 11688 15011 10379 13504 10920 2558 5633 7618 19259 1644 10024 7254 18757 17833 10635 16671 9607 13180 11371 14727 9608 5121 14423 2358 9949 8116 4746 12893 4982 7070 14902 5541 18490 5370 10012 13141 12841 3457 0 14137 16792 3307 17177 8848 12534 11408 14248 5546 15804 9034
9106 10773 9091 13328 10333 7304 11262 12566 4189 4850 4122 9052 10064 3974 12265 19454 6700 6942 8015 11360 6185 8192 15039 14210 13207 8145 2952 8520 8904 10108 14530 7850 6582 11295 14687 12873 8770 4886 15989 8292 6460 20473 8325 16138 16454 8594 3845 16281 14513 9912 16325 8356 1770 10816 5129 5331 12069 12417 16755 6292 14502 10041 7666 4843 8606 14238 6553 4661 3238 2791 802 5520 14245 1651 11802 7478 7245 10806 1841 13161 7069 780 13927 17937 18519 14102 7335 5917 17271 14137 0 3215 16394 4074 5861 8192 11641 11351 15688 5618 6849
11734 9181 12260 15523 13481 7045 14010 13975 7403 7963 1985 12222 10227 6761 15005 21859 4161 9943 10893 10301 9398 9727 17797 16246 16143 8264 6165 7227 9906 8855 16345 8943 4629 14163 17568 15969 11593 4892 17789 11498 9578 22814 11465 18436 18145 6253 4599 17000 15242 11604 18871 11458 3964 11564 7987 6619 14911 14248 18360 3097 16953 10910 10747 2028 6564 15034 4646 7670 6254 5557 3198 7445 16153 4308 14435 10686 9192 12976 3907 16260 9791 2773 15756 17268 20776 15031 10262 8895 19737 16792 3215 0 18736 1035 8973 8290 14785 10980 17586 4073 10050
7412 18067 13938 3311 14418 14283 5829 6980 13989 12339 17908 13920 12445 12458 5039 3144 19218 10261 8950 16471 12749 9515 3804 3168 6062 13101 14410 16704 10364 16836 4142 10805 17945 6434 5140 8187 8141 14756 3867 13073 14775 4085 10364 448 4564 19508 14368 9989 9734 7719 1707 14901 17484 10264 16440 12379 5787 5324 5133 20902 2026 10169 10199 20752 18692 9417 17848 12129 15896 13606 17060 11306 3780 16918 4956 13083 9600 5795 14935 8202 9459 17173 4357 17254 2203 8794 16275 15860 1408 3307 16394 18736 0 18971 11613 13139 14714 14124 3288 17099 12046
12143 8301 13163 15716 14400 6584 14457 13895 8246 8666 1349 13124 9805 7321 15442 22108 3153 10555 11430 9536 10210 9756 18229 16371 16680 7878 6988 6455 9755 8061 16386 8845 3752 14670 18068 16617 12095 4653 17815 12360 10509 23032 12165 18653 18128 5254 4638 16667 14926 11651 19195 12398 4978 11300 8980 6673 15400 14312 18311 2255 17244 10694 11405 2196 5618 14741 3781 8313 7209 6148 4163 7671 16231 5294 14823 11543 9376 13182 4422 16909 10265 3729 15807 16545 20966 14781 11249 9869 20022 17177 4074 1035 18971 0 9666 7896 15706 10390 17649 3363 10830
4325 13868 4904 9059 6147 9313 5924 10115 2389 1012 9211 4862 10560 2633 6888 14453 11549 1354 2663 13577 1672 6601 9539 10206 7467 9275 3103 11597 8178 12821 10965 7342 10864 5708 9000 7013 3474 7698 12325 3721 3778 15557 2499 11458 12977 12974 6499 14740 13153 7389 11163 4985 6317 10054 4915 5904 6501 9075 13429 11918 9599 9238 1816 10704 12618 12784 10795 1436 4332 3593 6260 4607 10509 5717 6684 3032 5099 6930 5333 7301 2587 6539 10395 18777 13815 12406 5455 4553 12222 8848 5861 8973 11613 9666 0 9340 7327 12475 11850 9759 1624
8543 5214 14232 9893 15485 1384 10668 6719 9904 8833 6550 14190 1943 7064 11415 16195 6677 9178 9105 4326 10861 4041 13835 10071 13319 65 9012 3565 2778 3982 9630 2626 5281 11351 14237 14271 9282 3470 10908 13059 12510 16900 11149 12734 11020 6456 4347 8779 7054 5493 13931 14140 9961 3576 12324 3530 11816 7855 11066 9038 11917 3196 10180 10087 5587 6896 5187 8142 10503 6967 8959 4739 9675 9746 10510 12340 5009 7798 6454 14542 7806 8713 9141 9876 14758 7006 14001 12665 14439 12534 8192 8290 13139 7896 9340 0 16658 3281 10931 4819 10963
9717 21131 2585 13559 1308 16625 9477 16212 7590 7970 15666 2626 17785 9816 9899 16596 18200 7618 8200 20903 5944 13584 11194 14823 8695 16593 8854 18833 15262 20119 15971 14534 17764 8589 9967 6670 8532 14858 17019 3640 5211 17755 5832 14784 17800 19880 13602 21002 19621 13840 13477 3367 11012 16993 7095 13228 9048 14623 18362 17881 12889 16222 6718 15981 19653 19228 17708 8628 8554 10448 11596 11918 15399 10544 10434 4429 12118 12433 11977 6747 9186 12014 15528 25890 16702 18744 4983 6064 14612 11408 11641 14785 14714 15706 7327 16658 0 19746 16399 16676 5704
11031 4381 17379 11151 18611 4069 12892 7161 13171 12039 9066 17337 2046 10307 13487 16956 8349 12168 11906 2435 14044 6437 15586 10956 15525 3340 12293 4343 4747 3377 10147 5253 7034 13695 16212 16759 11943 6489 11146 16190 15759 17472 14096 13685 11018 7283 7533 7197 5787 7211 15225 17350 13119 3901 15604 6788 14032 8879 10884 11011 13309 4242 13138 12561 6324 5818 6960 11346 13777 10248 12093 7878 10380 12944 12533 15499 7750 9590 9673 17012 10687 11813 9802 6611 15372 6208 17269 15941 15510 14248 11351 10980 14124 10390 12475 3281 19746 0 11362 7044 14089
7553 15524 15156 2896 15868 12206 6935 4281 14085 12357 16462 15130 9895 11985 6542 5641 17399 10572 9318 13774 13267 7894 6548 1657 8239 10904 14217 14434 8260 14328 1304 8946 16052 7810 7786 10337 8602 13144 666 14128 15419 6111 11268 2863 1471 17388 13022 6701 6530 5998 4902 15935 17028 7666 16760 10984 7416 3339 2072 19377 3908 7771 10826 19611 16509 6239 15954 11979 15853 12994 16429 10236 1444 16511 5970 13948 8473 5006 14028 10429 9358 16459 1847 14001 4017 5632 17040 16364 4644 5546 15688 17586 3288 17649 11850 10931 16399 11362 0 15335 12686
11016 5243 14092 13789 15384 3441 13366 11301 9116 8878 2091 14051 6635 7132 14286 20235 2126 10261 10795 6229 10789 7590 16989 14240 15848 4815 7887 3162 7120 4796 14037 6394 1106 13787 17070 16216 11297 2417 15406 13093 11714 21061 12142 16736 15614 3222 3326 13559 11857 9444 17587 13585 7166 8371 10698 4889 14432 12067 15722 4219 15572 7881 11242 5518 3023 11711 1039 8324 8766 6263 6136 6293 13977 7235 13523 12275 7691 11365 4712 16509 9475 5739 13493 13204 18938 11823 12824 11392 18280 15804 5618 4073 17099 3363 9759 4819 16676 7044 15335 0 11223
5169 15463 3295 9819 4525 10927 6220 11378 2767 2349 10510 3254 12162 4167 7088 14702 12931 2279 3389 15199 804 8117 9513 11030 7195 10899 3905 13180 9735 14429 11917 8930 12327 5757 8768 6293 4085 9247 13210 2101 2750 15840 1833 11948 13908 14446 8021 16085 14548 8733 11374 3517 6924 11572 4488 7524 6525 10155 14395 13081 10022 10767 1873 11637 14132 14170 12263 2960 4586 4972 7096 6228 11419 6336 7103 1470 6618 7944 6653 6563 3860 7437 11374 20356 14240 13760 4354 3817 12483 9034 6849 10050 12046 10830 1624 10963 5704 14089 12686 11223 0
1 7 4 6
2 7 2 6
3 5 8 2
4 3 6 2
5 6 7 3
6 5 2 4
7 9 6 2
8 8 7 4
9 3 0 2
10 7 5 2
11 6 4 1
12 5 3 7
13 5 6 3
14 6 7 5
15 6 2 3
16 4 3 3
17 4 4 3
18 8 6 0
19 3 6 2
20 7 3 2
21 4 3 0
22 10 6 5
23 8 8 1
24 10 8 0
25 7 0 3
26 3 4 4
27 7 8 0
28 11 5 0
29 7 7 8
30 8 4 4
31 4 6 2
32 4 11 3
33 11 5 3
34 5 5 2
35 4 7 3
36 11 4 1
37 9 3 4
38 9 6 1
39 6 2 3
40 3 3 4
41 6 3 3
42 6 4 3
43 5 5 5
44 7 4 6
45 7 8 2
46 7 4 7
47 9 5 3
48 5 5 2
49 4 6 0
50 4 2 4
51 6 4 2
52 7 3 3
53 5 5 6
54 8 6 3
55 7 3 2
56 4 2 0
57 7 2 3
58 7 7 4
59 4 6 2
60 5 8 2
61 5 6 2
62 4 4 4
63 6 4 3
64 5 7 0
65 8 8 2
66 8 5 3
67 3 4 5
68 6 8 2
69 4 2 5
70 8 7 5
71 7 8 3
72 8 7 4
73 6 6 4
74 7 2 2
75 10 6 3
76 6 5 3
77 6 7 4
78 12 4 2
79 9 4 0
80 4 6 1
81 7 5 1
82 4 3 4
83 8 9 2
84 7 7 4
85 6 4 4
86 4 3 1
87 4 2 1
88 3 9 1
89 6 11 3
90 7 2 5
91 4 4 3
92 5 6 2
93 6 3 0
94 7 7 8
95 4 8 0
96 10 5 4
97 9 6 4
98 3 10 4
99 5 4 4
100 9 2 6
