75 15 3
30 60 700 9.00
0 1 12 3
0 4 5 3
0 6 11 3
0 10 1 2
0 3 10 1
0 4 10 3
0 13 9 1
0 5 2 2
0 9 8 3
0 7 14 1
0 3 3 2
0 5 3 3
0 2 1 1
0 21 13 3
0 20 6 1
0 1 13 2
0 7 15 3
0 18 13 2
0 19 2 3
0 13 12 2
0 19 15 2
0 7 15 3
0 2 14 1
0 1 14 2
0 4 9 1
0 10 14 2
0 14 3 3
0 1 1 3
0 12 11 1
0 7 5 3
0 1 9 3
0 2 8 2
0 8 4 2
0 8 5 3
0 17 7 1
0 11 15 2
0 5 9 1
0 3 11 1
0 1 5 2
0 1 13 3
0 22 6 1
0 6 6 3
0 4 10 2
0 10 10 2
0 13 7 1
0 4 12 3
0 20 4 1
0 5 14 3
0 7 11 3
0 5 6 1
0 7 4 3
0 1 4 2
0 11 7 3
0 8 1 2
0 22 9 1
0 7 14 3
0 6 6 1
0 10 3 3
0 6 9 3
0 5 4 2
0 9 9 3
0 1 14 1
0 24 15 3
0 5 12 2
0 1 5 3
0 7 5 3
0 8 10 3
0 19 10 3
0 7 12 1
0 3 2 1
0 13 8 3
0 10 8 2
0 1 13 1
0 7 11 3
0 2 9 3
0 6183 4760 5606 12164 3709 11909 12016 8669 15517 15924 9375 12786 2861 3496 12062
6183 0 10727 11780 8029 7063 5861 9546 9554 10087 11159 6816 7038 6270 2777 10739
4760 10727 0 2613 15175 4911 16558 14024 9051 19155 19066 13869 16765 5045 8193 13295
5606 11780 2613 0 17203 7105 17416 16346 11591 20924 21068 13604 18320 6972 9044 15766
12164 8029 15175 17203 0 10267 9092 3372 8165 4648 3892 14366 4426 10236 9982 5600
3709 7063 4911 7105 10267 0 12824 9245 5045 14339 14159 12245 12139 989 5357 8828
11909 5861 16558 17416 9092 12824 0 12032 14294 8094 10287 7366 5233 12091 8412 13937
12016 9546 14024 16346 3372 9245 12032 0 5697 7779 6222 16308 7751 9540 10743 2248
8669 9554 9051 11591 8165 5045 14294 5697 0 12800 11740 15987 11652 5809 9162 4360
15517 10087 19155 20924 4648 14339 8094 7779 12800 0 2585 14999 3198 14113 12655 10014
15924 11159 19066 21068 3892 14159 10287 6222 11740 2585 0 16781 5080 14111 13457 8326
9375 6816 13869 13604 14366 12245 7366 16308 15987 14999 16781 0 11836 11263 6959 17554
12786 7038 16765 18320 4426 12139 5233 7751 11652 3198 5080 11836 0 11751 9710 9923
2861 6270 5045 6972 10236 989 12091 9540 5809 14113 14111 11263 11751 0 4402 9340
3496 2777 8193 9044 9982 5357 8412 10743 9162 12655 13457 6959 9710 4402 0 11434
12062 10739 13295 15766 5600 8828 13937 2248 4360 10014 8326 17554 9923 9340 11434 0
1 13 11 6
2 10 10 8
3 12 8 5
4 12 3 4
5 9 7 4
6 8 8 7
7 11 12 3
8 10 6 3
9 14 13 4
10 11 13 4
11 10 9 6
12 10 9 3
13 10 13 5
14 12 6 7
15 14 11 8
