75 15 3
30 60 700 9.00
0 7 13 2
0 6 12 3
0 2 11 1
0 7 9 3
0 7 10 3
0 1 8 3
0 17 4 2
0 4 5 1
0 4 13 3
0 9 8 2
0 12 11 1
0 11 11 1
0 11 8 3
0 20 11 1
0 20 3 3
0 1 1 3
0 11 11 3
0 11 8 2
0 2 7 1
0 12 9 2
0 2 12 2
0 6 3 2
0 1 6 2
0 12 4 2
0 20 14 3
0 10 11 2
0 6 14 1
0 6 1 1
0 4 11 1
0 1 1 3
0 15 4 1
0 1 11 1
0 3 4 3
0 1 6 2
0 1 7 2
0 20 5 3
0 8 11 1
0 13 7 2
0 10 9 1
0 5 7 3
0 5 13 3
0 22 3 2
0 8 9 2
0 10 10 3
0 4 1 3
0 20 4 1
0 7 7 1
0 13 12 2
0 12 9 1
0 15 15 1
0 2 12 1
0 5 9 2
0 12 10 1
0 21 15 2
0 9 2 2
0 12 1 1
0 1 1 1
0 2 5 2
0 5 13 1
0 1 14 3
0 1 12 3
0 4 13 2
0 6 2 1
0 5 7 3
0 1 4 3
0 6 10 3
0 14 5 2
0 12 14 3
0 2 15 2
0 3 14 1
0 4 1 1
0 1 9 3
0 4 6 2
0 13 7 3
0 16 14 1
0 16889 8433 18468 9445 17485 19465 17135 3676 15007 14584 9501 9632 19248 15737 21363
16889 0 10116 6759 9913 10164 5365 9079 13426 12747 8201 7757 7453 6603 6201 5467
8433 10116 0 14324 8568 15328 11352 14523 4847 7623 6165 5866 3248 14783 11945 13554
18468 6759 14324 0 9237 4154 11874 3233 15773 18961 14528 9305 11085 970 2732 10982
9445 9913 8568 9237 0 8098 14418 7693 7464 15783 12662 3183 6158 10100 6546 15307
17485 10164 15328 4154 8098 0 15503 1085 15478 21184 17028 9573 12167 4998 4091 14938
19465 5365 11352 11874 14418 15503 0 14420 15793 10355 6403 11645 9986 11518 11566 2708
17135 9079 14523 3233 7693 1085 14420 0 14944 20207 16009 8855 11326 4139 3034 13882
3676 13426 4847 15773 7464 15478 15793 14944 0 11938 11009 6491 6041 16464 13081 17729
15007 12747 7623 18961 15783 21184 10355 20207 11938 0 4548 12712 9665 19076 17244 13062
14584 8201 6165 14528 12662 17028 6403 16009 11009 4548 0 9479 6628 14592 12995 9051
9501 7757 5866 9305 3183 9573 11645 8855 6491 12712 9479 0 3047 9976 6650 12870
9632 7453 3248 11085 6158 12167 9986 11326 6041 9665 6628 3047 0 11568 8699 11741
19248 6603 14783 970 10100 4998 11518 4139 16464 19076 14592 9976 11568 0 3556 10433
15737 6201 11945 2732 6546 4091 11566 3034 13081 17244 12995 6650 8699 3556 0 11307
21363 5467 13554 10982 15307 14938 2708 13882 17729 13062 9051 12870 11741 10433 11307 0
1 9 9 3
2 7 6 3
3 7 6 4
4 7 7 4
5 12 6 6
6 11 10 6
7 12 10 1
8 15 7 5
9 5 12 1
10 6 11 4
11 7 4 6
12 8 4 4
13 10 10 4
14 7 3 4
15 12 9 3
