500 100 3
30 60 700 9.00
0 2 3 2
0 14 97 3
0 18 49 3
0 1 73 2
0 7 71 1
0 7 57 3
0 1 4 1
0 17 10 3
0 19 35 3
0 6 4 3
0 4 43 2
0 3 6 2
0 5 47 1
0 19 14 1
0 7 55 3
0 1 74 1
0 5 63 3
0 8 68 1
0 1 55 1
0 25 83 3
0 8 48 3
0 10 30 2
0 14 29 2
0 2 36 3
0 1 18 2
0 20 51 2
0 3 55 2
0 6 60 3
0 2 46 1
0 9 60 1
0 21 12 2
0 10 70 3
0 3 65 3
0 4 49 1
0 2 37 3
0 24 50 2
0 18 62 1
0 1 94 3
0 17 32 3
0 4 59 2
0 5 88 3
0 1 57 3
0 12 98 2
0 8 61 2
0 25 85 2
0 20 89 2
0 24 64 1
0 2 52 3
0 8 62 3
0 13 35 3
0 8 92 1
0 5 2 1
0 1 59 2
0 18 78 2
0 22 67 3
0 6 62 3
0 17 85 1
0 24 14 2
0 6 100 1
0 1 22 3
0 3 29 3
0 7 80 2
0 6 60 1
0 13 45 1
0 15 16 1
0 22 80 3
0 2 4 2
0 8 98 3
0 7 23 2
0 23 72 3
0 15 21 2
0 2 75 1
0 4 19 3
0 17 12 3
0 6 95 1
0 2 5 1
0 1 36 3
0 1 62 1
0 23 34 1
0 1 1 1
0 5 47 3
0 6 83 2
0 1 79 3
0 25 60 2
0 10 2 3
0 24 17 3
0 2 71 2
0 11 39 1
0 11 56 2
0 8 75 2
0 13 79 1
0 8 60 2
0 4 4 1
0 14 80 3
0 12 71 3
0 1 49 3
0 14 79 3
0 10 26 2
0 18 41 2
0 7 61 3
0 9 79 1
0 16 49 1
0 4 44 1
0 25 84 2
0 19 11 2
0 2 6 3
0 8 43 2
0 1 26 3
0 4 87 3
0 12 29 1
0 12 36 1
0 4 89 3
0 4 28 3
0 18 57 2
0 10 92 2
0 16 86 1
0 8 47 2
0 2 73 3
0 1 57 1
0 10 72 2
0 9 29 2
0 7 100 1
0 6 73 2
0 2 58 2
0 16 7 2
0 8 42 3
0 13 68 3
0 9 18 2
0 4 18 3
0 6 27 1
0 12 43 3
0 5 78 3
0 2 89 2
0 4 16 2
0 1 81 3
0 14 74 1
0 16 68 1
0 3 76 2
0 2 81 2
0 9 8 2
0 5 34 2
0 10 70 3
0 3 65 1
0 2 36 3
0 24 96 3
0 2 98 2
0 5 85 3
0 4 32 3
0 7 12 3
0 16 71 3
0 12 25 1
0 5 86 3
0 11 87 1
0 3 68 2
0 7 47 2
0 3 95 2
0 12 46 3
0 2 83 2
0 1 23 3
0 1 20 2
0 15 58 1
0 7 42 3
0 9 35 3
0 6 44 1
0 1 76 2
0 5 81 1
0 18 88 2
0 9 93 3
0 20 54 2
0 3 53 1
0 22 11 2
0 4 13 2
0 24 11 3
0 4 28 3
0 8 56 3
0 14 23 1
0 17 66 1
0 3 73 3
0 2 28 2
0 15 58 2
0 4 68 3
0 1 26 1
0 6 40 3
0 3 4 1
0 3 87 3
0 10 48 1
0 7 77 3
0 3 50 1
0 11 50 1
0 6 59 1
0 13 84 1
0 4 57 1
0 1 10 1
0 19 31 3
0 4 83 2
0 2 75 1
0 4 70 3
0 2 90 1
0 2 5 1
0 3 62 1
0 3 91 2
0 24 26 3
0 7 11 1
0 3 97 3
0 12 22 3
0 8 22 2
0 2 55 1
0 4 11 3
0 21 66 2
0 3 80 2
0 1 23 2
0 25 78 3
0 16 28 1
0 3 27 1
0 8 39 2
0 2 54 1
0 7 37 3
0 18 85 1
0 16 31 2
0 2 91 2
0 1 14 1
0 4 31 1
0 5 46 3
0 5 59 1
0 4 1 1
0 15 96 1
0 22 1 1
0 2 73 2
0 10 31 2
0 6 53 1
0 9 50 2
0 16 62 1
0 4 12 2
0 2 61 1
0 7 63 2
0 4 62 3
0 13 59 2
0 1 24 3
0 6 73 2
0 17 86 1
0 21 78 1
0 17 19 3
0 8 78 3
0 10 61 3
0 8 49 2
0 3 45 3
0 2 49 1
0 3 59 3
0 24 90 3
0 14 25 1
0 3 57 1
0 1 12 1
0 10 50 1
0 25 44 3
0 24 95 2
0 1 36 3
0 3 30 2
0 11 67 2
0 9 81 2
0 17 53 3
0 5 35 3
0 6 42 3
0 1 79 3
0 9 3 1
0 1 57 2
0 4 16 1
0 20 76 3
0 6 44 1
0 4 24 3
0 23 93 3
0 15 16 3
0 1 100 1
0 2 28 3
0 15 97 1
0 25 43 3
0 1 39 3
0 8 24 2
0 9 21 3
0 15 14 1
0 1 95 2
0 17 50 1
0 5 37 1
0 8 32 1
0 3 67 3
0 5 56 1
0 2 97 2
0 12 39 1
0 1 71 2
0 1 28 2
0 14 32 1
0 4 3 1
0 17 97 2
0 2 19 2
0 7 75 2
0 13 31 1
0 23 57 3
0 2 13 2
0 12 39 2
0 9 66 1
0 1 52 1
0 2 2 3
0 18 46 1
0 1 56 2
0 10 69 3
0 4 92 1
0 12 19 3
0 11 60 2
0 2 13 2
0 4 31 1
0 2 99 2
0 20 68 1
0 3 16 1
0 10 27 1
0 5 17 1
0 6 83 1
0 14 41 2
0 7 50 2
0 24 1 2
0 1 27 3
0 7 69 1
0 5 48 1
0 23 87 1
0 3 52 1
0 7 50 3
0 19 1 1
0 13 87 2
0 1 59 2
0 18 7 1
0 9 76 3
0 18 76 2
0 5 72 2
0 13 99 1
0 4 50 3
0 7 83 1
0 5 42 1
0 5 35 2
0 9 33 3
0 7 69 1
0 23 2 3
0 4 80 1
0 12 45 1
0 11 12 1
0 16 22 1
0 1 28 3
0 7 78 2
0 11 67 1
0 7 18 1
0 1 62 3
0 14 24 3
0 2 16 3
0 3 77 1
0 4 4 1
0 6 51 3
0 2 96 1
0 2 26 3
0 5 24 1
0 18 29 3
0 2 35 2
0 4 83 3
0 1 62 3
0 7 22 3
0 7 30 3
0 20 14 1
0 19 29 1
0 4 90 1
0 7 73 3
0 10 100 1
0 6 98 3
0 15 46 2
0 2 29 1
0 9 51 3
0 6 40 1
0 14 59 2
0 1 43 2
0 17 54 3
0 12 79 3
0 1 33 3
0 16 20 2
0 6 93 3
0 10 86 3
0 4 30 2
0 18 100 1
0 4 79 1
0 5 53 2
0 1 86 3
0 17 70 3
0 1 26 2
0 15 85 3
0 9 15 1
0 4 8 1
0 6 34 2
0 2 21 1
0 7 11 2
0 1 100 2
0 13 76 2
0 8 77 2
0 12 31 1
0 12 9 2
0 3 76 3
0 25 85 2
0 4 35 2
0 3 76 3
0 1 4 3
0 17 33 2
0 1 24 3
0 14 43 1
0 5 71 3
0 9 91 3
0 14 44 2
0 9 35 1
0 8 84 3
0 9 30 1
0 5 45 2
0 17 74 3
0 8 88 3
0 20 72 3
0 12 95 2
0 8 52 1
0 18 62 3
0 19 56 3
0 6 74 3
0 20 41 3
0 13 23 1
0 2 82 2
0 8 88 2
0 13 55 2
0 25 38 3
0 17 51 2
0 5 8 2
0 2 13 1
0 21 72 1
0 9 32 2
0 1 19 3
0 1 100 2
0 1 60 3
0 8 58 2
0 12 24 3
0 10 29 2
0 3 18 3
0 1 6 2
0 8 5 3
0 7 7 3
0 9 18 2
0 7 19 3
0 5 44 3
0 1 4 2
0 10 62 3
0 16 30 3
0 3 84 1
0 19 13 2
0 6 15 1
0 18 10 2
0 17 44 3
0 6 55 2
0 7 91 1
0 11 14 2
0 16 62 3
0 12 25 1
0 15 67 2
0 14 91 1
0 14 65 1
0 14 30 2
0 14 17 1
0 2 20 2
0 1 91 1
0 15 5 1
0 1 28 2
0 5 82 1
0 10 44 2
0 11 82 3
0 12 83 3
0 8 73 2
0 5 52 2
0 8 52 3
0 9 21 3
0 3 26 3
0 11 5 3
0 10 62 1
0 5 57 3
0 8 32 1
0 2 94 3
0 5 42 3
0 9 37 1
0 5 26 1
0 3 77 2
0 3 67 2
0 1 7 3
0 8 67 1
0 5 22 2
0 11 12 3
0 1 27 1
0 12 21 3
0 8 79 2
0 1 97 3
0 23 22 3
0 14 36 2
0 3 59 2
0 10 38 2
0 4 36 2
0 2 92 1
0 10207 7431 6129 9410 5090 8712 9347 7878 7824 2911 4603 9784 4031 11831 14680 14866 9249 7937 4463 4018 9757 13597 2566 7578 3499 5031 4592 1930 7641 7703 14486 10813 15634 9940 5112 12560 3129 6787 13659 7354 4221 9407 5816 11147 12246 9280 5487 7856 11178 9659 15101 9861 9645 13927 16902 5661 4596 9322 6582 6701 1741 5714 10749 5101 9065 6752 7559 7547 12648 6157 8341 6620 2958 5296 4833 4534 9791 10564 7859 7011 4893 6684 5432 7292 9485 8542 1034 2773 9856 12735 10395 9046 6035 6884 6663 13310 16223 7215 12172 9467
10207 0 17178 4528 14690 5323 16913 19293 16946 11288 7358 8881 9575 6183 12484 18589 24171 6989 4320 14420 12716 19642 22005 8490 17533 12429 14727 11817 11804 9487 17140 14249 20449 17381 11447 8281 18598 12746 15502 20716 8075 13618 19547 15997 16959 11113 12047 5944 17325 21123 15732 18215 18014 17783 20673 25836 13699 13911 19528 9702 6087 11700 11863 1966 7878 19270 14144 17749 14479 18931 12434 17984 5235 12479 9347 10710 8533 10800 18705 16418 14472 14373 16862 14880 17418 1834 17491 9584 9842 10812 18605 7226 17648 8359 13771 16465 16946 25228 16567 16761 18016
7431 17178 0 12715 8166 12419 3951 6698 8546 9522 9920 8950 12915 11123 13399 12518 7488 13841 13923 5671 8214 7199 6983 9924 933 7896 2461 9854 5544 10766 7641 15751 3383 15071 11794 9704 8913 4461 2892 8537 11469 7119 3173 4096 8332 14862 10528 11519 7619 3988 7339 13535 4523 11035 9088 9665 9351 7272 4146 9651 14093 6729 6883 18004 9999 3903 5128 2801 5743 8693 6654 948 14051 4715 12020 7422 11598 12094 11596 9454 4997 6941 4122 2350 4764 16083 9086 8386 9510 12161 9213 14904 3353 13059 5812 775 11838 8963 7673 10218 10295
6129 4528 12715 0 10547 2718 12408 15464 13627 7326 3232 4426 6740 2325 9634 14961 19643 4742 2130 10562 9396 15863 17513 5184 13121 8995 10282 8987 7487 5766 13629 11924 15950 14426 8146 3911 14430 8331 10974 16394 4476 10047 15217 11919 12793 8939 8373 1520 13799 16684 11475 14820 13521 14937 16406 21317 10719 10389 15320 5616 5378 7795 7429 5775 3502 15053 9663 13496 10053 14721 8013 13498 4502 8056 7355 6241 6267 7613 15882 13334 9992 10785 12786 10395 13416 3409 14244 5767 6680 7648 14473 5643 13126 6913 9330 12020 13335 20705 13094 12875 14980
9410 14690 8166 10547 0 12041 4692 14560 15305 3461 9693 6336 6528 10504 5706 5285 11671 8639 10426 11483 12843 15076 8437 11478 9085 12325 7404 13887 8189 5346 14631 7733 9623 7009 4654 6672 3908 7411 5319 6185 6716 12357 11274 11047 2270 7610 3358 9032 14686 11180 1321 5873 5136 17662 6036 12491 14478 12692 12309 4992 14754 10305 3751 16250 7074 12061 3334 10783 2511 4251 3257 8202 14197 7320 14546 4878 13601 5234 18436 15842 3315 12664 11540 6801 12329 13015 15964 10298 12160 5280 3930 9315 5698 15005 2813 8082 4053 12054 14419 2763 17145
5090 5323 12419 2718 12041 0 12961 13976 11675 9179 2620 5713 9260 1553 12061 16859 19733 7440 4788 9119 7423 14320 18057 3168 12639 7116 9968 6683 6884 7925 11830 14465 15784 16719 10428 5513 15784 7974 11252 17451 6816 8296 14495 10767 14187 11559 10419 3605 12014 16248 12763 16879 14120 12697 17566 21630 8522 8593 14354 7458 2858 6440 8500 5661 5159 14105 10441 12629 11015 16006 9087 13296 2163 7737 4703 7272 3657 9970 13636 11221 10760 9051 11623 10252 12144 5104 12243 4335 4556 10014 15876 8361 13516 4195 10275 11666 15276 20977 11262 14594 12846
8712 16913 3951 12408 4692 12961 0 10646 12210 7078 10343 8048 10566 11458 10331 8580 7536 12122 13040 8811 10933 11149 5121 11241 4871 10497 4447 12376 6881 8749 11372 12423 4939 11295 9014 8704 4990 5703 1996 5115 9827 10069 6808 7698 4411 12093 7674 10971 11376 6493 3609 9637 1164 14691 5528 8941 12357 10318 7990 7865 15218 8787 5163 18118 9089 7771 2820 6749 2820 4814 4661 3701 14929 5803 13934 6224 13243 9471 15330 12996 2503 10113 7928 3779 8636 15500 12802 9745 11341 9530 5282 13032 1018 14746 3347 4181 7994 8361 11314 6351 14018
9347 19293 6698 15464 14560 13976 10646 0 3657 15071 12233 13149 18064 13268 19237 19190 11411 18221 17268 4908 6841 516 12691 10821 5792 6987 7263 8290 8415 15788 2797 21773 7917 21563 17446 13848 15606 8205 9289 15004 16024 5745 4573 3853 14997 20330 16332 14789 2617 6695 13906 20160 11168 5570 15612 13875 6660 5512 3191 14602 14364 7674 12285 19455 13987 3265 11274 3897 12051 15372 12297 7142 14759 8457 11197 12273 11419 17578 5744 4821 11250 5008 3124 7795 2324 18775 3749 9759 9592 17647 15908 19370 10012 12468 11896 6548 18421 13188 3324 16832 4661
7878 16946 8546 13627 15305 11675 12210 3657 0 14974 10478 12320 17493 11313 19174 20358 14599 17126 15627 3894 4261 3659 15300 8551 7820 4632 8006 5260 7721 15257 991 21812 10735 22229 17295 12916 17156 8053 10460 17072 15168 3659 7532 4515 16241 19907 16370 13278 1109 9843 14945 21147 12996 2491 17603 17053 3406 3289 6335 14109 11491 6157 12319 16817 12949 6288 11990 6073 12854 17018 12503 9277 12035 8224 8129 11943 8588 17284 3147 1171 12067 3003 4450 8670 3973 16720 684 7911 7119 17352 17429 18273 11833 9392 12497 8086 19339 16348 900 17866 1842
7824 11288 9522 7326 3461 9179 7078 15071 14974 0 7159 3623 3498 7719 4210 7691 14552 5242 6994 11090 11732 15575 11606 9329 10331 11198 7893 12405 7279 1888 14486 6837 11831 7879 2375 3668 7341 6992 6731 9633 3259 11575 12675 11264 5716 5356 1456 5849 14584 13163 4650 7724 7893 17108 9497 15652 13404 11947 13433 1732 12005 9176 2788 12914 4023 13161 4518 11674 4260 7706 2878 9881 11335 6786 12422 3066 11373 2577 17972 15266 4751 12061 11947 7496 12748 9581 15657 8485 10335 2644 7330 6028 8063 12643 3851 9163 6098 15158 14150 5551 16751
2911 7358 9920 3232 9693 2620 10343 12233 10478 7159 0 3539 8088 1203 10602 14707 17156 6940 5150 7330 6307 12631 15436 2442 10210 5868 7459 6184 4454 6291 10430 13169 13257 14968 8808 3614 13329 5459 8635 14893 5526 6857 12189 8724 11763 10540 8526 2858 10597 13815 10309 14865 11503 11949 15035 19023 7756 7209 12192 5535 5084 4563 6032 8085 3380 11931 7859 10397 8470 13523 6606 10771 4636 5207 5371 4831 4277 8475 12891 10270 8173 7585 9592 7696 10203 6574 11113 2570 3832 8530 13442 8039 10897 5485 7733 9182 13178 18373 9906 12342 11914
4603 8881 8950 4426 6336 5713 8048 13149 12320 3623 3539 0 5194 4191 7305 11201 15429 5101 5066 8591 8621 13618 13125 5743 9534 8100 6698 9044 4756 3044 12004 9942 11962 11467 5439 756 10135 5051 6789 11991 2887 8718 11813 9315 8517 7647 5012 2940 12134 12922 7134 11328 9137 14221 12031 16987 10260 9098 12219 2068 8476 6205 3004 10199 1069 11942 5263 10360 5627 10391 3588 9610 7875 4775 8819 1829 7758 5221 15130 12413 5592 9320 10124 6609 10875 7459 12998 5067 6850 5283 10208 6239 8827 9020 4906 8353 9653 16395 11578 8888 13992
9784 9575 12915 6740 6528 9260 10566 18064 17493 3498 8088 5194 0 8133 2954 9173 17999 2612 5423 13710 13800 18554 14932 10520 13684 13283 11090 14104 9831 2277 17137 5205 15325 7850 2075 4692 10095 9860 10186 12616 2562 13909 16035 14213 8586 2474 3189 5670 17258 16633 7832 8672 11339 19415 12362 18990 15423 14289 16701 3463 12070 11399 6040 11442 4787 16425 8003 14893 7752 10535 6275 13329 11228 9612 13406 5798 12290 1391 20324 17607 8244 14499 14964 10777 15749 7744 18174 10149 11816 1372 10002 2896 11557 13293 7343 12497 7554 18526 16732 7739 19182
4031 6183 11123 2325 10504 1553 11458 13268 11313 7719 1203 4191 8133 0 10825 15374 18344 6623 4410 8361 7074 13649 16566 2870 11411 6681 8662 6689 5651 6590 11341 13311 14458 15376 9117 4056 14233 6663 9792 15903 5606 7758 13374 9841 12639 10521 9006 2518 11514 15017 11212 15439 12612 12616 16014 20190 8398 8092 13347 6017 4292 5600 6947 6883 3731 13088 8904 11566 9466 14453 7534 11973 3694 6410 5333 5720 4214 8707 13561 11008 9224 8502 10708 8893 11295 5508 11926 3513 4364 8756 14327 7653 12043 5163 8726 10386 13806 19544 10798 13080 12654
11831 12484 13399 9634 5706 12061 10331 19237 19174 4210 10602 7305 2954 10825 0 6659 17328 5495 8376 15295 15814 19744 13951 12972 14263 15283 12006 16344 11464 4318 18696 2658 15267 4904 1896 7013 8482 11202 10518 11138 5246 15734 16571 15452 7230 2151 2911 8457 18795 16761 6979 5938 10842 21276 10748 17954 17478 16109 17439 5258 14902 13292 6965 14373 7222 17174 8272 15737 7730 8975 6947 13617 14089 10996 15973 7236 14873 2128 22150 19437 8419 16244 16115 11553 16918 10650 19858 12369 14150 2075 8310 5464 11349 15977 7588 13137 5152 17579 18355 5828 20942
14680 18589 12518 14961 5285 16859 8580 19190 20358 7691 14707 11201 9173 15374 6659 0 13336 11765 14288 16618 18111 19698 9661 16658 13445 17596 12356 19172 13465 9222 19617 6810 12861 3644 7168 11347 3962 12637 9976 6168 10599 17577 15334 15956 4192 8735 6604 13516 19653 14579 5413 1373 8320 22770 5529 13161 19734 17901 16561 9422 19667 15584 8979 20356 11711 16347 8424 15302 7545 4397 8524 12255 19019 12566 19750 10014 18770 7839 23504 20974 8309 17840 16333 11701 17086 16787 20997 15544 17415 7839 3642 11989 9359 20131 8021 12651 1644 12990 19461 2537 22198
14866 24171 7488 19643 11671 19733 7536 11411 14599 14552 17156 15429 17999 18344 17328 13336 0 19655 20482 12798 15474 11730 3675 17392 7612 15224 9835 17161 12947 16274 13609 18997 4179 16843 16289 16127 9518 11788 8673 7202 17361 14288 7071 10898 10247 19280 14956 18285 13503 4760 10364 14687 6661 16882 7885 2465 16358 14359 8304 15399 21558 14211 12664 25196 16492 8320 10331 8761 10330 9025 12185 6550 21472 12009 19479 13642 19085 16816 17146 15712 10025 13939 10471 9486 10702 22872 14933 15846 16993 16869 9811 20550 6638 20540 10882 8262 13595 1780 13881 12098 15999
9249 6989 13841 4742 8639 7440 12122 18221 17126 5242 6940 5101 2612 6623 5495 11765 19655 0 3008 13552 13129 18683 16831 9342 14503 12648 11721 13124 9807 3401 16913 7415 16603 10394 4608 4379 12405 10150 11357 14820 2374 13469 16822 14403 10828 4312 5489 4133 17057 17740 9878 11284 13035 18806 14632 20865 14656 13843 17296 4288 10102 10974 7106 8884 4241 17018 9364 15441 9332 12814 7513 14399 9199 9875 11942 6419 10827 3929 19741 17066 9654 14135 15220 11551 15965 5155 17790 9349 10771 3927 12345 1153 13055 11619 8779 13309 10137 20353 16447 10204 18693
7937 4320 13923 2130 10426 4788 13040 17268 15627 6994 5150 5066 5423 4410 8376 14288 20482 3008 0 12400 11430 17688 18045 7279 14432 11007 11569 11097 9042 5172 15574 10418 17013 13272 7179 4356 14328 9718 11855 16522 3760 12007 16633 13609 12694 7320 7729 2501 15738 17910 11518 13961 14088 17018 16443 21975 12802 12360 16868 5473 7242 9658 7886 6077 3997 16596 10224 15017 10445 14677 8423 14630 6311 9435 9468 6841 8388 6554 17964 15385 10547 12731 14468 11573 15141 2589 16258 7720 8773 6572 14323 3698 13861 8965 9772 13280 12644 21401 15055 12443 17032
4463 14420 5671 10562 11483 9119 8811 4908 3894 11090 7330 8591 13710 8361 15295 16618 12798 13552 12400 0 2700 5301 12653 6001 5247 2549 4394 4400 3881 11452 3429 17926 8638 18361 13422 9236 13616 4162 6913 13866 11473 1491 6134 1982 12570 16092 12478 9941 3549 8344 11214 17348 9743 6180 14327 15132 3680 1602 5550 10287 9821 2768 8424 14682 9319 5345 8201 4188 9077 13533 8615 6571 10091 4330 7012 8074 6946 13434 6974 4361 8309 1306 2701 5075 3065 13868 4575 4856 4929 13502 13869 14705 8630 8217 8670 5014 15532 14418 3060 14102 5706
4018 12716 8214 9396 12843 7423 10933 6841 4261 11732 6307 8621 13800 7074 15814 18111 15474 13129 11430 2700 0 7106 15145 4290 7886 534 6515 1700 4658 11656 4436 18471 11304 19420 13918 9117 15478 5517 8951 16048 11347 1244 8820 4673 14260 16263 13182 9151 4625 11044 12819 18683 11963 5677 16448 17786 1674 1352 8145 10582 7524 2577 9362 12694 9081 7961 9766 6883 10638 15463 9700 9143 7949 5557 4434 8678 4578 13796 6612 3963 9945 1870 5327 7163 5524 12459 4856 3785 2873 13861 15702 14260 10915 5685 10098 7503 16866 17073 3857 15574 5607
9757 19642 7199 15863 15076 14320 11149 516 3659 15575 12631 13618 18554 13649 19744 19698 11730 18683 17688 5301 7106 0 13110 11158 6289 7283 7775 8500 8876 16277 2889 22283 8324 22078 17950 14313 16104 8694 9803 15472 16498 6052 4987 4341 15506 20827 16840 15215 2697 7047 14419 20672 11658 5380 16085 14190 6812 5798 3594 15091 14626 8068 12790 19764 14446 3691 11789 4400 12567 15866 12806 7626 15047 8943 11414 12765 11680 18078 5476 4800 11766 5305 3629 8310 2827 19157 3656 10137 9896 18147 16407 19832 10506 12687 12411 7060 18934 13510 3451 17344 4465
13597 22005 6983 17513 8437 18057 5121 12691 15300 11606 15436 13125 14932 16566 13951 9661 3675 16831 18045 12653 15145 13110 0 16160 7536 14789 8788 16741 11690 13432 14340 15460 4796 13181 13090 13753 5874 10482 6845 3539 14646 14088 8123 11019 6750 15979 11790 16061 14280 6309 7117 11014 3993 17747 4232 4058 16333 14252 9518 12703 20225 13365 10171 23237 14146 9426 7862 9231 7608 5374 9623 6113 19986 10639 18658 11296 18073 13667 18190 16298 7533 13924 10869 8244 11342 20548 15765 14627 16073 13715 6159 17629 4566 19573 8274 7653 9962 3630 14471 8511 16935
2566 8490 9924 5184 11478 3168 11241 10821 8551 9329 2442 5743 10520 2870 12972 16658 17392 9342 7279 6001 4290 11158 16160 0 9991 3956 7567 3826 4491 8654 8670 15565 13302 17202 11144 5959 14865 5694 9339 16121 7960 5128 11645 7742 13382 12978 10747 5217 8852 13556 11895 16935 12397 9753 16354 19455 5535 5427 11373 7803 4170 3437 7728 8682 5771 11135 9125 9724 9865 14993 8247 10849 4206 5522 3103 6644 2125 10852 10698 8174 9406 5883 8581 7992 9054 8170 9140 1549 1496 10909 15017 10419 11604 3575 9164 9150 15194 18773 8106 14209 9817
7578 17533 933 13121 9085 12639 4871 5792 7820 10331 10210 9534 13684 11411 14263 13445 7612 14503 14432 5247 7886 6289 7536 9991 0 7617 2863 9562 5767 11503 6888 16641 3433 16002 12629 10290 9815 4792 3788 9333 12140 6730 2351 3490 9261 15683 11379 11990 6852 3609 8271 14467 5388 10298 9906 9900 8896 6840 3225 10368 14149 6673 7644 18270 10563 2977 6000 1908 6645 9582 7454 1457 14169 5065 11885 8093 11546 12907 10820 8778 5886 6464 3370 2953 3947 16514 8331 8480 9442 12975 10118 15585 4225 12975 6679 1196 12771 9188 6966 11151 9530
3499 12429 7896 8995 12325 7116 10497 6987 4632 11198 5868 8100 13283 6681 15283 17596 15224 12648 11007 2549 534 7283 14789 3956 7617 0 6102 1958 4137 11132 4715 17940 11047 18888 13387 8605 14997 5023 8509 15613 10840 1248 8678 4528 13763 15745 12648 8698 4898 10862 12317 18160 11542 6167 16002 17510 2208 1490 8081 10054 7406 2045 8832 12481 8577 7883 9267 6726 10136 14990 9173 8833 7773 5053 4466 8144 4479 13268 7096 4421 9452 1980 5238 6739 5510 12110 5252 3320 2615 13333 15218 13783 10510 5686 9587 7168 16344 16800 4150 15059 6058
5031 14727 2461 10282 7404 9968 4447 7263 8006 7893 7459 6698 11090 8662 12006 12356 9835 11721 11569 4394 6515 7775 8788 7567 2863 6102 0 8022 3115 8853 7266 14517 5816 14405 10255 7454 9226 2000 2518 9548 9377 5621 5115 3644 8238 13225 9096 9129 7309 6402 6946 13181 5449 10440 9975 11895 7910 5874 5620 7687 11727 4577 5113 15544 7715 5343 4073 3804 4905 9139 5059 3330 11641 2254 9881 5360 9353 10447 11153 8679 4104 5687 4170 681 4971 13666 8641 6019 7309 10516 9484 12823 4409 10841 4659 1738 11388 11209 7107 9878 9845
4592 11817 9854 8987 13887 6683 12376 8290 5260 12405 6184 9044 14104 6689 16344 19172 17161 13124 11097 4400 1700 8500 16741 3826 9562 1958 8022 0 5762 12077 5681 18986 12987 20227 14464 9428 16756 6784 10380 17485 11575 2934 10516 6372 15458 16578 13860 9020 5878 12743 13990 19653 13441 6014 17853 19460 1892 2978 9811 11087 6231 3659 10262 11575 9318 9635 10967 8582 11820 16776 10665 10790 6792 6770 2915 9425 3341 14265 6953 4609 11176 3484 7011 8644 7166 11787 5736 3978 2355 14327 16963 14218 12430 4189 11225 9126 17850 18749 5093 16644 6199
1930 11804 5544 7487 8189 6884 6881 8415 7721 7279 4454 4756 9831 5651 11464 13465 12947 9807 9042 3881 4658 8876 11690 4491 5767 4137 3115 5762 0 7571 7310 14109 8921 14805 9579 5439 11009 1209 4920 11909 7643 4314 7748 4620 9696 12211 8699 6541 7428 9376 8230 14025 8015 9832 12220 14972 6309 4679 7846 6406 8630 2122 4743 12503 5573 7576 5206 6011 6057 11049 5049 6439 8527 1078 7053 4227 6391 9564 10693 7988 5423 4782 5461 3503 6178 10896 8405 2945 4461 9633 11210 10957 7154 7894 5473 4785 12208 14294 6925 10929 9478
7641 9487 10766 5766 5346 7925 8749 15788 15257 1888 6291 3044 2277 6590 4318 9222 16274 3401 5172 11452 11656 16277 13432 8654 11503 11132 8853 12077 7571 0 14880 6924 13341 8797 2530 2695 9210 7583 8127 11521 1412 11701 13851 11936 7592 4650 2618 4388 14999 14568 6535 9055 9640 17227 11381 17464 13301 12080 14472 1186 10783 9203 3890 11175 2914 14195 6036 12652 5944 9584 4215 11238 10032 7335 11662 3528 10566 2200 18127 15407 6311 12271 12690 8572 13474 7747 15940 8100 9850 2259 9187 4286 9700 11706 5421 10310 7586 16952 14485 7276 16966
7703 17140 7641 13629 14631 11830 11372 2797 991 14486 10430 12004 17137 11341 18696 19617 13609 16913 15574 3429 4436 2889 14340 8670 6888 4715 7266 5681 7310 14880 0 21317 9753 21593 16831 12634 16340 7508 9674 16177 14879 3583 6541 3684 15475 19521 15856 13171 197 8853 14211 20443 12122 3413 16719 16062 3934 3253 5349 13716 11878 5962 11782 17121 12698 5298 11302 5109 12155 16186 11928 8345 12360 7702 8593 11491 8942 16856 3964 2132 11360 2845 3524 7917 3000 16809 1445 7866 7302 16925 16618 18065 10954 9866 11836 7217 18645 15357 589 17145 2656
14486 14249 15751 11924 7733 14465 12423 21773 21812 6837 13169 9942 5205 13311 2658 6810 18997 7415 10418 17926 18471 22283 15460 15565 16641 17940 14517 18986 14109 6924 21317 0 17345 3761 4554 9613 9676 13812 12860 12317 7706 18388 18910 18021 8751 3138 5467 10872 21411 18913 8882 5669 12771 23928 11812 19338 20135 18762 19848 7907 17272 15950 9550 16195 9796 19587 10648 18194 10015 10187 9481 15886 16421 13614 18531 9883 17422 4726 24800 22089 10756 18891 18659 14029 19463 12438 22495 15008 16773 4666 9438 7023 13425 18474 9978 15550 5724 19039 20986 6967 23586
10813 20449 3383 15950 9623 15784 4939 7917 10735 11831 13257 11962 15325 14458 15267 12861 4179 16603 17013 8638 11304 8324 4796 13302 3433 11047 5816 12987 8921 13341 9753 17345 0 15955 13898 12699 8922 7811 5248 7552 14239 10128 3345 6773 8961 16991 12565 14682 9672 1727 8476 14077 4659 13125 8231 6498 12237 10213 4731 12322 17472 10060 9498 21341 13030 4655 7327 4715 7627 8544 9126 2488 17434 8054 15309 10282 14939 14316 13504 11798 7081 9807 6426 5576 6767 19276 11145 11767 12840 14377 9245 17600 3926 16383 7982 4154 12603 5783 9956 10963 12281
15634 17381 15071 14426 7009 16719 11295 21563 22229 7879 14968 11467 7850 15376 4904 3644 16843 10394 13272 18361 19420 22078 13181 17202 16002 18888 14405 20227 14805 8797 21593 3761 15955 0 6298 11371 7334 14214 12290 9750 9961 19098 18089 18045 6995 6501 6456 13150 21657 17637 7737 2286 11303 24529 9137 16783 21089 19452 19210 9433 19577 16843 10064 19276 11658 18973 10332 17758 9520 7820 9778 14980 18809 14077 20286 10802 19223 6814 25335 22692 10324 19481 18549 13809 19338 15548 22896 16348 18207 6781 7035 10275 12203 20444 9763 15055 3353 16589 21353 4993 24059
9940 11447 11794 8146 4654 10428 9014 17446 17295 2375 8808 5439 2075 9117 1896 7168 16289 4608 7179 13422 13918 17950 13090 11144 12629 13387 10255 14464 9579 2530 16831 4554 13898 6298 0 5197 8059 9353 8950 10618 3671 13842 14962 13638 6589 3096 1342 6852 16933 15315 5975 6782 9670 19384 10335 17141 15583 14217 15765 3379 13285 11396 5162 13256 5439 15495 6700 14024 6274 8510 5210 12089 12511 9140 14175 5353 13084 687 20260 17546 6888 14356 14322 9840 15123 9633 17979 10493 12289 704 7953 4970 10028 14236 6014 11477 5533 16708 16482 5664 19056
5112 8281 9704 3911 6672 5513 8704 13848 12916 3668 3614 756 4692 4056 7013 11347 16127 4379 4356 9236 9117 14313 13753 5959 10290 8605 7454 9428 5439 2695 12634 9613 12699 11371 5197 0 10532 5788 7508 12489 2253 9288 12568 10025 8900 7165 4958 2393 12769 13673 7565 11383 9774 14756 12496 17645 10733 9668 12966 1962 8338 6771 3587 9677 410 12689 5899 11106 6198 10814 4153 10357 7672 5510 8978 2488 7889 4894 15673 12963 6225 9913 10841 7364 11586 6799 13591 5461 7171 4951 10585 5523 9509 9073 5494 9109 9764 17062 12193 9116 14559
12560 18598 8913 14430 3908 15784 4990 15606 17156 7341 13329 10135 10095 14233 8482 3962 9518 12405 14328 13616 15478 16104 5874 14865 9815 14997 9226 16756 11009 9210 16340 9676 8922 7334 8059 10532 0 9983 6716 2667 10599 14757 11538 12657 1640 10609 6939 12911 16351 10646 3023 5248 4494 19625 2283 9664 17011 15042 12819 8900 18413 13097 7299 20152 10939 12622 5819 11713 5015 512 6723 8523 17919 9986 17839 8517 16980 8719 20290 17893 5587 14897 12916 8546 13626 16916 17761 13535 15328 8750 324 12971 5611 18438 5702 9171 4088 9386 16257 2721 18977
3129 12746 4461 8331 7411 7974 5703 8205 8053 6992 5459 5051 9860 6663 11202 12637 11788 10150 9718 4162 5517 8694 10482 5694 4792 5023 2000 6784 1209 7583 7508 13812 7811 14214 9353 5788 9983 0 3727 10764 7875 4946 6920 4353 8743 12151 8349 7243 7600 8377 7307 13283 6827 10315 11097 13783 7107 5281 7196 6397 9820 3132 4275 13544 5997 6919 4251 5334 5126 9993 4454 5323 9688 283 8240 4076 7597 9425 11130 8478 4429 5272 5118 2313 5894 11729 8731 4151 5645 9494 10199 11282 5949 9100 4618 3726 11462 13108 7201 10102 9868
6787 15502 2892 10974 5319 11252 1996 9289 10460 6731 8635 6789 10186 9792 10518 9976 8673 11357 11855 6913 8951 9803 6845 9339 3788 8509 2518 10380 4920 8127 9674 12860 5248 12290 8950 7508 6716 3727 0 7106 8991 8118 6057 5995 5807 12034 7664 9614 9699 6450 4622 10887 3101 12918 7497 10403 10400 8382 7009 7082 13381 6793 4257 16578 7858 6756 2253 5469 2857 6621 3921 3150 13147 3846 11967 5054 11304 9285 13603 11177 2106 8205 6359 1838 7121 14206 11079 7821 9371 9350 6980 12364 2279 12808 2940 2766 9134 9767 9560 7559 12291
13659 20716 8537 16394 6185 17451 5115 15004 17072 9633 14893 11991 12616 15903 11138 6168 7202 14820 16522 13866 16048 15472 3539 16121 9333 15613 9548 17485 11909 11521 16177 12317 7552 9750 10618 12489 2667 10764 7106 0 12868 15164 10606 12578 4032 13256 9431 14881 16156 9247 5007 7534 4124 19563 707 7061 17455 15402 11976 11050 19927 13878 9011 22165 12898 11824 7048 11219 6437 2165 8419 7901 19529 10835 18939 10238 18183 11261 20132 17939 6745 15172 12659 8888 13278 19102 17622 14680 16360 11297 2882 15460 5259 19677 7177 8998 6653 6840 16191 5384 18832
7354 8075 11469 4476 6716 6816 9827 16024 15168 3259 5526 2887 2562 5606 5246 10599 17361 2374 3760 11473 11347 16498 14646 7960 12140 10840 9377 11575 7643 1412 14879 7706 14239 9961 3671 2253 10599 7875 8991 12868 0 11541 14466 12183 8974 5020 4001 3213 15012 15366 7866 10375 10781 16998 12751 18653 12947 11920 14972 1962 9661 9023 4750 9774 2269 14694 7040 13123 7073 10964 5183 12025 8862 7607 10850 4050 9735 3162 17918 15211 7339 12166 12980 9187 13741 6337 15844 7642 9270 3203 10583 3447 10739 10768 6480 10945 8958 18120 14443 8687 16810
4221 13618 7119 10047 12357 8296 10069 5745 3659 11575 6857 8718 13909 7758 15734 17577 14288 13469 12007 1491 1244 6052 14088 5128 6730 1248 5621 2934 4314 11701 3583 18388 10128 19098 13842 9288 14757 4946 8118 15164 11541 0 7582 3442 13621 16346 13005 9630 3756 9818 12216 18227 11052 5542 15597 16620 2291 380 6903 10577 8653 2517 9049 13713 9307 6718 9165 5651 10044 14708 9322 8032 9017 5044 5657 8511 5722 13780 6429 3710 9312 755 4083 6292 4294 13234 4321 4289 3847 13847 14996 14615 9967 6896 9563 6436 16406 15907 3049 15044 5274
9407 19547 3173 15217 11274 14495 6808 4573 7532 12675 12189 11813 16035 13374 16571 15334 7071 16822 16633 6134 8820 4987 8123 11645 2351 8678 5115 10516 7748 13851 6541 18910 3345 18089 14962 12568 11538 6920 6057 10606 14466 7582 0 4152 11206 18024 13700 14163 6441 2334 10361 16435 7046 9855 11248 9522 9460 7576 1397 12712 15721 8216 9994 20155 12825 1312 8300 1960 8895 11238 9800 3110 15850 7202 13124 10424 12957 15251 10190 8641 8163 7106 3536 5288 3648 18625 7888 10208 10868 15318 11854 17912 5975 14301 8984 3541 14801 8816 6813 13159 8991
5816 15997 4096 11919 11047 10767 7698 3853 4515 11264 8724 9315 14213 9841 15452 15956 10898 14403 13609 1982 4673 4341 11019 7742 3490 4528 3644 6372 4620 11936 3684 18021 6773 18045 13638 10025 12657 4353 5995 12578 12183 3442 4152 0 11800 16491 12560 11110 3704 6376 10560 16812 8487 7002 13097 13268 5465 3472 3641 10750 11700 4331 8488 16398 10181 3416 7715 2210 8548 12509 8544 4910 11910 4604 8983 8424 8869 13748 7634 5366 7746 3040 868 4268 1561 15296 5105 6433 6809 13817 12935 15548 7327 10176 8288 3581 15026 12553 3622 13500 6321
11147 16959 8332 12793 2270 14187 4411 14997 16241 5716 11763 8517 8586 12639 7230 4192 10247 10828 12694 12570 14260 15506 6750 13382 9261 13763 8238 15458 9696 7592 15475 8751 8961 6995 6589 8900 1640 8743 5807 4032 8974 13621 11206 11800 0 9305 5403 11275 15503 10643 1490 5229 4309 18678 3804 10727 15837 13926 12401 7260 16845 11810 5733 18512 9305 12181 4498 11111 3639 1993 5170 8107 16330 8714 16394 6936 15504 7230 19387 16904 4317 13823 12152 7570 12900 15283 16870 12098 13920 7266 1691 11437 5250 16946 4264 8460 3646 10367 15341 2002 18077
12246 11113 14862 8939 7610 11559 12093 20330 19907 5356 10540 7647 2474 10521 2151 8735 19280 4312 7320 16092 16263 20827 15979 12978 15683 15745 13225 16578 12211 4650 19521 3138 16991 6501 3096 7165 10609 12151 12034 13256 5020 16346 18024 16491 9305 0 4425 8021 19636 18411 8918 7901 12707 21864 12882 20006 17892 16726 18787 5805 14314 13842 8113 13057 7260 18515 9788 17019 9369 11097 8234 15178 13437 11916 15827 8076 14709 2781 22769 20050 9982 16921 17213 12848 18007 9300 20589 12623 14286 2713 10446 3889 13109 15660 9103 14518 7275 19608 19131 7974 21614
9280 12047 10528 8373 3358 10419 7674 16332 16370 1456 8526 5012 3189 9006 2911 6604 14956 5489 7729 12478 13182 16840 11790 10747 11379 12648 9096 13860 8699 2618 15856 5467 12565 6456 1342 4958 6939 8349 7664 9431 4001 13005 13700 12560 5403 4425 0 6959 15949 13996 4674 6471 8330 18531 9192 15846 14855 13375 14542 2999 13268 10622 4083 13773 5276 14274 5411 12829 4948 7366 4038 10791 12556 8156 13831 4507 12770 1877 19388 16687 5584 13476 13212 8644 14015 10274 17052 9934 11779 1925 6865 6037 8688 14010 4724 10242 4968 15401 15535 4747 18158
5487 5944 11519 1520 9032 3605 10971 14789 13278 5849 2858 2940 5670 2518 8457 13516 18285 4133 2501 9941 9151 15215 16061 5217 11990 8698 9129 9020 6541 4388 13171 10872 14682 13150 6852 2393 12911 7243 9614 14881 3213 9630 14163 11110 11275 8021 6959 0 13330 15505 9955 13428 12070 14804 14888 19901 10614 9993 14373 4126 6448 7222 5937 7285 1984 14101 8201 12524 8560 13201 6516 12261 5659 6961 7851 4768 6731 6373 15746 13112 8529 10338 11968 9175 12646 4598 13923 5379 6665 6415 12956 5202 11721 7639 7843 10854 11900 19300 12667 11388 14754
7856 17325 7619 13799 14686 12014 11376 2617 1109 14584 10597 12134 17258 11514 18795 19653 13503 17057 15738 3549 4625 2697 14280 8852 6852 4898 7309 5878 7428 14999 197 21411 9672 21657 16933 12769 16351 7600 9699 16156 15012 3756 6441 3704 15503 19636 15949 13330 0 8745 14250 20489 12112 3467 16703 15959 4130 3431 5228 13832 12074 6115 11871 17313 12837 5187 11355 5051 12204 16191 12009 8307 12553 7799 8790 11598 9136 16964 3977 2271 11407 3014 3497 7954 2939 16987 1485 8034 7490 17033 16631 18209 10943 10063 11896 7213 18693 15255 785 17186 2679
11178 21123 3988 16684 11180 16248 6493 6695 9843 13163 13815 12922 16633 15017 16761 14579 4760 17740 17910 8344 11044 7047 6309 13556 3609 10862 6402 12743 9376 14568 8853 18913 1727 17637 15315 13673 10646 8377 6450 9247 15366 9818 2334 6376 10643 18411 13996 15505 8745 0 10082 15786 6334 12125 9933 7221 11765 9839 3548 13497 17695 10182 10683 21879 13976 3560 8647 4171 9051 10270 10370 3341 17749 8644 15264 11340 15017 15694 12408 10964 8434 9384 5835 6337 5982 20062 10173 12062 12912 15757 10969 18777 5503 16406 9324 4664 14289 6523 9141 12644 11245
9659 15732 7339 11475 1321 12763 3609 13906 14945 4650 10309 7134 7832 11212 6979 5413 10364 9878 11518 11214 12819 14419 7117 11895 8271 12317 6946 13990 8230 6535 14211 8882 8476 7737 5975 7565 3023 7307 4622 5007 7866 12216 10361 10560 1490 8918 4674 9955 14250 10082 0 6266 3897 17357 4944 11172 14412 12530 11473 6046 15392 10348 4277 17226 7974 11237 3056 10056 2181 3257 3704 7255 14896 7264 14904 5494 14016 6551 18091 15566 2909 12448 10972 6296 11741 14100 15586 10607 12432 6598 3137 10592 4579 15460 2778 7363 4516 10734 14048 2942 16786
15101 18215 13535 14820 5873 16879 9637 20160 21147 7724 14865 11328 8672 15439 5938 1373 14687 11284 13961 17348 18683 20672 11014 16935 14467 18160 13181 19653 14025 9055 20443 5669 14077 2286 6782 11383 5248 13283 10887 7534 10375 18227 16435 16812 5229 7901 6471 13428 20489 15786 6266 0 9480 23523 6900 14534 20330 18564 17626 9425 19719 16126 9393 20037 11722 17403 9158 16293 8293 5706 8997 13335 19023 13185 20038 10327 19023 7416 24286 21708 9084 18536 17238 12544 18007 16393 21798 15914 17790 7404 4934 11384 10471 20337 8682 13613 1821 14361 20256 3329 22988
9861 18014 4523 13521 5136 14120 1164 11168 12996 7893 11503 9137 11339 12612 10842 8320 6661 13035 14088 9743 11963 11658 3993 12397 5388 11542 5449 13441 8015 9640 12122 12771 4659 11303 9670 9774 4494 6827 3101 4124 10781 11052 7046 8487 4309 12707 8330 12070 12112 6334 3897 9480 0 15487 4612 7893 13342 11283 8327 8822 16381 9883 6202 19247 10164 8133 3876 7295 3709 4216 5670 4043 16092 6939 15066 7308 14389 10175 16085 13836 3549 11049 8624 4803 9286 16573 13564 10895 12471 10230 4809 13903 1171 15893 4327 4910 7955 7342 12108 6310 14778
9645 17783 11035 14937 17662 12697 14691 5570 2491 17108 11949 14221 19415 12616 21276 22770 16882 18806 17018 6180 5677 5380 17747 9753 10298 6167 10440 6014 9832 17227 3413 23928 13125 24529 19384 14756 19625 10315 12918 19563 16998 5542 9855 7002 18678 21864 18531 14804 3467 12125 17357 23523 15487 0 20093 19345 4218 5167 8578 16113 11952 8024 14532 17384 14739 8571 14369 8517 15241 19495 14762 11755 12643 10459 8524 14048 9250 19320 945 1844 14464 5062 6929 11112 6405 17801 1983 9458 8258 19387 19895 19935 14324 9692 14848 10577 21709 18647 3380 20264 915
13927 20673 9088 16406 6036 17566 5528 15612 17603 9497 15035 12031 12362 16014 10748 5529 7885 14632 16443 14327 16448 16085 4232 16354 9906 16002 9975 17853 12220 11381 16719 11812 8231 9137 10335 12496 2283 11097 7497 707 12751 15597 11248 13097 3804 12882 9192 14888 16703 9933 4944 6900 4612 20093 0 7647 17885 15845 12610 10979 20093 14224 9084 22166 12905 12452 7238 11802 6566 1827 8492 8488 19666 11153 19219 10315 18435 10991 20679 18448 6950 15632 13208 9306 13844 19029 18163 14939 16652 11024 2438 15228 5770 19921 7303 9517 6112 7460 16716 4940 19375
16902 25836 9665 21317 12491 21630 8941 13875 17053 15652 19023 16987 18990 20190 17954 13161 2465 20865 21975 15132 17786 14190 4058 19455 9900 17510 11895 19460 14972 17464 16062 19338 6498 16783 17141 17645 9664 13783 10403 7061 18653 16620 9522 13268 10727 20006 15846 19901 15959 7221 11172 14534 7893 19345 7647 0 18732 16710 10767 16700 23601 16381 14090 26974 18030 10780 11752 11165 11586 9152 13563 8718 23456 13983 21684 15165 21231 17723 19611 18160 11429 16304 12880 11472 13139 24442 17394 17906 19158 17770 9913 21679 8193 22705 12220 10428 13711 715 16326 12372 18464
5661 13699 9351 10719 14478 8522 12357 6660 3406 13404 7756 10260 15423 8398 17478 19734 16358 14656 12802 3680 1674 6812 16333 5535 8896 2208 7910 1892 6309 13301 3934 20135 12237 21089 15583 10733 17011 7107 10400 17455 12947 2291 9460 5465 15837 17892 14855 10614 4130 11765 14412 20330 13342 4218 17885 18732 0 2083 8575 12238 8101 4248 11029 13465 10677 8435 11356 7614 12232 16974 11357 10246 8681 7168 4724 10352 5231 15451 5164 2720 11521 2433 5930 8579 5901 13621 3852 5321 4041 15515 17245 15774 12255 5986 11714 8690 18511 18018 3361 17197 4327
4596 13911 7272 10389 12692 8593 10318 5512 3289 11947 7209 9098 14289 8092 16109 17901 14359 13843 12360 1602 1352 5798 14252 5427 6840 1490 5874 2978 4679 12080 3253 18762 10213 19452 14217 9668 15042 5281 8382 15402 11920 380 7576 3472 13926 16726 13375 9993 3431 9839 12530 18564 11283 5167 15845 16710 2083 0 6834 10956 8856 2897 9409 13969 9685 6660 9483 5668 10363 14985 9675 8172 9251 5388 5783 8884 5915 14158 6051 3332 9623 518 4050 6549 4191 13556 3947 4640 4104 14225 15285 14988 10187 7037 9893 6608 16743 15996 2706 15370 4894
9322 19528 4146 15320 12309 14354 7990 3191 6335 13433 12192 12219 16701 13347 17439 16561 8304 17296 16868 5550 8145 3594 9518 11373 3225 8081 5620 9811 7846 14472 5349 19848 4731 19210 15765 12966 12819 7196 7009 11976 14972 6903 1397 3641 12401 18787 14542 14373 5228 3548 11473 17626 8327 8578 12610 10767 8575 6834 0 13307 15339 7944 10687 20004 13189 278 9200 1862 9866 12537 10559 4308 15549 7478 12545 10977 12491 16006 8865 7476 9100 6334 2849 5940 2675 18724 6635 10022 10446 16074 13132 18411 7219 13764 9873 4303 15956 10070 5685 14325 7697
6582 9702 9651 5616 4992 7458 7865 14602 14109 1732 5535 2068 3463 6017 5258 9422 15399 4288 5473 10287 10582 15091 12703 7803 10368 10054 7687 11087 6406 1186 13716 7907 12322 9433 3379 1962 8900 6397 7082 11050 1962 10577 12712 10750 7260 5805 2999 4126 13832 13497 6046 9425 8822 16113 10979 16700 12238 10956 13307 0 10294 8094 2825 11265 2299 13030 5083 11481 5116 9228 3228 10158 9610 6150 10867 2345 9794 3215 17006 14286 5379 11132 11504 7426 12288 8054 14793 7115 8915 3280 8917 5284 8780 11015 4518 9173 7824 16162 13328 7262 15832
6701 6087 14093 5378 14754 2858 15218 14364 11491 12005 5084 8476 12070 4292 14902 19667 21558 10102 7242 9821 7524 14626 20225 4170 14149 7406 11727 6231 8630 10783 11878 17272 17472 19577 13285 8338 18413 9820 13381 19927 9661 8653 15721 11700 16845 14314 13268 6448 12074 17695 15392 19719 16381 11952 20093 23601 8101 8856 15339 10294 0 7519 11116 5434 7997 15117 12879 13777 13528 18603 11690 15018 954 9629 3432 9910 2946 12820 12845 10782 13184 9367 12501 12130 12873 6689 11952 5712 4895 12862 18525 10928 15660 2301 12796 13320 18097 22923 11289 17362 12298
1741 11700 6729 7795 10305 6440 8787 7674 6157 9176 4563 6205 11399 5600 13292 15584 14211 10974 9658 2768 2577 8068 13365 3437 6673 2045 4577 3659 2122 9203 5962 15950 10060 16843 11396 6771 13097 3132 6793 13878 9023 2517 8216 4331 11810 13842 10622 7222 6115 10182 10348 16126 9883 8024 14224 16381 4248 2897 7944 8094 7519 0 6787 12068 6793 7703 7314 6288 8172 13119 7134 7674 7637 3111 5314 6115 4879 11306 8927 6208 7519 3161 5184 5139 5718 11104 6828 2116 2782 11372 13305 12123 8927 6330 7595 5958 14312 15683 5478 13049 7790
5714 11863 6883 7429 3751 8500 5163 12285 12319 2788 6032 3004 6040 6947 6965 8979 12664 7106 7886 8424 9362 12790 10171 7728 7644 8832 5113 10262 4743 3890 11782 9550 9498 10064 5162 3587 7299 4275 4257 9011 4750 9049 9994 8488 5733 8113 4083 5937 11871 10683 4277 9393 6202 14532 9084 14090 11029 9409 10687 2825 11116 6787 0 13202 3986 10413 2344 8907 2624 7507 592 7349 10624 4094 10797 1231 9851 5334 15370 12689 2662 9471 9161 4749 9963 10378 12998 6565 8436 5403 7409 8107 6026 11262 1909 6458 7596 13521 11473 6494 14122
10749 1966 18004 5775 16250 5661 18118 19455 16817 12914 8085 10199 11442 6883 14373 20356 25196 8884 6077 14682 12694 19764 23237 8682 18270 12481 15544 11575 12503 11175 17121 16195 21341 19276 13256 9677 20152 13544 16578 22165 9774 13713 20155 16398 18512 13057 13773 7285 17313 21879 17226 20037 19247 17384 22166 26974 13465 13969 20004 11265 5434 12068 13202 0 9267 19757 15411 18289 15825 20460 13787 18856 4784 13292 8860 12005 8235 12625 18279 16170 15740 14459 17247 15772 17735 3757 17312 9982 9867 12640 20180 9176 18788 7720 15099 17264 18712 26345 16537 18440 17712
5101 7878 9999 3502 7074 5159 9089 13987 12949 4023 3380 1069 4787 3731 7222 11711 16492 4241 3997 9319 9081 14446 14146 5771 10563 8577 7715 9318 5573 2914 12698 9796 13030 11658 5439 410 10939 5997 7858 12898 2269 9307 12825 10181 9305 7260 5276 1984 12837 13976 7974 11722 10164 14739 12905 18030 10677 9685 13189 2299 7997 6793 3986 9267 0 12912 6289 11327 6601 11223 4556 10671 7312 5716 8751 2866 7653 5095 15662 12960 6616 9949 11008 7653 11742 6412 13621 5375 7032 5151 10990 5392 9882 8800 5894 9389 10120 17443 12245 9500 14567
9065 19270 3903 15053 12061 14105 7771 3265 6288 13161 11931 11942 16425 13088 17174 16347 8320 17018 16596 5345 7961 3691 9426 11135 2977 7883 5343 9635 7576 14195 5298 19587 4655 18973 15495 12689 12622 6919 6756 11824 14694 6718 1312 3416 12181 18515 14274 14101 5187 3560 11237 17403 8133 8571 12452 10780 8435 6660 278 13030 15117 7703 10413 19757 12912 0 8939 1585 9612 12347 10288 4102 15317 7202 12350 10699 12278 15733 8886 7418 8843 6166 2646 5667 2536 18458 6614 9775 10225 15802 12934 18133 7016 13562 9611 4040 15727 10079 5610 14098 7699
6752 14144 5128 9663 3334 10441 2820 11274 11990 4518 7859 5263 8003 8904 8272 8424 10331 9364 10224 8201 9766 11789 7862 9125 6000 9267 4073 10967 5206 6036 11302 10648 7327 10332 6700 5899 5819 4251 2253 7048 7040 9165 8300 7715 4498 9788 5411 8201 11355 8647 3056 9158 3876 14369 7238 11752 11356 9483 9200 5083 12879 7314 2344 15411 6289 8939 0 7569 880 5896 1857 5390 12494 4216 12043 3434 11219 7050 15128 12562 329 9416 8224 3485 9018 12698 12644 7742 9514 7115 6009 10316 3699 12697 687 4903 7350 11178 11100 5901 13831
7559 17749 2801 13496 10783 12629 6749 3897 6073 11674 10397 10360 14893 11566 15737 15302 8761 15441 15017 4188 6883 4400 9231 9724 1908 6726 3804 8582 6011 12652 5109 18194 4715 17758 14024 11106 11713 5334 5469 11219 13123 5651 1960 2210 11111 17019 12829 12524 5051 4171 10056 16293 7295 8517 11802 11165 7614 5668 1862 11481 13777 6288 8907 18289 11327 1585 7569 0 8294 11487 8814 3318 13925 5617 11166 9143 10999 14238 8989 7101 7505 5217 1715 4187 2112 16903 6536 8316 8913 14307 12014 16559 6132 12341 8224 2703 14571 10451 5262 12967 7716
7547 14479 5743 10053 2511 11015 2820 12051 12854 4260 8470 5627 7752 9466 7730 7545 10330 9332 10445 9077 10638 12567 7608 9865 6645 10136 4905 11820 6057 5944 12155 10015 7627 9520 6274 6198 5015 5126 2857 6437 7073 10044 8895 8548 3639 9369 4948 8560 12204 9051 2181 8293 3709 15241 6566 11586 12232 10363 9866 5116 13528 8172 2624 15825 6601 9612 880 8294 0 5127 2046 5891 13102 5083 12825 3828 11974 6692 15995 13436 804 10295 9030 4292 9818 12968 13505 8520 10317 6753 5189 10222 3805 13440 741 5600 6490 11047 11963 5025 14696
12648 18931 8693 14721 4251 16006 4814 15372 17018 7706 13523 10391 10535 14453 8975 4397 9025 12814 14677 13533 15463 15866 5374 14993 9582 14990 9139 16776 11049 9584 16186 10187 8544 7820 8510 10814 512 9993 6621 2165 10964 14708 11238 12509 1993 11097 7366 13201 16191 10270 3257 5706 4216 19495 1827 9152 16974 14985 12537 9228 18603 13119 7507 20460 11223 12347 5896 11487 5127 0 6923 8259 18130 10011 17938 8733 17099 9165 20143 17781 5643 14823 12736 8458 13432 17265 17614 13635 15408 9198 786 13402 5360 18567 5837 8989 4593 8876 16121 3230 18831
6157 12434 6654 8013 3257 9087 4661 12297 12503 2878 6606 3588 6275 7534 6947 8524 12185 7513 8423 8615 9700 12806 9623 8247 7454 9173 5059 10665 5049 4215 11928 9481 9126 9778 5210 4153 6723 4454 3921 8419 5183 9322 9800 8544 5170 8234 4038 6516 12009 10370 3704 8997 5670 14762 8492 13563 11357 9675 10559 3228 11690 7134 592 13787 4556 10288 1857 8814 2046 6923 0 7055 11207 4304 11300 1823 10372 5455 15583 12922 2161 9707 9179 4629 9983 10931 13179 7042 8903 5523 6840 8481 5556 11795 1349 6284 7187 13003 11644 6017 14321
8341 17984 948 13498 8202 13296 3701 7142 9277 9881 10771 9610 13329 11973 13617 12255 6550 14399 14630 6571 9143 7626 6113 10849 1457 8833 3330 10790 6439 11238 8345 15886 2488 14980 12089 10357 8523 5323 3150 7901 12025 8032 3110 4910 8107 15178 10791 12261 8307 3341 7255 13335 4043 11755 8488 8718 10246 8172 4308 10158 15018 7674 7349 18856 10671 4102 5390 3318 5891 8259 7055 0 14960 5566 12968 8003 12541 12434 12273 10228 5208 7825 4826 3105 5394 16844 9787 9307 10455 12499 8833 15437 2914 14004 6075 1716 11692 8015 8421 10052 10985
6620 5235 14051 4502 14197 2163 14929 14759 12035 11335 4636 7875 11228 3694 14089 19019 21472 9199 6311 10091 7949 15047 19986 4206 14169 7773 11641 6792 8527 10032 12360 16421 17434 18809 12511 7672 17919 9688 13147 19529 8862 9017 15850 11910 16330 13437 12556 5659 12553 17749 14896 19023 16092 12643 19666 23456 8681 9251 15549 9610 954 7637 10624 4784 7312 15317 12494 13925 13102 18130 11207 14960 0 9478 4138 9402 3451 12025 13551 11389 12807 9751 12733 11999 13156 5749 12528 5690 5183 12065 18017 10003 15425 3128 12364 13283 17432 22788 11774 16757 12943
2958 12479 4715 8056 7320 7737 5803 8457 8224 6786 5207 4775 9612 6410 10996 12566 12009 9875 9435 4330 5557 8943 10639 5522 5065 5053 2254 6770 1078 7335 7702 13614 8054 14077 9140 5510 9986 283 3846 10835 7607 5044 7202 4604 8714 11916 8156 6961 7799 8644 7264 13185 6939 10459 11153 13983 7168 5388 7478 6150 9629 3111 4094 13292 5716 7202 4216 5617 5083 10011 4304 5566 9478 0 8131 3840 7459 9199 11284 8618 4411 5404 5379 2524 6151 11452 8904 3988 5539 9268 10195 11009 6091 8963 4546 3987 11365 13311 7381 10029 10030
5296 9347 12020 7355 14546 4703 13934 11197 8129 12422 5371 8819 13406 5333 15973 19750 19479 11942 9468 7012 4434 11414 18658 3103 11885 4466 9881 2915 7053 11662 8593 18531 15309 20286 14175 8978 17839 8240 11967 18939 10850 5657 13124 8983 16394 15827 13831 7851 8790 15264 14904 20038 15066 8524 19219 21684 4724 5783 12545 10867 3432 5314 10797 8860 8751 12350 12043 11166 12825 17938 11300 12968 4138 8131 0 9738 1120 13846 9423 7368 12306 6300 9704 10415 9951 9621 8558 4304 2596 13901 18005 12940 14172 1274 12145 11256 18294 20983 8006 17289 8869
4833 10710 7422 6241 4878 7272 6224 12273 11943 3066 4831 1829 5798 5720 7236 10014 13642 6419 6841 8074 8678 12765 11296 6644 8093 8144 5360 9425 4227 3528 11491 9883 10282 10802 5353 2488 8517 4076 5054 10238 4050 8511 10424 8424 6936 8076 4507 4768 11598 11340 5494 10327 7308 14048 10315 15165 10352 8884 10977 2345 9910 6115 1231 12005 2866 10699 3434 9143 3828 8733 1823 8003 9402 3840 9738 0 8757 5368 14917 12207 3762 9008 9167 5140 9954 9277 12627 5592 7467 5437 8619 7492 7021 10138 3096 6897 8564 14578 11133 7576 13705
4534 8533 11598 6267 13601 3657 13243 11419 8588 11373 4277 7758 12290 4214 14873 18770 19085 10827 8388 6946 4578 11680 18073 2125 11546 4479 9353 3341 6391 10566 8942 17422 14939 19223 13084 7889 16980 7597 11304 18183 9735 5722 12957 8869 15504 14709 12770 6731 9136 15017 14016 19023 14389 9250 18435 21231 5231 5915 12491 9794 2946 4879 9851 8235 7653 12278 11219 10999 11974 17099 10372 12541 3451 7459 1120 8757 0 12745 10172 7943 11494 6428 9643 9842 9975 8669 9077 3505 2106 12799 17135 11832 13545 1504 11278 10826 17293 20537 8353 16328 9510
9791 10800 12094 7613 5234 9970 9471 17578 17284 2577 8475 5221 1391 8707 2128 7839 16816 3929 6554 13434 13796 18078 13667 10852 12907 13268 10447 14265 9564 2200 16856 4726 14316 6814 687 4894 8719 9425 9285 11261 3162 13780 15251 13748 7230 2781 1877 6373 16964 15694 6551 7416 10175 19320 10991 17723 15451 14158 16006 3215 12820 11306 5334 12625 5095 15733 7050 14238 6692 9165 5455 12434 12025 9199 13846 5368 12745 0 20209 17490 7260 14321 14457 10067 15254 8981 17968 10287 12048 69 8620 4287 10478 13854 6370 11739 6209 17278 16487 6348 19023
10564 18705 11596 15882 18436 13636 15330 5744 3147 17972 12891 15130 20324 13561 22150 23504 17146 19741 17964 6974 6612 5476 18190 10698 10820 7096 11153 6953 10693 18127 3964 24800 13504 25335 20260 15673 20290 11130 13603 20132 17918 6429 10190 7634 19387 22769 19388 15746 3977 12408 18091 24286 16085 945 20679 19611 5164 6051 8865 17006 12845 8927 15370 18279 15662 8886 15128 8989 15995 20143 15583 12273 13551 11284 9423 14917 10172 20209 0 2720 15210 5912 7474 11817 6883 18739 2529 10395 9203 20276 20565 20872 14917 10573 15625 11181 22476 18921 4046 21010 1313
7859 16418 9454 13334 15842 11221 12996 4821 1171 15266 10270 12413 17607 11008 19437 20974 15712 17066 15385 4361 3963 4800 16298 8174 8778 4421 8679 4609 7988 15407 2132 22089 11798 22692 17546 12963 17893 8478 11177 17939 15211 3710 8641 5366 16904 20050 16687 13112 2271 10964 15566 21708 13836 1844 18448 18160 2720 3332 7476 14286 10782 6208 12689 16170 12960 7418 12562 7101 13436 17781 12922 10228 11389 8618 7368 12207 7943 17490 2720 0 12665 3218 5429 9356 5034 16311 1257 7739 6695 17557 18157 18202 12683 8606 13028 8941 19892 17452 1842 18461 1647
7011 14472 4997 9992 3315 10760 2503 11250 12067 4751 8173 5592 8244 9224 8419 8309 10025 9654 10547 8309 9945 11766 7533 9406 5886 9452 4104 11176 5423 6311 11360 10756 7081 10324 6888 6225 5587 4429 2106 6745 7339 9312 8163 7746 4317 9982 5584 8529 11407 8434 2909 9084 3549 14464 6950 11429 11521 9623 9100 5379 13184 7519 2662 15740 6616 8843 329 7505 804 5643 2161 5208 12807 4411 12306 3762 11494 7260 15210 12665 0 9540 8225 3488 9014 13024 12716 8009 9766 7324 5788 10595 3402 12976 901 4819 7286 10858 11174 5801 13909
4893 14373 6941 10785 12664 9051 10113 5008 3003 12061 7585 9320 14499 8502 16244 17840 13939 14135 12731 1306 1870 5305 13924 5883 6464 1980 5687 3484 4782 12271 2845 18891 9807 19481 14356 9913 14897 5272 8205 15172 12166 755 7106 3040 13823 16921 13476 10338 3014 9384 12448 18536 11049 5062 15632 16304 2433 518 6334 11132 9367 3161 9471 14459 9949 6166 9416 5217 10295 14823 9707 7825 9751 5404 6300 9008 6428 14321 5912 3218 9540 0 3572 6367 3682 13984 3679 5021 4592 14389 15147 15284 9936 7555 9855 6302 16717 15589 2329 15315 4703
6684 16862 4122 12786 11540 11623 7928 3124 4450 11947 9592 10124 14964 10708 16115 16333 10471 15220 14468 2701 5327 3629 10869 8581 3370 5238 4170 7011 5461 12690 3524 18659 6426 18549 14322 10841 12916 5118 6359 12659 12980 4083 3536 868 12152 17213 13212 11968 3497 5835 10972 17238 8624 6929 13208 12880 5930 4050 2849 11504 12501 5184 9161 17247 11008 2646 8224 1715 9030 12736 9179 4826 12733 5379 9704 9167 9643 14457 7474 5429 8225 3572 0 4741 804 16164 4969 7292 7605 14526 13204 16361 7454 10917 8827 3747 15470 12166 3603 13913 6175
5432 14880 2350 10395 6801 10252 3779 7795 8670 7496 7696 6609 10777 8893 11553 11701 9486 11551 11573 5075 7163 8310 8244 7992 2953 6739 681 8644 3503 8572 7917 14029 5576 13809 9840 7364 8546 2313 1838 8888 9187 6292 5288 4268 7570 12848 8644 9175 7954 6337 6296 12544 4803 11112 9306 11472 8579 6549 5940 7426 12130 5139 4749 15772 7653 5667 3485 4187 4292 8458 4629 3105 11999 2524 10415 5140 9842 10067 11817 9356 3488 6367 4741 0 5533 13749 9302 6444 7829 10135 8804 12632 3795 11338 4101 1758 10759 10796 7771 9234 10508
7292 17418 4764 13416 12329 12144 8636 2324 3973 12748 10203 10875 15749 11295 16918 17086 10702 15965 15141 3065 5524 2827 11342 9054 3947 5510 4971 7166 6178 13474 3000 19463 6767 19338 15123 11586 13626 5894 7121 13278 13741 4294 3648 1561 12900 18007 14015 12646 2939 5982 11741 18007 9286 6405 13844 13139 5901 4191 2675 12288 12873 5718 9963 17735 11742 2536 9018 2112 9818 13432 9983 5394 13156 6151 9951 9954 9975 15254 6883 5034 9014 3682 804 5533 0 16777 4424 7834 7988 15323 13918 17109 8115 11189 9624 4459 16244 12429 3193 14680 5605
9485 1834 16083 3409 13015 5104 15500 18775 16720 9581 6574 7459 7744 5508 10650 16787 22872 5155 2589 13868 12459 19157 20548 8170 16514 12110 13666 11787 10896 7747 16809 12438 19276 15548 9633 6799 16916 11729 14206 19102 6337 13234 18625 15296 15283 9300 10274 4598 16987 20062 14100 16393 16573 17801 19029 24442 13621 13556 18724 8054 6689 11104 10378 3757 6412 18458 12698 16903 12968 17265 10931 16844 5749 11452 9621 9277 8669 8981 18739 16311 13024 13984 16164 13749 16777 0 17307 9021 9623 8990 16911 5421 16284 8811 12279 15401 15145 23853 16255 15006 17943
8542 17491 9086 14244 15964 12243 12802 3749 684 15657 11113 12998 18174 11926 19858 20997 14933 17790 16258 4575 4856 3656 15765 9140 8331 5252 8641 5736 8405 15940 1445 22495 11145 22896 17979 13591 17761 8731 11079 17622 15844 4321 7888 5105 16870 20589 17052 13923 1485 10173 15586 21798 13564 1983 18163 17394 3852 3947 6635 14793 11952 6828 12998 17312 13621 6614 12644 6536 13505 17614 13179 9787 12528 8904 8558 12627 9077 17968 2529 1257 12716 3679 4969 9302 4424 17307 0 8550 7690 18036 18037 18936 12396 9808 13157 8656 19993 16693 1544 18512 1216
1034 9584 8386 5767 10298 4335 9745 9759 7911 8485 2570 5067 10149 3513 12369 15544 15846 9349 7720 4856 3785 10137 14627 1549 8480 3320 6019 3978 2945 8100 7866 15008 11767 16348 10493 5461 13535 4151 7821 14680 7642 4289 10208 6433 12098 12623 9934 5379 8034 12062 10607 15914 10895 9458 14939 17906 5321 4640 10022 7115 5712 2116 6565 9982 5375 9775 7742 8316 8520 13635 7042 9307 5690 3988 4304 5592 3505 10287 10395 7739 8009 5021 7292 6444 7834 9021 8550 0 1876 10349 13702 10477 10078 5005 7843 7613 14138 17224 7338 13054 9378
2773 9842 9510 6680 12160 4556 11341 9592 7119 10335 3832 6850 11816 4364 14150 17415 16993 10771 8773 4929 2873 9896 16073 1496 9442 2615 7309 2355 4461 9850 7302 16773 12840 18207 12289 7171 15328 5645 9371 16360 9270 3847 10868 6809 13920 14286 11779 6665 7490 12912 12432 17790 12471 8258 16652 19158 4041 4104 10446 8915 4895 2782 8436 9867 7032 10225 9514 8913 10317 15408 8903 10455 5183 5539 2596 7467 2106 12048 9203 6695 9766 4592 7605 7829 7988 9623 7690 1876 0 12108 15506 11864 11578 3549 9657 8739 16013 18461 6727 14919 8334
9856 10812 12161 7648 5280 10014 9530 17647 17352 2644 8530 5283 1372 8756 2075 7839 16869 3927 6572 13502 13861 18147 13715 10909 12975 13333 10516 14327 9633 2259 16925 4666 14377 6781 704 4951 8750 9494 9350 11297 3203 13847 15318 13817 7266 2713 1925 6415 17033 15757 6598 7404 10230 19387 11024 17770 15515 14225 16074 3280 12862 11372 5403 12640 5151 15802 7115 14307 6753 9198 5523 12499 12065 9268 13901 5437 12799 69 20276 17557 7324 14389 14526 10135 15323 8990 18036 10349 12108 0 8649 4267 10537 13904 6434 11807 6210 17327 16556 6368 19091
12735 18605 9213 14473 3930 15876 5282 15908 17429 7330 13442 10208 10002 14327 8310 3642 9811 12345 14323 13869 15702 16407 6159 15017 10118 15218 9484 16963 11210 9187 16618 9438 9245 7035 7953 10585 324 10199 6980 2882 10583 14996 11854 12935 1691 10446 6865 12956 16631 10969 3137 4934 4809 19895 2438 9913 17245 15285 13132 8917 18525 13305 7409 20180 10990 12934 6009 12014 5189 786 6840 8833 18017 10195 18005 8619 17135 8620 20565 18157 5788 15147 13204 8804 13918 16911 18037 13702 15506 8649 0 12886 5920 18587 5861 9460 3813 9649 16530 2509 19252
10395 7226 14904 5643 9315 8361 13032 19370 18273 6028 8039 6239 2896 7653 5464 11989 20550 1153 3698 14705 14260 19832 17629 10419 15585 13783 12823 14218 10957 4286 18065 7023 17600 10275 4970 5523 12971 11282 12364 15460 3447 14615 17912 15548 11437 3889 6037 5202 18209 18777 10592 11384 13903 19935 15228 21679 15774 14988 18411 5284 10928 12123 8107 9176 5392 18133 10316 16559 10222 13402 8481 15437 10003 11009 12940 7492 11832 4287 20872 18202 10595 15284 16361 12632 17109 5421 18936 10477 11864 4267 12886 0 13986 12555 9707 14389 10392 21186 17598 10635 19832
9046 17648 3353 13126 5698 13516 1018 10012 11833 8063 10897 8827 11557 12043 11349 9359 6638 13055 13861 8630 10915 10506 4566 11604 4225 10510 4409 12430 7154 9700 10954 13425 3926 12203 10028 9509 5611 5949 2279 5259 10739 9967 5975 7327 5250 13109 8688 11721 10943 5503 4579 10471 1171 14324 5770 8193 12255 10187 7219 8780 15660 8927 6026 18788 9882 7016 3699 6132 3805 5360 5556 2914 15425 6091 14172 7021 13545 10478 14917 12683 3402 9936 7454 3795 8115 16284 12396 10078 11578 10537 5920 13986 0 15048 4280 3747 8877 7580 10946 7228 13610
6035 8359 13059 6913 15005 4195 14746 12468 9392 12643 5485 9020 13293 5163 15977 20131 20540 11619 8965 8217 5685 12687 19573 3575 12975 5686 10841 4189 7894 11706 9866 18474 16383 20444 14236 9073 18438 9100 12808 19677 10768 6896 14301 10176 16946 15660 14010 7639 10063 16406 15460 20337 15893 9692 19921 22705 5986 7037 13764 11015 2301 6330 11262 7720 8800 13562 12697 12341 13440 18567 11795 14004 3128 8963 1274 10138 1504 13854 10573 8606 12976 7555 10917 11338 11189 8811 9808 5005 3549 13904 18587 12555 15048 0 12737 12288 18630 22009 9279 17714 10078
6884 13771 5812 9330 2813 10275 3347 11896 12497 3851 7733 4906 7343 8726 7588 8021 10882 8779 9772 8670 10098 12411 8274 9164 6679 9587 4659 11225 5473 5421 11836 9978 7982 9763 6014 5494 5702 4618 2940 7177 6480 9563 8984 8288 4264 9103 4724 7843 11896 9324 2778 8682 4327 14848 7303 12220 11714 9893 9873 4518 12796 7595 1909 15099 5894 9611 687 8224 741 5837 1349 6075 12364 4546 12145 3096 11278 6370 15625 13028 901 9855 8827 4101 9624 12279 13157 7843 9657 6434 5861 9707 4280 12737 0 5572 6864 11666 11613 5484 14335
6663 16465 775 12020 8082 11666 4181 6548 8086 9163 9182 8353 12497 10386 13137 12651 8262 13309 13280 5014 7503 7060 7653 9150 1196 7168 1738 9126 4785 10310 7217 15550 4154 15055 11477 9109 9171 3726 2766 8998 10945 6436 3541 3581 8460 14518 10242 10854 7213 4664 7363 13613 4910 10577 9517 10428 8690 6608 4303 9173 13320 5958 6458 17264 9389 4040 4903 2703 5600 8989 6284 1716 13283 3987 11256 6897 10826 11739 11181 8941 4819 6302 3747 1758 4459 15401 8656 7613 8739 11807 9460 14389 3747 12288 5572 0 11879 9727 7199 10284 9872
13310 16946 11838 13335 4053 15276 7994 18421 19339 6098 13178 9653 7554 13806 5152 1644 13595 10137 12644 15532 16866 18934 9962 15194 12771 16344 11388 17850 12208 7586 18645 5724 12603 3353 5533 9764 4088 11462 9134 6653 8958 16406 14801 15026 3646 7275 4968 11900 18693 14289 4516 1821 7955 21709 6112 13711 18511 16743 15956 7824 18097 14312 7596 18712 10120 15727 7350 14571 6490 4593 7187 11692 17432 11365 18294 8564 17293 6209 22476 19892 7286 16717 15470 10759 16244 15145 19993 14138 16013 6210 3813 10392 8877 18630 6864 11879 0 13460 18450 1649 21180
16223 25228 8963 20705 12054 20977 8361 13188 16348 15158 18373 16395 18526 19544 17579 12990 1780 20353 21401 14418 17073 13510 3630 18773 9188 16800 11209 18749 14294 16952 15357 19039 5783 16589 16708 17062 9386 13108 9767 6840 18120 15907 8816 12553 10367 19608 15401 19300 15255 6523 10734 14361 7342 18647 7460 715 18018 15996 10070 16162 22923 15683 13521 26345 17443 10079 11178 10451 11047 8876 13003 8015 22788 13311 20983 14578 20537 17278 18921 17452 10858 15589 12166 10796 12429 23853 16693 17224 18461 17327 9649 21186 7580 22009 11666 9727 13460 0 15617 12074 17767
7215 16567 7673 13094 14419 11262 11314 3324 900 14150 9906 11578 16732 10798 18355 19461 13881 16447 15055 3060 3857 3451 14471 8106 6966 4150 7107 5093 6925 14485 589 20986 9956 21353 16482 12193 16257 7201 9560 16191 14443 3049 6813 3622 15341 19131 15535 12667 785 9141 14048 20256 12108 3380 16716 16326 3361 2706 5685 13328 11289 5478 11473 16537 12245 5610 11100 5262 11963 16121 11644 8421 11774 7381 8006 11133 8353 16487 4046 1842 11174 2329 3603 7771 3193 16255 1544 7338 6727 16556 16530 17598 10946 9279 11613 7199 18450 15617 0 16972 2737
12172 16761 10218 12875 2763 14594 6351 16832 17866 5551 12342 8888 7739 13080 5828 2537 12098 10204 12443 14102 15574 17344 8511 14209 11151 15059 9878 16644 10929 7276 17145 6967 10963 4993 5664 9116 2721 10102 7559 5384 8687 15044 13159 13500 2002 7974 4747 11388 17186 12644 2942 3329 6310 20264 4940 12372 17197 15370 14325 7262 17362 13049 6494 18440 9500 14098 5901 12967 5025 3230 6017 10052 16757 10029 17289 7576 16328 6348 21010 18461 5801 15315 13913 9234 14680 15006 18512 13054 14919 6368 2509 10635 7228 17714 5484 10284 1649 12074 16972 0 19708
9467 18016 10295 14980 17145 12846 14018 4661 1842 16751 11914 13992 19182 12654 20942 22198 15999 18693 17032 5706 5607 4465 16935 9817 9530 6058 9845 6199 9478 16966 2656 23586 12281 24059 19056 14559 18977 9868 12291 18832 16810 5274 8991 6321 18077 21614 18158 14754 2679 11245 16786 22988 14778 915 19375 18464 4327 4894 7697 15832 12298 7790 14122 17712 14567 7699 13831 7716 14696 18831 14321 10985 12943 10030 8869 13705 9510 19023 1313 1647 13909 4703 6175 10508 5605 17943 1216 9378 8334 19091 19252 19832 13610 10078 14335 9872 21180 17767 2737 19708 0
1 10 6 3
2 9 10 3
3 9 11 5
4 8 7 5
5 7 11 4
6 5 4 6
7 7 7 1
8 8 11 4
9 8 10 5
10 12 12 2
11 10 9 4
12 9 9 3
13 9 4 3
14 6 9 8
15 4 6 7
16 7 8 4
17 8 7 4
18 10 5 5
19 8 10 4
20 9 5 4
21 5 6 2
22 6 10 5
23 13 4 4
24 2 7 3
25 8 8 2
26 11 8 4
27 8 7 3
28 4 8 7
29 3 12 2
30 4 8 2
31 2 8 6
32 7 8 5
33 11 10 4
34 6 5 5
35 8 9 7
36 10 8 5
37 10 5 2
38 6 10 6
39 12 10 3
40 7 4 8
41 7 4 5
42 10 5 2
43 10 4 4
44 8 5 7
45 8 9 6
46 10 7 3
47 3 8 4
48 8 13 6
49 11 7 7
50 10 10 4
51 2 7 2
52 9 5 7
53 3 11 3
54 10 6 3
55 10 12 1
56 9 8 3
57 6 6 3
58 12 7 4
59 12 7 5
60 4 7 4
61 12 5 4
62 6 10 4
63 12 11 7
64 4 6 6
65 11 7 4
66 11 8 5
67 6 7 6
68 6 7 3
69 9 4 6
70 9 7 5
71 5 12 5
72 7 3 5
73 13 8 5
74 8 6 4
75 12 9 1
76 3 6 5
77 10 14 4
78 5 3 4
79 5 9 5
80 2 6 4
81 8 9 3
82 7 10 4
83 6 11 5
84 7 7 2
85 8 2 4
86 9 5 4
87 9 7 7
88 8 7 5
89 7 6 4
90 6 7 5
91 6 3 5
92 7 7 2
93 7 7 6
94 5 7 5
95 11 10 4
96 8 11 5
97 11 2 4
98 8 6 4
99 5 6 3
100 6 4 3
