500 100 3
30 60 700 9.00
0 13 100 2
0 5 9 3
0 7 86 1
0 15 85 3
0 7 70 2
0 7 63 2
0 12 90 1
0 18 36 3
0 5 21 2
0 1 64 2
0 2 35 2
0 3 81 1
0 12 19 1
0 14 76 3
0 12 10 1
0 3 2 2
0 5 7 2
0 2 63 3
0 2 79 1
0 4 61 3
0 7 99 1
0 15 49 2
0 16 97 3
0 11 30 3
0 10 100 1
0 2 50 3
0 16 8 3
0 13 90 3
0 8 60 2
0 7 90 3
0 4 89 3
0 2 11 1
0 20 2 2
0 5 75 1
0 8 74 1
0 22 27 1
0 3 45 1
0 24 47 1
0 1 17 3
0 6 97 2
0 23 58 1
0 7 11 1
0 1 61 3
0 20 7 3
0 6 74 2
0 6 88 1
0 5 11 2
0 10 4 1
0 22 88 2
0 11 53 3
0 17 52 3
0 4 20 3
0 10 47 1
0 9 14 1
0 17 93 2
0 18 57 2
0 5 22 1
0 17 95 3
0 19 33 3
0 4 61 1
0 3 36 3
0 3 69 3
0 3 22 1
0 19 13 3
0 11 8 1
0 11 36 1
0 9 4 2
0 7 63 2
0 8 79 2
0 6 1 2
0 3 24 1
0 3 91 1
0 12 49 1
0 13 25 3
0 16 28 1
0 21 30 3
0 4 28 2
0 3 62 1
0 18 45 3
0 3 66 1
0 8 71 1
0 5 66 3
0 4 84 3
0 1 75 3
0 12 10 3
0 1 85 2
0 4 92 1
0 3 54 1
0 1 31 2
0 7 13 2
0 1 53 2
0 11 98 2
0 8 85 2
0 7 27 2
0 14 23 1
0 5 78 2
0 8 40 1
0 6 8 3
0 1 21 1
0 5 62 2
0 2 63 1
0 2 13 2
0 1 45 3
0 9 35 1
0 10 2 2
0 23 89 2
0 9 37 2
0 6 96 2
0 11 83 3
0 6 53 3
0 10 48 3
0 19 72 1
0 7 75 3
0 12 79 3
0 6 11 1
0 14 5 1
0 6 63 1
0 14 31 3
0 7 79 3
0 14 97 2
0 4 32 2
0 2 80 1
0 2 33 3
0 18 97 2
0 1 96 2
0 1 9 3
0 5 46 1
0 8 54 1
0 10 83 2
0 8 66 2
0 8 53 2
0 3 23 3
0 8 62 2
0 1 51 2
0 8 48 3
0 16 3 1
0 3 18 1
0 3 7 1
0 1 62 3
0 11 7 2
0 9 45 2
0 2 14 2
0 1 82 2
0 14 76 1
0 20 67 3
0 2 93 3
0 9 37 1
0 4 33 3
0 10 80 3
0 1 42 2
0 1 38 2
0 6 33 1
0 3 100 1
0 1 15 2
0 20 51 2
0 7 89 1
0 4 16 3
0 7 55 1
0 7 16 3
0 6 76 3
0 15 85 3
0 13 51 2
0 1 78 2
0 2 18 2
0 2 67 3
0 23 17 1
0 20 37 1
0 20 1 3
0 6 22 2
0 14 57 3
0 2 66 2
0 23 84 1
0 3 96 1
0 4 38 3
0 22 58 3
0 17 60 1
0 7 36 3
0 11 64 3
0 1 82 1
0 1 5 3
0 6 99 2
0 3 52 1
0 5 26 2
0 3 6 3
0 14 43 1
0 10 11 3
0 9 12 1
0 6 15 2
0 20 17 2
0 10 48 3
0 14 98 3
0 6 82 1
0 1 67 2
0 3 71 1
0 10 21 1
0 4 65 3
0 12 63 2
0 9 7 1
0 1 84 2
0 6 50 1
0 6 43 1
0 4 87 3
0 9 89 3
0 22 33 3
0 3 10 3
0 3 92 1
0 3 40 2
0 6 79 2
0 2 99 1
0 10 53 2
0 5 26 3
0 10 9 2
0 15 90 3
0 9 83 2
0 4 4 3
0 9 51 1
0 8 96 1
0 1 14 2
0 5 12 2
0 2 49 1
0 4 17 1
0 3 19 2
0 1 65 2
0 2 92 2
0 1 8 2
0 1 67 1
0 13 67 1
0 10 69 1
0 12 11 2
0 7 5 1
0 13 76 1
0 20 67 1
0 2 79 3
0 13 3 1
0 5 33 3
0 7 93 1
0 8 66 1
0 2 3 3
0 12 56 1
0 7 30 2
0 5 36 2
0 4 72 3
0 2 76 3
0 11 33 1
0 20 59 3
0 5 45 3
0 6 84 3
0 3 27 1
0 5 4 3
0 8 44 1
0 5 100 3
0 3 80 2
0 6 94 2
0 5 64 2
0 3 84 2
0 16 63 3
0 16 13 2
0 3 97 2
0 4 44 1
0 8 39 1
0 2 88 3
0 15 87 3
0 24 58 1
0 13 35 2
0 19 93 3
0 7 98 2
0 6 9 3
0 14 23 2
0 2 63 3
0 3 77 2
0 1 86 2
0 7 34 3
0 3 74 1
0 13 76 3
0 5 14 3
0 5 56 1
0 4 64 3
0 12 39 3
0 1 55 1
0 2 40 1
0 24 3 3
0 10 8 1
0 14 30 2
0 13 59 1
0 5 2 3
0 7 6 1
0 3 100 1
0 1 64 3
0 4 75 1
0 2 32 1
0 7 59 2
0 17 58 2
0 7 30 3
0 14 22 1
0 9 88 2
0 16 16 3
0 1 9 2
0 3 68 3
0 20 99 3
0 1 57 2
1 6 47 2
1 1 70 2
1 9 32 3
1 2 84 1
1 7 83 3
1 10 28 1
1 3 25 2
1 4 25 3
1 14 77 3
1 2 35 3
1 9 45 3
1 3 77 3
1 3 7 1
1 6 62 2
1 1 13 2
1 1 16 3
1 4 7 2
1 9 38 2
1 1 66 1
1 19 63 2
1 12 91 1
1 3 32 3
1 18 7 1
1 11 79 1
1 5 15 1
1 5 86 2
1 16 21 3
1 6 53 1
1 3 80 2
1 18 64 3
1 21 37 3
1 20 11 3
1 2 25 3
1 4 77 1
1 2 2 3
1 22 92 1
1 7 21 1
1 1 94 2
1 4 56 3
1 10 90 1
1 5 16 1
1 14 3 2
1 10 55 1
1 6 94 3
1 1 82 3
1 4 40 3
1 9 94 2
1 1 53 3
1 7 34 3
1 6 47 3
1 1 20 1
1 3 39 1
1 5 41 2
1 1 47 1
1 5 80 1
1 2 77 1
1 13 13 1
1 8 8 1
1 10 15 2
1 4 71 2
1 2 20 3
1 24 65 1
1 3 72 2
1 2 2 3
1 1 21 3
1 15 62 2
1 3 40 2
1 25 33 2
1 19 2 1
1 2 29 3
1 15 73 3
1 10 100 1
1 10 75 3
1 2 53 1
1 8 31 2
1 18 54 2
1 24 45 1
1 3 21 1
1 19 64 1
1 16 39 3
1 13 23 3
1 18 100 2
1 17 80 2
1 17 13 2
1 3 33 3
1 12 81 3
1 1 34 3
1 12 92 2
1 15 4 3
1 11 58 3
1 1 88 2
1 18 19 3
1 25 5 2
1 1 92 1
1 4 23 1
1 1 47 2
1 7 23 3
1 19 38 1
1 12 26 2
1 7 41 1
1 16 18 3
1 4 62 1
1 14 99 3
1 15 57 3
1 9 78 1
1 15 56 2
1 3 3 3
1 4 74 2
1 12 23 1
1 7 64 3
1 2 66 3
1 1 35 3
1 12 50 3
1 5 36 1
1 1 52 3
1 2 42 3
1 5 66 3
1 15 81 2
1 3 55 3
1 11 36 1
1 2 55 2
1 19 85 1
1 13 85 3
1 25 7 1
1 3 54 1
1 14 78 2
1 25 41 3
1 14 100 3
1 13 61 2
1 12 48 1
1 20 96 2
1 16 57 3
1 10 51 2
1 14 25 2
1 1 24 1
1 6 44 3
1 2 6 2
1 8 4 3
1 2 91 2
1 4 90 1
1 7 3 1
1 9 70 3
1 3 57 1
1 17 58 2
1 4 36 2
1 10 62 3
1 14 96 2
1 1 37 3
1 3 55 3
1 6 28 1
1 9 20 2
1 15 72 2
1 7 76 3
1 2 55 2
1 15 52 2
1 12 50 1
1 6 58 2
1 6 93 3
1 2 64 2
1 11 90 3
1 1 25 3
1 3 29 1
1 1 2 2
1 5 30 1
1 19 46 3
1 5 7 1
1 6 17 1
1 2 37 3
1 17 61 2
1 10 58 2
1 7 100 1
1 14 41 1
1 19 1 1
1 10 2 2
1 6 19 2
1 2 99 2
1 6 80 2
1 8 82 2
1 8 22 3
1 1 44 3
1 10 99 1
1 8 50 1
1 22 78 3
1 15 70 2
1 3 58 2
1 5 60 1
1 8 91 1
1 2 54 3
1 3 3 3
1 2 91 1
1 11 96 1
1 7 99 1
1 9 56 2
1 2 71 3
1 3 31 1
1 7 36 2
1 2 37 1
1 5 52 3
1 4 90 3
1 3 83 3
0 3909 8183 5598 11612 10234 7045 11665 7389 10270 8774 10141 6677 4837 11487 6013 8773 10113 7531 10823 12049 8863 9090 11809 3040 9846 11180 8631 5084 10687 9623 4400 5501 6986 4118 2115 7928 10646 3219 9993 9898 12736 6504 6205 4150 7235 5538 8888 14778 8587 3684 7292 7689 8839 7699 11629 8717 12012 12068 1859 10217 9957 8622 1925 13773 6171 6270 2858 4417 2324 7459 4966 1473 2025 6366 12843 11393 11252 6099 5642 8545 9241 6092 9144 8910 10273 9534 13028 10348 4814 6511 10816 4238 4273 9791 3081 6427 11806 10353 10104 4073
3909 0 5242 2046 13402 13668 5847 7918 4722 14077 9194 11033 9598 7393 11183 6781 5711 6303 8769 13531 12955 8623 11533 15367 5986 6370 14988 11850 1473 9566 13318 1846 5483 8935 5371 6003 4624 8064 691 11933 11327 12384 2597 9750 8011 11142 3345 10499 14528 4680 3971 9096 11430 12260 11519 14525 11525 15700 15350 3815 10641 6583 7546 3547 13066 3926 8647 6634 6789 1836 4588 8515 5086 5692 8209 12152 12883 13485 10007 2969 10935 11537 9199 6214 9332 13255 5671 12514 8693 7897 9903 11244 5649 7426 11741 3141 2522 11434 6815 11780 7930
8183 5242 0 5820 12718 15614 10535 8202 8469 16975 7506 9517 14621 12494 8063 6544 8586 6695 8304 14198 11124 6216 12068 17470 10913 2248 17845 16748 5616 5708 15905 6779 10626 9350 10606 9878 7421 2870 5708 11681 16554 9023 4141 12323 12188 14918 7954 15740 11056 4722 5416 14334 15806 17014 14614 15399 16609 18125 16857 8831 8583 8544 4353 6668 9210 2192 13813 10127 11918 5948 724 11276 8702 10205 13440 8414 18108 13432 13730 7338 11495 16743 14135 9171 7606 14402 5892 8941 4332 12823 12175 9067 6835 9818 16980 8380 4448 8186 2802 11185 12122
5598 2046 5820 0 15403 15629 4718 6068 2894 15866 11023 12922 10310 8055 12769 8736 3690 4546 10744 15576 14823 10304 13579 17294 6996 6220 16777 12670 574 10905 15183 1508 5102 10971 5687 7708 2579 8674 2578 13954 11116 13927 1839 11666 9491 12710 2164 10429 16065 3360 5979 9219 12693 13218 13297 16564 12085 17572 17347 4909 12439 4544 9000 5561 14467 5214 9110 8433 7421 3826 5324 10422 6925 7096 8423 13580 12640 15522 11621 1522 12980 11793 10045 4215 11158 15285 4048 13998 9828 8804 11861 13031 7685 9410 11794 3673 1554 12992 6536 13777 9405
11612 13402 12718 15403 0 7171 18508 20409 18094 10287 5272 3419 16236 15464 6611 6714 19093 18743 4690 3564 3011 6737 3162 8566 13852 14894 10689 16903 14847 8754 8916 14995 17111 4639 15654 10753 17957 12598 13054 1643 20774 6994 14952 7868 11883 11731 16479 19709 7532 16679 9432 18146 14115 16374 9707 4583 17959 9762 6820 13470 4664 19791 8664 10319 8413 11218 16739 9932 15334 11893 12397 8290 10335 12316 17326 8022 22085 1649 11101 16282 3438 19245 15469 19611 5196 4762 17939 7562 10085 14717 7157 4524 7815 7789 20162 14556 15119 6846 15406 1628 11906
10234 13668 15614 15629 7171 0 16952 21573 17622 3210 10021 9253 11743 11940 12642 9249 18996 19929 8139 3671 9926 11407 4648 1868 10924 17825 3519 11519 15069 13957 1978 14599 15054 6616 13237 8337 18098 16726 13061 6288 16708 13436 16026 4035 7925 6003 15766 15692 14469 18101 10485 14357 8450 10717 3802 3158 12950 2788 2012 11721 10416 20124 12868 10140 14909 13523 12816 7440 12106 11833 15028 5268 8785 9661 13772 14284 17707 5574 6023 15868 4936 14570 11037 19377 10047 2413 19237 13988 14802 10839 3768 10629 8827 6249 15671 13193 16058 12963 18387 7109 7993
7045 5847 10535 4718 18508 16952 0 8036 2720 16271 14858 16570 8079 6151 17013 12253 3994 7268 14108 17862 18512 14424 16123 18332 6244 10800 17136 10411 4951 15393 15974 4003 2078 13874 3911 8644 4260 13392 5848 16923 7014 18223 6497 12952 9392 12497 2597 6597 20365 7301 9403 5885 11559 11242 13809 18633 9306 18290 18883 5297 16329 5465 13390 8201 18910 9701 6514 9568 5630 6773 10017 11774 8486 7304 5423 17997 8423 18265 11672 3198 15569 8429 8170 3895 14999 17264 7278 18360 14434 7306 13378 16939 10760 11302 8065 3980 6191 17271 11042 16940 9307
11665 7918 8202 6068 20409 21573 8036 0 5450 21931 15436 17457 15669 13485 16265 13750 4042 1682 15748 21156 19191 14303 19072 23284 12787 6698 22843 18065 6587 13861 21223 7399 9663 16344 10990 13776 4106 10123 8555 19136 14986 17200 5616 17667 15501 18739 6917 14631 19186 3730 11386 13860 18535 18759 19362 22231 17170 23609 23211 10846 16657 2606 12524 11433 17257 9214 14237 14491 12866 9752 8257 16431 12967 13101 13279 16523 16308 20819 17670 6442 18468 16442 15563 4232 15553 21019 2470 17082 12390 14432 17813 17178 13165 15324 16100 9439 5539 16382 6492 18798 15414
7389 4722 8469 2894 18094 17622 2720 5450 0 17419 13877 15746 10268 8133 15662 11503 1547 4556 13484 17979 17661 13194 16066 19170 7685 8375 18316 12658 3367 13763 16920 3143 4215 13564 5654 9353 1542 11245 5043 16594 9729 16816 4329 13591 10660 13895 1866 9272 18953 4688 8678 8420 13365 13393 14870 18888 11722 19297 19451 6052 15307 3010 11884 7933 17331 8094 8802 10206 7532 6242 8061 12354 8849 8326 7829 16451 11143 18095 12926 1829 15479 11013 10216 1779 14014 17562 4564 16879 12630 9158 13896 15903 10294 11568 10732 4540 4023 15883 8554 16477 10572
10270 14077 16975 15866 10287 3210 16271 21931 17419 0 12432 12002 9844 10595 15265 11087 18896 20361 10438 6859 12907 13678 7492 2894 10030 19086 912 9092 15345 16250 1395 14628 14243 8829 12382 8167 18150 18508 13409 9235 14771 16172 16610 4654 6879 3978 15561 13825 17385 18719 11589 12682 6070 8166 2571 6342 10669 2196 4661 11367 13065 20169 14884 10766 17631 14796 11169 7446 10912 12283 16321 5736 8991 9102 12262 16933 15575 8732 4605 15797 7628 12398 9235 19198 12483 5581 19747 16705 16887 9397 4895 13361 10186 7158 13552 12879 16583 15602 19644 10022 6964
8774 9194 7506 11023 5272 10021 14858 15436 13877 12432 0 2024 14874 13448 3040 2760 14643 13806 2018 7471 3819 1519 5539 11827 11649 9645 13129 16239 10515 3952 11088 10981 13886 3624 12825 8902 13455 7382 9039 4522 18656 4200 10214 8311 10856 12147 12506 17631 6080 11730 5479 16026 14057 16027 10779 8725 16851 12802 10631 10508 1475 15128 3401 6978 5509 6247 14867 8419 13120 8105 7251 7922 7984 10220 15112 4675 20128 6240 11135 12162 5122 17736 14156 15199 140 8101 12989 4624 5006 13077 7778 2087 4557 6624 18428 11176 10427 3392 10148 3858 10839
10141 11033 9517 12922 3419 9253 16570 17457 15746 12002 2024 0 15811 14601 3446 4317 16573 15823 2631 6197 1942 3372 4605 10947 12842 11631 12598 16938 12398 5354 10613 12777 15458 3777 14254 9902 15394 9194 10818 3122 19894 4187 12195 8392 11598 12374 14300 18848 5501 13746 7174 17244 14501 16607 10718 7418 17719 12028 9506 11953 1284 17104 5314 8486 5658 8258 15986 9272 14339 9798 9274 8302 9146 11347 16354 5046 21321 4654 11482 13996 4378 18756 15066 17121 1915 7067 15007 4736 6666 14090 7759 1376 5930 7248 19532 12772 12399 3744 12124 2310 11596
6677 9598 14621 10310 16236 11743 8079 15669 10268 9844 14874 15811 0 2255 17799 12215 11789 14502 13226 14114 17552 15265 13157 12514 3716 15967 10545 2397 10047 17286 10123 8806 6107 12124 4704 5972 11570 17238 9004 14628 4974 19026 11908 8588 4353 5905 8791 3989 20952 13668 10315 2924 3983 3163 7964 14392 2042 12038 13738 5810 16207 13274 15250 8564 20187 12756 1612 6539 2888 8698 13909 7951 6958 4780 2808 19273 6004 15304 5727 9351 12802 3010 767 11843 14998 13074 14206 19381 17020 1867 9270 16764 10412 8616 3991 6663 11705 18137 16411 15041 4331
4837 7393 12494 8055 15464 11940 6151 13485 8133 10595 13448 14601 2255 0 16266 10714 9672 12278 11974 13785 16433 13665 12529 13005 1812 13761 11398 4627 7795 15522 10580 6551 4092 11073 2495 4747 9379 15173 6823 13824 5326 17509 9661 8301 4024 6648 6580 4266 19511 11414 8520 2683 5416 5274 8353 14253 4132 12734 13950 3665 14847 11143 13452 6762 18588 10711 1434 5532 635 6636 11791 7397 5476 3255 1893 17661 6720 14730 6065 7121 12095 4408 2083 9770 13580 12884 11964 17824 15132 1214 8912 15429 8899 7677 4985 4412 9455 16592 14195 14128 3961
11487 11183 8063 12769 6611 12642 17013 16265 15662 15265 3040 3446 17799 16266 0 5585 16190 14744 5014 9639 3881 2648 8007 14369 14455 9836 15911 19240 12328 2586 13893 13027 16287 6579 15415 11840 14986 6800 11180 6566 21378 1250 11606 11307 13862 15178 14522 20375 3361 12724 7936 18779 17096 19052 13749 10853 19798 15427 12952 13116 2226 16425 3833 9604 2469 7594 17695 11410 15894 10445 8082 10959 10856 13082 17853 1672 22880 8027 14174 14082 7717 20610 17096 16770 2944 10505 13933 1593 4143 15977 10745 2117 7394 9662 21249 13584 11867 352 10240 5747 13841
6013 6781 6544 8736 6714 9249 12253 13750 11503 11087 2760 4317 12215 10714 5585 0 12420 12075 2025 7668 6258 3105 5535 11117 8908 8792 11887 13704 8192 5467 9857 8484 11179 2805 10071 6262 11267 7491 6522 5386 15900 6816 8244 6564 8352 10064 10003 14877 8798 10028 2862 13274 11735 13576 9055 8858 14216 11899 10349 7755 4213 13079 3819 4232 7986 4685 12138 5887 10371 5481 6059 5861 5275 7506 12358 7083 17377 7083 8963 9726 4955 15033 11514 12951 2897 7867 11281 7167 5837 10392 6199 4818 1816 4399 15697 8479 8406 5922 9345 5087 8324
8773 5711 8586 3690 19093 18996 3994 4042 1547 18896 14643 16573 11789 9672 16190 12420 0 3455 14432 19186 18457 13828 17222 20580 9225 8082 19797 14173 4249 14127 18360 4404 5704 14645 7198 10787 1205 11213 6153 17640 10961 17297 4594 14976 12174 15416 3345 10589 19413 4223 9667 9841 14911 14923 16339 20136 13196 20744 20791 7538 16033 1492 12365 9125 17692 8603 10302 11616 9074 7396 8295 13733 10211 9822 9296 16843 12311 19195 14432 3131 16627 12411 11753 586 14776 18831 3701 17312 12879 10704 15249 16616 11359 12870 12058 6033 4324 16386 8161 17467 12086
10113 6303 6695 4546 18743 19929 7268 1682 4556 20361 13806 15823 14502 12278 14744 12075 3455 0 14077 19476 17578 12707 17390 21653 11437 5439 21273 16896 5032 12395 19621 5960 8651 14663 9798 12228 3041 8838 6956 17461 14282 15717 3940 16047 14034 17256 5715 13824 17739 2076 9706 12912 17175 17535 17796 20553 16108 22002 21550 9419 15051 2433 10966 9791 15850 7568 13139 12915 11648 8130 6684 14815 11378 11637 12257 15085 15680 19140 16165 5158 16787 15518 14336 3853 13924 19346 818 15627 10964 13157 16175 15582 11485 13681 15279 8074 3876 14876 5339 17130 13948
7531 8769 8304 10744 4690 8139 14108 15748 13484 10438 2018 2631 13226 11974 5014 2025 14432 14077 0 5971 4518 3275 3886 9977 10212 10539 11152 14447 10195 5841 9107 10429 12904 1612 11649 7290 13285 8783 8470 3412 17264 6108 10264 6300 9074 10170 11937 16218 7822 12021 4808 14614 12147 14176 8762 7208 15159 10900 8932 9358 3044 15103 4805 5942 7476 6609 13363 6696 11708 7369 7892 5968 6516 8719 13724 6671 18693 5146 9186 11691 3374 16153 12488 14958 2090 6395 13278 6572 6678 11484 5760 3560 3366 4755 16914 10243 10429 5364 11078 3064 9066
10823 13531 14198 15576 3564 3671 17862 21156 17979 6859 7471 6197 14114 13785 9639 7668 19186 19476 5971 0 6471 8977 2133 5004 12408 16446 7182 14369 15002 11372 5536 14841 16187 4885 14516 9397 18147 14727 13036 3075 18933 10254 15545 5539 9868 8925 16207 17878 11037 17492 9773 16400 11401 13702 6741 1254 15621 6198 3337 12585 7460 20111 10720 10063 11717 12332 14900 8476 13794 11790 13727 6399 9376 10936 15677 11201 20106 1926 8548 16155 2722 17087 13359 19644 7453 1285 18714 10821 12471 12849 4885 7535 7994 6563 18105 13903 15648 9927 16994 3894 9913
12049 12955 11124 14823 3011 9926 18512 19191 17661 12907 3819 1942 17552 16433 3881 6258 18457 17578 4518 6471 0 4909 5429 11453 14694 13149 13403 18559 14306 6315 11513 14710 17392 5430 16166 11705 17271 10434 12752 3672 21744 4043 14031 9767 13278 13760 16234 20692 4567 15505 9114 19091 15996 18165 11938 7565 19421 12616 9785 13872 2542 18945 6799 10420 5426 10044 17801 11025 16194 11739 10952 9853 11008 13184 18212 5109 23152 4621 12954 15921 5407 20523 16799 19010 3689 7569 16760 4604 7796 15871 9091 2086 7856 8941 21332 14711 14246 4050 13614 2904 13283
8863 8623 6216 10304 6737 11407 14424 14303 13194 13678 1519 3372 15265 13665 2648 3105 13828 12707 3275 8977 4909 0 7010 13235 11853 8280 14411 16804 9835 2573 12363 10458 13648 4860 12768 9341 12627 5875 8578 6041 18743 3896 9295 9377 11456 13069 11967 17745 6000 10642 5288 16153 14822 16680 11874 10231 17280 14173 12103 10471 2368 14190 1943 6968 4928 5255 15098 8992 13277 7805 6051 8834 8307 10514 15225 4009 20251 7756 11999 11558 6562 18032 14577 14399 1564 9566 11889 4164 3494 13425 8906 2875 4861 7428 18643 10941 9534 2952 8764 5369 11429
9090 11533 12068 13579 3162 4648 16123 19072 16066 7492 5539 4605 13157 12529 8007 5535 17222 17390 3886 2133 5429 7010 0 6365 11006 14316 8033 13750 13006 9488 6097 12923 14553 2757 12970 7915 16157 12668 11070 1773 17798 8788 13470 4709 8811 8579 14332 16734 9896 15393 7704 15197 10954 13212 6603 3338 14836 7426 5094 10910 5782 18098 8677 8133 10261 10201 13750 7036 12455 9836 11594 5211 7696 9485 14412 9640 19064 2209 7940 14237 604 16166 12391 17697 5542 2561 16622 9340 10491 11708 3998 5981 5931 4955 17113 12144 13582 8323 14865 2531 8840
11809 15367 17470 17294 8566 1868 18332 23284 19170 2894 11827 10947 12514 13005 14369 11117 20580 21653 9977 5004 11453 13235 6365 0 12180 19675 2676 11939 16742 15773 2426 16203 16375 8472 14528 9823 19723 18593 14742 7897 17480 15108 17772 5629 9071 6613 17306 16502 16019 19860 12300 15270 8885 11036 4653 4104 13482 1239 1992 13187 12145 21752 14724 11867 16580 15368 13735 8966 13243 13532 16877 6874 10392 11032 14769 15992 18357 6921 6946 17449 6713 15184 11858 20939 11846 3903 20976 15667 16649 11847 5487 12320 10667 7990 16323 14684 17792 14682 20237 8730 9148
3040 5986 10913 6996 13852 10924 6244 12787 7685 10030 11649 12842 3716 1812 14455 8908 9225 11437 10212 12408 14694 11853 11006 12180 0 12327 10891 5873 6642 13726 9787 5505 4218 9380 2358 3102 8721 13523 5357 12209 7052 15699 8427 7064 3153 6280 5927 6007 17706 10327 6723 4402 5748 6284 7593 12981 5736 12070 12908 2174 13056 10631 11662 4963 16776 9041 3245 3971 1501 4982 10199 6024 3697 1537 3518 15849 8490 13215 5428 6347 10539 6204 3231 9429 11781 11600 11024 16012 13371 1920 7607 13641 7095 6077 6794 3363 8257 14780 12790 12467 3069
9846 6370 2248 6220 14894 17825 10800 6698 8375 19086 9645 11631 15967 13761 9836 8792 8082 5439 10539 16446 13149 8280 14316 19675 12327 0 19967 18201 6223 7318 18054 7508 11309 11598 11638 11704 7050 3426 6972 13902 17324 10659 4382 14448 13960 16836 8360 16603 12568 3865 7498 15312 17535 18563 16678 17648 17891 20303 19096 10169 10626 7657 6354 8549 10598 4315 14991 12053 13153 7529 2798 13361 10564 11826 14464 9903 18855 15655 15651 7691 13743 17827 15554 8637 9736 16647 4733 10487 5789 14246 14335 11069 9015 11933 17930 9430 4669 9905 562 13384 13888
11180 14988 17845 16777 10689 3519 17136 22843 18316 912 13129 12598 10545 11398 15911 11887 19797 21273 11152 7182 13403 14411 8033 2676 10891 19967 0 9641 16257 16984 2048 15536 15099 9551 13238 9076 19056 19334 14321 9740 15433 16781 17520 5522 7747 4753 16460 14508 17920 19629 12470 13414 6683 8676 3481 6521 11254 1662 4617 12264 13698 21074 15668 11671 18247 15671 11915 8358 11735 13193 17196 6629 9902 9994 13028 17574 16180 9092 5463 16700 8221 13007 9963 20094 13174 5932 20659 17322 17663 10192 5720 13967 11041 8035 14170 13776 17494 16243 20526 10546 7832
8631 11850 16748 12670 16903 11519 10411 18065 12658 9092 16239 16938 2397 4627 19240 13704 14173 16896 14447 14369 18559 16804 13750 11939 5873 18201 9641 0 12386 18979 9689 11162 8478 13171 7098 7490 13967 19277 11229 15361 6067 20435 14228 9042 5383 5527 11187 5329 22263 16030 12132 4845 3075 1057 7755 14439 1679 11253 13429 8037 17484 15660 17000 10425 21677 14796 3898 7830 5261 10800 16028 8716 8613 6625 5022 20784 6584 15784 5842 11743 13484 3462 2652 14214 16354 13213 16591 20832 18853 3955 9753 18006 11957 9700 4633 9005 14036 19586 18661 15877 5400
5084 1473 5616 574 14847 15069 4951 6587 3367 15345 10515 12398 10047 7795 12328 8192 4249 5032 10195 15002 14306 9835 13006 16742 6642 6223 16257 12386 0 10528 14644 1294 5102 10403 5497 7198 3151 8484 2011 13392 11109 13499 1893 11115 9035 12239 2354 10379 15641 3686 5419 9110 12296 12900 12777 15990 11868 17032 16780 4514 11941 5117 8588 4990 14079 4821 8908 7905 7165 3256 5071 9873 6385 6649 8285 13184 12647 14954 11138 1792 12408 11658 9747 4764 10651 14713 4486 13587 9503 8485 11302 12536 7117 8844 11715 3385 1663 12559 6580 13222 8950
10687 9566 5708 10905 8754 13957 15393 13861 13763 16250 3952 5354 17286 15522 2586 5467 14127 12395 5841 11372 6315 2573 9488 15773 13726 7318 16984 18979 10528 0 14936 11395 14932 7433 14315 11490 12930 4214 9700 8347 20389 3346 9542 11914 13707 15528 12826 19435 5348 10428 7003 17875 17172 18933 14415 12622 19323 16730 14574 12098 4090 14219 2091 8763 3571 5708 16952 11255 15074 9201 5853 11310 10378 12506 16941 2721 21927 9984 14430 12318 9073 19928 16635 14712 3945 12049 11597 3233 1561 15423 11462 4303 7063 9864 20444 12298 9825 2604 7698 7597 13671
9623 13318 15905 15183 8916 1978 15974 21223 16920 1395 11088 10613 10123 10580 13893 9857 18360 19621 9107 5536 11513 12363 6097 2426 9787 18054 2048 9689 14644 14936 0 14020 13995 7504 12142 7573 17549 17321 12669 7841 15095 14787 15800 3635 6662 4246 15054 14107 15990 17905 10571 12854 6614 8842 2228 5132 11179 2390 3747 10894 11688 19578 13627 9902 16249 13745 11317 6765 10824 11496 15270 4824 8259 8693 12344 15560 16013 7380 4521 15236 6237 12849 9454 18695 11135 4252 18976 15323 15620 9421 3734 11975 9078 6141 13976 12402 15794 14228 18615 8627 6740
4400 1846 6779 1508 14995 14599 4003 7399 3143 14628 10981 12777 8806 6551 13027 8484 4404 5960 10429 14841 14710 10458 12923 16203 5505 7508 15536 11162 1294 11395 14020 0 3857 10437 4213 6467 3530 9646 1962 13476 9844 14230 3185 10586 8102 11342 1525 9098 16374 4868 5627 7817 11224 11712 12059 15761 10598 16409 16387 3460 12439 5558 9387 4790 14907 5719 7631 7257 5918 3110 6188 9342 5817 5702 6992 13994 11387 14959 10283 1315 12336 10365 8538 4821 11120 14444 5520 14359 10476 7298 10847 13045 7182 8469 10425 2167 2945 13280 7871 13386 8015
5501 5483 10626 5102 17111 15054 2078 9663 4215 14243 13886 15458 6107 4092 16287 11179 5704 8651 12904 16187 17392 13648 14553 16375 4218 11309 15099 8478 5102 14932 13995 3857 0 12478 1861 6834 5627 13488 5240 15494 6015 17524 6932 11097 7370 10436 3072 5342 19646 8231 8420 4267 9489 9261 11809 16889 7507 16288 17011 3650 15360 7196 12863 6972 18348 9394 4598 7766 3556 5843 10017 9957 6857 5397 3619 17420 7547 16733 9639 3737 14023 6877 6139 5737 14026 15511 8494 17721 14153 5233 11567 15971 9541 9639 6742 2714 6655 16571 11637 15590 7287
6986 8935 9350 10971 4639 6616 13874 16344 13564 8829 3624 3777 12124 11073 6579 2805 14645 14663 1612 4885 5430 4860 2757 8472 9380 11598 9551 13171 10403 7433 7504 10437 12478 0 11059 6327 13548 10151 8526 3054 16399 7625 10757 4734 7855 8662 11897 15340 9218 12652 5021 13749 10733 12831 7172 6059 13994 9349 7572 8845 4502 15455 6253 5702 9026 7448 12416 5606 10878 7327 8855 4531 5761 7848 12892 8246 17776 4551 7728 11739 2164 15099 11369 15141 3688 5070 13888 8112 8191 10459 4168 4945 3286 3511 15927 9917 10882 6927 12151 3122 7857
4118 5371 10606 5687 15654 13237 3911 10990 5654 12382 12825 14254 4704 2495 15415 10071 7198 9798 11649 14516 16166 12768 12970 14528 2358 11638 13238 7098 5497 14315 12142 4213 1861 11059 0 5120 6885 13398 4918 14019 6089 16664 7389 9314 5509 8586 4090 5184 18749 9024 7480 3729 7754 7769 9951 15166 6400 14429 15207 2317 14284 8660 12224 5850 17601 9057 3423 6046 1881 5120 9936 8207 5320 3615 2839 16667 7640 15169 7777 4649 12462 6190 4575 7324 12963 13785 9510 16911 13711 3513 9813 14889 8334 8019 6375 2230 7156 15719 12034 14181 5426
2115 6003 9878 7708 10753 8337 8644 13776 9353 8167 8902 9902 5972 4747 11840 6262 10787 12228 7290 9397 11705 9341 7915 9823 3102 11704 9076 7490 7198 11490 7573 6467 6834 6327 5120 0 9994 12114 5318 9111 10073 13061 8590 4314 2337 5181 7487 9013 14980 10683 4758 7426 5965 7476 5596 10058 7958 9957 10244 3384 10242 12019 9527 3214 14247 7747 6097 932 4582 4311 9159 3132 1195 1571 6582 13340 11452 10124 4020 7664 7440 8865 5257 11126 9026 8678 11646 13426 11419 4195 4740 10805 4481 2975 9632 4865 8526 12180 12231 9387 2280
7928 4624 7421 2579 17957 18098 4260 4106 1542 18150 13455 15394 11570 9379 14986 11267 1205 3041 13285 18147 17271 12627 16157 19723 8721 7050 19056 13967 3151 12930 17549 3530 5627 13548 6885 9994 0 10093 5120 16523 11264 16094 3392 14099 11540 14789 2815 10786 18211 3249 8547 9878 14462 14653 15582 19124 13113 19939 19854 6869 14839 2030 11161 8109 16498 7399 10160 10786 8760 6372 7109 12854 9330 9153 9242 15646 12683 18099 13761 2392 15558 12482 11457 1785 13587 17835 3023 16111 11697 10331 14336 15420 10263 11917 12239 5407 3120 15182 7177 16330 11452
10646 8064 2870 8674 12598 16726 13392 10123 11245 18508 7382 9194 17238 15173 6800 7491 11213 8838 8783 14727 10434 5875 12668 18593 13523 3426 19334 19277 8484 4214 17321 9646 13488 10151 13398 12114 10093 0 8480 11887 19391 7458 6943 13891 14450 16925 10818 18558 9253 7103 7390 17124 18077 19462 16316 15974 19254 19391 17698 11513 8029 10966 4012 8933 7239 4485 16527 12206 14619 8546 3477 12988 10919 12663 16218 6608 20947 13619 15748 10194 12153 19485 16707 11790 7437 15168 8101 7218 2662 15406 13616 8364 8388 11481 19770 11183 7253 6805 3676 11240 14392
3219 691 5708 2578 13054 13061 5848 8555 5043 13409 9039 10818 9004 6823 11180 6522 6153 6956 8470 13036 12752 8578 11070 14742 5357 6972 14321 11229 2011 9700 12669 1962 5240 8526 4918 5318 5120 8480 0 11552 10951 12399 3288 9118 7321 10452 3483 10089 14538 5368 3666 8644 10751 11616 10848 14005 10954 15054 14770 3198 10503 7115 7644 2990 13151 4185 8113 5963 6231 1252 5026 7878 4421 5009 7740 12228 12508 13066 9318 3228 10477 11035 8582 6627 9179 12717 6341 12560 8923 7274 9293 11111 5252 6833 11289 2716 3209 11446 7433 11440 7240
9993 11933 11681 13954 1643 6288 16923 19136 16594 9235 4522 3122 14628 13824 6566 5386 17640 17461 3412 3075 3672 6041 1773 7897 12209 13902 9740 15361 13392 8347 7841 13476 15494 3054 14019 9111 16523 11887 11552 0 19138 7221 13611 6362 10277 10296 14945 18073 8184 15413 7976 16507 12633 14868 8362 4304 16377 9021 6389 11849 4386 18395 7880 8755 8692 10021 15105 8292 13692 10367 11294 6697 8700 10673 15685 8142 20455 1755 9599 14774 1884 17636 13862 18146 4484 3995 16667 7784 9519 13089 5657 4468 6300 6148 18541 12960 13760 6858 14432 834 10297
9898 11327 16554 11116 20774 16708 7014 14986 9729 14771 18656 19894 4974 5326 21378 15900 10961 14282 17264 18933 21744 18743 17798 17480 7052 17324 15433 6067 11109 20389 15095 9844 6015 16399 6089 10073 11264 19391 10951 19138 0 22628 12947 13397 9066 10867 9036 1065 24676 14158 13480 2653 8761 7125 12937 19288 4397 16967 18707 8302 20082 12384 18299 11776 23624 15124 4050 10849 5556 11207 15914 12612 10748 8562 3546 22691 1557 19988 10686 9711 17386 2653 5671 10764 18790 17948 14265 22905 19799 6099 14051 20673 14101 12995 1583 8235 12669 21693 17652 19453 9022
12736 12384 9023 13927 6994 13436 18223 17200 16816 16172 4200 4187 19026 17509 1250 6816 17297 15717 6108 10254 4043 3896 8788 15108 15699 10659 16781 20435 13499 3346 14787 14230 17524 7625 16664 13061 16094 7458 12399 7221 22628 0 12705 12358 15053 16272 15717 21624 2145 13727 9184 20028 18241 20226 14768 11429 21018 16206 13590 14365 3137 17477 4938 10854 1473 8727 18938 12610 17141 11684 9106 12075 12090 14319 19102 1098 24129 8525 15293 15263 8560 21847 18318 17879 4090 11212 14914 569 4874 17208 11772 2814 8629 10816 22493 14824 12974 954 11026 6388 15035
6504 2597 4141 1839 14952 16026 6497 5616 4329 16610 10214 12195 11908 9661 11606 8244 4594 3940 10264 15545 14031 9295 13470 17772 8427 4382 17520 14228 1893 9542 15800 3185 6932 10757 7389 8590 3392 6943 3288 13611 12947 12705 0 12194 10603 13738 3992 12244 14819 2109 5773 10998 13988 14707 14065 16615 13750 18168 17620 6263 11556 4914 7776 5910 13111 4042 10796 9188 9034 4329 3749 10977 7631 8266 10177 12255 14475 15264 12600 3331 12866 13550 11581 5177 10342 15406 3214 12719 8337 10303 12286 12124 7552 9784 13594 5252 310 11796 4708 13328 10522
6205 9750 12323 11666 7868 4035 12952 17667 13591 4654 8311 8392 8588 8301 11307 6564 14976 16047 6300 5539 9767 9377 4709 5629 7064 14448 5522 9042 11115 11914 3635 10586 11097 4734 9314 4314 14099 13891 9118 6362 13397 12358 12194 0 4335 3996 11732 12343 13890 14294 6953 10881 6271 8510 2501 5953 10170 5978 5931 7696 9229 16128 10383 6285 13759 10149 9371 3408 8365 7917 11674 1246 4770 5704 10187 12969 14570 6764 3238 11845 4479 11575 7829 15349 8388 4583 15385 12846 12401 7323 711 9645 5537 2516 12576 9160 12200 11656 15007 6949 4383
4150 8011 12188 9491 11883 7925 9392 15501 10660 6879 10856 11598 4353 4024 13862 8352 12174 14034 9074 9868 13278 11456 8811 9071 3153 13960 7747 5383 9035 13707 6662 8102 7370 7855 5509 2337 11540 14450 7321 10277 9066 15053 10603 4335 0 3249 8831 8010 16884 12654 7088 6550 3630 5230 4451 10264 6144 8922 9932 4671 12105 13520 11788 5540 16305 10073 5036 2465 4188 6468 11467 3601 3531 2400 5885 15418 10271 10971 2288 9150 8449 7363 3586 12431 10970 8906 13521 15454 13710 2990 4986 12634 6646 4351 8304 6150 10501 14208 14477 10705 88
7235 11142 14918 12710 11731 6003 12497 18739 13895 3978 12147 12374 5905 6648 15178 10064 15416 17256 10170 8925 13760 13069 8579 6613 6280 16836 4753 5527 12239 15528 4246 11342 10436 8662 8586 5181 14789 16925 10452 10296 10867 16272 13738 3996 3249 0 12075 9894 17864 15815 9570 8710 2485 4785 2230 8923 6953 6159 7944 7920 13162 16768 13803 8288 17644 12741 7192 4792 7004 9491 14212 4239 6276 5642 8285 16823 11767 10466 1188 12399 8423 8605 5269 15661 12237 7730 16722 16742 15806 5440 4670 13603 8643 5666 9730 9397 13656 15530 17371 10922 3337
5538 3345 7954 2164 16479 15766 2597 6917 1866 15561 12506 14300 8791 6580 14522 10003 3345 5715 11937 16207 16234 11967 14332 17306 5927 8360 16460 11187 2354 12826 15054 1525 3072 11897 4090 7487 2815 10818 3483 14945 9036 15717 3992 11732 8831 12075 0 8409 17861 5158 7143 7314 11656 11851 13009 17088 10406 17432 17605 4196 13963 4708 10846 6212 16359 7123 7431 8343 5956 4586 7424 10498 7003 6478 6595 15453 10541 16398 11087 676 13752 9920 8652 3642 12645 15753 5473 15833 11842 7516 12049 14569 8664 9748 9814 2688 3695 14769 8651 14876 8743
8888 10499 15740 10429 19709 15692 6597 14631 9272 13825 17631 18848 3989 4266 20375 14877 10589 13824 16218 17878 20692 17745 16734 16502 6007 16603 14508 5329 10379 19435 14107 9098 5342 15340 5184 9013 10786 18558 10089 18073 1065 21624 12244 12343 8010 9894 8409 0 23663 13563 12497 1606 7864 6379 11934 18245 3707 16020 17695 7337 19051 12046 17346 10779 22638 14241 2986 9785 4516 10278 15086 11550 9704 7508 2522 21706 2505 18924 9670 9078 16320 2141 4660 10445 17764 16901 13752 21909 18883 5037 12995 19640 13074 11931 1471 7376 11976 20692 16952 18391 7965
14778 14528 11056 16065 7532 14469 20365 19186 18953 17385 6080 5501 20952 19511 3361 8798 19413 17739 7822 11037 4567 6000 9896 16019 17706 12568 17920 22263 15641 5348 15990 16374 19646 9218 18749 14980 18211 9253 14538 8184 24676 2145 14819 13890 16884 17864 17861 23663 0 15776 11277 22062 19943 21997 16214 12113 22922 17178 14342 16443 4780 19557 7069 12918 2068 10861 20934 14471 19164 13804 11183 13742 14059 16294 21141 2666 26166 9169 16946 17407 9780 23815 20231 19996 5955 12130 16943 2116 6797 19157 13260 4278 10612 12577 24495 16941 15092 3094 12897 7374 16871
8587 4680 4722 3360 16679 18101 7301 3730 4688 18719 11730 13746 13668 11414 12724 10028 4223 2076 12021 17492 15505 10642 15393 19860 10327 3865 19629 16030 3686 10428 17905 4868 8231 12652 9024 10683 3249 7103 5368 15413 14158 13727 2109 14294 12654 15815 5158 13563 15776 0 7748 12457 15974 16572 16173 18591 15424 20270 19664 8198 12980 3868 8924 8009 13928 5492 12444 11294 10780 6437 4644 13081 9738 10291 11703 13136 15638 17104 14685 4498 14790 15055 13404 4773 11849 17410 1263 13660 9042 12156 14373 13515 9520 11869 14973 7030 2160 12869 3943 15069 12571
3684 3971 5416 5979 9432 10485 9403 11386 8678 11589 5479 7174 10315 8520 7936 2862 9667 9706 4808 9773 9114 5288 7704 12300 6723 7498 12470 12132 5419 7003 10571 5627 8420 5021 7480 4758 8547 7390 3666 7976 13480 9184 5773 6953 7088 9570 7143 12497 11277 7748 0 10917 10704 12204 9200 10849 12357 12853 11950 5189 6954 10436 4942 1761 10144 3225 9951 4818 8082 2632 4742 5868 3570 5550 9985 9211 15000 9565 8386 6883 7100 12925 9690 10180 5619 9663 8953 9435 6725 8448 6874 7565 1779 4437 13457 5707 5879 8239 8056 7809 7034
7292 9096 14334 9219 18146 14357 5885 13860 8420 12682 16026 17244 2924 2683 18779 13274 9841 12912 14614 16400 19091 16153 15197 15270 4402 15312 13414 4845 9110 17875 12854 7817 4267 13749 3729 7426 9878 17124 8644 16507 2653 20028 10998 10881 6550 8710 7314 1606 22062 12457 10917 0 6907 5823 10649 16813 3489 14868 16368 5783 17445 11328 15788 9190 21053 12759 1542 8215 2910 8754 13665 10037 8099 5909 934 20121 4104 17394 8358 7962 14771 2610 3451 9779 16160 15457 12761 20318 17358 3561 11516 18034 11469 10360 2646 5955 10744 19098 15687 16810 6499
7689 11430 15806 12693 14115 8450 11559 18535 13365 6070 14057 14501 3983 5416 17096 11735 14911 17175 12147 11401 15996 14822 10954 8885 5748 17535 6683 3075 12296 17172 6614 11224 9489 10733 7754 5965 14462 18077 10751 12633 8761 18241 13988 6271 3630 2485 11656 7864 19943 15974 10704 6907 0 2302 4712 11407 4601 8254 10354 7786 15185 16345 15313 9169 19562 13701 5504 5957 5933 10011 15084 6203 7159 5746 6690 18705 9508 12903 3044 12094 10750 6331 3545 15069 14159 10213 16738 18681 17267 4257 6975 15665 10125 7435 7489 9106 13853 17447 18042 13214 3691
8839 12260 17014 13218 16374 10717 11242 18759 13393 8166 16027 16607 3163 5274 19052 13576 14923 17535 14176 13702 18165 16680 13212 11036 6284 18563 8676 1057 12900 18933 8842 11712 9261 12831 7769 7476 14653 19462 11616 14868 7125 20226 14707 8510 5230 4785 11851 6379 21997 16572 12204 5823 2302 0 7007 13702 2733 10304 12589 8457 17221 16402 16997 10546 21506 15002 4751 7693 5895 11083 16291 8318 8642 6814 5918 20627 7615 15190 5274 12378 12985 4514 3200 14993 16136 12515 17193 20643 18894 4416 9220 17724 11875 9423 5682 9545 14532 19400 19040 15423 5263
7699 11519 14614 13297 9707 3802 13809 19362 14870 2571 10779 10718 7964 8353 13749 9055 16339 17796 8762 6741 11938 11874 6603 4653 7593 16678 3481 7755 12777 14415 2228 12059 11809 7172 9951 5596 15582 16316 10848 8362 12937 14768 14065 2501 4451 2230 13009 11934 16214 16173 9200 10649 4712 7007 0 6695 9154 4481 5779 8820 11631 17603 12872 8260 16188 12424 9109 4885 8599 9736 13941 3346 6436 6573 10123 15418 13910 8358 2297 13233 6535 10768 7274 16649 10851 5522 17189 15269 14891 7196 3004 12015 7931 4840 11873 10333 14031 14097 17231 9050 4532
11629 14525 15399 16564 4583 3158 18633 22231 18888 6342 8725 7418 14392 14253 10853 8858 20136 20553 7208 1254 7565 10231 3338 4104 12981 17648 6521 14439 15990 12622 5132 15761 16889 6059 15166 10058 19124 15974 14005 4304 19288 11429 16615 5953 10264 8923 17088 18245 12113 18591 10849 16813 11407 13702 6695 0 15779 5338 2244 13338 8689 21107 11970 11017 12883 13500 15291 9127 14313 12753 14914 6965 10163 11557 16136 12395 20395 2945 8710 17072 3904 17318 13651 20579 8707 1382 19801 11997 13725 13253 5374 8742 9072 7358 18374 14705 16706 11135 18198 5109 10317
8717 11525 16609 12085 17959 12950 9306 17170 11722 10669 16851 17719 2042 4132 19798 14216 13196 16108 15159 15621 19421 17280 14836 13482 5736 17891 11254 1679 11868 19323 11179 10598 7507 13994 6400 7958 13113 19254 10954 16377 4397 21018 13750 10170 6144 6953 10406 3707 22922 15424 12357 3489 4601 2733 9154 15779 0 12846 14897 7780 18162 14688 17291 10606 22197 14776 2983 8464 4739 10709 15902 9680 8978 6817 3900 21286 4931 16934 7081 11009 14522 1785 2703 13178 16973 14511 15874 21383 19062 3909 10873 18710 12422 10484 2957 8503 13531 20137 18320 16836 6138
12012 15700 18125 17572 9762 2788 18290 23609 19297 2196 12802 12028 12038 12734 15427 11899 20744 22002 10900 6198 12616 14173 7426 1239 12070 20303 1662 11253 17032 16730 2390 16409 16288 9349 14429 9957 19939 19391 15054 9021 16967 16206 18168 5978 8922 6159 17432 16020 17178 20270 12853 14868 8254 10304 4481 5338 12846 0 3221 13261 13201 21967 15585 12262 17679 15988 13350 9155 13026 13874 17509 7192 10648 11039 14431 17065 17761 8123 6691 17621 7724 14584 11424 21074 12830 5048 21352 16761 17540 11546 5979 13405 11292 8452 15741 14772 18168 15746 20865 9850 9004
12068 15350 16857 17347 6820 2012 18883 23211 19451 4661 10631 9506 13738 13950 12952 10349 20791 21550 8932 3337 9785 12103 5094 1992 12908 19096 4617 13429 16780 14574 3747 16387 17011 7572 15207 10244 19854 17698 14770 6389 18707 13590 17620 5931 9932 7944 17605 17695 14342 19664 11950 16368 10354 12589 5779 2244 14897 3221 0 13622 10754 21872 13737 11804 15054 14843 14826 9331 14109 13526 16315 7130 10602 11614 15783 14529 19687 5175 8026 17673 5560 16539 13038 21192 10630 2540 20833 14156 15580 12851 5557 10857 10220 7939 17649 15074 17675 13246 19655 7217 9999
1859 3815 8831 4909 13470 11721 5297 10846 6052 11367 10508 11953 5810 3665 13116 7755 7538 9419 9358 12585 13872 10471 10910 13187 2174 10169 12264 8037 4514 12098 10894 3460 3650 8845 2317 3384 6869 11513 3198 11849 8302 14365 6263 7696 4671 7920 4196 7337 16443 8198 5189 5783 7786 8457 8820 13338 7780 13261 13622 0 11968 8856 10009 3534 15329 7065 5019 4292 3107 3000 8126 6496 3219 2289 4850 14395 9833 13085 6901 4480 10376 7993 5387 7831 10646 11967 8956 14623 11584 4083 8093 12573 6027 6023 8385 1513 6103 13423 10625 11963 4584
10217 10641 8583 12439 4664 10416 16329 16657 15307 13065 1475 1284 16207 14847 2226 4213 16033 15051 3044 7460 2542 2368 5782 12145 13056 10626 13698 17484 11941 4090 11688 12439 15360 4502 14284 10242 14839 8029 10503 4386 20082 3137 11556 9229 12105 13162 13963 19051 4780 12980 6954 17445 15185 17221 11631 8689 18162 13201 10754 11968 0 16467 4272 8442 4574 7541 16258 9702 14536 9580 8413 8993 9373 11605 16536 3877 21544 5938 12207 13607 5493 19100 15478 16595 1335 8289 14233 3649 5451 14433 8636 611 5984 7799 19819 12650 11781 2549 11099 3587 12094
9957 6583 8544 4544 19791 20124 5465 2606 3010 20169 15128 17104 13274 11143 16425 13079 1492 2433 15103 20111 18945 14190 18098 21752 10631 7657 21074 15660 5117 14219 19578 5558 7196 15455 8660 12019 2030 10966 7115 18395 12384 17477 4914 16128 13520 16768 4708 12046 19557 3868 10436 11328 16345 16402 17603 21107 14688 21967 21872 8856 16467 0 12595 10103 17750 8936 11793 12815 10540 8366 8375 14883 11360 11144 10789 16938 13702 20001 15756 4380 17497 13891 13225 1627 15256 19829 2956 17443 12876 12157 16360 17031 12180 13932 13517 7371 4705 16594 7635 18163 13432
8622 7546 4353 9000 8664 12868 13390 12524 11884 14884 3401 5314 15250 13452 3833 3819 12365 10966 4805 10720 6799 1943 8677 14724 11662 6354 15668 17000 8588 2091 13627 9387 12863 6253 12224 9527 11161 4012 7644 7880 18299 4938 7776 10383 11788 13803 10846 17346 7069 8924 4942 15788 15313 16997 12872 11970 17291 15585 13737 10009 4272 12595 0 6702 5520 3791 14880 9362 12996 7113 4282 9647 8387 10475 14853 4608 19837 9618 12672 10365 8178 17859 14612 12946 3470 11199 10150 5000 2019 13384 10008 4726 5196 8158 18362 10217 8041 4020 6830 7252 11747
1925 3547 6668 5561 10319 10140 8201 11433 7933 10766 6978 8486 8564 6762 9604 4232 9125 9791 5942 10063 10420 6968 8133 11867 4963 8549 11671 10425 4990 8763 9902 4790 6972 5702 5850 3214 8109 8933 2990 8755 11776 10854 5910 6285 5540 8288 6212 10779 12918 8009 1761 9190 9169 10546 8260 11017 10606 12262 11804 3534 8442 10103 6702 0 11863 4534 8195 3506 6335 1738 5951 5077 2034 3814 8260 10932 13284 10187 7102 6104 7548 11166 7949 9582 7116 9727 9110 11130 8460 6696 6385 9049 2576 3891 11711 4302 5926 9917 9087 8740 5478
13773 13066 9210 14467 8413 14909 18910 17257 17331 17631 5509 5658 20187 18588 2469 7986 17692 15850 7476 11717 5426 4928 10261 16580 16776 10598 18247 21677 14079 3571 16249 14907 18348 9026 17601 14247 16498 7239 13151 8692 23624 1473 13111 13759 16305 17644 16359 22638 2068 13928 10144 21053 19562 21506 16188 12883 22197 17679 15054 15329 4574 17750 5520 11863 0 9260 20021 13848 18190 12541 9406 13428 13231 15442 20122 934 25143 9968 16643 15865 10027 22959 19494 18278 5412 12684 15065 926 4888 18351 13187 4283 9776 12128 23562 15675 13395 2117 10903 7858 16283
6171 3926 2192 5214 11218 13523 9701 9214 8094 14796 6247 8258 12756 10711 7594 4685 8603 7568 6609 12332 10044 5255 10201 15368 9041 4315 15671 14796 4821 5708 13745 5719 9394 7448 9057 7747 7399 4485 4185 10021 15124 8727 4042 10149 10073 12741 7123 14241 10861 5492 3225 12759 13701 15002 12424 13500 14776 15988 14843 7065 7541 8936 3791 4534 9260 0 12083 7955 10170 4075 1526 9088 6561 8193 11839 8368 16680 11745 11554 6609 9611 15056 12222 9180 6369 12434 6754 8786 4767 10921 10022 8098 4702 7638 15396 6893 4289 7801 4877 9623 10010
6270 8647 13813 9110 16739 12816 6514 14237 8802 11169 14867 15986 1612 1434 17695 12138 10302 13139 13363 14900 17801 15098 13750 13735 3245 14991 11915 3898 8908 16952 11317 7631 4598 12416 3423 6097 10160 16527 8113 15105 4050 18938 10796 9371 5036 7192 7431 2986 20934 12444 9951 1542 5504 4751 9109 15291 2983 13350 14826 5019 16258 11793 14880 8195 20021 12083 0 6831 1914 8013 13118 8563 6886 4653 1200 19094 5362 15939 6817 8028 13341 2988 1974 10325 14997 13939 12894 19255 16546 2053 10016 16837 10323 8974 3562 5567 10571 18023 15405 15441 4988
2858 6634 10127 8433 9932 7440 9568 14491 10206 7446 8419 9272 6539 5532 11410 5887 11616 12915 6696 8476 11025 8992 7036 8966 3971 12053 8358 7830 7905 11255 6765 7257 7766 5606 6046 932 10786 12206 5963 8292 10849 12610 9188 3408 2465 4792 8343 9785 14471 11294 4818 8215 5957 7693 4885 9127 8464 9155 9331 4292 9702 12815 9362 3506 13848 7955 6831 0 5422 4862 9420 2207 1558 2465 7398 12957 12192 9245 3605 8487 6579 9498 5795 11972 8536 7747 12304 13002 11309 4853 3812 10246 4192 2146 10323 5753 9148 11756 12593 8611 2438
4417 6789 11918 7421 15334 12106 5630 12866 7532 10912 13120 14339 2888 635 15894 10371 9074 11648 11708 13794 16194 13277 12455 13243 1501 13153 11735 5261 7165 15074 10824 5918 3556 10878 1881 4582 8760 14619 6231 13692 5556 17141 9034 8365 4188 7004 5956 4516 19164 10780 8082 2910 5933 5895 8599 14313 4739 13026 14109 3107 14536 10540 12996 6335 18190 10170 1914 5422 0 6099 11219 7395 5193 3031 2017 17260 7009 14663 6336 6491 12001 4897 2697 9187 13253 12937 11331 17441 14641 1677 8948 15124 8563 7549 5376 3783 8825 16216 13582 13961 4116
2324 1836 5948 3826 11893 11833 6773 9752 6242 12283 8105 9798 8698 6636 10445 5481 7396 8130 7369 11790 11739 7805 9836 13532 4982 7529 13193 10800 3256 9201 11496 3110 5843 7327 5120 4311 6372 8546 1252 10367 11207 11684 4329 7917 6468 9491 4586 10278 13804 6437 2632 8754 10011 11083 9736 12753 10709 13874 13526 3000 9580 8366 7113 1738 12541 4075 8013 4862 6099 0 5229 6685 3304 4301 7825 11609 12754 11853 8331 4414 9245 10992 8191 7862 8246 11465 7480 11890 8606 6882 8068 10191 4078 5595 11373 3141 4303 10731 8032 10290 6392
7459 4588 724 5324 12397 15028 10017 8257 8061 16321 7251 9274 13909 11791 8082 6059 8295 6684 7892 13727 10952 6051 11594 16877 10199 2798 17196 16028 5071 5853 15270 6188 10017 8855 9936 9159 7109 3477 5026 11294 15914 9106 3749 11674 11467 14212 7424 15086 11183 4644 4742 13665 15084 16291 13941 14914 15902 17509 16315 8126 8413 8375 4282 5951 9406 1526 13118 9420 11219 5229 0 10609 7986 9481 12765 8574 17470 13037 13024 6828 11013 16056 13418 8881 7360 13882 5868 9069 4591 12107 11546 8924 6219 9163 16311 7715 4047 8234 3360 10835 11400
4966 8515 11276 10422 8290 5268 11774 16431 12354 5736 7922 8302 7951 7397 10959 5861 13733 14815 5968 6399 9853 8834 5211 6874 6024 13361 6629 8716 9873 11310 4824 9342 9957 4531 8207 3132 12854 12988 7878 6697 12612 12075 10977 1246 3601 4239 10498 11550 13742 13081 5868 10037 6203 8318 3346 6965 9680 7192 7130 6496 8993 14883 9647 5077 13428 9088 8563 2207 7395 6685 10609 0 3525 4594 9290 12596 13857 7382 3218 10603 4853 10961 7184 14110 8016 5583 14160 12532 11663 6514 1610 9464 4600 1509 11902 7944 10976 11311 13917 7169 3629
1473 5086 8702 6925 10335 8785 8486 12967 8849 8991 7984 9146 6958 5476 10856 5275 10211 11378 6516 9376 11008 8307 7696 10392 3697 10564 9902 8613 6385 10378 8259 5817 6857 5761 5320 1195 9330 10919 4421 8700 10748 12090 7631 4770 3531 6276 7003 9704 14059 9738 3570 8099 7159 8642 6436 10163 8978 10648 10602 3219 9373 11360 8387 2034 13231 6561 6886 1558 5193 3304 7986 3525 0 2236 7208 12315 12185 9880 5097 7083 7169 9760 6277 10596 8114 8804 10757 12432 10256 5122 5047 9954 3462 2815 10447 4542 7594 11190 11097 8878 3474
2025 5692 10205 7096 12316 9661 7304 13101 8326 9102 10220 11347 4780 3255 13082 7506 9822 11637 8719 10936 13184 10514 9485 11032 1537 11826 9994 6625 6649 12506 8693 5702 5397 7848 3615 1571 9153 12663 5009 10673 8562 14319 8266 5704 2400 5642 6478 7508 16294 10291 5550 5909 5746 6814 6573 11557 6817 11039 11614 2289 11605 11144 10475 3814 15442 8193 4653 2465 3031 4301 9481 4594 2236 0 5043 14522 9974 11694 4613 6767 9011 7528 4141 10104 10349 10175 11132 14654 12271 2920 6198 12183 5691 4545 8214 3790 8148 13414 12323 10931 2314
6366 8209 13440 8423 17326 13772 5423 13279 7829 12262 15112 16354 2808 1893 17853 12358 9296 12257 13724 15677 18212 15225 14412 14769 3518 14464 13028 5022 8285 16941 12344 6992 3619 12892 2839 6582 9242 16218 7740 15685 3546 19102 10177 10187 5885 8285 6595 2522 21141 11703 9985 934 6690 5918 10123 16136 3900 14431 15783 4850 16536 10789 14853 8260 20122 11839 1200 7398 2017 7825 12765 9290 7208 5043 0 19190 5027 16616 7825 7226 13972 3373 3148 9282 15246 14770 12065 19389 16428 2934 10802 17127 10557 9537 3557 5069 9932 18171 14850 15968 5827
12843 12152 8414 13580 8022 14284 17997 16523 16451 16933 4675 5046 19273 17661 1672 7083 16843 15085 6671 11201 5109 4009 9640 15992 15849 9903 17574 20784 13184 2721 15560 13994 17420 8246 16667 13340 15646 6608 12228 8142 22691 1098 12255 12969 15418 16823 15453 21706 2666 13136 9211 20121 18705 20627 15418 12395 21286 17065 14529 14395 3877 16938 4608 10932 934 8368 19094 12957 17260 11609 8574 12596 12315 14522 19190 0 24210 9518 15806 14966 9369 22036 18583 17428 4588 12112 14292 642 4133 17433 12413 3677 8865 11271 22633 14743 12535 1332 10238 7312 15394
11393 12883 18108 12640 22085 17707 8423 16308 11143 15575 20128 21321 6004 6720 22880 17377 12311 15680 18693 20106 23152 20251 19064 18357 8490 18855 16180 6584 12647 21927 16013 11387 7547 17776 7640 11452 12683 20947 12508 20455 1557 24129 14475 14570 10271 11767 10541 2505 26166 15638 15000 4104 9508 7615 13910 20395 4931 17761 19687 9833 21544 13702 19837 13284 25143 16680 5362 12192 7009 12754 17470 13857 12185 9974 5027 24210 0 21238 11714 11217 18674 3177 6750 12075 20262 19077 15698 24414 21351 7367 15243 22131 15572 14334 2038 9792 14194 23197 19175 20802 10235
11252 13485 13432 15522 1649 5574 18265 20819 18095 8732 6240 4654 15304 14730 8027 7083 19195 19140 5146 1926 4621 7756 2209 6921 13215 15655 9092 15784 14954 9984 7380 14959 16733 4551 15169 10124 18099 13619 13066 1755 19988 8525 15264 6764 10971 10466 16398 18924 9169 17104 9565 17394 12903 15190 8358 2945 16934 8123 5175 13085 5938 20001 9618 10187 9968 11745 15939 9245 14663 11853 13037 7382 9880 11694 16616 9518 21238 0 9944 16267 2710 18308 14539 19687 6193 3162 18352 9094 11212 13893 6060 5911 7837 7160 19274 14286 15402 8290 16186 2396 11004
6099 10007 13730 11621 11101 6023 11672 17670 12926 4605 11135 11482 5727 6065 14174 8963 14432 16165 9186 8548 12954 11999 7940 6946 5428 15651 5463 5842 11138 14430 4521 10283 9639 7728 7777 4020 13761 15748 9318 9599 10686 15293 12600 3238 2288 1188 11087 9670 16946 14685 8386 8358 3044 5274 2297 8710 7081 6691 8026 6901 12207 15756 12672 7102 16643 11554 6817 3605 6336 8331 13024 3218 5097 4613 7825 15806 11714 9944 0 11378 7715 8611 5014 14701 11231 7430 15615 15749 14667 4901 3946 12671 7494 4573 9683 8399 12526 14526 16188 10171 2374
5642 2969 7338 1522 16282 15868 3198 6442 1829 15797 12162 13996 9351 7121 14082 9726 3131 5158 11691 16155 15921 11558 14237 17449 6347 7691 16700 11743 1792 12318 15236 1315 3737 11739 4649 7664 2392 10194 3228 14774 9711 15263 3331 11845 9150 12399 676 9078 17407 4498 6883 7962 12094 12378 13233 17072 11009 17621 17673 4480 13607 4380 10365 6104 15865 6609 8028 8487 6491 4414 6828 10603 7083 6767 7226 14966 11217 16267 11378 0 13649 10565 9179 3520 12300 15752 4867 15362 11292 8010 12126 14209 8475 9768 10478 3016 3031 14320 7977 14669 9062
8545 10935 11495 12980 3438 4936 15569 18468 15479 7628 5122 4378 12802 12095 7717 4955 16627 16787 3374 2722 5407 6562 604 6713 10539 13743 8221 13484 12408 9073 6237 12336 14023 2164 12462 7440 15558 12153 10477 1884 17386 8560 12866 4479 8449 8423 13752 16320 9780 14790 7100 14771 10750 12985 6535 3904 14522 7724 5560 10376 5493 17497 8178 7548 10027 9611 13341 6579 12001 9245 11013 4853 7169 9011 13972 9369 18674 2710 7715 13649 0 15812 12035 17104 5136 3021 16018 9102 10025 11308 3775 5746 5328 4467 16739 11589 12978 8042 14294 2515 8474
9241 11537 16743 11793 19245 14570 8429 16442 11013 12398 17736 18756 3010 4408 20610 15033 12411 15518 16153 17087 20523 18032 16166 15184 6204 17827 13007 3462 11658 19928 12849 10365 6877 15099 6190 8865 12482 19485 11035 17636 2653 21847 13550 11575 7363 8605 9920 2141 23815 15055 12925 2610 6331 4514 10768 17318 1785 14584 16539 7993 19100 13891 17859 11166 22959 15056 2988 9498 4897 10992 16056 10961 9760 7528 3373 22036 3177 18308 8611 10565 15812 0 3777 12321 17864 16019 15370 22179 19534 4670 12264 19668 13219 11601 1173 8410 13304 20941 18219 18041 7340
6092 9199 14135 10045 15469 11037 8170 15563 10216 9235 14156 15066 767 2083 17096 11514 11753 14336 12488 13359 16799 14577 12391 11858 3231 15554 9963 2652 9747 16635 9454 8538 6139 11369 4575 5257 11457 16707 8582 13862 5671 18318 11581 7829 3586 5269 8652 4660 20231 13404 9690 3451 3545 3200 7274 13651 2703 11424 13038 5387 15478 13225 14612 7949 19494 12222 1974 5795 2697 8191 13418 7184 6277 4141 3148 18583 6750 14539 5014 9179 12035 3777 0 11845 14279 12328 14001 18681 16409 1312 8509 16031 9718 7860 4747 6374 11393 17435 16011 14277 3564
9144 6214 9171 4215 19611 19377 3895 4232 1779 19198 15199 17121 11843 9770 16770 12951 586 3853 14958 19644 19010 14399 17697 20939 9429 8637 20094 14214 4764 14712 18695 4821 5737 15141 7324 11126 1785 11790 6627 18146 10764 17879 5177 15349 12431 15661 3642 10445 19996 4773 10180 9779 15069 14993 16649 20579 13178 21074 21192 7831 16595 1627 12946 9582 18278 9180 10325 11972 9187 7862 8881 14110 10596 10104 9282 17428 12075 19687 14701 3520 17104 12321 11845 0 15333 19265 4178 17896 13465 10837 15642 17179 11856 13287 11916 6319 4905 16966 8703 17986 12343
8910 9332 7606 11158 5196 10047 14999 15553 14014 12483 140 1915 14998 13580 2944 2897 14776 13924 2090 7453 3689 1564 5542 11846 11781 9736 13174 16354 10651 3945 11135 11120 14026 3688 12963 9026 13587 7437 9179 4484 18790 4090 10342 8388 10970 12237 12645 17764 5955 11849 5619 16160 14159 16136 10851 8707 16973 12830 10630 10646 1335 15256 3470 7116 5412 6369 14997 8536 13253 8246 7360 8016 8114 10349 15246 4588 20262 6193 11231 12300 5136 17864 14279 15333 0 8103 13108 4522 5035 13203 7849 1946 4690 6729 18559 11316 10556 3295 10236 3805 10954
10273 13255 14402 15285 4762 2413 17264 21019 17562 5581 8101 7067 13074 12884 10505 7867 18831 19346 6395 1285 7569 9566 2561 3903 11600 16647 5932 13213 14713 12049 4252 14444 15511 5070 13785 8678 17835 15168 12717 3995 17948 11212 15406 4583 8906 7730 15753 16901 12130 17410 9663 15457 10213 12515 5522 1382 14511 5048 2540 11967 8289 19829 11199 9727 12684 12434 13939 7747 12937 11465 13882 5583 8804 10175 14770 12112 19077 3162 7430 15752 3021 16019 12328 19265 8103 0 18606 11773 13041 11896 3994 8436 7897 6008 17062 13345 15484 10810 17203 4829 8958
9534 5671 5892 4048 17939 19237 7278 2470 4564 19747 12989 15007 14206 11964 13933 11281 3701 818 13278 18714 16760 11889 16622 20976 11024 4733 20659 16591 4486 11597 18976 5520 8494 13888 9510 11646 3023 8101 6341 16667 14265 14914 3214 15385 13521 16722 5473 13752 16943 1263 8953 12761 16738 17193 17189 19801 15874 21352 20833 8956 14233 2956 10150 9110 15065 6754 12894 12304 11331 7480 5868 14160 10757 11132 12065 14292 15698 18352 15615 4867 16018 15370 14001 4178 13108 18606 0 14829 10177 12792 15493 14763 10730 12993 15193 7671 3185 14069 4683 16328 13436
13028 12514 8941 13998 7562 13988 18360 17082 16879 16705 4624 4736 19381 17824 1593 7167 17312 15627 6572 10821 4604 4164 9340 15667 16012 10487 17322 20832 13587 3233 15323 14359 17721 8112 16911 13426 16111 7218 12560 7784 22905 569 12719 12846 15454 16742 15833 21909 2116 13660 9435 20318 18681 20643 15269 11997 21383 16761 14156 14623 3649 17443 5000 11130 926 8786 19255 13002 17441 11890 9069 12532 12432 14654 19389 642 24414 9094 15749 15362 9102 22179 18681 17896 4522 11773 14829 0 4702 17554 12269 3360 8971 11249 22804 15030 12994 1247 10832 6951 15434
10348 8693 4332 9828 10085 14802 14434 12390 12630 16887 5006 6666 17020 15132 4143 5837 12879 10964 6678 12471 7796 3494 10491 16649 13371 5789 17663 18853 9503 1561 15620 10476 14153 8191 13711 11419 11697 2662 8923 9519 19799 4874 8337 12401 13710 15806 11842 18883 6797 9042 6725 17358 17267 18894 14891 13725 19062 17540 15580 11584 5451 12876 2019 8460 4888 4767 16546 11309 14641 8606 4591 11663 10256 12271 16428 4133 21351 11212 14667 11292 10025 19534 16409 13465 5035 13041 10177 4702 0 15154 12019 5742 7177 10170 19969 11602 8632 4163 6152 8817 13665
4814 7897 12823 8804 14717 10839 7306 14432 9158 9397 13077 14090 1867 1214 15977 10392 10704 13157 11484 12849 15871 13425 11708 11847 1920 14246 10192 3955 8485 15423 9421 7298 5233 10459 3513 4195 10331 15406 7274 13089 6099 17208 10303 7323 2990 5440 7516 5037 19157 12156 8448 3561 4257 4416 7196 13253 3909 11546 12851 4083 14433 12157 13384 6696 18351 10921 2053 4853 1677 6882 12107 6514 5122 2920 2934 17433 7367 13893 4901 8010 11308 4670 1312 10837 13203 11896 12792 17554 15154 0 7964 14999 8583 6982 5471 5132 10121 16312 14706 13448 2940
6511 9903 12175 11861 7157 3768 13378 17813 13896 4895 7778 7759 9270 8912 10745 6199 15249 16175 5760 4885 9091 8906 3998 5487 7607 14335 5720 9753 11302 11462 3734 10847 11567 4168 9813 4740 14336 13616 9293 5657 14051 11772 12286 711 4986 4670 12049 12995 13260 14373 6874 11516 6975 9220 3004 5374 10873 5979 5557 8093 8636 16360 10008 6385 13187 10022 10016 3812 8948 8068 11546 1610 5047 6198 10802 12413 15243 6060 3946 12126 3775 12264 8509 15642 7849 3994 15493 12269 12019 7964 0 9033 5345 2504 13255 9527 12310 11093 14897 6256 5029
10816 11244 9067 13031 4524 10629 16939 17178 15903 13361 2087 1376 16764 15429 2117 4818 16616 15582 3560 7535 2086 2875 5981 12320 13641 11069 13967 18006 12536 4303 11975 13045 15971 4945 14889 10805 15420 8364 11111 4468 20673 2814 12124 9645 12634 13603 14569 19640 4278 13515 7565 18034 15665 17724 12015 8742 18710 13405 10857 12573 611 17031 4726 9049 4283 8098 16837 10246 15124 10191 8924 9464 9954 12183 17127 3677 22131 5911 12671 14209 5746 19668 16031 17179 1946 8436 14763 3360 5742 14999 9033 0 6581 8310 20396 13261 12353 2393 11531 3642 12625
4238 5649 6835 7685 7815 8827 10760 13165 10294 10186 4557 5930 10412 8899 7394 1816 11359 11485 3366 7994 7856 4861 5931 10667 7095 9015 11041 11957 7117 7063 9078 7182 9541 3286 8334 4481 10263 8388 5252 6300 14101 8629 7552 5537 6646 8643 8664 13074 10612 9520 1779 11469 10125 11875 7931 9072 12422 11292 10220 6027 5984 12180 5196 2576 9776 4702 10323 4192 8563 4078 6219 4600 3462 5691 10557 8865 15572 7837 7494 8475 5328 13219 9718 11856 4690 7897 10730 8971 7177 8583 5345 6581 0 3093 13883 6878 7655 7728 9578 6213 6612
4273 7426 9818 9410 7789 6249 11302 15324 11568 7158 6624 7248 8616 7677 9662 4399 12870 13681 4755 6563 8941 7428 4955 7990 6077 11933 8035 9700 8844 9864 6141 8469 9639 3511 8019 2975 11917 11481 6833 6148 12995 10816 9784 2516 4351 5666 9748 11931 12577 11869 4437 10360 7435 9423 4840 7358 10484 8452 7939 6023 7799 13932 8158 3891 12128 7638 8974 2146 7549 5595 9163 1509 2815 4545 9537 11271 14334 7160 4573 9768 4467 11601 7860 13287 6729 6008 12993 11249 10170 6982 2504 8310 3093 0 12452 7353 9811 10013 12492 6468 4350
9791 11741 16980 11794 20162 15671 8065 16100 10732 13552 18428 19532 3991 4985 21249 15697 12058 15279 16914 18105 21332 18643 17113 16323 6794 17930 14170 4633 11715 20444 13976 10425 6742 15927 6375 9632 12239 19770 11289 18541 1583 22493 13594 12576 8304 9730 9814 1471 24495 14973 13457 2646 7489 5682 11873 18374 2957 15741 17649 8385 19819 13517 18362 11711 23562 15396 3562 10323 5376 11373 16311 11902 10447 8214 3557 22633 2038 19274 9683 10478 16739 1173 4747 11916 18559 17062 15193 22804 19969 5471 13255 20396 13883 12452 0 8600 13332 21574 18294 18916 8273
3081 3141 8380 3673 14556 13193 3980 9439 4540 12879 11176 12772 6663 4412 13584 8479 6033 8074 10243 13903 14711 10941 12144 14684 3363 9430 13776 9005 3385 12298 12402 2167 2714 9917 2230 4865 5407 11183 2716 12960 8235 14824 5252 9160 6150 9397 2688 7376 16941 7030 5707 5955 9106 9545 10333 14705 8503 14772 15074 1513 12650 7371 10217 4302 15675 6893 5567 5753 3783 3141 7715 7944 4542 3790 5069 14743 9792 14286 8399 3016 11589 8410 6374 6319 11316 13345 7671 15030 11602 5132 9527 13261 6878 7353 8600 0 5043 13871 9839 13004 6062
6427 2522 4448 1554 15119 16058 6191 5539 4023 16583 10427 12399 11705 9455 11867 8406 4324 3876 10429 15648 14246 9534 13582 17792 8257 4669 17494 14036 1663 9825 15794 2945 6655 10882 7156 8526 3120 7253 3209 13760 12669 12974 310 12200 10501 13656 3695 11976 15092 2160 5879 10744 13853 14532 14031 16706 13531 18168 17675 6103 11781 4705 8041 5926 13395 4289 10571 9148 8825 4303 4047 10976 7594 8148 9932 12535 14194 15402 12526 3031 12978 13304 11393 4905 10556 15484 3185 12994 8632 10121 12310 12353 7655 9811 13332 5043 0 12061 4983 13493 10418
11806 11434 8186 12992 6846 12963 17271 16382 15883 15602 3392 3744 18137 16592 352 5922 16386 14876 5364 9927 4050 2952 8323 14682 14780 9905 16243 19586 12559 2604 14228 13280 16571 6927 15719 12180 15182 6805 11446 6858 21693 954 11796 11656 14208 15530 14769 20692 3094 12869 8239 19098 17447 19400 14097 11135 20137 15746 13246 13423 2549 16594 4020 9917 2117 7801 18023 11756 16216 10731 8234 11311 11190 13414 18171 1332 23197 8290 14526 14320 8042 20941 17435 16966 3295 10810 14069 1247 4163 16312 11093 2393 7728 10013 21574 13871 12061 0 10296 6034 14188
10353 6815 2802 6536 15406 18387 11042 6492 8554 19644 10148 12124 16411 14195 10240 9345 8161 5339 11078 16994 13614 8764 14865 20237 12790 562 20526 18661 6580 7698 18615 7871 11637 12151 12034 12231 7177 3676 7433 14432 17652 11026 4708 15007 14477 17371 8651 16952 12897 3943 8056 15687 18042 19040 17231 18198 18320 20865 19655 10625 11099 7635 6830 9087 10903 4877 15405 12593 13582 8032 3360 13917 11097 12323 14850 10238 19175 16186 16188 7977 14294 18219 16011 8703 10236 17203 4683 10832 6152 14706 14897 11531 9578 12492 18294 9839 4983 10296 0 13905 14404
10104 11780 11185 13777 1628 7109 16940 18798 16477 10022 3858 2310 15041 14128 5747 5087 17467 17130 3064 3894 2904 5369 2531 8730 12467 13384 10546 15877 13222 7597 8627 13386 15590 3122 14181 9387 16330 11240 11440 834 19453 6388 13328 6949 10705 10922 14876 18391 7374 15069 7809 16810 13214 15423 9050 5109 16836 9850 7217 11963 3587 18163 7252 8740 7858 9623 15441 8611 13961 10290 10835 7169 8878 10931 15968 7312 20802 2396 10171 14669 2515 18041 14277 17986 3805 4829 16328 6951 8817 13448 6256 3642 6213 6468 18916 13004 13493 6034 13905 0 10720
4073 7930 12122 9405 11906 7993 9307 15414 10572 6964 10839 11596 4331 3961 13841 8324 12086 13948 9066 9913 13283 11429 8840 9148 3069 13888 7832 5400 8950 13671 6740 8015 7287 7857 5426 2280 11452 14392 7240 10297 9022 15035 10522 4383 88 3337 8743 7965 16871 12571 7034 6499 3691 5263 4532 10317 6138 9004 9999 4584 12094 13432 11747 5478 16283 10010 4988 2438 4116 6392 11400 3629 3474 2314 5827 15394 10235 11004 2374 9062 8474 7340 3564 12343 10954 8958 13436 15434 13665 2940 5029 12625 6612 4350 8273 6062 10418 14188 14404 10720 0
1 9 3 5
2 3 4 1
3 5 7 1
4 4 8 1
5 6 4 3
6 8 4 3
7 5 7 3
8 6 5 0
9 6 8 6
10 3 8 6
11 8 8 0
12 6 7 4
13 6 5 1
14 7 5 1
15 7 8 4
16 2 8 4
17 4 5 4
18 8 4 1
19 3 7 3
20 7 7 6
21 3 3 0
22 9 7 4
23 4 5 1
24 9 6 4
25 5 5 0
26 8 1 3
27 6 7 6
28 1 6 0
29 3 7 1
30 6 3 1
31 7 6 5
32 2 8 2
33 6 8 5
34 8 9 1
35 6 5 2
36 4 3 4
37 6 4 0
38 5 3 2
39 3 5 2
40 4 5 1
41 2 2 3
42 5 7 2
43 6 6 5
44 6 5 2
45 4 9 2
46 7 8 1
47 7 3 1
48 8 4 5
49 4 5 3
50 1 4 3
51 9 4 4
52 8 4 3
53 3 9 4
54 2 7 5
55 7 5 2
56 6 9 2
57 4 7 2
58 7 1 1
59 7 6 3
60 5 7 8
61 10 4 3
62 7 6 3
63 3 4 2
64 5 6 0
65 4 4 4
66 9 8 4
67 5 5 1
68 6 5 3
69 5 4 4
70 3 7 4
71 6 2 4
72 6 7 2
73 9 3 2
74 4 0 4
75 3 9 2
76 6 8 3
77 1 6 1
78 4 4 1
79 2 3 6
80 6 1 4
81 5 9 0
82 2 4 2
83 5 4 1
84 5 2 2
85 5 9 2
86 5 6 3
87 6 4 3
88 9 3 7
89 6 4 4
90 5 7 5
91 2 2 3
92 0 4 5
93 8 4 4
94 3 3 4
95 8 5 4
96 9 9 4
97 8 3 5
98 10 9 2
99 2 6 2
100 6 6 2
