105 15 3
30 60 700 9.00
0 1 7 3
0 5 1 1
0 5 12 2
0 22 7 2
0 12 1 1
0 4 13 1
0 22 6 3
0 12 5 2
0 2 2 3
0 12 8 3
0 11 12 3
0 3 5 1
0 23 14 3
0 2 1 1
0 11 6 1
0 13 9 2
0 6 14 1
0 13 5 1
0 8 5 3
0 16 1 2
0 6 14 3
0 15 12 1
0 24 9 2
0 2 11 1
0 22 9 2
0 12 11 1
0 12 8 1
0 5 8 2
0 3 5 2
0 2 5 2
0 5 13 2
0 4 10 2
0 6 3 3
0 20 2 2
0 3 14 2
0 7 10 3
0 23 10 3
0 2 1 1
0 3 13 2
0 19 8 2
0 8 11 1
0 2 6 1
0 13 11 2
0 10 2 1
0 8 12 1
0 16 2 3
0 13 1 2
0 1 1 3
0 3 7 1
0 7 6 1
0 2 15 2
0 4 9 2
0 2 5 1
0 7 9 1
0 12 10 3
0 10 15 1
0 13 3 1
0 2 15 2
0 13 9 1
0 15 2 1
0 5 14 1
0 3 10 2
0 2 15 2
0 21 10 1
0 10 13 2
0 16 5 1
0 4 9 3
0 3 15 3
0 25 2 1
0 10 11 2
0 7 7 2
0 3 11 2
0 4 1 3
0 20 3 3
0 3 14 1
0 2 5 1
0 7 15 2
0 4 6 1
0 6 15 1
0 3 13 1
0 1 10 1
0 3 5 1
0 16 11 3
0 7 7 3
1 1 15 2
1 8 5 1
1 6 5 2
1 3 10 2
1 21 4 2
1 1 4 3
1 12 10 3
1 25 14 3
1 4 15 2
1 8 6 1
1 24 3 2
1 8 8 2
1 20 3 2
1 22 6 3
1 12 2 1
1 14 4 2
1 19 6 1
1 5 1 3
1 2 1 2
1 4 2 1
1 7 11 1
0 10001 13726 13539 5219 9153 9462 5542 17191 7399 6279 2930 9276 2673 6439 9416
10001 0 17549 8345 10015 848 18790 6677 17417 16931 10637 10533 7026 7359 10733 17978
13726 17549 0 12839 8956 17007 11469 17973 6280 11761 7891 16641 10772 13825 20125 9137
13539 8345 12839 0 9894 8427 19191 13416 10241 17975 9618 15591 4359 11314 17365 17495
5219 10015 8956 9894 0 9276 9527 9028 11973 8118 1099 8103 5623 4869 11345 8220
9153 848 17007 8427 9276 0 17963 5988 17144 16095 9938 9730 6659 6511 10078 17181
9462 18790 11469 19191 9527 17963 0 14963 17397 2116 9590 11140 15085 11690 14578 2332
5542 6677 17973 13416 9028 5988 14963 0 20051 12872 10082 4459 10081 4181 4110 14943
17191 17417 6280 10241 11973 17144 17397 20051 0 17316 10930 20054 10527 16329 23101 15097
7399 16931 11761 17975 8118 16095 2116 12872 17316 0 8384 9026 13740 9721 12485 3234
6279 10637 7891 9618 1099 9938 9590 10082 10930 8384 0 9180 5520 5941 12443 8053
2930 10533 16641 15591 8103 9730 11140 4459 20054 9026 9180 0 11530 4290 3666 11587
9276 7026 10772 4359 5623 6659 15085 10081 10527 13740 5520 11530 0 7250 13734 13563
2673 7359 13825 11314 4869 6511 11690 4181 16329 9721 5941 4290 7250 0 6787 11262
6439 10733 20125 17365 11345 10078 14578 4110 23101 12485 12443 3666 13734 6787 0 15195
9416 17978 9137 17495 8220 17181 2332 14943 15097 3234 8053 11587 13563 11262 15195 0
1 9 5 6
2 10 8 4
3 8 10 6
4 9 7 5
5 9 13 5
6 5 7 8
7 14 9 5
8 9 10 7
9 12 6 5
10 9 7 10
11 8 9 4
12 8 10 1
13 9 13 6
14 8 11 3
15 7 9 7
