700 100 3
30 60 700 9.00
0 22 90 3
0 20 6 3
0 20 12 3
0 11 82 1
0 1 61 1
0 2 38 3
0 16 45 1
0 12 88 3
0 3 48 3
0 8 99 1
0 2 66 3
0 1 50 3
0 8 56 2
0 2 15 2
0 4 9 1
0 14 45 1
0 2 59 1
0 10 3 2
0 2 20 3
0 4 41 1
0 1 46 2
0 11 48 1
0 2 4 2
0 3 77 3
0 13 37 3
0 3 79 3
0 16 17 2
0 6 95 2
0 16 21 3
0 19 93 2
0 3 99 2
0 17 41 2
0 11 62 2
0 1 36 3
0 6 55 1
0 2 61 1
0 9 24 2
0 9 52 1
0 3 45 1
0 7 86 3
0 3 81 1
0 4 58 3
0 2 49 1
0 3 43 3
0 6 99 2
0 9 37 2
0 5 81 2
0 14 94 3
0 2 46 2
0 20 30 2
0 2 48 3
0 1 87 2
0 1 67 3
0 4 87 2
0 12 25 3
0 7 43 2
0 1 44 1
0 5 50 1
0 3 93 3
0 22 87 3
0 2 33 2
0 7 51 2
0 5 66 3
0 15 96 3
0 8 19 1
0 4 32 2
0 3 37 1
0 4 16 1
0 5 16 1
0 24 2 3
0 14 11 1
0 4 81 2
0 12 29 2
0 8 43 2
0 1 77 2
0 22 44 2
0 6 62 2
0 14 77 2
0 24 76 1
0 12 57 3
0 22 32 2
0 6 70 1
0 14 16 2
0 7 1 1
0 1 51 3
0 4 1 1
0 3 64 1
0 8 50 3
0 2 70 2
0 22 31 2
0 9 59 3
0 10 31 1
0 13 14 1
0 18 51 3
0 10 30 3
0 14 5 2
0 14 51 2
0 2 54 3
0 9 95 1
0 5 8 2
0 1 34 1
0 18 100 2
0 1 35 3
0 8 38 2
0 3 22 1
0 2 59 3
0 14 19 2
0 7 30 1
0 6 79 2
0 9 13 1
0 12 98 2
0 5 32 3
0 3 13 3
0 5 94 3
0 13 88 3
0 23 46 3
0 2 88 1
0 13 57 2
0 12 14 2
0 10 17 3
0 9 10 2
0 7 52 3
0 4 84 2
0 18 84 1
0 5 44 3
0 6 79 3
0 15 74 2
0 7 74 1
0 2 94 1
0 20 100 2
0 10 7 2
0 24 48 1
0 1 31 3
0 4 33 2
0 8 8 3
0 19 16 1
0 10 15 3
0 12 66 1
0 11 98 3
0 4 67 1
0 19 28 3
0 1 100 2
0 7 23 2
0 5 97 2
0 1 97 1
0 12 82 1
0 6 31 3
0 2 98 1
0 3 4 2
0 5 7 3
0 9 80 3
0 5 55 2
0 1 36 2
0 18 8 2
0 1 10 3
0 1 92 2
0 2 58 1
0 2 35 1
0 16 67 1
0 14 84 3
0 5 25 1
0 1 94 2
0 12 92 1
0 12 51 1
0 5 89 3
0 9 91 1
0 4 7 3
0 25 21 3
0 3 80 1
0 14 91 1
0 2 16 1
0 4 26 2
0 24 54 3
0 13 35 1
0 2 58 2
0 8 16 3
0 1 22 2
0 13 19 2
0 11 22 2
0 5 64 1
0 14 87 1
0 11 39 2
0 11 69 1
0 24 74 2
0 3 31 3
0 4 33 3
0 4 40 3
0 3 51 1
0 1 11 2
0 17 33 3
0 11 66 1
0 10 92 3
0 4 93 3
0 8 12 1
0 7 100 2
0 9 83 2
0 10 99 2
0 1 74 3
0 9 11 1
0 6 71 2
0 5 27 3
0 1 44 1
0 4 21 3
0 4 48 3
0 10 4 3
0 14 84 3
0 12 19 3
0 1 63 3
0 3 61 3
0 16 7 2
0 17 93 1
0 17 74 1
0 11 58 3
0 1 11 3
0 6 57 1
0 12 53 2
0 1 77 3
0 8 21 3
0 6 59 3
0 5 30 3
0 17 22 2
0 5 44 2
0 12 5 2
0 8 32 2
0 3 79 2
0 1 62 1
0 6 80 3
0 9 22 1
0 3 37 1
0 14 4 2
0 1 79 3
0 23 26 1
0 11 62 2
0 14 40 1
0 20 97 2
0 7 81 1
0 7 90 1
0 20 63 3
0 9 64 3
0 4 99 1
0 2 59 1
0 6 78 1
0 2 92 1
0 7 43 1
0 4 45 3
0 8 50 2
0 12 68 1
0 21 37 1
0 1 37 1
0 3 36 2
0 19 14 2
0 7 39 3
0 1 50 2
0 12 80 1
0 5 88 3
0 9 50 3
0 10 22 3
0 20 89 2
0 5 5 3
0 10 38 2
0 10 50 1
0 9 73 3
0 19 17 1
0 6 49 3
0 7 88 3
0 8 100 3
0 3 26 2
0 14 72 2
0 3 91 2
0 10 34 3
0 21 57 1
0 3 11 1
0 2 96 2
0 10 90 2
0 4 72 1
0 10 68 3
0 7 57 3
0 1 69 2
0 2 47 3
0 4 100 2
0 13 67 3
0 14 49 3
0 3 54 2
0 15 61 3
0 22 80 3
0 8 86 1
0 3 87 2
0 23 74 1
0 11 31 2
0 10 16 1
0 6 57 1
0 5 20 1
0 16 56 1
0 8 59 1
0 12 42 1
0 3 74 1
0 2 63 3
0 10 22 3
0 5 24 3
0 2 100 3
0 3 35 2
0 10 77 2
0 4 98 1
0 5 64 3
0 10 99 2
0 13 78 2
0 19 52 3
0 8 59 3
0 4 31 1
0 11 69 3
0 8 77 1
0 1 18 3
0 8 79 1
0 10 37 3
0 25 66 2
0 4 93 3
0 7 74 3
0 6 95 1
0 16 46 3
0 3 88 2
0 3 92 3
0 14 70 3
0 2 39 1
0 8 64 3
0 20 78 1
0 5 25 3
0 18 14 3
0 2 94 1
0 2 10 1
0 1 75 1
0 3 89 2
0 8 11 3
0 5 76 2
0 20 22 1
0 3 61 1
0 16 81 1
0 10 70 3
0 9 95 1
0 4 87 2
0 16 16 3
0 15 8 2
0 11 41 2
0 3 99 2
0 15 80 2
0 1 46 3
0 2 49 1
0 1 43 3
0 2 58 2
0 20 7 3
0 9 49 3
0 13 15 2
0 2 90 2
0 15 4 3
0 6 44 3
0 12 72 2
0 18 5 2
0 5 68 2
0 11 39 1
0 20 68 1
0 15 73 2
0 15 19 3
0 3 44 2
0 4 89 2
0 9 69 3
0 9 57 3
0 8 61 1
0 13 94 2
0 3 69 2
0 1 45 2
0 18 5 3
0 12 34 3
0 6 99 3
0 1 70 3
0 5 94 1
0 14 69 1
0 6 41 2
0 4 11 2
0 4 99 1
0 1 48 3
0 4 81 2
0 10 29 1
0 1 31 1
0 1 47 2
0 17 95 3
0 2 67 3
0 15 71 3
0 3 43 3
0 22 90 1
0 4 93 1
0 1 4 3
0 7 72 1
0 16 78 3
0 7 29 3
0 3 18 1
0 7 20 2
0 20 20 3
0 8 49 2
0 6 18 2
0 18 21 3
0 3 7 1
0 6 60 1
0 10 75 1
0 4 13 2
0 2 93 1
0 2 79 1
0 21 79 3
0 3 93 1
0 2 8 3
0 24 41 3
0 3 82 3
0 24 58 3
0 6 91 1
0 4 57 3
0 8 77 2
0 10 8 1
0 1 62 3
0 22 77 2
0 23 87 2
0 3 75 3
0 4 75 1
0 7 24 3
0 4 46 3
0 9 16 3
0 5 51 1
0 7 93 3
0 7 10 3
0 15 56 3
0 9 32 2
0 1 97 2
0 2 34 2
0 1 37 3
0 1 72 2
0 7 88 2
0 1 11 1
0 10 9 1
0 4 7 3
0 8 18 2
0 11 19 3
0 4 67 2
0 1 64 1
0 12 61 3
0 7 9 2
0 13 62 3
0 11 80 3
0 11 31 3
0 5 2 3
0 5 14 1
0 1 85 3
0 3 60 2
0 14 36 1
0 25 21 1
0 14 73 1
0 16 1 2
0 1 21 3
0 16 71 3
0 6 16 2
0 3 42 1
0 4 53 2
0 20 90 2
0 3 21 2
0 21 59 1
0 7 6 1
0 22 71 2
0 16 60 3
0 8 97 1
0 8 37 2
0 9 83 3
0 2 24 3
0 2 51 2
0 1 16 1
0 2 33 3
0 11 18 1
0 20 20 3
0 5 18 1
0 3 47 3
0 6 23 2
0 14 39 1
0 3 73 2
0 3 93 1
0 4 41 3
0 4 7 2
0 20 11 1
0 3 81 2
0 13 84 1
0 1 73 1
0 7 4 1
0 6 75 3
0 20 6 3
0 5 72 1
0 10 15 1
0 23 2 1
0 1 42 3
0 2 71 3
0 2 20 1
0 4 7 2
0 2 79 2
0 10 48 1
0 7 60 3
0 3 69 3
0 8 30 2
0 1 33 1
0 2 55 3
0 1 21 2
0 20 28 3
0 3 31 1
0 2 2 1
0 2 28 2
0 2 99 2
0 14 57 2
0 19 33 2
0 21 88 2
0 1 86 2
0 16 73 1
0 1 33 2
0 6 7 2
0 6 84 1
0 14 61 3
0 4 37 1
0 6 31 1
0 1 58 3
0 7 77 2
0 2 41 1
0 23 88 3
0 5 65 2
0 4 65 3
0 1 24 3
0 2 3 3
0 7 93 1
0 4 13 1
0 7 89 3
0 9 19 3
0 3 21 3
0 8 87 1
0 4 94 1
0 3 99 2
0 15 43 1
0 6 47 2
0 23 100 2
0 10 31 1
0 2 40 1
0 4 4 1
0 8 5 2
0 7 46 2
0 7 98 1
0 8 67 3
0 13 80 1
0 8 65 1
0 5 89 1
0 11 73 1
0 14 68 1
0 3 20 2
0 8 54 2
0 13 2 1
0 13 22 3
0 11 25 3
0 5 49 1
0 18 41 2
0 1 4 1
0 9 88 3
0 6 47 1
1 9 34 2
1 1 81 1
1 21 89 2
1 11 49 1
1 16 75 1
1 18 99 2
1 6 50 1
1 12 26 2
1 3 20 3
1 1 97 1
1 11 39 1
1 9 78 3
1 3 89 1
1 20 44 3
1 8 87 1
1 20 37 2
1 15 67 1
1 6 39 2
1 4 65 2
1 22 56 2
1 3 24 1
1 1 87 3
1 5 25 2
1 8 3 2
1 7 20 2
1 11 90 3
1 8 71 1
1 4 99 3
1 3 19 2
1 18 61 3
1 19 71 1
1 19 44 1
1 19 90 3
1 11 70 2
1 16 90 3
1 1 21 1
1 4 25 2
1 8 70 2
1 10 88 3
1 2 34 1
1 3 58 2
1 5 75 1
1 9 15 1
1 16 51 3
1 8 50 1
1 10 88 2
1 4 55 3
1 7 12 2
1 18 15 3
1 1 98 3
1 10 73 2
1 4 70 3
1 13 69 1
1 12 67 2
1 8 26 2
1 7 25 1
1 4 2 1
1 19 97 2
1 9 87 1
1 12 31 2
1 21 31 2
1 13 58 2
1 19 42 2
1 11 3 3
1 6 54 2
1 6 43 1
1 5 71 1
1 5 90 1
1 2 84 1
1 8 84 2
1 12 66 2
1 4 90 2
1 7 97 1
1 8 94 2
1 7 86 1
1 7 100 2
1 12 79 1
1 5 25 1
1 20 32 3
1 9 49 3
1 14 86 2
1 20 30 3
1 2 29 2
1 5 34 3
1 3 24 3
1 8 30 1
1 4 40 3
1 18 97 3
1 16 75 2
1 1 28 1
1 16 49 1
1 24 81 3
1 18 45 3
1 10 14 2
1 17 16 2
1 23 40 2
1 6 89 2
1 16 14 3
1 2 10 1
1 4 57 3
1 6 87 3
1 12 48 1
1 4 38 1
1 8 95 3
1 7 33 1
1 20 46 1
1 3 36 1
1 2 18 3
1 8 55 2
1 3 38 3
1 6 76 3
1 6 96 1
1 5 35 3
1 8 60 2
1 3 8 1
1 3 78 2
1 9 23 1
1 6 42 2
1 1 99 3
1 18 55 3
1 20 52 2
1 4 13 2
1 9 37 3
1 2 75 2
1 1 89 2
1 21 47 2
1 21 10 3
1 19 15 2
1 18 71 1
1 6 52 1
1 20 14 3
1 7 46 3
1 22 40 1
1 14 56 2
1 1 26 2
1 7 68 2
1 4 76 1
1 5 31 1
1 5 28 1
1 13 90 2
0 9287 18876 20699 8260 19141 10577 17516 4923 844 7955 3065 6940 16100 12666 15149 6170 15456 8022 10491 13565 21052 14679 4946 14778 15462 7762 7931 10266 2573 4568 3330 6586 15158 1218 11488 6174 12710 8403 14564 17350 15933 13689 14004 6661 15208 17229 6662 17259 15327 15525 10809 15518 8526 8848 5927 8013 20507 7748 8831 17937 8703 5148 18158 8709 14667 9214 15631 11842 2946 3699 10337 17801 19059 4834 20427 9222 10484 2043 5839 17799 5588 8927 17535 8744 16128 3671 9147 6402 16091 7234 10376 14545 15517 9494 14086 11620 16145 11706 13007 14716
9287 0 10723 13317 4920 12002 10930 9421 9666 8452 3288 7762 3632 7811 6111 8371 7076 6445 3365 9326 7679 14933 8219 5651 14332 6186 3320 12109 2849 9056 4761 8750 2999 6185 10495 11947 4190 7019 4385 6112 13158 8093 10454 16999 7514 6094 8018 2662 8705 6142 12734 13451 10353 3145 6859 3698 8565 13076 3788 5135 8743 12505 4262 13416 7875 6324 6895 12218 4547 10126 10384 4780 11648 12362 6018 13766 12246 3990 8877 3633 13190 3709 1853 8535 609 7941 5658 220 8185 7285 3632 2116 15000 7870 13690 6071 5719 9919 14490 4156 9974
18876 10723 0 3242 15358 2958 13726 1361 20328 18140 10922 16315 14354 11926 6436 4458 13788 9431 10854 11910 6296 6449 5090 16291 14171 7523 13965 17541 12275 17567 14926 16903 12485 5025 19955 14154 12702 6949 14794 4611 8728 2958 9541 19406 18210 8938 8242 13082 11495 5802 10606 16927 6674 13590 11323 14262 13486 2982 11142 10396 8498 17446 13893 7957 12248 11433 10987 9594 12725 20462 18317 14288 4945 4030 16666 4792 16664 13316 17670 13219 8086 13700 10175 3746 10994 2809 15340 10729 18899 3832 14336 11399 15528 3423 18436 12037 7561 4841 17629 10130 7374
20699 13317 3242 0 18126 1606 13932 4133 22702 20028 12886 17916 16924 15167 8045 5553 15100 12663 12800 12339 7247 3562 6056 18692 13387 10746 16628 18138 15174 19082 17118 18348 14635 8111 21694 14123 14596 8074 17567 7356 7296 5227 9330 18963 20825 12162 11471 15450 14730 8975 9687 16991 6327 16335 12415 16653 14346 264 13000 11908 11699 17904 15968 6251 13143 14646 12045 8707 15784 22582 19612 17240 3803 2242 19068 1986 17032 16268 19270 15331 6514 15893 12455 6984 13495 5517 17345 13288 21476 6962 16947 14268 14817 5466 18764 15228 9081 4866 17534 13237 7217
8260 4920 15358 18126 0 16867 14328 14118 6114 7497 7117 8476 2061 8322 11000 13291 9553 8485 7230 13096 12536 19852 13132 3316 18218 9295 1730 14087 3271 9409 4630 9540 5483 10481 9383 15394 6730 11827 563 10800 17907 12904 14921 19787 3173 8466 10546 4002 9594 10080 17194 16189 15184 1795 10573 3364 11577 17877 7459 9158 11142 14685 5468 18247 11323 7061 10742 16799 4070 7563 10952 2192 16567 17267 3445 18665 14732 2719 8978 5414 18001 4796 6377 12631 4942 12654 5864 5008 3944 11674 1783 4020 18629 12725 15792 6330 10497 14834 17239 6204 14733
19141 12002 2958 1606 16867 0 12382 3316 21261 18480 11377 16335 15574 14533 6515 3996 13501 11981 11287 10759 5650 3573 4472 17271 12055 10044 15322 16554 14015 17492 15641 16754 13158 7219 20123 12612 13065 6483 16313 6228 6151 4008 7823 17556 19480 11447 11019 14033 14224 8183 8370 15472 4806 15072 10811 15237 12743 1476 11469 10333 11340 16333 14467 5227 11538 13875 10440 7368 14760 21075 18009 16109 2415 1101 17646 1982 15469 15142 17687 13842 5423 14422 11029 6539 12138 4477 15825 11956 20113 6163 15615 13095 13470 4142 17209 14399 7524 3268 16045 12289 5677
10577 10930 13726 13932 14328 12382 0 12642 14902 10380 7669 7655 12269 18377 8051 9284 4997 16371 7580 1937 7503 12722 8651 12237 4234 15140 12722 4461 13697 8060 10143 7259 8890 12921 10976 1067 7598 7041 14020 11436 7996 11199 4675 6295 15026 15843 17101 10356 18991 13775 5558 3218 7612 13132 4082 11031 2839 13847 7194 5852 17796 4056 8977 9084 3075 16970 4109 6073 15468 13438 7611 15289 10194 11759 12480 12796 3132 14715 8547 8920 8687 9574 9116 14660 10447 11885 9275 10715 15244 13099 12547 13046 4326 10666 4834 16878 7165 9170 4041 14657 6715
17516 9421 1361 4133 14118 3316 12642 0 18998 16780 9562 14967 13053 11218 5130 3373 12476 8670 9495 10787 5148 6880 4000 14962 13393 6733 12688 16340 11090 16224 13573 15569 11128 3983 18598 13132 11342 5736 13555 3324 8329 1619 8650 18469 16925 8141 7737 11744 10919 4893 9940 15857 5948 12340 10058 12929 12251 3872 9785 9071 8098 16275 12534 7710 11014 10588 9730 8944 11652 19107 16997 13136 4708 4222 15337 5294 15518 12163 16322 11861 7774 12346 8823 3320 9673 1481 13980 9420 17605 2867 13045 10197 14709 2113 17292 11137 6256 4132 16598 9107 6541
4923 9666 20328 22702 6114 21261 14902 18998 0 4722 10015 7304 6130 14396 14828 17346 10022 14556 10119 14404 16088 23740 17008 4036 19133 15178 6738 12790 9193 7350 5696 7975 8141 15828 5429 15896 8575 15254 6550 15734 20724 17561 17216 18879 3113 14490 16584 7263 15684 15652 19288 15581 18449 7371 12278 6070 12129 22476 10058 11614 17207 13548 6979 21357 12505 13172 12592 19203 10183 2334 8616 8248 20394 21418 3662 22833 13989 8829 6787 7516 21036 6876 10248 18139 9340 17522 5936 9630 2423 16948 6246 9731 19081 17254 14391 12428 13975 18647 16522 12196 17772
844 8452 18140 20028 7497 18480 10380 16780 4722 0 7221 2734 6117 15270 11984 14484 5761 14612 7293 10146 12939 20477 14030 4183 14607 14623 6939 8076 9430 2634 3725 3264 5787 14354 2062 11331 5453 12082 7617 13792 16896 15206 13256 14165 6097 14364 16386 5822 16424 14507 15159 10864 14969 7702 8358 5086 7718 19831 7042 8210 17094 8829 4345 17669 8315 13832 8716 15217 11020 3066 3994 9547 17203 18429 4102 19808 9271 9669 2071 5037 17316 4759 8135 16733 7914 15380 2863 8314 5916 15301 6415 9533 14455 14800 9697 13258 10957 15527 11801 12164 14187
7955 3288 10922 12886 7117 11377 7669 9562 10015 7221 0 5573 5186 10999 4868 7399 3987 9341 115 6151 6074 13725 7018 6192 11242 8608 5398 8984 6029 6888 4322 6362 1911 7490 9051 8700 1786 5244 6703 6673 11003 7985 7828 13712 8788 8897 10581 3222 11792 7899 10089 10171 8503 5647 3632 4304 5286 12679 510 2046 11317 9320 3095 11496 4600 9532 3724 9743 7804 9698 7948 7708 10380 11444 6548 12854 9002 7070 6889 2501 11205 3151 1604 9812 2780 8177 4463 3069 9277 8285 5387 5392 11813 7584 10506 9336 3961 8637 11206 7274 7903
3065 7762 16315 17916 8476 16335 7655 14967 7304 2734 5573 0 6635 15300 9955 12370 3109 14199 5610 7439 10704 18081 11863 5469 11886 13850 7389 5806 9513 1326 3882 1078 4771 13048 3836 8620 3848 9858 8414 12230 14291 13356 10626 11818 8009 13855 15748 5499 16330 13388 12467 8373 12527 8083 5820 5321 4987 17736 5244 6010 16479 6498 3586 15113 5644 13810 6192 12566 11289 5800 2656 10210 14871 16181 5574 17527 6792 10068 1359 4142 14751 4279 6872 15383 7159 13646 2624 7576 8032 13857 6962 9346 11780 12905 7504 13366 8864 13255 9360 11841 11706
6940 3632 14354 16924 2061 15574 12269 13053 6130 6117 5186 6635 0 9166 9422 11827 7501 8742 5301 11063 10890 18377 11600 2293 16182 9126 822 12113 3381 7681 2755 7711 3456 9718 8134 13335 4673 10133 1830 9743 16122 11708 13014 17749 3905 8585 10672 1987 10348 9522 15272 14147 13485 1586 8550 1347 9516 16685 5486 7202 11339 12690 3431 16532 9273 7751 8735 14924 4903 6958 9206 3580 15050 15875 2610 17288 12705 3561 7305 3352 16266 2742 4694 12013 3436 11573 4016 3641 4556 10858 327 3699 16574 11463 13813 7149 8796 13298 15199 6298 12972
16100 7811 11926 15167 8322 14533 18377 11218 14396 15270 10999 15300 9166 0 11485 12530 14885 2569 11056 16591 12972 18084 12777 11335 21234 4500 8347 19919 5855 16518 11679 16346 10703 7457 17299 19326 11980 12718 7967 8888 18329 10921 16715 24604 11327 3136 3932 9804 1312 6405 18827 21125 15401 7582 14326 10224 16261 14905 11509 12547 4085 20301 11716 18131 15428 1496 14270 18054 4307 15857 17956 6151 15463 15382 11570 16511 20000 5698 16234 11208 18050 11024 9411 8208 8405 10210 12860 8028 12083 8386 8885 5960 22134 11107 21488 2023 11811 14137 22144 3736 15435
12666 6111 6436 8045 11000 6515 8051 5130 14828 11984 4868 9955 9422 11485 0 2531 7352 9105 4776 6116 1614 8976 2193 10895 9955 7523 9326 11340 8678 11176 9163 10490 6690 4946 13685 8751 6553 1243 10480 3398 7190 3518 5256 14239 13283 8527 9366 7697 11775 5899 7344 11234 4292 9248 4961 8890 7200 7847 4957 3974 10012 11350 7962 7335 5977 10303 4653 6604 9960 14562 11883 10766 5635 6591 11265 8006 10667 9873 11314 7350 7133 7957 4733 6619 6065 4020 9311 6000 13860 5049 9521 7764 11032 3019 12427 10503 1126 3880 12092 8114 4068
15149 8371 4458 5553 13291 3996 9284 3373 17346 14484 7399 12370 11827 12530 2531 0 9612 9997 7306 7453 1851 6564 633 13392 10150 8167 11663 13102 10709 13551 11691 12832 9214 5202 16142 9759 9071 2589 12753 3652 5832 2126 5341 15108 15717 9414 9719 10173 12567 6288 6881 12494 2990 11509 7004 11373 9092 5368 7477 6360 10254 12991 10494 5612 7857 11552 6649 5939 11762 17091 14147 12825 3296 4076 13764 5494 12206 11888 13726 9880 5520 10481 7180 5970 8414 2951 11836 8291 16316 4700 11902 9777 11422 1667 13978 11904 3530 1657 13226 9579 3345
6170 7076 13788 15100 9553 13501 4997 12476 10022 5761 3987 3109 7501 14885 7352 9612 0 13322 3959 4409 7853 15047 9060 7249 9177 12571 8061 5034 9522 4058 5175 3276 4386 11179 6907 6045 3016 7036 9312 10092 11182 10858 7518 10268 10032 12883 14553 5730 15735 11726 9400 6661 9483 8584 2762 6195 2159 14937 3496 3426 15288 5444 4094 12010 2554 13400 3140 9465 11358 8801 4540 10797 11893 13261 7485 14574 5283 10379 4355 4189 11646 4759 5581 13388 6492 11269 4279 6858 10248 11800 7802 9064 9306 10369 6624 13126 6227 10336 7715 11193 8641
15456 6445 9431 12663 8485 11981 16371 8670 14556 14612 9341 14199 8742 2569 9105 9997 13322 0 9379 14522 10536 15526 10269 11028 18981 1938 7979 18323 5402 15482 10899 15195 9445 4890 16674 17273 10592 10348 8012 6347 15814 8353 14360 22652 11651 585 2098 8851 2675 3836 16418 19259 12899 7260 12398 9542 14466 12401 9843 10639 2658 18633 10655 15586 13530 2108 12295 15613 4550 15687 16828 6550 12896 12819 11324 13962 18242 5781 15274 10059 15514 10032 7741 5762 7053 7641 11965 6641 12423 5825 8521 5094 19950 8547 19816 2862 9542 11591 20251 2456 12976
8022 3365 10854 12800 7230 11287 7580 9495 10119 7293 115 5610 5301 11056 4776 7306 3959 9379 0 6051 5970 13622 6920 6302 11138 8622 5510 8944 6120 6922 4425 6386 2022 7465 9112 8609 1848 5138 6814 6626 10888 7914 7713 13638 8902 8930 10599 3337 11840 7889 9974 10102 8393 5755 3536 4418 5219 12593 465 1936 11335 9272 3190 11383 4515 9592 3622 9628 7889 9788 7966 7810 10277 11348 6658 12756 8944 7167 6932 2603 11092 3258 1651 9780 2866 8115 4547 3147 9390 8247 5501 5473 11716 7509 10458 9404 3860 8535 11136 7328 7790
10491 9326 11910 12339 13096 10759 1937 10787 14404 10146 6151 7439 11063 16591 6116 7453 4409 14522 6051 0 5639 11484 6821 11349 5124 13242 11426 5801 12146 8141 9227 7315 7613 10986 11090 2752 6438 5129 12738 9499 7083 9311 3445 8200 14143 13985 15194 9093 17159 11848 5037 5127 6102 11760 2535 9911 2523 12234 5719 4190 15885 5585 7967 8055 1908 15209 2435 5238 13871 13200 8058 13856 8697 10229 11630 11365 4761 13215 8550 7780 7666 8475 7480 12729 8887 9979 8547 9117 14447 11165 11316 11438 5675 8778 6530 15161 5231 7501 5977 12893 5190
13565 7679 6296 7247 12536 5650 7503 5148 16088 12939 6074 10704 10890 12972 1614 1851 7853 10536 5970 5639 0 7654 1239 12231 8786 8857 10843 11253 10286 11845 10393 11104 7965 6076 14512 8044 7621 857 12025 4455 5577 3706 3964 13466 14709 9953 10608 9091 13189 7110 5888 10721 2685 10803 5191 10264 7245 7085 6057 4734 11215 11150 9137 5739 6012 11836 4828 5082 11572 15656 12371 12368 4314 5494 12595 6870 10376 11480 12050 8572 5527 9221 6200 7355 7594 4434 10397 7557 15257 5899 11008 9374 9969 3177 12150 12068 2124 2594 11490 9683 2482
21052 14933 6449 3562 19852 3573 12722 6880 23740 20477 13725 18081 18377 18084 8976 6564 15047 15526 13622 11484 7654 0 6784 19856 11177 13588 18227 17153 17188 19104 18047 18312 15608 10709 21916 12650 15257 8496 19311 9566 4969 7340 8090 16880 22254 14983 14592 16672 17796 11707 7616 15483 5565 18067 12286 17862 13827 3750 13707 12293 14905 16778 16789 3795 12739 17382 11909 6793 18085 23274 19359 19302 3349 2729 20223 1662 15843 18348 19387 16225 4172 16869 13704 10106 14975 7934 18027 14855 22836 9701 18459 16257 12613 7333 17468 17874 9766 5104 15841 15697 6428
14679 8219 5090 6056 13132 4472 8651 4000 17008 14030 7018 11863 11600 12777 2193 633 9060 10269 6920 6821 1239 6784 0 13087 9590 8482 11478 12479 10659 13026 11331 12296 8867 5558 15653 9133 8648 2024 12603 3962 5553 2689 4764 14494 15471 9684 10103 9890 12873 6636 6400 11862 2631 11364 6422 11083 8483 5883 7061 5861 10663 12362 10110 5456 7251 11745 6062 5487 11796 16684 13588 12770 3450 4429 13456 5836 11574 11847 13215 9513 5322 10133 6920 6497 8217 3491 11423 8124 16052 5161 11691 9731 10844 2195 13347 12058 3084 1703 12598 9705 2850
4946 5651 16291 18692 3316 17271 12237 14962 4036 4183 6192 5469 2293 11335 10895 13392 7249 11028 6302 11349 12231 19856 13087 0 16360 11404 3055 11250 5644 6236 2121 6483 4281 11832 6082 13291 5024 11417 3472 11699 17137 13533 13782 17171 2798 10877 12964 3242 12550 11715 15964 13633 14695 3799 8977 2040 9399 18464 6325 7991 13631 11912 3409 17676 9457 9958 9239 15753 7032 4665 7775 5408 16507 17468 376 18886 12097 5646 5764 3773 17377 3068 6243 14166 5306 13486 3040 5605 3138 12935 2510 5991 16555 13235 12956 9313 10107 14752 14659 8589 14080
14778 14332 14171 13387 18218 12055 4234 13393 19133 14607 11242 11886 16182 21234 9955 10150 9177 18981 11138 5124 8786 11177 9590 16360 0 17473 16549 7831 17175 12235 14246 11450 12735 14834 15112 3291 11538 8728 17861 13223 6240 12272 4837 5704 19158 18414 19317 14216 21655 15833 3699 5142 7497 16873 7655 15012 7026 13382 10827 9231 19952 7157 13025 7405 6936 19927 7521 4688 18851 17659 11634 18947 9643 11153 16621 11793 6245 18274 12739 12880 7054 13566 12479 16081 13931 13081 13449 14131 19412 14676 16438 16423 1442 11785 7333 19968 9441 9332 5077 17628 6853
15462 6186 7523 10746 9295 10044 15140 6733 15178 14623 8608 13850 9126 4500 7523 8167 12571 1938 8622 13242 8857 13588 8482 11404 17473 0 8448 17472 6036 15166 10908 14783 9096 2993 16674 15986 10077 8760 8770 4523 13998 6445 12760 21434 12450 1416 1994 8804 4400 1917 14742 18143 11111 7811 11299 9686 13470 10483 9081 9599 2723 17711 10435 13723 12443 3916 11148 13900 5734 16052 16412 7622 10989 10883 11733 12024 17240 6730 15025 9783 13666 9895 7071 3921 6755 5715 11844 6342 13214 3887 8961 5450 18512 6666 18882 4564 8102 9731 19103 3140 11249
7762 3320 13965 16628 1730 15322 12722 12688 6738 6939 5398 7389 822 8347 9326 11663 8061 7979 5510 11426 10843 18227 11478 3055 16549 8448 0 12779 2590 8465 3526 8467 3835 9222 8955 13785 5140 10120 1313 9365 16185 11401 13192 18328 4250 7844 9937 2367 9534 8955 15466 14722 13479 765 8895 2068 10016 16384 5754 7442 10593 13334 4060 16539 9687 6937 9051 15068 4081 7708 9982 2831 14922 15676 3345 17082 13309 2745 8101 3874 16288 3341 4662 11474 3262 11211 4783 3377 4961 10385 546 2999 17001 11188 14470 6329 8787 13181 15776 5549 13014
7931 12109 17541 18138 14087 16554 4461 16340 12790 8076 8984 5806 12113 19919 11340 13102 5034 18323 8944 5801 11253 17153 12479 11250 7831 17472 12779 0 14484 5442 9466 4893 9335 15789 7886 4833 7989 10605 13941 14508 12457 14784 9069 6089 13811 17868 19464 10558 20764 16459 9983 3005 11890 13383 6431 10767 4156 18030 8481 7937 20194 786 8719 13543 5364 18433 6703 10534 16321 10861 4292 15590 14487 16027 11374 17139 1587 15268 6005 9004 13146 9445 10587 17836 11522 15355 8275 11891 13804 16234 12435 14074 7159 14257 1709 18148 10271 13291 3800 16225 10979
10266 2849 12275 15174 3271 14015 13697 11090 9193 9430 6029 9513 3381 5855 8678 10709 9522 5402 6120 12146 10286 17188 10659 5644 17175 6036 2590 14484 0 10697 5825 10576 5151 7312 11472 14729 6511 9698 2736 7820 15838 10009 13271 19661 6415 5300 7396 4028 6994 6838 15546 16079 12969 1858 9652 4369 11215 14919 6505 7960 8034 14954 5956 16011 10625 4403 9711 14996 1838 10291 12163 2117 14002 14524 5929 15889 14789 1195 10394 5526 15811 5241 4698 9391 3260 9659 7019 3045 7178 8516 3136 932 17820 9903 16127 3871 8444 12329 17128 3003 12667
2573 9056 17567 19082 9409 17492 8060 16224 7350 2634 6888 1326 7681 16518 11176 13551 4058 15482 6922 8141 11845 19104 13026 6236 12235 15166 8465 5442 10697 0 4941 826 6076 14369 2952 8944 5173 11009 9404 13532 15139 14609 11459 11532 8547 15149 17056 6718 17572 14714 13170 8259 13539 9186 6820 6413 5623 18909 6546 7208 17786 6198 4836 16014 6471 15034 7198 13355 12444 5514 1544 11257 15944 17294 6271 18619 6668 11184 563 5426 15642 5500 8198 16700 8457 14921 3695 8874 8455 15169 8006 10580 11974 14150 7068 14563 10072 14366 9179 13106 12693
4568 4761 14926 17118 4630 15641 10143 13573 5696 3725 4322 3882 2755 11679 9163 11691 5175 10899 4425 9227 10393 18047 11331 2121 14246 10908 3526 9466 5825 4941 0 4958 2483 10810 5785 11201 2950 9558 4536 10422 15120 12066 11709 15254 4918 10641 12661 2106 12790 10877 13871 11680 12767 4246 6867 1476 7310 16901 4368 5969 13369 10080 1320 15704 7336 10215 7137 13687 7525 5538 6457 6334 14702 15752 2413 17165 10180 6246 4592 1821 15393 1229 4752 13188 4254 12123 1261 4640 5239 11825 3082 5839 14466 11717 11174 9693 8283 12958 12720 8457 12110
3330 8750 16903 18348 9540 16754 7259 15569 7975 3264 6362 1078 7711 16346 10490 12832 3276 15195 6386 7315 11104 18312 12296 6483 11450 14783 8467 4893 10576 826 4958 0 5751 13851 3778 8159 4717 10275 9486 12952 14318 13951 10638 10963 8942 14837 16701 6555 17362 14243 12344 7607 12747 9160 6035 6399 4797 18179 5985 6516 17435 5621 4632 15199 5654 14854 6413 12530 12359 6244 1634 11288 15169 16534 6564 17850 6014 11144 1290 5158 14826 5337 7751 16159 8144 14290 3698 8558 8913 14610 8039 10388 11225 13482 6566 14422 9377 13607 8557 12857 11895
6586 2999 12485 14635 5483 13158 8890 11128 8141 5787 1911 4771 3456 10703 6690 9214 4386 9445 2022 7613 7965 15608 8867 4281 12735 9096 3835 9335 5151 6076 2483 5751 0 8572 7758 9952 1371 7144 5140 8036 12894 9602 9641 14610 6897 9089 10980 1481 11660 8772 11877 11009 10415 4260 5095 2424 6218 14418 2091 3805 11710 9806 1443 13404 5853 9207 5280 11584 6988 7985 7385 6453 12260 13281 4639 14695 9668 5995 5930 750 13110 1267 2354 10949 2393 9690 2924 2808 7371 9517 3703 4770 13166 9243 10976 8854 5844 10510 12062 7127 9809
15158 6185 5025 8111 10481 7219 12921 3983 15828 14354 7490 13048 9718 7457 4946 5202 11179 4890 7465 10986 6076 10709 5558 11832 14834 2993 9222 15789 7312 14369 10810 13851 8572 0 16327 13672 9206 6128 9920 1623 11031 3464 10036 19161 13460 4323 4551 8780 7385 1088 11908 16052 8172 8760 9391 9877 11656 7848 7875 7876 5140 15917 10011 10733 10514 6673 9167 11029 7702 16283 15425 9283 8006 7985 12196 9196 15332 8314 14338 9319 10681 9640 6245 2381 6595 2777 11491 6251 14182 1207 9648 6471 15958 3673 17050 7179 5757 6742 16953 5128 8376
1218 10495 19955 21694 9383 20123 10976 18598 5429 2062 9051 3836 8134 17299 13685 16142 6907 16674 9112 11090 14512 21916 15653 6082 15112 16674 8955 7886 11472 2952 5785 3778 7758 16327 0 11826 7265 13662 9553 15694 18062 17004 14384 13866 7562 16425 18445 7877 18465 16516 16122 10852 16361 9720 9648 7142 8575 21508 8814 9791 19154 8670 6328 18914 9389 15871 10021 16294 13031 3179 3601 11489 18703 19999 5940 21352 9295 11666 2558 7016 18546 6791 10086 18701 9948 17227 4860 10352 7215 17242 8422 11592 14766 16577 9336 15283 12618 17076 11685 14224 15536
11488 11947 14154 14123 15394 12612 1067 13132 15896 11331 8700 8620 13335 19326 8751 9759 6045 17273 8609 2752 8044 12650 9133 13291 3291 15986 13785 4833 14729 8944 11201 8159 9952 13672 11826 0 8664 7670 15084 12149 7789 11749 4794 5489 16077 16737 17932 11420 19909 14561 5217 2872 7806 14190 5089 12098 3892 14057 8232 6842 18617 4284 10042 8923 4122 17933 5082 5882 16491 14377 8376 16341 10339 11913 13530 12862 3323 15758 9449 9987 8529 10640 10122 15316 11474 12470 10318 11734 16286 13779 13613 14064 3264 11221 4829 17861 7936 9472 3475 15617 6943
6174 4190 12702 14596 6730 13065 7598 11342 8575 5453 1786 3848 4673 11980 6553 9071 3016 10592 1848 6438 7621 15257 8648 5024 11538 10077 5140 7989 6511 5173 2950 4717 1371 9206 7265 8664 0 6769 6428 8450 12176 9759 8763 13244 7780 10200 12012 2775 12895 9543 10940 9641 9884 5609 3981 3475 4877 14395 1596 3039 12747 8444 1630 12783 4609 10487 4223 10739 8348 8039 6339 7812 11931 13073 5344 14471 8296 7366 5135 1342 12465 2040 3035 11550 3585 9962 2777 3980 8162 10042 4949 6088 11901 9348 9618 10168 5565 10212 10695 8346 9197
12710 7019 6949 8074 11827 6483 7041 5736 15254 12082 5244 9858 10133 12718 1243 2589 7036 10348 5138 5129 857 8496 2024 11417 8728 8760 10120 10605 9698 11009 9558 10275 7144 6128 13662 7670 6769 0 11326 4540 6145 4203 4013 13141 13925 9770 10589 8303 13018 7108 6120 10252 3359 10115 4417 9466 6538 7905 5211 3879 11226 10544 8294 6420 5300 11521 4065 5411 11063 14802 11565 11756 5162 6349 11779 7727 9806 10891 11207 7738 6178 8394 5460 7645 6891 4850 9544 6884 14461 6119 10263 8802 9830 3671 11578 11700 1337 3450 11068 9311 2968
8403 4385 14794 17567 563 16313 14020 13555 6550 7617 6703 8414 1830 7967 10480 12753 9312 8012 6814 12738 12025 19311 12603 3472 17861 8770 1313 13941 2736 9404 4536 9486 5140 9920 9553 15084 6428 11326 0 10238 17422 12346 14479 19570 3682 7973 10059 3665 9223 9526 16756 15966 14681 1245 10208 3175 11298 17318 7065 8748 10668 14520 5258 17745 10993 6664 10364 16342 3676 7889 10942 1936 16033 16720 3654 18116 14531 2294 8996 5137 17503 4559 5891 12076 4435 12092 5790 4482 4448 11111 1515 3463 18306 12171 15642 5958 10000 14304 17018 5697 14244
14564 6112 4611 7356 10800 6228 11436 3324 15734 13792 6673 12230 9743 8888 3398 3652 10092 6347 6626 9499 4455 9566 3962 11699 13223 4523 9365 14508 7820 13532 10422 12952 8036 1623 15694 12149 8450 4540 10238 0 9479 2234 8417 17637 13605 5765 6170 8512 8920 2681 10288 14601 6589 9018 8078 9678 10353 7102 6987 6698 6763 14587 9471 9244 9173 7963 7822 9415 8540 15957 14477 9897 6647 6845 12072 8153 13957 8927 13558 8784 9167 9207 5687 3330 6394 1854 10945 6121 14290 1727 9728 6912 14362 2271 15697 8375 4306 5250 15476 6137 6761
17350 13158 8728 7296 17907 6151 7996 8329 20724 16896 11003 14291 16122 18329 7190 5832 11182 15814 10888 7083 5577 4969 5553 17137 6240 13998 16185 12457 15838 15139 15120 14318 12894 11031 18062 7789 12176 6145 17422 9479 0 7744 3680 11931 19789 15230 15524 14206 18398 12118 2651 10574 2947 16229 8546 15306 9581 7330 10817 9153 16031 12012 13802 1175 8672 17288 8199 1924 17149 19870 15140 17901 3805 5130 17478 5582 11059 17031 15504 13366 814 14069 11532 11504 13000 8576 14803 13017 20257 10440 16282 14935 7681 7404 12617 17576 7441 4344 10887 15205 3184
15933 8093 2958 5227 12904 4008 11199 1619 17561 15206 7985 13356 11708 10921 3518 2126 10858 8353 7914 9311 3706 7340 2689 13533 12272 6445 11401 14784 10009 14609 12066 13951 9602 3464 17004 11749 9759 4203 12346 2234 7744 0 7453 17153 15605 7786 7810 10298 10812 4529 8991 14417 5045 11112 8463 11493 10674 4984 8191 7452 8293 14743 10991 7336 9440 10099 8141 8035 10774 17587 15377 12101 4544 4615 13909 5919 14009 11134 14712 10326 7317 10836 7333 3853 8288 841 12424 8068 16264 2702 11724 9091 13533 533 15781 10555 4642 3400 15195 8357 5468
13689 10454 9541 9330 14921 7823 4675 8650 17216 13256 7828 10626 13014 16715 5256 5341 7518 14360 7713 3445 3964 8090 4764 13782 4837 12760 13192 9069 13271 11459 11709 10638 9641 10036 14384 4794 8763 4013 14479 8417 3680 7453 0 9868 16507 13783 14554 11043 17031 11058 2283 7662 3018 13351 4949 12064 5913 9264 7554 5836 15171 8723 10391 4611 4995 15487 4625 1986 14792 16256 11482 15227 5551 7123 14106 8122 7807 14438 11827 10024 4225 10739 8672 11245 10178 8253 11280 10280 16920 9841 13212 12428 6081 6957 9493 15622 4965 4746 8224 13240 2186
14004 16999 19406 18963 19787 17556 6295 18469 18879 14165 13712 11818 17749 24604 14239 15108 10268 22652 13638 8200 13466 16880 14494 17171 5704 21434 18328 6089 19661 11532 15254 10963 14610 19161 13866 5489 13244 13141 19570 17637 11931 17153 9868 0 19814 22129 23392 15994 25258 20043 9333 3606 12823 18846 10281 16424 8448 18937 13212 12059 24084 5343 14320 13101 9178 23174 10360 10275 21476 16917 10325 21055 15173 16721 17328 17448 5077 20593 12095 14456 12743 15011 15244 20783 16472 17900 14141 16780 19848 19258 18056 19092 4276 16632 4531 23033 13419 14606 2552 20871 12047
6661 7514 18210 20825 3173 19480 15026 16925 3113 6097 8788 8009 3905 11327 13283 15717 10032 11651 8902 14143 14709 22254 15471 2798 19158 12450 4250 13811 6415 8547 4918 8942 6897 13460 7562 16077 7780 13925 3682 13605 19789 15605 16507 19814 0 11639 13717 5623 12624 13143 18712 16316 17253 4719 11753 4485 12187 20585 8983 10683 14309 14506 6187 20273 12254 10150 12004 18465 7181 5020 10031 5203 18918 19773 2548 21187 14759 5873 8017 6485 19989 5770 8551 15681 7342 15446 5778 7537 772 14630 3882 7087 19339 15366 15501 9386 12594 17162 17328 9375 16686
15208 6094 8938 12162 8466 11447 15843 8141 14490 14364 8897 13855 8585 3136 8527 9414 12883 585 8930 13985 9953 14983 9684 10877 18414 1416 7844 17868 5300 15149 10641 14837 9089 4323 16425 16737 10200 9770 7973 5765 15230 7786 13783 22129 11639 0 2096 8570 3248 3280 15835 18753 12314 7147 11890 9317 13979 11899 9394 10138 2755 18164 10335 15006 13024 2512 11778 15029 4646 15543 16472 6617 12327 12271 11184 13429 17757 5796 14957 9723 14932 9731 7304 5310 6696 7083 11675 6281 12410 5285 8380 4898 19392 7972 19345 3199 8979 11011 19740 2299 12391
17229 8018 8242 11471 10546 11019 17101 7737 16584 16386 10581 15748 10672 3932 9366 9719 14553 2098 10599 15194 10608 14592 10103 12964 19317 1994 9937 19464 7396 17056 12661 16701 10980 4551 18445 17932 12012 10589 10059 6170 15524 7810 14554 23392 13717 2096 0 10571 3268 3498 16458 20124 12704 9242 13287 11368 15464 11215 11060 11592 736 19705 12280 15145 14431 4062 13130 15580 6647 17630 18334 8643 12281 11958 13274 12967 19232 7857 16893 11646 15125 11706 9029 4501 8607 7006 13656 8190 14489 5112 10471 6977 20393 8120 20876 4869 10017 11194 21078 4394 12927
6662 2662 13082 15450 4002 14033 10356 11744 7263 5822 3222 5499 1987 9804 7697 10173 5730 8851 3337 9093 9091 16672 9890 3242 14216 8804 2367 10558 4028 6718 2106 6555 1481 8780 7877 11420 2775 8303 3665 8512 14206 10298 11043 15994 5623 8570 10571 0 10856 8796 13295 12388 11632 2855 6572 1204 7652 15222 3502 5220 11284 11076 1928 14659 7329 8317 6750 12965 5836 7504 8154 5069 13327 14247 3617 15665 11003 4713 6458 1557 14381 1221 3004 11149 2186 10273 3115 2553 6169 9832 2224 3864 14641 9995 12230 7868 6973 11570 13442 6430 11079
17259 8705 11495 14730 9594 14224 18991 10919 15684 16424 11792 16330 10348 1312 11775 12567 15735 2675 11840 17159 13189 17796 12873 12550 21655 4400 9534 20764 6994 17572 12790 17362 11660 7385 18465 19909 12895 13018 9223 8920 18398 10812 17031 25258 12624 3248 3268 10856 0 6299 19075 21830 15504 8772 14985 11353 16999 14472 12300 13213 3205 21112 12745 18117 16106 2597 14899 18258 5548 17106 18983 7436 15345 15131 12797 16187 20764 6938 17310 12206 18064 12072 10189 7749 9310 10050 13945 8916 13382 8173 10077 6992 22617 11056 22298 3265 12215 14127 22834 4550 15614
15327 6142 5802 8975 10080 8183 13775 4893 15652 14507 7899 13388 9522 6405 5899 6288 11726 3836 7889 11848 7110 11707 6636 11715 15833 1917 8955 16459 6838 14714 10877 14243 8772 1088 16516 14561 9543 7108 9526 2681 12118 4529 11058 20043 13143 3280 3498 8796 6299 0 12965 16868 9255 8424 10119 9828 12360 8712 8323 8523 4119 16628 10190 11818 11255 5695 9921 12096 6998 16262 15843 8703 9072 8992 12069 10164 16082 7749 14643 9505 11768 9752 6519 2553 6623 3805 11657 6244 13884 2026 9417 6067 16931 4757 17776 6253 6625 7829 17790 4363 9442
15525 12734 10606 9687 17194 8370 5558 9940 19288 15159 10089 12467 15272 18827 7344 6881 9400 16418 9974 5037 5888 7616 6400 15964 3699 14742 15466 9983 15546 13170 13871 12344 11877 11908 16122 5217 10940 6120 16756 10288 2651 8991 2283 9333 18712 15835 16458 13295 19075 12965 0 7949 3993 15632 7025 14293 7547 9684 9796 8077 17040 9486 12559 3823 6848 17641 6736 1014 17047 18200 12989 17509 5955 7455 16279 8116 8527 16715 13586 12227 3445 12943 10955 12844 12461 9826 13363 12561 19101 11560 15476 14696 5132 8547 10027 17810 7186 5814 8238 15422 3550
10809 13451 16927 16991 16189 15472 3218 15857 15581 10864 10171 8373 14147 21125 11234 12494 6661 19259 10102 5127 10721 15483 11862 13633 5142 18143 14722 3005 16079 8259 11680 7607 11009 16052 10852 2872 9641 10252 15966 14601 10574 14417 7662 3606 16316 18753 20124 12388 21830 16868 7949 0 10669 15241 6864 12826 4886 16922 9665 8621 20832 2230 10721 11727 5729 19678 6996 8693 17900 13754 7251 17450 13210 14784 13806 15731 1593 16996 8816 10850 11336 11408 11728 17851 12911 15099 10594 13231 16391 16281 14454 15531 4254 13884 2191 19506 10304 12307 1054 17389 9798
15518 10353 6674 6327 15184 4806 7612 5948 18449 14969 8503 12527 13485 15401 4292 2990 9483 12899 8393 6102 2685 5565 2631 14695 7497 11111 13479 11890 12969 13539 12767 12747 10415 8172 16361 7806 9884 3359 14681 6589 2947 5045 3018 12823 17253 12314 12704 11632 15504 9255 3993 10669 0 13466 6722 12779 8319 6253 8400 6859 13244 11613 11471 3064 7196 14344 6346 3007 14233 17826 13814 15052 2597 4150 15050 5267 10725 14164 13826 10963 2842 11643 8819 8892 10246 5886 12619 10226 17771 7684 13620 12056 8859 4637 12445 14629 4694 1838 11242 12258 912
8526 3145 13590 16335 1795 15072 13132 12340 7371 7702 5647 8083 1586 7582 9248 11509 8584 7260 5755 11760 10803 18067 11364 3799 16873 7811 765 13383 1858 9186 4246 9160 4260 8760 9720 14190 5609 10115 1245 9018 16229 11112 13351 18846 4719 7147 9242 2855 8772 8424 15632 15241 13466 0 9225 2773 10477 16087 6047 7689 9888 13917 4672 16530 10074 6175 9354 15189 3320 8434 10694 2215 14791 15475 4074 16872 13857 2001 8834 4407 16294 3941 4710 10963 3228 10872 5494 3249 5462 9942 1305 2380 17379 10931 15065 5564 8795 13064 16295 4848 13047
8848 6859 11323 12415 10573 10811 4082 10058 12278 8358 3632 5820 8550 14326 4961 7004 2762 12398 3536 2535 5191 12286 6422 8977 7655 11299 8895 6431 9652 6820 6867 6035 5095 9391 9648 5089 3981 4417 10208 8078 8546 8463 4949 10281 11753 11890 13287 6572 14985 10119 7025 6864 6722 9225 0 7433 2275 12262 3188 1780 14002 6526 5569 9314 1144 12905 378 6933 11404 11325 7203 11328 9137 10525 9280 11824 5965 10702 7106 5311 8959 6019 5035 11405 6393 8978 6345 6646 12106 9803 8797 8975 8182 7948 7662 12799 3863 7608 7853 10597 5888
5927 3698 14262 16653 3364 15237 11031 12929 6070 5086 4304 5321 1347 10224 8890 11373 6195 9542 4418 9911 10264 17862 11083 2040 15012 9686 2068 10767 4369 6413 1476 6399 2424 9877 7142 12098 3475 9466 3175 9678 15306 11493 12064 16424 4485 9317 11368 1204 11353 9828 14293 12826 12779 2773 7433 0 8248 16424 4515 6228 12063 11345 2105 15791 8080 8769 7648 14008 6050 6434 7922 4894 14515 15448 2416 16866 11372 4771 6068 2132 15505 1457 4208 12232 3300 11455 2721 3626 4996 10956 1670 4452 15349 11195 12466 8230 8142 12759 13875 7089 12202
8013 8565 13486 14346 11577 12743 2839 12251 12129 7718 5286 4987 9516 16261 7200 9092 2159 14466 5219 2523 7245 13827 8483 9399 7026 13470 10016 4156 11215 5623 7310 4797 6218 11656 8575 3892 4877 6538 11298 10353 9581 10674 5913 8448 12187 13979 15464 7652 16999 12360 7547 4886 8319 10477 2275 8248 0 14213 4780 3872 16186 4267 6170 10517 1238 14805 2550 7756 13028 10783 5572 12668 10867 12341 9641 13564 3779 12164 6044 6165 10135 6793 6853 13681 8028 11219 6438 8345 12407 12079 9805 10648 7156 10151 5421 14622 6120 9484 5926 12526 7422
20507 13076 2982 264 17877 1476 13847 3872 22476 19831 12679 17736 16685 14905 7847 5368 14937 12401 12593 12234 7085 3750 5883 18464 13382 10483 16384 18030 14919 18909 16901 18179 14418 7848 21508 14057 14395 7905 17318 7102 7330 4984 9264 18937 20585 11899 11215 15222 14472 8712 9684 16922 6253 16087 12262 16424 14213 0 12799 11727 11447 17806 15757 6306 13005 14382 11894 8697 15523 22372 19455 16984 3765 2229 18839 2139 16939 16011 19091 15117 6557 15675 12229 6725 13258 5261 17140 13048 21239 6698 16706 14014 14808 5232 18676 14964 8892 4744 17478 12975 7135
7748 3788 11142 13000 7459 11469 7194 9785 10058 7042 510 5244 5486 11509 4957 7477 3496 9843 465 5719 6057 13707 7061 6325 10827 9081 5754 8481 6505 6546 4368 5985 2091 7875 8814 8232 1596 5211 7065 6987 10817 8191 7554 13212 8983 9394 11060 3502 12300 8323 9796 9665 8400 6047 3188 4515 4780 12799 0 1720 11795 8812 3085 11355 4121 10042 3308 9493 8290 9623 7550 8140 10371 11489 6671 12890 8492 7527 6579 2565 11053 3257 2111 10174 3267 8427 4362 3569 9440 8629 5706 5885 11366 7769 9998 9843 3979 8642 10702 7784 7759
8831 5135 10396 11908 9158 10333 5852 9071 11614 8210 2046 6010 7202 12547 3974 6360 3426 10639 1936 4190 4734 12293 5861 7991 9231 9599 7442 7937 7960 7208 5969 6516 3805 7876 9791 6842 3039 3879 8748 6698 9153 7452 5836 12059 10683 10138 11592 5220 13213 8523 8077 8621 6859 7689 1780 6228 3872 11727 1720 0 12315 8125 4654 9744 2893 11125 1764 7784 9681 10985 7926 9722 8997 10227 8327 11600 7643 9046 7367 4218 9428 4927 3291 10014 4706 7844 5760 4927 11120 8417 7415 7248 9865 6973 9288 11026 2864 7318 9620 8817 6158
17937 8743 8498 11699 11142 11340 17796 8098 17207 17094 11317 16479 11339 4085 10012 10254 15288 2658 11335 15885 11215 14905 10663 13631 19952 2723 10593 20194 8034 17786 13369 17435 11710 5140 19154 18617 12747 11226 10668 6763 16031 8293 15171 24084 14309 2755 736 11284 3205 4119 17040 20832 13244 9888 14002 12063 16186 11447 11795 12315 0 20431 13004 15613 15146 4459 13841 16148 7186 18295 19067 9191 12711 12310 13935 13266 19952 8437 17620 12373 15608 12425 9765 4801 9334 7473 14374 8917 15081 5592 11130 7653 21044 8632 21600 5280 10692 11691 21781 5044 13500
8703 12505 17446 17904 14685 16333 4056 16275 13548 8829 9320 6498 12690 20301 11350 12991 5444 18633 9272 5585 11150 16778 12362 11912 7157 17711 13334 786 14954 6198 10080 5621 9806 15917 8670 4284 8444 10544 14520 14587 12012 14743 8723 5343 14506 18164 19705 11076 21112 16628 9486 2230 11613 13917 6526 11345 4267 17806 8812 8125 20431 0 9274 13119 5414 18822 6765 10090 16792 11637 5075 16130 14208 15762 12048 16834 961 15774 6761 9519 12722 9993 10922 17906 11928 15346 8912 12286 14518 16307 13008 14507 6425 14213 1187 18566 10309 13083 3016 16589 10706
5148 4262 13893 15968 5468 14467 8977 12534 6979 4345 3095 3586 3431 11716 7962 10494 4094 10655 3190 7967 9137 16789 10110 3409 13025 10435 4060 8719 5956 4836 1320 4632 1443 10011 6328 10042 1630 8294 5258 9471 13802 10991 10391 14320 6187 10335 12280 1928 12745 10190 12559 10721 11471 4672 5569 2105 6170 15757 3085 4654 13004 9274 0 14395 6093 10225 5830 12368 7759 6616 6241 6873 13450 14538 3720 15945 9274 6602 4622 693 14081 732 3796 12389 3681 11106 1482 4095 6543 10959 3743 5760 13302 10617 10410 9791 7041 11715 11771 8271 10803
18158 13416 7957 6251 18247 5227 9084 7710 21357 17669 11496 15113 16532 18131 7335 5612 12010 15586 11383 8055 5739 3795 5456 17676 7405 13723 16539 13543 16011 16014 15704 15199 13404 10733 18914 8923 12783 6420 17745 9244 1175 7336 4611 13101 20273 15006 15145 14659 18117 11818 3823 11727 3064 16530 9314 15791 10517 6306 11355 9744 15613 13119 14395 0 9546 17163 8953 3041 17228 20603 16089 18101 3026 4160 18026 4465 12171 17205 16357 13919 397 14612 11878 10971 13310 8142 15468 13290 20773 10033 16672 15093 8846 7061 13752 17502 7752 3996 12055 15158 3597
8709 7875 12248 13143 11323 11538 3075 11014 12505 8315 4600 5644 9273 15428 5977 7857 2554 13530 4515 1908 6012 12739 7251 9457 6936 12443 9687 5364 10625 6471 7336 5654 5853 10514 9389 4122 4609 5300 10993 9173 8672 9440 4995 9178 12254 13024 14431 7329 16106 11255 6848 5729 7196 10074 1144 8080 1238 13005 4121 2893 15146 5414 6093 9546 0 13996 1351 6923 12404 11352 6620 12220 9712 11165 9733 12411 4827 11640 6832 5949 9172 6631 6082 12494 7380 9994 6639 7658 12547 10894 9540 9987 7314 8917 6537 13867 4909 8287 6727 11694 6314
14667 6324 11433 14646 7061 13875 16970 10588 13172 13832 9532 13810 7751 1496 10303 11552 13400 2108 9592 15209 11836 17382 11745 9958 19927 3916 6937 18433 4403 15034 10215 14854 9207 6673 15871 17933 10487 11521 6664 7963 17288 10099 15487 23174 10150 2512 4062 8317 2597 5695 17641 19678 14344 6175 12905 8769 14805 14382 10042 11125 4459 18822 10225 17163 13996 0 12862 16903 2992 14532 16466 4948 14605 14658 10210 15856 18534 4370 14757 9713 17057 9537 7952 7822 6914 9449 11384 6542 10916 7721 7480 4467 20789 10226 20008 823 10544 13189 20702 2316 14315
9214 6895 10987 12045 10742 10440 4109 9730 12592 8716 3724 6192 8735 14270 4653 6649 3140 12295 3622 2435 4828 11909 6062 9239 7521 11148 9051 6703 9711 7198 7137 6413 5280 9167 10021 5082 4223 4065 10364 7822 8199 8141 4625 10360 12004 11778 13130 6750 14899 9921 6736 6996 6346 9354 378 7648 2550 11894 3308 1764 13841 6765 5830 8953 1351 12862 0 6611 11442 11671 7577 11431 8759 10149 9548 11446 6167 10781 7481 5539 8601 6251 5054 11144 6452 8673 6656 6685 12372 9544 8973 9009 8109 7623 7886 12779 3570 7233 7966 10549 5515
15631 12218 9594 8707 16799 7368 6073 8944 19203 15217 9743 12566 14924 18054 6604 5939 9465 15613 9628 5238 5082 6793 5487 15753 4688 13900 15068 10534 14996 13355 13687 12530 11584 11029 16294 5882 10739 5411 16342 9415 1924 8035 1986 10275 18465 15029 15580 12965 18258 12096 1014 8693 3007 15189 6933 14008 7756 8697 9493 7784 16148 10090 12368 3041 6923 16903 6611 0 16440 18228 13289 16998 4955 6469 16080 7184 9139 16177 13741 11988 2647 12702 10485 11887 11985 8873 13266 12056 18889 10634 15112 14126 6112 7604 10711 17105 6567 4814 9058 14716 2654
11842 4547 12725 15784 4070 14760 15468 11652 10183 11020 7804 11289 4903 4307 9960 11762 11358 4550 7889 13871 11572 18085 11796 7032 18851 5734 4081 16321 1838 12444 7525 12359 6988 7702 13031 16491 8348 11063 3676 8540 17149 10774 14792 21476 7181 4646 6647 5836 5548 6998 17047 17900 14233 3320 11404 6050 13028 15523 8290 9681 7186 16792 7759 17228 12404 2992 11442 16440 0 11559 13930 2006 15016 15376 7264 16693 16622 1392 12116 7352 17058 7036 6392 9483 5024 10301 8751 4758 7951 8894 4609 2434 19544 10752 17964 2287 9875 13412 18947 2648 14014
2946 10126 20462 22582 7563 21075 13438 19107 2334 3066 9698 5800 6958 15857 14562 17091 8801 15687 9788 13200 15656 23274 16684 4665 17659 16052 7708 10861 10291 5514 5538 6244 7985 16283 3179 14377 8039 14802 7889 15957 19870 17587 16256 16917 5020 15543 17630 7504 17106 16262 18200 13754 17826 8434 11325 6434 10783 22372 9623 10985 18295 11637 6616 20603 11352 14532 11671 18228 11559 0 6592 9755 19960 21111 4363 22510 12168 10168 4971 7265 20260 6762 10290 18650 9688 17660 5262 10041 4485 17331 7167 10656 17469 17225 12394 13845 13601 18249 14645 13252 17077
3699 10384 18317 19612 10952 18009 7611 16997 8616 3994 7948 2656 9206 17956 11883 14147 4540 16828 7966 8058 12371 19359 13588 7775 11634 16412 9982 4292 12163 1544 6457 1634 7385 15425 3601 8376 6339 11565 10942 14477 15140 15377 11482 10325 10031 16472 18334 8154 18983 15843 12989 7251 13814 10694 7203 7922 5572 19455 7550 7926 19067 5075 6241 16089 6620 16466 7577 13289 13930 6592 0 12785 16306 17722 7802 19002 5698 12689 2024 6785 15705 6934 9369 17715 9778 15756 5201 10192 9899 16153 9531 12002 11208 14895 5803 16020 10760 14810 8091 14485 12934
10337 4780 14288 17240 2192 16109 15289 13136 8248 9547 7708 10210 3580 6151 10766 12825 10797 6550 7810 13856 12368 19302 12770 5408 18947 7622 2831 15590 2117 11257 6334 11288 6453 9283 11489 16341 7812 11756 1936 9897 17901 12101 15227 21055 5203 6617 8643 5069 7436 8703 17509 17450 15052 2215 11328 4894 12668 16984 8140 9722 9191 16130 6873 18101 12220 4948 11431 16998 2006 9755 12785 0 16118 16634 5583 17994 16072 973 10870 6622 17895 6145 6566 11238 5065 11723 7595 4948 5969 10490 3254 3049 19505 12008 17276 4185 10479 14443 18504 4483 14722
17801 11648 4945 3803 16567 2415 10194 4708 20394 17203 10380 14871 15050 15463 5635 3296 11893 12896 10277 8697 4314 3349 3450 16507 9643 10989 14922 14487 14002 15944 14702 15169 12260 8006 18703 10339 11931 5162 16033 6647 3805 4544 5551 15173 18918 12327 12281 13327 15345 9072 5955 13210 2597 14791 9137 14515 10867 3765 10371 8997 12711 14208 13450 3026 9712 14605 8759 4955 15016 19960 16306 16118 0 1574 16874 2699 13315 15179 16197 12880 3142 13521 10368 8002 11663 5295 14705 11560 19494 7184 15140 13070 11062 4379 15027 15021 6419 1756 13735 12749 3509
19059 12362 4030 2242 17267 1101 11759 4222 21418 18429 11444 16181 15875 15382 6591 4076 13261 12819 11348 10229 5494 2729 4429 17468 11153 10883 15676 16027 14524 17294 15752 16534 13281 7985 19999 11913 13073 6349 16720 6845 5130 4615 7123 16721 19773 12271 11958 14247 15131 8992 7455 14784 4150 15475 10525 15448 12341 2229 11489 10227 12310 15762 14538 4160 11165 14658 10149 6469 15376 21111 17722 16634 1574 0 17840 1418 14875 15674 17521 13937 4378 14548 11250 7513 12447 5208 15849 12298 20382 6997 15937 13596 12581 4633 16592 15146 7510 2928 15308 12971 5056
4834 6018 16666 19068 3445 17646 12480 15337 3662 4102 6548 5574 2610 11570 11265 13764 7485 11324 6658 11630 12595 20223 13456 376 16621 11733 3345 11374 5929 6271 2413 6564 4639 12196 5940 13530 5344 11779 3654 12072 17478 13909 14106 17328 2548 11184 13274 3617 12797 12069 16279 13806 15050 4074 9280 2416 9641 18839 6671 8327 13935 12048 3720 18026 9733 10210 9548 16080 7264 4363 7802 5583 16874 17840 0 19258 12260 5873 5782 4113 17725 3414 6617 14527 5679 13861 3235 5975 2825 13303 2805 6308 16791 13611 13075 9549 10471 15120 14826 8891 14429
20427 13766 4792 1986 18665 1982 12796 5294 22833 19808 12854 17527 17288 16511 8006 5494 14574 13962 12756 11365 6870 1662 5836 18886 11793 12024 17082 17139 15889 18619 17165 17850 14695 9196 21352 12862 14471 7727 18116 8153 5582 5919 8122 17448 21187 13429 12967 15665 16187 10164 8116 15731 5267 16872 11824 16866 13564 2139 12890 11600 13266 16834 15945 4465 12411 15856 11446 7184 16693 22510 19002 17994 2699 1418 19258 0 15926 17031 18860 15348 4774 15962 12668 8473 13859 6441 17248 13705 21798 8145 17348 14963 13234 5987 17614 16375 8911 4282 16190 14247 6178
9222 12246 16664 17032 14732 15469 3132 15518 13989 9271 9002 6792 12705 20000 10667 12206 5283 18242 8944 4761 10376 15843 11574 12097 6245 17240 13309 1587 14789 6668 10180 6014 9668 15332 9295 3323 8296 9806 14531 13957 11059 14009 7807 5077 14759 17757 19232 11003 20764 16082 8527 1593 10725 13857 5965 11372 3779 16939 8492 7643 19952 961 9274 12171 4827 18534 6167 9139 16622 12168 5698 16072 13315 14875 12260 15926 0 15662 7225 9451 11775 9976 10591 17261 11684 14636 9065 12025 14819 15668 13017 14291 5591 13476 1774 18316 9658 12232 2570 16271 9822
10484 3990 13316 16268 2719 15142 14715 12163 8829 9669 7070 10068 3561 5698 9873 11888 10379 5781 7167 13215 11480 18348 11847 5646 18274 6730 2745 15268 1195 11184 6246 11144 5995 8314 11666 15758 7366 10891 2294 8927 17031 11134 14438 20593 5873 5796 7857 4713 6938 7749 16715 16996 14164 2001 10702 4771 12164 16011 7527 9046 8437 15774 6602 17205 11640 4370 10781 16177 1392 10168 12689 973 15179 15674 5873 17031 15662 0 10834 6264 17006 5871 5820 10291 4344 10751 7491 4175 6645 9521 3256 2116 18883 11046 16935 3679 9632 13513 18049 3592 13859
2043 8877 17670 19270 8978 17687 8547 16322 6787 2071 6889 1359 7305 16234 11314 13726 4355 15274 6932 8550 12050 19387 13215 5764 12739 15025 8101 6005 10394 563 4592 1290 5930 14338 2558 9449 5135 11207 8996 13558 15504 14712 11827 12095 8017 14957 16893 6458 17310 14643 13586 8816 13826 8834 7106 6068 6044 19091 6579 7367 17620 6761 4622 16357 6832 14757 7481 13741 12116 4971 2024 10870 16197 17521 5782 18860 7225 10834 0 5247 15989 5252 8126 16685 8286 14994 3376 8703 7910 15172 7627 10320 12504 14263 7629 14265 10223 14593 9740 12877 12993
5839 3633 13219 15331 5414 13842 8920 11861 7516 5037 2501 4142 3352 11208 7350 9880 4189 10059 2603 7780 8572 16225 9513 3773 12880 9783 3874 9004 5526 5426 1821 5158 750 9319 7016 9987 1342 7738 5137 8784 13366 10326 10024 14456 6485 9723 11646 1557 12206 9505 12227 10850 10963 4407 5311 2132 6165 15117 2565 4218 12373 9519 693 13919 5949 9713 5539 11988 7352 7265 6785 6622 12880 13937 4113 15348 9451 6264 5247 0 13615 715 3104 11697 3039 10428 2175 3456 6903 10267 3639 5248 13232 9959 10674 9314 6462 11137 11904 7701 10323
17799 13190 8086 6514 18001 5423 8687 7774 21036 17316 11205 14751 16266 18050 7133 5520 11646 15514 11092 7666 5527 4172 5322 17377 7054 13666 16288 13146 15811 15642 15393 14826 13110 10681 18546 8529 12465 6178 17503 9167 814 7317 4225 12743 19989 14932 15125 14381 18064 11768 3445 11336 2842 16294 8959 15505 10135 6557 11053 9428 15608 12722 14081 397 9172 17057 8601 2647 17058 20260 15705 17895 3142 4378 17725 4774 11775 17006 15989 13615 0 14311 11626 11006 13069 8135 15138 13059 20481 10019 16412 14897 8495 7018 13357 17380 7504 3940 11672 15026 3303
5588 3709 13700 15893 4796 14422 9574 12346 6876 4759 3151 4279 2742 11024 7957 10481 4759 10032 3258 8475 9221 16869 10133 3068 13566 9895 3341 9445 5241 5500 1229 5337 1267 9640 6791 10640 2040 8394 4559 9207 14069 10836 10739 15011 5770 9731 11706 1221 12072 9752 12943 11408 11643 3941 6019 1457 6793 15675 3257 4927 12425 9993 732 14612 6631 9537 6251 12702 7036 6762 6934 6145 13521 14548 3414 15962 9976 5871 5252 715 14311 0 3529 12020 3157 10898 1951 3562 6193 10633 3046 5080 13893 10489 11133 9087 7103 11773 12460 7626 11015
8927 1853 10175 12455 6377 11029 9116 8823 10248 8135 1604 6872 4694 9411 4733 7180 5581 7741 1651 7480 6200 13704 6920 6243 12479 7071 4662 10587 4698 8198 4752 7751 2354 6245 10086 10122 3035 5460 5891 5687 11532 7333 8672 15244 8551 7304 9029 3004 10189 6519 10955 11728 8819 4710 5035 4208 6853 12229 2111 3291 9765 10922 3796 11878 6082 7952 5054 10485 6392 10290 9369 6566 10368 11250 6617 12668 10591 5820 8126 3104 11626 3529 0 8615 1506 7370 5276 1653 9138 7166 4808 3958 13152 7010 12109 7789 4126 8613 12756 5680 8356
17535 8535 3746 6984 12631 6539 14660 3320 18139 16733 9812 15383 12013 8208 6619 5970 13388 5762 9780 12729 7355 10106 6497 14166 16081 3921 11474 17836 9391 16700 13188 16159 10949 2381 18701 15316 11550 7645 12076 3330 11504 3853 11245 20783 15681 5310 4501 11149 7749 2553 12844 17851 8892 10963 11405 12232 13681 6725 10174 10014 4801 17906 12389 10971 12494 7822 11144 11887 9483 18650 17715 11238 8002 7513 14527 8473 17261 10291 16685 11697 11006 12020 8615 0 8963 3019 13871 8610 16417 1603 11923 8615 17308 4308 19008 8485 7603 7184 18698 6835 9315
8744 609 10994 13495 4942 12138 10447 9673 9340 7914 2780 7159 3436 8405 6065 8414 6492 7053 2866 8887 7594 14975 8217 5306 13931 6755 3262 11522 3260 8457 4254 8144 2393 6595 9948 11474 3585 6891 4435 6394 13000 8288 10178 16472 7342 6696 8607 2186 9310 6623 12461 12911 10246 3228 6393 3300 8028 13258 3267 4706 9334 11928 3681 13310 7380 6914 6452 11985 5024 9688 9778 5065 11663 12447 5679 13859 11684 4344 8286 3039 13069 3157 1506 8963 0 8194 5098 417 7982 7659 3490 2621 14560 8031 13112 6639 5568 9920 13953 4762 9819
16128 7941 2809 5517 12654 4477 11885 1481 17522 15380 8177 13646 11573 10210 4020 2951 11269 7641 8115 9979 4434 7934 3491 13486 13081 5715 11211 15355 9659 14921 12123 14290 9690 2777 17227 12470 9962 4850 12092 1854 8576 841 8253 17900 15446 7083 7006 10273 10050 3805 9826 15099 5886 10872 8978 11455 11219 5261 8427 7844 7473 15346 11106 8142 9994 9449 8673 8873 10301 17660 15756 11723 5295 5208 13861 6441 14636 10751 14994 10428 8135 10898 7370 3019 8194 0 12563 7939 16125 1894 11565 8757 14329 1296 16404 9943 5118 4232 15900 7812 6297
3671 5658 15340 17345 5864 15825 9275 13980 5936 2863 4463 2624 4016 12860 9311 11836 4279 11965 4547 8547 10397 18027 11423 3040 13449 11844 4783 8275 7019 3695 1261 3698 2924 11491 4860 10318 2777 9544 5790 10945 14803 12424 11280 14141 5778 11675 13656 3115 13945 11657 13363 10594 12619 5494 6345 2721 6438 17140 4362 5760 14374 8912 1482 15468 6639 11384 6656 13266 8751 5262 5201 7595 14705 15849 3235 17248 9065 7491 3376 2175 15138 1951 5276 13871 5098 12563 0 5506 5970 12441 4343 6961 13573 12037 9984 10889 8340 12989 11623 9544 11902
9147 220 10729 13288 5008 11956 10715 9420 9630 8314 3069 7576 3641 8028 6000 8291 6858 6641 3147 9117 7557 14855 8124 5605 14131 6342 3377 11891 3045 8874 4640 8558 2808 6251 10352 11734 3980 6884 4482 6121 13017 8068 10280 16780 7537 6281 8190 2553 8916 6244 12561 13231 10226 3249 6646 3626 8345 13048 3569 4927 8917 12286 4095 13290 7658 6542 6685 12056 4758 10041 10192 4948 11560 12298 5975 13705 12025 4175 8703 3456 13059 3562 1653 8610 417 7939 5506 0 8197 7334 3661 2331 14792 7832 13471 6291 5576 9826 14270 4366 9833
6402 8185 18899 21476 3944 20113 15244 17605 2423 5916 9277 8032 4556 12083 13860 16316 10248 12423 9390 14447 15257 22836 16052 3138 19412 13214 4961 13804 7178 8455 5239 8913 7371 14182 7215 16286 8162 14461 4448 14290 20257 16264 16920 19848 772 12410 14489 6169 13382 13884 19101 16391 17771 5462 12106 4996 12407 21239 9440 11120 15081 14518 6543 20773 12547 10916 12372 18889 7951 4485 9899 5969 19494 20382 2825 21798 14819 6645 7910 6903 20481 6193 9138 16417 7982 16125 5970 8197 0 15346 4564 7836 19538 16013 15478 10149 13136 17737 17388 10143 17179
16091 7285 3832 6962 11674 6163 13099 2867 16948 15301 8285 13857 10858 8386 5049 4700 11800 5825 8247 11165 5899 9701 5161 12935 14676 3887 10385 16234 8516 15169 11825 14610 9517 1207 17242 13779 10042 6119 11111 1727 10440 2702 9841 19258 14630 5285 5112 9832 8173 2026 11560 16281 7684 9942 9803 10956 12079 6698 8629 8417 5592 16307 10959 10033 10894 7721 9544 10634 8894 17331 16153 10490 7184 6997 13303 8145 15668 9521 15172 10267 10019 10633 7166 1603 7659 1894 12441 7334 15346 0 10800 7669 15868 3051 17413 8274 6011 6099 17140 6300 8010
7234 3632 14336 16947 1783 15615 12547 13045 6246 6415 5387 6962 327 8885 9521 11902 7802 8521 5501 11316 11008 18459 11691 2510 16438 8961 546 12435 3136 8006 3082 8039 3703 9648 8422 13613 4949 10263 1515 9728 16282 11724 13212 18056 3882 8380 10471 2224 10077 9417 15476 14454 13620 1305 8797 1670 9805 16706 5706 7415 11130 13008 3743 16672 9540 7480 8973 15112 4609 7167 9531 3254 15140 15937 2805 17348 13017 3256 7627 3639 16412 3046 4808 11923 3490 11565 4343 3661 4564 10800 0 3516 16846 11492 14133 6865 8926 13391 15505 6086 13124
10376 2116 11399 14268 4020 13095 13046 10197 9731 9533 5392 9346 3699 5960 7764 9777 9064 5094 5473 11438 9374 16257 9731 5991 16423 5450 2999 14074 932 10580 5839 10388 4770 6471 11592 14064 6088 8802 3463 6912 14935 9091 12428 19092 7087 4898 6977 3864 6992 6067 14696 15531 12056 2380 8975 4452 10648 14014 5885 7248 7653 14507 5760 15093 9987 4467 9009 14126 2434 10656 12002 3049 13070 13596 6308 14963 14291 2116 10320 5248 14897 5080 3958 8615 2621 8757 6961 2331 7836 7669 3516 0 17111 8977 15688 4084 7564 11399 16574 2638 11769
14545 15000 15528 14817 18629 13470 4326 14709 19081 14455 11813 11780 16574 22134 11032 11422 9306 19950 11716 5675 9969 12613 10844 16555 1442 18512 17001 7159 17820 11974 14466 11225 13166 15958 14766 3264 11901 9830 18306 14362 7681 13533 6081 4276 19339 19392 20393 14641 22617 16931 5132 4254 8859 17379 8182 15349 7156 14808 11366 9865 21044 6425 13302 8846 7314 20789 8109 6112 19544 17469 11208 19505 11062 12581 16791 13234 5591 18883 12504 13232 8495 13893 13152 17308 14560 14329 13573 14792 19538 15868 16846 17111 0 13034 6396 20783 10422 10688 3955 18478 8173
15517 7870 3423 5466 12725 4142 10666 2113 17254 14800 7584 12905 11463 11107 3019 1667 10369 8547 7509 8778 3177 7333 2195 13235 11785 6666 11188 14257 9903 14150 11717 13482 9243 3673 16577 11221 9348 3671 12171 2271 7404 533 6957 16632 15366 7972 8120 9995 11056 4757 8547 13884 4637 10931 7948 11195 10151 5232 7769 6973 8632 14213 10617 7061 8917 10226 7623 7604 10752 17225 14895 12008 4379 4633 13611 5987 13476 11046 14263 9959 7018 10489 7010 4308 8031 1296 12037 7832 16013 3051 11492 8977 13034 0 15249 10646 4144 3079 14664 8399 5009
9494 13690 18436 18764 15792 17209 4834 17292 14391 9697 10506 7504 13813 21488 12427 13978 6624 19816 10458 6530 12150 17468 13347 12956 7333 18882 14470 1709 16127 7068 11174 6566 10976 17050 9336 4829 9618 11578 15642 15697 12617 15781 9493 4531 15501 19345 20876 12230 22298 17776 10027 2191 12445 15065 7662 12466 5421 18676 9998 9288 21600 1187 10410 13752 6537 20008 7886 10711 17964 12394 5803 17276 15027 16592 13075 17614 1774 16935 7629 10674 13357 11133 12109 19008 13112 16404 9984 13471 15478 17413 14133 15688 6396 15249 0 19749 11406 13982 2570 17776 11548
14086 6071 12037 15228 6330 14399 16878 11137 12428 13258 9336 13366 7149 2023 10503 11904 13126 2862 9404 15161 12068 17874 12058 9313 19968 4564 6329 18148 3871 14563 9693 14422 8854 7179 15283 17861 10168 11700 5958 8375 17576 10555 15622 23033 9386 3199 4869 7868 3265 6253 17810 19506 14629 5564 12799 8230 14622 14964 9843 11026 5280 18566 9791 17502 13867 823 12779 17105 2287 13845 16020 4185 15021 15146 9549 16375 18316 3679 14265 9314 17380 9087 7789 8485 6639 9943 10889 6291 10149 8274 6865 4084 20783 10646 19749 0 10659 13553 20539 2390 14550
11620 5719 7561 9081 10497 7524 7165 6256 13975 10957 3961 8864 8796 11811 1126 3530 6227 9542 3860 5231 2124 9766 3084 10107 9441 8102 8787 10271 8444 10072 8283 9377 5844 5757 12618 7936 5565 1337 10000 4306 7441 4642 4965 13419 12594 8979 10017 6973 12215 6625 7186 10304 4694 8795 3863 8142 6120 8892 3979 2864 10692 10309 7041 7752 4909 10544 3570 6567 9875 13601 10760 10479 6419 7510 10471 8911 9658 9632 10223 6462 7504 7103 4126 7603 5568 5118 8340 5576 13136 6011 8926 7564 10422 4144 11406 10659 0 4676 11196 8281 4257
16145 9919 4841 4866 14834 3268 9170 4132 18647 15527 8637 13255 13298 14137 3880 1657 10336 11591 8535 7501 2594 5104 1703 14752 9332 9731 13181 13291 12329 14366 12958 13607 10510 6742 17076 9472 10212 3450 14304 5250 4344 3400 4746 14606 17162 11011 11194 11570 14127 7829 5814 12307 1838 13064 7608 12759 9484 4744 8642 7318 11691 13083 11715 3996 8287 13189 7233 4814 13412 18249 14810 14443 1756 2928 15120 4282 12232 13513 14593 11137 3940 11773 8613 7184 9920 4232 12989 9826 17737 6099 13391 11399 10688 3079 13982 13553 4676 0 12936 11234 2561
11706 14490 17629 17534 17239 16045 4041 16598 16522 11801 11206 9360 15199 22144 12092 13226 7715 20251 11136 5977 11490 15841 12598 14659 5077 19103 15776 3800 17128 9179 12720 8557 12062 16953 11685 3475 10695 11068 17018 15476 10887 15195 8224 2552 17328 19740 21078 13442 22834 17790 8238 1054 11242 16295 7853 13875 5926 17478 10702 9620 21781 3016 11771 12055 6727 20702 7966 9058 18947 14645 8091 18504 13735 15308 14826 16190 2570 18049 9740 11904 11672 12460 12756 18698 13953 15900 11623 14270 17388 17140 15505 16574 3955 14664 2570 20539 11196 12936 0 18408 10395
13007 4156 10130 13237 6204 12289 14657 9107 12196 12164 7274 11841 6298 3736 8114 9579 11193 2456 7328 12893 9683 15697 9705 8589 17628 3140 5549 16225 3003 13106 8457 12857 7127 5128 14224 15617 8346 9311 5697 6137 15205 8357 13240 20871 9375 2299 4394 6430 4550 4363 15422 17389 12258 4848 10597 7089 12526 12975 7784 8817 5044 16589 8271 15158 11694 2316 10549 14716 2648 13252 14485 4483 12749 12971 8891 14247 16271 3592 12877 7701 15026 7626 5680 6835 4762 7812 9544 4366 10143 6300 6086 2638 18478 8399 17776 2390 8281 11234 18408 0 12165
14716 9974 7374 7217 14733 5677 6715 6541 17772 14187 7903 11706 12972 15435 4068 3345 8641 12976 7790 5190 2482 6428 2850 14080 6853 11249 13014 10979 12667 12693 12110 11895 9809 8376 15536 6943 9197 2968 14244 6761 3184 5468 2186 12047 16686 12391 12927 11079 15614 9442 3550 9798 912 13047 5888 12202 7422 7135 7759 6158 13500 10706 10803 3597 6314 14315 5515 2654 14014 17077 12934 14722 3509 5056 14429 6178 9822 13859 12993 10323 3303 11015 8356 9315 9819 6297 11902 9833 17179 8010 13124 11769 8173 5009 11548 14550 4257 2561 10395 12165 0
1 8 6 5
2 4 5 0
3 9 7 4
4 8 3 2
5 7 3 7
6 9 4 2
7 7 7 3
8 5 13 6
9 6 8 2
10 11 8 0
11 5 5 5
12 9 5 3
13 6 12 4
14 5 1 3
15 6 7 2
16 4 7 5
17 6 10 3
18 9 12 4
19 6 7 3
20 8 7 3
21 5 6 1
22 8 8 5
23 9 8 3
24 7 12 1
25 5 8 3
26 9 8 3
27 6 10 5
28 9 5 3
29 11 4 4
30 10 9 2
31 5 5 2
32 5 7 3
33 9 5 5
34 10 6 4
35 12 6 5
36 3 7 3
37 8 8 3
38 6 11 2
39 6 6 4
40 6 5 5
41 7 5 7
42 7 4 6
43 7 9 4
44 7 5 2
45 8 7 2
46 8 7 2
47 7 5 11
48 11 6 6
49 4 5 7
50 7 3 4
51 4 6 3
52 4 8 4
53 5 9 5
54 15 5 2
55 4 7 2
56 5 10 5
57 11 8 1
58 7 1 4
59 5 13 5
60 9 6 8
61 9 10 5
62 8 8 1
63 12 8 2
64 6 5 2
65 13 11 6
66 9 7 6
67 7 4 4
68 11 5 7
69 7 8 5
70 10 6 3
71 5 6 8
72 10 5 5
73 5 5 3
74 8 6 3
75 7 7 4
76 9 7 3
77 8 4 5
78 7 8 3
79 4 4 5
80 8 5 6
81 8 7 6
82 5 6 2
83 9 12 2
84 3 6 3
85 10 8 2
86 10 6 5
87 9 8 3
88 12 7 3
89 12 5 7
90 8 5 5
91 12 8 5
92 8 7 5
93 9 11 7
94 7 7 5
95 13 7 2
96 11 8 4
97 9 2 7
98 5 11 3
99 13 10 6
100 8 9 2
