105 15 3
30 60 700 9.00
0 15 8 1
0 6 6 2
0 5 10 2
0 8 8 3
0 13 12 2
0 24 9 2
0 10 3 1
0 24 1 2
0 10 7 2
0 10 1 1
0 11 4 2
0 21 15 2
0 16 6 3
0 3 5 1
0 10 7 1
0 14 13 3
0 10 7 2
0 11 6 1
0 9 4 1
0 6 14 1
0 3 2 3
0 4 5 2
0 6 10 3
0 1 6 1
0 12 5 2
0 14 1 1
0 23 11 2
0 4 12 1
0 1 8 3
0 4 8 1
0 11 7 2
0 16 2 1
0 3 4 2
0 23 9 3
0 11 11 2
0 3 6 3
0 7 11 2
0 23 13 1
0 13 9 1
0 1 1 1
0 6 9 3
0 18 15 3
0 2 3 1
0 24 2 1
0 3 10 1
0 18 14 3
0 6 1 1
0 4 3 3
0 7 10 1
0 18 2 2
0 19 10 3
0 15 7 2
0 1 11 1
0 19 4 2
0 14 5 1
0 11 6 1
0 25 4 2
0 17 11 1
0 9 14 2
0 3 6 1
0 3 15 3
0 7 7 2
0 19 8 1
1 6 15 3
1 17 12 3
1 7 5 2
1 6 4 2
1 8 7 1
1 3 11 1
1 11 9 1
1 1 3 1
1 2 10 3
1 2 10 3
1 1 9 1
1 5 3 2
1 4 3 3
1 3 4 3
1 6 15 1
1 14 8 1
1 7 4 1
1 1 3 3
1 15 14 3
1 10 13 1
1 5 7 2
1 14 5 1
1 20 9 3
1 13 3 2
1 15 13 3
1 7 6 2
1 20 9 2
1 3 4 3
1 9 11 2
1 14 14 1
1 6 2 2
1 4 11 1
1 3 14 3
1 3 3 2
1 14 11 2
1 10 11 3
1 5 2 1
1 7 4 3
1 11 1 2
1 5 7 3
1 16 8 1
1 8 3 1
0 6222 17237 11911 6944 3446 10529 16149 9202 16733 10147 9387 8379 10787 8739 14356
6222 0 11207 7917 9378 4164 6088 11642 5449 10596 3925 5207 2575 6301 5559 8638
17237 11207 0 12974 17335 15284 11811 6982 9546 1276 7523 12166 8859 11749 10345 3352
11911 7917 12974 0 17084 8467 1872 16964 12657 11793 7347 2749 8932 1715 13035 12323
6944 9378 17335 17084 0 9525 15345 13472 7790 17337 12308 14337 9858 15578 6990 13997
3446 4164 15284 8467 9525 0 7136 15584 8906 14585 7812 5990 6724 7396 8727 12801
10529 6088 11811 1872 15345 7136 0 15303 10792 10700 5605 1146 7070 259 11163 10807
16149 11642 6982 16964 13472 15584 15303 0 6947 7924 9723 15135 9167 15357 7455 4996
9202 5449 9546 12657 7790 8906 10792 6947 0 9576 5813 10190 3728 10943 803 6214
16733 10596 1276 11793 17337 14585 10700 7924 9576 0 6773 11119 8389 10624 10379 3639
10147 3925 7523 7347 12308 7812 5605 9723 5813 6773 0 5425 2459 5681 6401 5539
9387 5207 12166 2749 14337 5990 1146 15135 10190 11119 5425 0 6518 1405 10497 10851
8379 2575 8859 8932 9858 6724 7070 9167 3728 8389 2459 6518 0 7217 4169 6106
10787 6301 11749 1715 15578 7396 259 15357 10943 10624 5681 1405 7217 0 11328 10819
8739 5559 10345 13035 6990 8727 11163 7455 803 10379 6401 10497 4169 11328 0 7009
14356 8638 3352 12323 13997 12801 10807 4996 6214 3639 5539 10851 6106 10819 7009 0
1 8 3 2
2 7 6 3
3 7 4 0
4 6 5 3
5 3 5 6
6 6 2 4
7 8 4 2
8 9 8 3
9 2 10 5
10 10 7 0
11 8 5 0
12 6 5 0
13 7 4 3
14 5 7 1
15 5 5 5
