700 100 3
30 60 700 9.00
0 14 48 3
0 6 13 2
0 10 89 1
0 21 77 2
0 10 95 2
0 2 13 3
0 3 39 2
0 7 76 2
0 24 93 1
0 19 79 1
0 14 50 2
0 15 20 1
0 24 51 1
0 7 47 2
0 24 54 3
0 16 76 3
0 4 1 3
0 1 74 1
0 8 23 1
0 3 14 1
0 3 1 1
0 18 8 2
0 14 51 2
0 18 90 3
0 2 29 1
0 1 87 2
0 11 84 1
0 1 83 2
0 2 33 3
0 3 92 3
0 2 32 1
0 10 95 3
0 9 74 1
0 17 20 3
0 11 7 1
0 1 6 3
0 3 21 3
0 1 96 1
0 6 19 3
0 14 47 1
0 8 90 3
0 24 20 2
0 9 98 1
0 10 89 3
0 5 27 1
0 3 42 3
0 17 41 1
0 4 51 1
0 6 21 2
0 9 72 2
0 1 68 3
0 13 67 1
0 16 55 2
0 19 26 3
0 3 80 1
0 3 48 3
0 7 25 1
0 16 23 1
0 8 75 2
0 3 20 3
0 21 59 1
0 23 75 2
0 17 33 2
0 1 94 1
0 12 66 2
0 11 10 2
0 8 87 1
0 20 20 2
0 21 27 3
0 8 76 3
0 13 77 1
0 7 79 2
0 10 64 1
0 10 25 1
0 10 44 2
0 17 61 1
0 22 66 1
0 10 16 2
0 6 49 3
0 6 15 1
0 1 48 2
0 2 1 3
0 3 85 1
0 1 37 1
0 15 69 1
0 9 98 2
0 3 81 3
0 7 9 3
0 4 49 3
0 5 33 3
0 20 92 2
0 23 24 1
0 20 9 1
0 3 59 3
0 1 93 1
0 1 17 2
0 12 68 1
0 1 7 3
0 6 84 3
0 5 76 2
0 15 43 2
0 2 11 2
0 3 37 1
0 21 12 1
0 3 57 1
0 16 2 2
0 7 42 2
0 5 42 1
0 16 59 1
0 25 99 2
0 4 2 3
0 1 22 3
0 2 71 1
0 22 86 3
0 7 21 3
0 1 89 2
0 11 40 2
0 21 92 2
0 1 71 3
0 8 56 1
0 16 8 2
0 25 30 1
0 5 32 3
0 14 20 1
0 6 99 1
0 3 58 2
0 6 2 3
0 6 40 1
0 20 54 1
0 12 6 3
0 14 3 1
0 1 96 1
0 14 20 1
0 9 35 3
0 1 23 1
0 13 56 1
0 5 92 1
0 2 20 1
0 7 26 2
0 3 88 2
0 6 68 3
0 2 68 3
0 6 68 3
0 4 78 1
0 3 94 3
0 1 25 2
0 4 1 3
0 5 94 3
0 19 72 2
0 2 41 1
0 25 62 2
0 1 80 2
0 12 69 2
0 13 71 2
0 25 7 3
0 10 84 1
0 24 6 2
0 14 88 1
0 20 76 1
0 11 55 3
0 12 65 3
0 14 55 3
0 9 12 1
0 10 44 2
0 13 64 3
0 6 52 1
0 3 96 3
0 5 22 3
0 9 78 3
0 18 83 2
0 6 20 1
0 17 7 1
0 5 98 2
0 7 79 1
0 2 50 2
0 1 47 2
0 5 63 3
0 20 75 2
0 10 52 2
0 5 6 1
0 17 47 2
0 3 49 1
0 17 63 2
0 1 51 3
0 2 40 1
0 13 52 1
0 5 37 2
0 1 73 3
0 11 73 1
0 5 37 2
0 2 30 1
0 2 23 1
0 14 5 3
0 22 59 1
0 19 48 2
0 13 72 1
0 7 54 3
0 11 90 2
0 6 45 3
0 5 100 1
0 4 10 2
0 6 35 1
0 15 81 2
0 13 74 1
0 1 92 1
0 1 8 1
0 2 49 1
0 20 39 2
0 1 7 3
0 8 67 3
0 6 64 1
0 16 59 1
0 14 26 1
0 22 25 3
0 25 46 3
0 24 57 1
0 1 27 2
0 10 34 1
0 17 34 1
0 2 93 3
0 14 95 1
0 2 36 2
0 13 55 1
0 2 24 2
0 1 75 3
0 6 5 2
0 5 57 1
0 2 32 1
0 5 76 1
0 1 52 3
0 5 87 1
0 20 49 1
0 2 92 2
0 2 15 1
0 6 30 1
0 13 22 3
0 20 100 2
0 13 82 3
0 1 100 2
0 14 92 3
0 24 32 2
0 8 11 3
0 20 97 1
0 1 61 1
0 3 96 1
0 1 13 2
0 7 57 1
0 24 67 1
0 14 86 1
0 12 53 3
0 3 12 3
0 7 59 2
0 1 60 2
0 19 61 3
0 4 4 1
0 9 75 3
0 2 98 3
0 9 78 1
0 6 12 1
0 4 58 1
0 3 37 2
0 20 99 3
0 1 91 1
0 8 41 1
0 2 43 3
0 2 11 1
0 14 77 3
0 7 14 1
0 1 31 3
0 8 26 3
0 4 98 3
0 22 99 2
0 11 33 1
0 9 67 2
0 15 38 3
0 4 52 1
0 18 31 2
0 2 39 2
0 10 10 1
0 4 88 2
0 2 5 2
0 24 80 3
0 6 75 1
0 22 50 1
0 8 5 1
0 14 65 1
0 4 5 2
0 9 49 1
0 5 75 2
0 3 88 2
0 9 42 3
0 10 72 1
0 25 44 3
0 4 86 3
0 3 86 1
0 2 96 1
0 15 100 3
0 4 88 2
0 3 35 2
0 5 69 1
0 4 52 1
0 7 8 2
0 3 97 2
0 8 58 1
0 3 29 3
0 9 12 1
0 14 93 3
0 22 37 2
0 8 13 3
0 23 45 1
0 9 75 3
0 14 22 3
0 11 77 1
0 4 22 1
0 6 85 1
0 17 49 2
0 20 55 1
0 4 62 2
0 3 90 3
0 25 19 1
0 20 17 3
0 1 12 1
0 3 44 3
0 6 98 2
0 9 10 2
0 4 18 2
0 2 56 1
0 5 60 2
0 6 63 2
0 5 15 1
0 2 86 2
0 7 75 1
0 6 32 2
0 15 42 2
0 11 82 3
0 3 70 2
0 16 72 2
0 5 75 2
0 23 4 2
0 21 36 1
0 10 97 2
0 23 9 2
0 10 60 2
0 5 23 2
0 9 75 3
0 5 45 1
0 8 80 2
0 4 49 3
0 5 89 3
0 14 96 3
0 16 23 3
0 6 52 3
0 2 79 2
0 15 8 1
0 4 82 3
0 2 36 1
0 1 84 1
0 4 44 3
0 16 63 2
0 1 35 1
0 11 18 2
0 16 88 3
0 7 2 3
0 14 42 2
0 4 74 1
0 7 91 3
0 4 78 1
0 4 80 2
0 7 76 2
0 7 18 3
0 25 11 3
0 5 13 3
0 13 68 2
0 12 25 3
0 13 35 1
0 4 77 3
0 19 40 1
0 7 50 2
0 10 43 1
0 7 59 3
0 3 52 3
0 2 80 3
0 2 63 3
0 5 37 2
0 4 66 2
0 5 58 3
0 9 85 2
0 5 61 1
0 5 17 1
0 3 87 3
0 22 33 2
0 13 5 2
0 8 53 3
0 15 52 3
0 6 25 3
0 23 9 1
0 4 92 1
0 21 47 3
0 12 1 3
0 5 44 3
0 16 23 3
0 15 5 1
0 13 67 1
0 1 93 3
0 19 98 1
0 11 48 1
0 11 86 2
0 24 7 2
0 8 58 3
0 24 42 3
0 5 68 1
0 8 1 2
0 12 95 2
0 11 68 2
0 4 51 3
0 21 21 3
0 16 10 3
0 1 22 3
0 7 13 2
0 4 57 3
0 8 3 1
0 5 30 2
0 6 2 3
0 19 47 1
0 8 86 2
0 9 28 2
0 2 82 2
0 1 17 3
0 7 67 1
0 3 97 1
0 7 52 1
0 1 63 1
0 15 82 1
0 19 54 3
0 6 99 2
0 1 100 1
0 6 2 3
0 4 1 1
0 8 100 1
0 16 26 2
0 2 66 2
0 3 19 3
0 9 80 3
0 1 95 2
0 10 11 1
0 12 38 2
0 10 99 1
0 13 26 1
0 7 50 2
0 14 98 2
0 19 3 3
0 21 96 1
0 3 46 1
0 5 96 3
0 3 56 3
0 1 16 3
0 12 56 2
0 3 33 2
0 2 88 1
0 8 29 3
0 4 76 1
0 11 97 3
0 5 96 2
0 18 42 3
0 11 98 1
0 7 23 2
0 7 72 3
0 5 38 1
0 18 3 1
0 14 60 2
0 4 13 3
0 3 47 3
0 19 70 1
0 13 87 1
0 5 32 1
0 2 45 3
0 10 52 2
0 13 12 1
0 13 2 1
0 3 15 2
0 4 39 3
0 11 79 2
0 21 30 1
0 7 21 2
0 2 58 2
0 14 85 1
0 2 1 1
0 25 83 2
0 22 64 3
0 18 22 3
0 22 57 2
0 8 38 1
0 16 14 1
0 12 35 2
0 9 85 1
0 23 91 3
0 15 57 2
0 9 80 3
0 9 52 1
0 3 73 3
0 4 87 3
0 13 46 2
0 10 30 3
0 15 65 3
0 6 66 3
0 21 48 3
0 5 73 2
0 2 28 3
0 4 15 1
0 19 50 2
0 8 78 1
0 21 92 1
0 6 23 3
0 3 89 1
0 4 28 1
0 15 61 1
0 10 45 1
0 2 87 1
0 1 52 2
0 7 15 3
0 7 46 3
0 23 61 2
0 17 27 2
0 11 21 3
0 8 84 3
0 1 69 2
0 6 25 3
0 1 23 1
0 9 42 1
0 14 78 1
0 9 93 3
0 19 40 2
0 6 68 1
0 8 98 1
0 4 21 2
0 13 1 2
0 12 21 2
0 11 16 1
0 7 66 2
0 2 57 2
0 9 71 1
0 2 27 2
0 3 54 2
0 5 66 3
0 10 35 2
0 3 61 2
0 2 61 2
0 5 40 1
0 4 36 2
0 6 56 2
0 6 88 2
0 12 5 2
0 14 77 3
0 17 44 1
0 4 70 2
0 3 89 2
0 9 16 2
0 24 15 1
0 4 10 1
0 5 91 1
1 16 96 2
1 17 78 3
1 2 66 3
1 2 5 3
1 1 15 1
1 7 68 1
1 3 21 3
1 2 61 1
1 6 47 3
1 17 66 3
1 9 69 3
1 4 92 1
1 7 81 1
1 17 98 1
1 17 92 2
1 19 15 3
1 1 95 1
1 8 64 2
1 11 94 3
1 7 22 3
1 7 55 3
1 13 45 1
1 3 66 1
1 14 33 1
1 7 11 1
1 10 35 2
1 7 86 2
1 7 55 2
1 1 29 2
1 6 82 2
1 2 72 1
1 13 61 2
1 8 38 1
1 3 43 2
1 3 6 1
1 15 42 2
1 14 6 3
1 6 24 3
1 8 99 2
1 4 80 1
1 6 65 1
1 1 22 3
1 5 34 1
1 3 89 1
1 7 70 2
1 2 58 2
1 2 54 2
1 5 58 2
1 8 88 2
1 3 44 3
1 3 75 2
1 2 52 1
1 5 20 1
1 11 45 3
1 4 52 3
1 21 70 2
1 6 24 3
1 15 76 2
1 13 43 2
1 9 87 2
1 12 71 3
1 1 29 2
1 9 82 2
1 1 48 2
1 2 34 1
1 9 75 3
1 16 99 1
1 8 50 2
1 1 86 2
1 12 82 3
1 21 66 2
1 12 38 3
1 11 30 1
1 15 69 2
1 16 47 1
1 9 24 2
1 24 85 2
1 14 57 2
1 15 6 2
1 17 34 1
1 16 33 2
1 8 1 1
1 17 6 2
1 5 44 3
1 3 16 2
1 2 35 1
1 4 90 2
1 8 10 1
1 2 40 2
1 15 28 1
1 7 47 1
1 7 4 2
1 11 1 2
1 10 37 3
1 8 34 3
1 10 70 2
1 13 16 1
1 1 70 1
1 10 52 3
1 13 53 3
1 2 87 3
1 13 12 3
1 18 50 3
1 8 44 3
1 5 23 1
1 8 4 1
1 7 75 2
1 8 9 2
1 11 10 1
1 10 63 1
1 11 16 3
1 7 81 1
1 3 48 3
1 1 40 3
1 5 73 1
1 17 26 2
1 4 11 3
1 12 39 1
1 6 67 1
1 23 9 2
1 15 19 3
1 7 27 3
1 12 86 3
1 17 79 3
1 15 96 1
1 3 28 1
1 10 23 3
1 6 88 3
1 9 18 3
1 19 5 2
1 3 53 3
1 2 95 1
1 7 40 2
1 8 4 1
1 6 54 2
1 6 24 3
1 9 62 2
1 2 38 1
1 6 70 1
1 6 91 2
0 13792 1358 15227 18378 18729 19360 12361 11618 10266 20316 17620 6464 821 6068 10495 14774 5992 9442 10140 7247 17598 4770 15533 14202 10056 4532 5801 18969 7386 9071 11703 8833 8344 7325 6347 12255 11572 17743 13125 13318 10332 13436 19947 11043 7894 13939 21864 6846 3702 17953 6559 9397 7553 11248 15069 13999 16418 15801 11927 15474 2893 17028 2653 19561 8049 9324 13595 3002 17472 3746 9286 4138 15814 13646 15527 18191 9192 19701 6093 18818 10018 17659 2707 7257 13271 10816 12900 19874 9897 2060 3536 681 11824 16132 17366 12736 7112 19957 4201 11905
13792 0 12605 5559 5022 5210 7513 15925 2277 17015 10986 4466 11590 12976 8215 4683 7944 13670 9846 7540 9568 4107 12136 3038 6882 5428 10011 12564 5187 7918 16239 11091 4971 8368 7273 7857 3606 13976 12175 7047 3616 3461 1749 6669 14074 6382 1612 15358 7054 15367 10166 8075 6083 11811 7352 2648 1822 3638 12057 2421 4935 13231 13068 13150 14385 10014 4573 1581 11893 4565 10545 8254 11629 2454 10008 6939 4497 17655 15161 8132 8531 5780 11404 14758 17182 2351 10144 5076 11743 9566 13139 13461 14239 15680 10431 7908 14686 6737 6173 10922 3636
1358 12605 0 13878 17111 17614 18023 11480 10399 9683 18960 16543 5319 668 5202 9169 13420 6455 8160 8788 5933 16347 3696 14478 12844 9182 3926 4804 17765 6685 8481 10468 7634 6997 6470 5435 11284 10544 16439 11769 11996 9157 12173 18873 10047 6928 12680 20566 5785 3732 16605 5769 8049 6430 10630 14006 12912 15359 14531 10837 14136 2163 15769 1899 18288 7773 8088 12496 1763 16183 3133 8758 2939 14567 12340 14169 16963 8838 18453 4769 17462 9187 16336 2766 7088 12220 9544 11550 18529 8601 2566 2851 1643 10950 14807 16008 11719 5882 18778 2890 10591
15227 5559 13878 0 5150 8703 4271 12665 5557 14735 5827 8763 10640 14437 11179 4884 2834 17087 7661 5619 8737 5058 11884 8256 2079 10024 12737 11790 7042 11660 14301 7638 7512 7347 10755 10832 8902 10766 6716 3032 2446 6821 3951 10243 11087 9835 3949 9810 9782 15483 4613 11361 5829 10315 12436 7993 7372 8523 7037 7362 862 13615 7847 13642 8876 14198 6817 7133 12554 3937 12973 12799 11801 4349 5587 1423 5987 15922 9695 9171 3725 10414 5895 15202 16144 7864 7166 2328 6283 7174 15322 13564 15457 12586 5115 2565 11105 8635 8280 11331 3752
18378 5022 17111 5150 0 4312 3553 17779 6848 19663 8023 5015 14998 17557 13129 8148 7913 18688 12411 10140 12965 944 15943 5781 7228 10413 14906 16101 2113 12935 19121 12733 9626 11588 12260 12766 8347 15859 11125 8090 5492 8264 4942 5634 16144 11350 4444 13133 11880 19428 8463 13046 9528 14896 12056 5834 6028 5488 11970 7426 4324 17377 12585 17344 13000 15010 9072 6131 16132 1219 15379 13197 15635 2630 10731 6307 1288 20694 13930 12397 5621 10749 10208 18962 20652 6901 12148 6673 9350 11977 17948 17480 18753 17676 9886 5976 16245 11275 3247 15019 6690
18729 5210 17614 8703 4312 0 7843 20711 7478 22082 12335 1369 16780 17927 12845 9796 11528 17640 14819 12473 14745 3841 17344 3393 10641 9238 14623 17768 2338 12107 21360 15717 10047 13501 11714 12513 6851 18754 15187 11228 7926 8501 6419 1572 18927 10951 5955 17428 11886 20533 12630 12547 11228 16949 9966 3786 4750 2570 15739 6807 7846 18386 16504 18293 17169 13574 9731 5137 17031 5163 15259 11607 16820 4476 14132 10059 3044 22813 18074 13297 9919 9465 14292 19888 22388 5557 14910 9416 13640 14480 17838 18643 19224 20521 13767 10118 19330 11825 2034 16102 8549
19360 7513 18023 4271 3553 7843 0 16345 8638 18729 4543 8558 14904 18557 14832 8877 6225 20664 11853 9885 13008 4267 16153 9093 6007 12845 16510 16055 5551 15003 18391 11478 11137 11617 14191 14471 11107 14542 8318 7130 6084 10079 6624 9072 14943 13252 6287 9736 13470 19750 5538 14897 9997 14541 14861 9053 8969 8931 9653 9868 3889 17862 9991 17881 9923 17348 10477 8943 16768 3129 16843 15696 16051 5174 9068 4662 4841 20033 10886 13269 2374 13216 7395 19453 20364 9749 11206 6546 6010 11348 19296 17827 19627 16345 7499 3393 14684 12520 6476 15558 7523
12361 15925 11480 12665 17779 20711 16345 0 14060 3448 14329 20301 6527 12089 13995 11356 10139 17842 6188 8398 7529 17534 7842 18911 10597 16476 14066 6697 19509 15608 4091 5051 12923 8076 14786 13917 17286 1958 9697 9691 12788 13949 14375 22278 1911 14458 14794 12868 13276 9500 11734 14640 10146 5505 18983 18469 17384 19562 7441 15890 13461 9470 8024 9717 10320 17859 12667 16945 9844 16560 13558 17859 8742 16289 7277 11760 18450 5388 9919 10533 14438 16738 10259 10135 7117 17250 5807 11322 12982 6384 14046 8829 11984 539 9282 13023 1728 11937 20761 9219 12298
11618 2277 10399 5557 6848 7478 8638 14060 0 14915 11364 6655 9374 10799 6315 2708 7277 12047 7892 5688 7376 6015 9866 4934 6198 4467 8074 10321 7368 6365 14091 9429 2795 6250 5565 5950 3684 12139 11599 5989 3130 1454 2030 8911 12174 4629 2451 15175 5035 13092 10024 6300 3984 9661 6928 4466 3341 5686 11064 2071 5239 10960 12194 10883 13852 8765 2319 2893 9629 6100 8531 7260 9352 4232 8790 6717 6573 15468 14530 5861 9090 4856 10940 12494 14931 3223 8384 4142 11806 7678 11101 11184 12039 13775 9744 8116 12943 4517 8413 8646 2243
10266 17015 9683 14735 19663 22082 18729 3448 14915 0 17262 21479 5882 10196 13315 12332 12535 16129 7299 9640 7627 19277 6500 19848 12760 16443 12947 5432 21190 15001 1203 7280 13185 8666 14321 13327 17691 4459 12852 11705 14332 14468 15665 23616 3915 14210 16139 16236 12923 6892 14613 13987 10945 5293 18723 19377 18237 20590 10547 16488 15450 7526 11287 7790 13678 16918 13109 17781 8327 18462 12304 17297 7450 17832 9844 14067 20156 1952 13327 10226 17044 16639 13313 7718 3888 17936 7569 13001 16041 7699 12179 6837 9763 3058 12164 15551 4959 11831 22424 8125 13534
20316 10986 18960 5827 8023 12335 4543 14329 11364 17262 0 12940 14791 19573 16889 10511 5559 22789 11454 10185 13247 8607 16331 13161 6149 15827 18357 15917 10077 17466 17212 10162 13280 12004 16547 16553 14527 12816 4890 7192 8273 12648 9605 13608 13348 15636 9463 5218 15492 19864 2660 17120 11147 14121 18169 13028 12689 13149 6929 13063 6163 18277 6733 18362 5831 20021 12583 12549 17435 7324 18508 18620 16494 9029 7546 4953 9299 18866 6802 14486 2512 16215 4133 19795 19667 13335 10374 7842 1707 10924 20705 18071 20437 14472 5098 3265 12601 14235 11018 16188 9546
17620 4466 16543 8763 5015 1369 8558 20301 6655 21479 12940 0 16027 16826 11669 9147 11532 16328 14285 11958 14018 4334 16482 2120 10574 7967 13429 16974 3347 10852 20703 15376 9066 12834 10506 11346 5578 18345 15408 11031 7613 7527 5926 2331 18475 9779 5524 17921 10776 19573 12967 11338 10548 16275 8602 2561 3631 1249 15760 5706 7932 17419 16610 17312 17471 12239 8817 4058 16050 5626 14088 10268 15910 4415 13987 10167 3738 22111 18347 12361 10463 8175 14537 18892 21577 4362 14497 9132 14135 13983 16651 17711 18135 20079 13877 10468 18992 10833 3351 15174 8018
6464 11590 5319 10640 14998 16780 14904 6527 9374 5882 14791 16027 0 5980 7581 7026 9303 11427 3348 5022 2052 14444 1724 14252 9051 10561 7540 1155 16223 9243 4874 5318 7369 3410 8502 7550 11871 5302 11560 7891 9506 8734 10472 18258 4868 8339 10981 15618 7064 5076 12233 8245 5584 1117 12868 13771 12615 15043 9480 10756 11166 3770 10664 3939 13228 11371 7369 12156 3564 13872 7040 11531 2387 12817 7537 10462 15248 6118 13301 4346 13776 10759 11611 5113 5668 12227 4589 8479 14058 3872 7811 3385 6300 6035 10124 12238 6480 5951 17406 2720 8407
821 12976 668 14437 17557 17927 18557 12089 10799 10196 19573 16826 5980 0 5325 9687 14041 5937 8825 9413 6590 16777 4340 14745 13447 9320 3877 5434 18151 6709 8994 11136 8014 7632 6590 5591 11489 11188 17097 12381 12509 9517 12616 19154 10683 7125 13118 21225 6050 3961 17235 5845 8608 7088 10614 14278 13202 15628 15197 11128 14673 2680 16436 2418 18953 7569 8503 12795 2429 16653 3078 8688 3604 14993 12998 14761 17371 9264 19120 5288 18043 9297 16987 2959 7432 12483 10209 12111 19163 9263 1987 3365 1328 11557 15457 16599 12361 6291 19143 3552 11093
6068 8215 5202 11179 13129 12845 14832 13995 6315 13315 16889 11669 7581 5325 0 6382 11790 5909 8613 7779 6581 12260 6869 9558 10899 3995 1799 7885 13366 1690 12192 11018 3704 6644 1269 365 6206 12472 15702 10106 8850 4872 8327 13979 12185 1894 8766 19733 1398 8770 14987 673 6029 8507 5587 9108 8097 10443 14343 6070 11139 6742 15620 6544 17853 3943 4383 7727 5430 12415 2419 3983 5956 10499 11881 11944 12712 13046 18282 3557 14901 3985 15312 7886 11709 7308 9851 9049 16922 8802 4993 7277 6653 13536 13845 13661 13591 2783 14242 5221 7442
10495 4683 9169 4884 8148 9796 8877 11356 2708 12332 10511 9147 7026 9687 6382 0 5530 12278 5202 2982 4976 7504 7815 7583 4565 6217 7871 8069 9216 7105 11571 6752 2889 3705 6145 6050 6184 9432 9698 3937 2827 2967 3447 11307 9474 5289 3958 13570 4987 11280 8653 6645 1442 7154 8877 7129 6030 8283 8795 4648 5007 9241 10002 9219 11932 9740 2225 5590 8031 7115 8089 8657 7487 5818 6396 5563 8264 13018 12504 4402 8600 6584 9177 10831 12683 5922 5685 2669 10571 4972 10456 9331 10790 11077 7807 7299 10240 3755 10385 6885 1461
14774 7944 13420 2834 7913 11528 6225 10139 7277 12535 5559 11532 9303 14041 11790 5530 0 17602 6010 4634 7692 7883 10796 10840 1085 11560 13102 10445 9860 12629 12262 5262 8419 6447 11664 11481 10913 8318 4323 1708 4363 8223 6208 13073 8720 10819 6370 8044 10422 14357 3241 12120 5814 8723 14148 10525 9757 11197 4229 9301 3696 12724 5137 12805 6576 15269 7750 9449 11878 6718 13168 14146 10937 7125 2883 1641 8810 13918 7275 9056 4576 11943 3687 14252 14442 10098 5114 3139 5193 5479 15249 12535 14882 10124 2497 3044 8504 9034 11091 10631 5069
5992 13670 6455 17087 18688 17640 20664 17842 12047 16129 22789 16328 11427 5937 5909 12278 17602 0 13590 13327 11314 17777 10000 14247 16754 8451 4516 11148 18606 5753 14927 16042 9592 11869 6482 6255 10807 16727 21338 15900 14743 10596 14076 18490 16287 7419 14476 25431 7307 9687 20826 5769 11790 12533 8102 13875 13085 15084 19769 11304 17030 8604 21049 8340 23413 4187 10280 12814 8000 18096 4623 6143 9107 16078 17364 17839 18101 15169 23750 8744 20807 8189 21026 8697 13248 12195 14953 14948 22771 13909 3969 9292 6611 17321 19525 19568 17905 8580 19310 8715 13346
9442 9846 8160 7661 12411 14819 11853 6188 7892 7299 11454 14285 3348 8825 8613 5202 6010 13590 0 2348 2297 11991 4970 12784 5878 10459 9232 4463 13893 10053 6710 2456 6833 2038 9136 8441 11112 4312 8319 4730 7034 7771 8405 16366 4288 8637 8865 12427 7605 8423 8886 9186 3958 2720 13053 12331 11228 13471 6373 9702 8297 6998 7620 7127 10128 12552 6516 10784 6439 11225 8974 12178 5335 10533 4239 7280 12862 8296 10316 5075 10543 10752 8305 8430 8514 11066 1392 5738 10714 531 10419 6696 9399 5885 6801 9001 5260 6131 15126 5274 6279
10140 7540 8788 5619 10140 12473 9885 8398 5688 9640 10185 11958 5022 9413 7779 2982 4634 13327 2348 0 3158 9681 6316 10514 4146 8796 8817 6171 11565 8963 9009 3814 5163 1827 7993 7528 9105 6462 8012 3016 4708 5793 6062 14022 6535 7318 6519 12117 6540 9918 7825 8243 2029 4769 11457 10071 8992 11175 6566 7608 6157 8158 7842 8220 10105 11588 4691 8558 7253 8972 8763 10882 6351 8193 4102 5536 10540 10560 10505 4599 8873 9129 7737 9717 10578 8903 2710 3499 9761 2027 10686 8031 10252 8141 6218 7359 7258 5028 12792 6005 3941
7247 9568 5933 8737 12965 14745 13008 7529 7376 7627 13247 14018 2052 6590 6581 4976 7692 11314 2297 3158 0 12399 3159 12286 7294 9000 7014 3135 14172 8132 6734 4732 5580 1400 7277 6460 10076 5904 10507 6150 7476 6842 8422 16233 5661 6931 8930 14636 5756 6761 10786 7198 3534 2334 11462 11809 10658 13060 8644 8864 9213 5032 9902 5115 12387 10514 5482 10199 4263 11851 6710 10352 3251 10766 6408 8692 13198 8093 12602 3040 12028 9243 10413 6572 7718 10319 3685 6513 12680 2688 8131 4875 7267 7111 8887 10508 7011 4415 15355 3047 6356
17598 4107 16347 5058 944 3841 4267 17534 6015 19277 8607 4334 14444 16777 12260 7504 7883 17777 11991 9681 12399 0 15319 4897 7098 9478 14045 15529 1991 12025 18688 12485 8806 11040 11366 11898 7402 15596 11367 7859 4978 7409 4182 5294 15848 10463 3669 13626 11032 18764 8790 12159 8914 14402 11113 4924 5085 4669 12037 6499 4199 16690 12736 16647 13329 14076 8276 5187 15423 1324 14535 12257 14970 1786 10624 6336 930 20237 14238 11667 6139 9812 10465 18267 20110 5957 11826 6284 9836 11579 17113 16819 17990 17404 10008 6278 16045 10487 3240 14334 6063
4770 12136 3696 11884 15943 17344 16153 7842 9866 6500 16331 16482 1724 4340 6869 7815 10796 10000 4970 6316 3159 15319 0 14591 10445 10299 6459 1152 17004 8559 5346 7038 7513 4538 7950 6917 11901 6849 13251 9295 10491 9000 11218 18767 6353 7978 11738 17324 6665 3603 13814 7541 6415 2785 12385 14105 12949 15421 11194 10976 12333 2051 12385 2216 14946 10419 7671 12494 2003 14867 5847 10847 953 13622 9200 11846 16072 6202 15025 4220 15180 10441 13271 3470 5153 12454 6270 9633 15669 5477 6241 1741 4580 7321 11771 13656 8024 5867 18145 1648 9261
15533 3038 14478 8256 5781 3393 9093 18911 4934 19848 13161 2120 14252 14745 9558 7583 10840 14247 12784 10514 12286 4897 14591 0 9804 5854 11313 15149 4738 8735 19014 14119 7103 11183 8388 9239 3465 16970 14967 10055 6599 5591 4752 4422 17044 7672 4489 17878 8699 17585 12754 9219 8915 14586 6687 486 1643 886 15013 3669 7510 15430 15977 15313 17130 10195 6928 2101 14053 5971 11977 8236 13974 4143 13025 9676 4675 20365 17950 10418 10649 6074 14150 16876 19721 2262 13153 8090 14152 12534 14536 15750 16059 18650 13294 10343 17705 8846 5157 13224 6658
14202 6882 12844 2079 7228 10641 6007 10597 6198 12760 6149 10574 9051 13447 10899 4565 1085 16754 5878 4146 7294 7098 10445 9804 0 10509 12277 10204 9088 11667 12388 5587 7445 5969 10710 10580 9828 8709 5406 1160 3286 7175 5139 12199 9051 9846 5321 9062 9517 14039 4092 11198 5014 8589 13084 9479 8689 10189 5216 8217 2912 12303 6186 12364 7657 14296 6765 8374 11371 6012 12388 13125 10495 6193 3526 1411 8028 14028 8360 8338 4737 10894 4748 13862 14390 9017 5207 2071 6023 5363 14556 12169 14353 10530 3580 3214 9027 8174 10333 10125 4003
10056 5428 9182 10024 10413 9238 12845 16476 4467 16443 15827 7967 10561 9320 3995 6217 11560 8451 10459 8796 9000 9478 10299 5854 10509 0 5616 11152 10166 2894 15409 12556 3651 8448 2731 3747 2390 14717 15838 10092 7590 3337 6303 10217 14575 2344 6572 19559 3648 12661 14450 3515 6767 11263 2670 5454 4634 6719 15010 3007 9682 10565 16218 10392 18088 4597 4118 4381 9199 9987 6349 2852 9481 7882 12594 11156 9713 16474 18697 6220 13520 390 15247 11818 15370 3744 11390 8441 16260 10451 8817 11031 10647 16085 13953 12582 15716 4620 10860 8704 6515
4532 10011 3926 12737 14906 14623 16510 14066 8074 12947 18357 13429 7540 3877 1799 7871 13102 4516 9232 8817 7014 14045 6459 11313 12277 5616 0 7576 15165 2856 11775 11687 5382 7416 2929 2154 7917 12723 16826 11397 10474 6643 10069 15730 12357 3682 10521 20916 3053 7648 16333 2108 7289 8582 6737 10870 9878 12196 15297 7863 12758 5812 16579 5577 18914 3991 6033 9515 4677 14168 800 4833 5505 12278 12874 13405 14507 12422 19272 4257 16461 5537 16510 6692 10866 9074 10562 10532 18282 9509 3223 6435 5170 13575 15009 15167 13882 4123 16039 4891 9044
5801 12564 4804 11790 16101 17768 16055 6697 10321 5432 15917 16974 1155 5434 7885 8069 10445 11148 4463 6171 3135 15529 1152 15149 10204 11152 7576 0 17283 9573 4312 6275 8155 4523 8914 7905 12621 5771 12578 9045 10612 9584 11513 19228 5252 8865 12026 16600 7560 3977 13344 8557 6633 1919 13336 14665 13507 15957 10446 11593 12307 2953 11598 3167 14173 11516 8227 13049 3148 14985 6983 11867 2088 13880 8600 11615 16319 5335 14196 4960 14927 11320 12667 4119 4622 13071 5646 9616 15152 4992 7363 2443 5539 6174 11196 13389 6939 6611 18454 2703 9475
18969 5187 17765 7042 2113 2338 5551 19509 7368 21190 10077 3347 16223 18151 13366 9216 9860 18606 13893 11565 14172 1991 17004 4738 9088 10166 15165 17283 0 12905 20570 14462 10138 12840 12357 13012 7882 17567 13221 9844 6860 8646 5785 3536 17808 11502 5267 15222 12237 20376 10573 13177 10650 16242 11387 4956 5540 4175 13989 7352 6186 18269 14649 18207 15111 14705 9685 5792 16963 3179 15721 12795 16594 3407 12614 8293 1063 22098 16040 13189 7715 10456 12307 19825 21889 6442 13780 8226 11446 13497 18317 18443 19403 19371 11934 8080 18030 11884 1252 15926 7817
7386 7918 6685 11660 12935 12107 15003 15608 6365 15001 17466 10852 9243 6709 1690 7105 12629 5753 10053 8963 8132 12025 8559 8735 11667 2894 2856 9573 12905 0 13881 12405 4224 8037 977 1696 5275 14036 16706 10995 9241 4934 8384 13110 13775 1832 8760 20656 2457 10342 15749 1018 7063 10142 3960 8322 7432 9605 15508 5567 11497 8365 16773 8156 18903 2652 4913 7126 7083 12358 3640 2295 7644 10328 13037 12580 12363 14732 19393 5093 15334 2746 16245 9425 13367 6568 11225 9699 17653 10192 5978 8923 8016 15159 14825 14204 15135 3970 13669 6911 7921
9071 16239 8481 14301 19121 21360 18391 4091 14091 1203 17212 20703 4874 8994 12192 11571 12262 14927 6710 9009 6734 18688 5346 19014 12388 15409 11775 4312 20570 13881 0 7083 12234 7871 13224 12217 16740 4609 12987 11293 13717 13564 14957 22877 3994 13150 15444 16552 11852 5748 14553 12865 10156 4431 17642 18538 17389 19777 10675 15588 14978 6323 11524 6588 13994 15753 12199 16931 7139 17935 11122 16175 6290 17186 9698 13737 19549 1661 13721 9190 16820 15593 13373 6545 3026 17049 7185 12448 16080 7157 10978 5635 8576 3609 12133 15303 5351 10816 21792 6983 12832
11703 11091 10468 7638 12733 15717 11478 5051 9429 7280 10162 15376 5318 11136 11018 6752 5262 16042 2456 3814 4732 12485 7038 14119 5587 12556 11687 6275 14462 12405 7083 0 8905 4378 11467 10829 12914 3129 6333 4643 7795 9607 9464 17288 3471 10901 9852 10324 9948 10211 7505 11572 5813 4357 15199 13699 12667 14713 4171 11399 8420 9088 5347 9251 7911 14946 8480 12249 8716 11514 11429 14469 7565 11270 2621 6828 13401 8743 7999 7506 9768 12875 6517 10389 9525 12651 1183 6304 9141 2218 12806 8683 11594 4949 5143 8271 3617 8445 15714 7614 7462
8833 4971 7634 7512 9626 10047 11137 12923 2795 13185 13280 9066 7369 8014 3704 2889 8419 9592 6833 5163 5580 8806 7513 7103 7445 3651 5382 8155 10138 4224 12234 8905 0 4851 3277 3346 4507 11120 12560 6812 5152 1546 4718 11385 11013 2401 5191 16458 2334 10508 11525 3850 3137 7907 6299 6618 5469 7952 11522 3464 7439 8355 12762 8252 14782 6852 697 5023 6990 8820 5778 5820 6872 7021 9071 8368 9365 13461 15321 3316 11223 3972 12060 9842 12662 4941 7739 5479 13429 6805 8327 8651 9269 12556 10671 10028 12092 1779 11145 6122 3761
8344 8368 6997 7347 11588 13501 11617 8076 6250 8666 12004 12834 3410 7632 6644 3705 6447 11869 2038 1827 1400 11040 4538 11183 5969 8448 7416 4523 12840 8037 7871 4378 4851 0 7111 6452 9233 6273 9582 4843 6096 5914 7126 15010 6165 6600 7626 13714 5584 8139 9609 7194 2286 3449 11025 10714 9578 11925 7901 7903 7813 6337 9181 6395 11577 10569 4602 9124 5432 10464 7253 10144 4526 9434 5525 7352 11853 9314 11883 3170 10689 8733 9395 7903 9071 9320 3207 5114 11532 2160 8996 6231 8436 7722 7865 9180 7272 4097 14035 4184 5028
7325 7273 6470 10755 12260 11714 14191 14786 5565 14321 16547 10506 8502 6590 1269 6145 11664 6482 9136 7993 7277 11366 7950 8388 10710 2731 2929 8914 12357 977 13224 11467 3277 7111 0 1070 4989 13175 15731 10024 8353 4115 7595 12803 12935 939 7996 19686 1533 10017 14796 833 6086 9356 4435 7950 6980 9271 14533 5010 10623 7965 15798 7775 17927 3628 3971 6635 6630 11625 3631 3076 7066 9636 12063 11644 11758 14150 18416 4253 14446 2717 15273 9144 12888 6159 10286 8756 16705 9258 6152 8477 7917 14348 13850 13289 14260 3023 13182 6309 7006
6347 7857 5435 10832 12766 12513 14471 13917 5950 13327 16553 11346 7550 5591 365 6050 11481 6255 8441 7528 6460 11898 6917 9239 10580 3747 2154 7905 13012 1696 12217 10829 3346 6452 1070 0 5910 12362 15421 9802 8496 4508 7962 13660 12091 1567 8401 19441 1064 8952 14670 745 5741 8446 5483 8785 7763 10124 14094 5728 10784 6895 15370 6706 17582 4117 4029 7388 5561 12050 2746 3982 6021 10136 11629 11611 12353 13111 18023 3421 14552 3766 15019 8086 11824 6984 9657 8714 16602 8612 5332 7409 6918 13465 13559 13321 13470 2508 13895 5271 7092
12255 3606 11284 8902 8347 6851 11107 17286 3684 17691 14527 5578 11871 11489 6206 6184 10913 10807 11112 9105 10076 7402 11901 3465 9828 2390 7917 12621 7882 5275 16740 12914 4507 9233 4989 5910 0 15423 15234 9672 6617 3341 4958 7839 15377 4365 5064 18685 5529 14597 13493 5811 7174 12407 3757 3071 2358 4330 14748 1618 8393 12457 15876 12311 17482 6826 4634 2217 11073 8091 8614 4916 11173 5968 12458 10192 7521 17945 18184 7687 12103 2619 14541 13815 17048 1458 11809 7799 15177 10990 11138 12854 12815 16949 13397 11374 16319 6035 8510 10399 5925
11572 13976 10544 10766 15859 18754 14542 1958 12139 4459 12816 18345 5302 11188 12472 9432 8318 16727 4312 6462 5904 15596 6849 16970 8709 14717 12723 5771 17567 14036 4609 3129 11120 6273 13175 12362 15423 0 8412 7770 10832 12082 12419 20320 637 12780 12837 11950 11648 9172 10176 13098 8259 4194 17270 16531 15453 17614 6101 13999 11549 8705 6915 8929 9395 16388 10826 15018 8822 14641 12287 16249 7661 14334 5506 9917 16509 6193 9162 8944 12722 14995 8855 9640 7481 15340 3849 9369 11582 4463 13079 8130 11287 1821 7721 11267 1179 10251 18818 8013 10347
17743 12175 16439 6716 11125 15187 8318 9697 11599 12852 4890 15408 11560 17097 15702 9698 4323 21338 8319 8012 10507 11367 13251 14967 5406 15838 16826 12578 13221 16706 12987 6333 12560 9582 15731 15421 15234 8412 0 5763 8653 12504 10465 16661 9003 14934 10573 4135 14387 16535 2781 16104 9682 10668 18449 14690 13997 15233 2312 13623 7501 15296 1843 15436 2255 19358 11919 13712 14745 10068 16768 18355 13653 11021 4099 5293 12243 14599 2987 12606 5969 16218 927 16670 15698 14386 6981 7458 3345 7849 18569 14945 17717 9911 1891 5156 7988 12919 14366 13550 9381
13125 7047 11769 3032 8090 11228 7130 9691 5989 11705 7192 11031 7891 12381 10106 3937 1708 15900 4730 3016 6150 7859 9295 10055 1160 10092 11397 9045 9844 10995 11293 4643 6812 4843 10024 9802 9672 7770 5763 0 3462 6767 5306 12798 8069 9200 5588 9662 8747 12886 4949 10452 4110 7436 12723 9690 8801 10526 5085 8056 3783 11169 6206 11235 8004 13642 6161 8444 10264 6871 11460 12593 9365 6752 2974 2571 8782 12924 8607 7353 5891 10468 5251 12721 13244 9016 4136 1971 6900 4220 13554 11023 13257 9588 3872 4362 8186 7340 11096 9016 3747
13318 3616 11996 2446 5492 7926 6084 12788 3130 14332 8273 7613 9506 12509 8850 2827 4363 14743 7034 4708 7476 4978 10491 6599 3286 7590 10474 10612 6860 9241 13717 7795 5152 6096 8353 8496 6617 10832 8653 3462 0 4376 1867 9495 11023 7424 2127 12084 7464 14020 6910 8989 4097 9427 10045 6245 5410 7066 8441 5029 2289 12021 9462 12011 10891 11760 4467 5089 10841 4379 10774 10354 10242 3518 6436 3600 5832 15259 11627 7228 6094 7980 7933 13616 15162 5737 6995 1520 8677 6643 13213 12072 13617 12609 6860 5011 11411 6440 8093 9673 1441
10332 3461 9157 6821 8264 8501 10079 13949 1454 14468 12648 7527 8734 9517 4872 2967 8223 10596 7771 5793 6842 7409 9000 5591 7175 3337 6643 9584 8646 4934 13564 9607 1546 5914 4115 4508 3341 12082 12504 6767 4376 0 3483 9842 12040 3177 3901 16231 3625 12049 11147 4846 3835 9174 5956 5106 3950 6429 11738 2024 6588 9897 12927 9797 14755 7393 1366 3498 8535 7548 7128 6001 8391 5636 9359 7873 7913 14850 15374 4837 10438 3720 11910 11388 14135 3493 8487 5110 12985 7652 9712 10184 10786 13618 10621 9384 12981 3324 9626 7649 3194
13436 1749 12173 3951 4942 6419 6624 14375 2030 15665 9605 5926 10472 12616 8327 3447 6208 14076 8405 6062 8422 4182 11218 4752 5139 6303 10069 11513 5785 8384 14957 9464 4718 7126 7595 7962 4958 12419 10465 5306 1867 3483 0 7961 12556 6658 521 13756 7019 14612 8558 8328 4888 10565 8565 4385 3550 5267 10308 3458 3446 12523 11323 12474 12688 10736 4137 3247 11245 4103 10495 9146 10823 2422 8274 5281 4869 16435 13447 7485 7235 6686 9714 14094 16129 3935 8571 3339 10219 8078 13042 12673 13816 14158 8700 6420 13076 6335 6941 10170 2131
19947 6669 18873 10243 5634 1572 9072 22278 8911 23616 13608 2331 18258 19154 13979 11307 13073 18490 16366 14022 16233 5294 18767 4422 12199 10217 15730 19228 3536 13110 22877 17288 11385 15010 12803 13660 7839 20320 16661 12798 9495 9842 7961 0 20489 12094 7507 18758 13105 21892 14061 13632 12730 18459 10592 4879 5962 3537 17274 8037 9382 19739 18015 19635 18603 14354 11116 6386 18373 6598 16399 12377 18213 6046 15696 11583 4429 24315 19521 14671 11250 10401 15757 21218 23842 6680 16475 10987 14980 16033 18953 20021 20464 22085 15281 11554 20901 13156 2698 17482 10089
11043 14074 10047 11087 16144 18927 14943 1911 12174 3915 13348 18475 4868 10683 12185 9474 8720 16287 4288 6535 5661 15848 6353 17044 9051 14575 12357 5252 17808 13775 3994 3471 11013 6165 12935 12091 15377 637 9003 8069 11023 12040 12556 20489 0 12581 12989 12577 11416 8566 10699 12821 8244 3782 17095 16597 15504 17710 6691 13987 11852 8164 7534 8394 10024 16080 10756 15063 8342 14928 11893 16011 7194 14537 5958 10297 16753 5596 9798 8687 13175 14841 9422 9055 6846 15354 4031 9587 12144 4511 12594 7574 10739 1606 8250 11702 1704 10055 19057 7587 10460
7894 6382 6928 9835 11350 10951 13252 14458 4629 14210 15636 9779 8339 7125 1894 5289 10819 7419 8637 7318 6931 10463 7978 7672 9846 2344 3682 8865 11502 1832 13150 10901 2401 6600 939 1567 4365 12780 14934 9200 7424 3177 6658 12094 12581 0 7063 18854 1313 10336 13924 1696 5354 9114 4544 7219 6202 8558 13810 4182 9690 8229 15066 8060 17144 4451 3085 5834 6859 10697 4310 3572 7146 8723 11344 10748 10876 14168 17659 4000 13518 2463 14451 9511 13030 5418 9719 7869 15824 8714 6887 8688 8450 14040 13047 12376 13834 2530 12359 6370 6091
13939 1612 12680 3949 4444 5955 6287 14794 2451 16139 9463 5524 10981 13118 8766 3958 6370 14476 8865 6519 8930 3669 11738 4489 5321 6572 10521 12026 5267 8760 15444 9852 5191 7626 7996 8401 5064 12837 10573 5588 2127 3901 521 7507 12989 7063 0 13753 7475 15133 8558 8744 5398 11060 8740 4157 3431 4940 10525 3646 3350 13043 11504 12993 12777 11061 4628 3184 11762 3649 10962 9423 11344 1903 8562 5327 4348 16930 13559 8001 7048 6949 9795 14613 16640 3927 8988 3641 10159 8526 13518 13193 14324 14587 8845 6333 13468 6832 6428 10691 2611
21864 15358 20566 9810 13133 17428 9736 12868 15175 16236 5218 17921 15618 21225 19733 13570 8044 25431 12427 12117 14636 13626 17324 17878 9062 19559 20916 16600 15222 20656 16552 10324 16458 13714 19686 19441 18685 11950 4135 9662 12084 16231 13756 18758 12577 18854 13753 0 18394 20524 5198 20105 13705 14682 22101 17677 17155 17986 6156 17111 10436 19375 5078 19523 2560 23301 15793 16936 18863 12309 20880 22185 17760 13754 8229 8493 14385 18093 3044 16716 7512 19946 4422 20711 19407 17674 11069 11121 3790 11967 22704 18998 21823 13189 5907 7535 11277 16953 16207 17676 13044
6846 7054 5785 9782 11880 11886 13470 13276 5035 12923 15492 10776 7064 6050 1398 4987 10422 7307 7605 6540 5756 11032 6665 8699 9517 3648 3053 7560 12237 2457 11852 9948 2334 5584 1533 1064 5529 11648 14387 8747 7464 3625 7019 13105 11416 1313 7475 18394 0 9084 13607 1717 4706 7875 5804 8230 7153 9581 13102 5081 9753 6959 14374 6800 16558 5049 3000 6750 5581 11120 3503 4602 5834 9257 10633 10549 11532 12857 17015 2754 13505 3776 13972 8287 11722 6438 8768 7652 15539 7736 6089 7399 7360 12844 12519 12263 12729 1519 13170 5058 6050
3702 15367 3732 15483 19428 20533 19750 9500 13092 6892 19864 19573 5076 3961 8770 11280 14357 9687 8423 9918 6761 18764 3603 17585 14039 12661 7648 3977 20376 10342 5748 10211 10508 8139 10017 8952 14597 9172 16535 12886 14020 12049 14612 21892 8566 10336 15133 20524 9084 0 17309 9383 9924 5870 14301 17103 15965 18447 14370 13918 15917 2155 15487 2286 18065 11496 10804 15524 3536 18382 6861 12471 3794 17033 12577 15443 19481 5584 18031 7238 18775 12712 16642 1006 3566 15366 9623 13220 19126 8948 5759 1949 3078 8965 15174 17247 10250 8743 21479 4452 12739
17953 10166 16605 4613 8463 12630 5538 11734 10024 14613 2660 12967 12233 17235 14987 8653 3241 20826 8886 7825 10786 8790 13814 12754 4092 14450 16333 13344 10573 15749 14553 7505 11525 9609 14796 14670 13493 10176 2781 4949 6910 11147 8558 14061 10699 13924 8558 5198 13607 17309 0 15290 9046 11520 16951 12529 11970 12921 4431 11928 5262 15794 4513 15892 4542 18369 10840 11742 15022 7470 16408 17139 14035 8672 4892 3311 9632 16207 5467 12296 3188 14839 1864 17284 17017 12476 7755 6070 1952 8361 18481 15553 18032 11856 2458 2512 10008 12249 11684 13781 7954
6559 8075 5769 11361 13046 12547 14897 14640 6300 13987 17120 11338 8245 5845 673 6645 12120 5769 9186 8243 7198 12159 7541 9219 11198 3515 2108 8557 13177 1018 12865 11572 3850 7194 833 745 5811 13098 16104 10452 8989 4846 8328 13632 12821 1696 8744 20105 1717 9383 15290 0 6423 9160 4940 8782 7813 10101 14808 5835 11272 7379 16082 7175 18275 3376 4545 7466 6081 12385 2834 3310 6626 10418 12341 12191 12566 13715 18728 4162 15071 3459 15684 8483 12364 6991 10398 9294 17214 9354 5327 7925 7166 14185 14235 13874 14209 3216 14011 5893 7610
9397 6083 8049 5829 9528 11228 9997 10146 3984 10945 11147 10548 5584 8608 6029 1442 5814 11790 3958 2029 3534 8914 6415 8915 5014 6767 7289 6633 10650 7063 10156 5813 3137 2286 6086 5741 7174 8259 9682 4110 4097 3835 4888 12730 8244 5354 5398 13705 4706 9924 9046 6423 0 5730 9428 8450 7323 9646 8458 5744 6109 7929 9716 7926 11855 9709 2668 6872 6780 8460 7375 8896 6145 7248 5990 6229 9690 11586 12330 3366 9454 7100 9284 9525 11243 7117 4670 3503 10996 3817 9575 7976 9636 9835 7817 8048 9146 3248 11825 5590 2852
7553 11811 6430 10315 14896 16949 14541 5505 9661 5293 14121 16275 1117 7088 8507 7154 8723 12533 2720 4769 2334 14402 2785 14586 8589 11263 8582 1919 16242 10142 4431 4357 7907 3449 9356 8446 12407 4194 10668 7436 9427 9174 10565 18459 3782 9114 11060 14682 7875 5870 11520 9160 5730 0 13658 14112 12965 15346 8528 11195 10906 4797 9682 4984 12256 12355 7815 12508 4678 13737 8111 12414 3503 12841 6721 9995 15238 5870 12289 5122 13264 11487 10777 6036 5829 12646 3777 8268 13296 3247 8927 4343 7360 5033 9321 11721 5372 6646 17449 3819 8452
11248 7352 10630 12436 12056 9966 14861 18983 6928 18723 18169 8602 12868 10614 5587 8877 14148 8102 13053 11457 11462 11113 12385 6687 13084 2670 6737 13336 11387 3960 17642 15199 6299 11025 4435 5483 3757 17270 18449 12723 10045 5956 8565 10592 17095 4544 8740 22101 5804 14301 16951 4940 9428 13658 0 6431 6028 7414 17671 5107 12008 12318 18873 12112 20702 3920 6787 5957 11017 11845 7536 2056 11500 9724 15262 13642 11154 18586 21330 8540 15785 2328 17831 13379 17296 5165 14028 11013 18713 13071 9639 12863 11898 18573 16570 14965 18296 7047 11836 10744 9081
15069 2648 14006 7993 5834 3786 9053 18469 4466 19377 13028 2561 13771 14278 9108 7129 10525 13875 12331 10071 11809 4924 14105 486 9479 5454 10870 14665 4956 8322 18538 13699 6618 10714 7950 8785 3071 16531 14690 9690 6245 5106 4385 4879 16597 7219 4157 17677 8230 17103 12529 8782 8450 14112 6431 0 1159 1353 14678 3188 7271 14947 15661 14831 16869 9854 6443 1617 13571 5924 11527 7907 13489 4000 12655 9407 4793 19885 17676 9932 10519 5689 13886 16396 19236 1802 12721 7721 13972 12088 14092 15265 15591 18202 12993 10147 17277 8363 5469 12739 6239
13999 1822 12912 7372 6028 4750 8969 17384 3341 18237 12689 3631 12615 13202 8097 6030 9757 13085 11228 8992 10658 5085 12949 1643 8689 4634 9878 13507 5540 7432 17389 12667 5469 9578 6980 7763 2358 15453 13997 8801 5410 3950 3550 5962 15504 6202 3431 17155 7153 15965 11970 7813 7323 12965 6028 1159 0 2483 13844 2076 6721 13810 14872 13698 16206 9168 5285 459 12437 5880 10509 7273 12338 3796 11743 8758 5165 18730 16982 8782 10204 4917 13225 15270 18078 904 11664 6832 13513 11000 13090 14120 14508 17107 12247 9674 16225 7223 6238 11591 5231
16418 3638 15359 8523 5488 2570 8931 19562 5686 20590 13149 1249 15043 15628 10443 8283 11197 15084 13471 11175 13060 4669 15421 886 10189 6719 12196 15957 4175 9605 19777 14713 7952 11925 9271 10124 4330 17614 15233 10526 7066 6429 5267 3537 17710 8558 4940 17986 9581 18447 12921 10101 9646 15346 7414 1353 2483 0 15405 4538 7736 16292 16324 16177 17360 11006 7751 2931 14917 5855 12862 9038 14819 4248 13500 9945 4290 21148 18204 11264 10641 6927 14393 17746 20542 3147 13780 8579 14228 13201 15419 16603 16942 19316 13615 10463 18316 9705 4437 14073 7271
15801 12057 14531 7037 11970 15739 9653 7441 11064 10547 6929 15760 9480 15197 14343 8795 4229 19769 6373 6566 8644 12037 11194 15013 5216 15010 15297 10446 13989 15508 10675 4171 11522 7901 14533 14094 14748 6101 2312 5085 8441 11738 10308 17274 6691 13810 10525 6156 13102 14370 4431 14808 8458 8528 17671 14678 13844 15405 0 13134 7894 13245 1282 13402 3760 18144 10939 13503 12801 10814 15154 17335 11673 11354 2470 5701 12955 12287 3982 11040 7451 15373 2820 14560 13405 14095 4988 7026 5541 5956 16774 12852 15726 7630 2155 6276 5720 11593 15198 11647 8826
11927 2421 10837 7362 7426 6807 9868 15890 2071 16488 13063 5706 10756 11128 6070 4648 9301 11304 9702 7608 8864 6499 10976 3669 8217 3007 7863 11593 7352 5567 15588 11399 3464 7903 5010 5728 1618 13999 13623 8056 5029 2024 3458 8037 13987 4182 3646 17111 5081 13918 11928 5835 5744 11195 5107 3188 2076 4538 13134 0 6903 11762 14259 11644 15873 7594 3390 1669 10384 6980 8470 5844 10329 4876 10857 8620 6798 16870 16569 6776 10681 3364 12939 13208 16122 1479 10318 6183 13645 9543 11060 12091 12433 15575 11782 9869 14856 5183 8179 9573 4309
15474 4935 14136 862 4324 7846 3889 13461 5239 15450 6163 7932 11166 14673 11139 5007 3696 17030 8297 6157 9213 4199 12333 7510 2912 9682 12758 12307 6186 11497 14978 8420 7439 7813 10623 10784 8393 11549 7501 3783 2289 6588 3446 9382 11852 9690 3350 10436 9753 15917 5262 11272 6109 10906 12008 7271 6721 7736 7894 6903 0 13996 8685 14009 9629 13979 6756 6517 12885 3106 13044 12497 12190 3525 6433 2235 5129 16586 10469 9386 3853 10069 6658 15590 16729 7274 7891 2701 6810 7827 15456 13983 15738 13368 5949 2984 11920 8703 7427 11681 3714
2893 13231 2163 13615 17377 18386 17862 9470 10960 7526 18277 17419 3770 2680 6742 9241 12724 8604 6998 8158 5032 16690 2051 15430 12303 10565 5812 2953 18269 8365 6323 9088 8355 6337 7965 6895 12457 8705 15296 11169 12021 9897 12523 19739 8164 8229 13043 19375 6959 2155 15794 7379 7929 4797 12318 14947 13810 16292 13245 11762 13996 0 14434 264 16997 9773 8662 13369 1385 16356 5065 10563 1816 14946 11236 13689 17389 6699 17069 5099 17025 10634 15302 1596 5054 13212 8315 11316 17668 7496 4667 689 2587 8933 13796 15516 9862 6588 19359 2358 10702
17028 13068 15769 7847 12585 16504 9991 8024 12194 11287 6733 16610 10664 16436 15620 10002 5137 21049 7620 7842 9902 12736 12385 15977 6186 16218 16579 11598 14649 16773 11524 5347 12762 9181 15798 15370 15876 6915 1843 6206 9462 12927 11323 18015 7534 15066 11504 5078 14374 15487 4513 16082 9716 9682 18873 15661 14872 16324 1282 14259 8685 14434 0 14598 2578 19412 12167 14548 14031 11471 16434 18579 12893 12195 3741 6453 13638 13097 2706 12322 7683 16585 2673 15716 14342 15167 6230 8102 5170 7217 18033 14020 16936 8283 2738 6703 6351 12867 15831 12890 9951
2653 13150 1899 13642 17344 18293 17881 9717 10883 7790 18362 17312 3939 2418 6544 9219 12805 8340 7127 8220 5115 16647 2216 15313 12364 10392 5577 3167 18207 8156 6588 9251 8252 6395 7775 6706 12311 8929 15436 11235 12011 9797 12474 19635 8394 8060 12993 19523 6800 2286 15892 7175 7926 4984 12112 14831 13698 16177 13402 11644 14009 264 14598 0 17157 9530 8578 13259 1262 16333 4824 10342 1870 14896 11366 13744 17336 6957 17240 5023 17078 10454 15428 1620 5291 13087 8457 11337 17774 7619 4405 953 2378 9182 13917 15575 10090 6479 19289 2338 10679
19561 14385 18288 8876 13000 17169 9923 10320 13852 13678 5831 17471 13228 18953 17853 11932 6576 23413 10128 10105 12387 13329 14946 17130 7657 18088 18914 14173 15111 18903 13994 7911 14782 11577 17927 17582 17482 9395 2255 8004 10891 14755 12688 18603 10024 17144 12777 2560 16558 18065 4542 18275 11855 12256 20702 16869 16206 17360 3760 15873 9629 16997 2578 17157 0 21554 14148 15932 16560 12011 18816 20587 15433 13123 6054 7463 14174 15533 975 14669 7553 18467 2983 18291 16860 16617 8746 9712 4126 9700 20508 16592 19485 10634 4135 7052 8719 15075 16209 15402 11636
8049 10014 7773 14198 15010 13574 17348 17859 8765 16918 20021 12239 11371 7569 3943 9740 15269 4187 12552 11588 10514 14076 10419 10195 14296 4597 3991 11516 14705 2652 15753 14946 6852 10569 3628 4117 6826 16388 19358 13642 11760 7393 10736 14354 16080 4451 11061 23301 5049 11496 18369 3376 9709 12355 3920 9854 9168 11006 18144 7594 13979 9773 19412 9530 21554 0 7531 8952 8668 14560 4708 1978 9468 12467 15673 15171 14296 16412 22039 7499 17831 4271 18893 10509 14819 8264 13773 12306 20261 12729 6180 10410 8729 17386 17476 16756 17517 6567 15321 8814 10487
9324 4573 8088 6817 9072 9731 10477 12667 2319 13109 12583 8817 7369 8503 4383 2225 7750 10280 6516 4691 5482 8276 7671 6928 6765 4118 6033 8227 9685 4913 12199 8480 697 4602 3971 4029 4634 10826 11919 6161 4467 1366 4137 11116 10756 3085 4628 15793 3000 10804 10840 4545 2668 7815 6787 6443 5285 7751 10939 3390 6756 8662 12167 8578 14148 7531 0 4828 7321 8226 6395 6439 7097 6491 8502 7673 8874 13485 14704 3567 10530 4463 11403 10185 12793 4858 7331 4787 12740 6440 8917 8913 9731 12322 10028 9332 11761 2212 10730 6372 3067
13595 1581 12496 7133 6131 5137 8943 16945 2893 17781 12549 4058 12156 12795 7727 5590 9449 12814 10784 8558 10199 5187 12494 2101 8374 4381 9515 13049 5792 7126 16931 12249 5023 9124 6635 7388 2217 15018 13712 8444 5089 3498 3247 6386 15063 5834 3184 16936 6750 15524 11742 7466 6872 12508 5957 1617 459 2931 13503 1669 6517 13369 14548 13259 15932 8952 4828 0 11997 5892 10133 7089 11888 3777 11372 8502 5344 18271 16694 8332 10081 4685 12955 14835 17621 806 11237 6481 13324 10562 12719 13674 14097 16665 11943 9488 15799 6782 6552 11143 4832
3002 11893 1763 12554 16132 17031 16768 9844 9629 8327 17435 16050 3564 2429 5430 8031 11878 8000 6439 7253 4263 15423 2003 14053 11371 9199 4677 3148 16963 7083 7139 8716 6990 5432 6630 5561 11073 8822 14745 10264 10841 8535 11245 18373 8342 6859 11762 18863 5581 3536 15022 6081 6780 4678 11017 13571 12437 14917 12801 10384 12885 1385 14031 1262 16560 8668 7321 11997 0 15138 3991 9318 1178 13665 10648 12730 16101 7747 16708 3774 16053 9278 14673 2865 6284 11831 7814 10234 16930 6896 4258 1848 3010 9322 13149 14568 10000 5217 18038 1248 9487
17472 4565 16183 3937 1219 5163 3129 16560 6100 18462 7324 5626 13872 16653 12415 7115 6718 18096 11225 8972 11851 1324 14867 5971 6012 9987 14168 14985 3179 12358 17935 11514 8820 10464 11625 12050 8091 14641 10068 6871 4379 7548 4103 6598 14928 10697 3649 12309 11120 18382 7470 12385 8460 13737 11845 5924 5880 5855 10814 6980 3106 16356 11471 16333 12011 14560 8226 5892 15138 0 14597 12819 14594 2125 9522 5127 2175 19515 12924 11437 4838 10342 9161 17947 19514 6693 10937 5489 8519 10784 17141 16432 17822 16458 8754 4960 15026 10404 4385 14000 5655
3746 10545 3133 12973 15379 15259 16843 13558 8531 12304 18508 14088 7040 3078 2419 8089 13168 4623 8974 8763 6710 14535 5847 11977 12388 6349 800 6983 15721 3640 11122 11429 5778 7253 3631 2746 8614 12287 16768 11460 10774 7128 10495 16399 11893 4310 10962 20880 3503 6861 16408 2834 7375 8111 7536 11527 10509 12862 15154 8470 13044 5065 16434 4824 18816 4708 6395 10133 3991 14597 0 5630 4897 12758 12762 13566 15031 11714 19136 4165 16687 6289 16494 5900 10115 9726 10332 10723 18359 9287 2596 5703 4376 13057 14980 15354 13455 4343 16626 4341 9335
9286 8254 8758 12799 13197 11607 15696 17859 7260 17297 18620 10268 11531 8688 3983 8657 14146 6143 12178 10882 10352 12257 10847 8236 13125 2852 4833 11867 12795 2295 16175 14469 5820 10144 3076 3982 4916 16249 18355 12593 10354 6001 9146 12377 16011 3572 9423 22185 4602 12471 17139 3310 8896 12414 2056 7907 7273 9038 17335 5844 12497 10563 18579 10342 20587 1978 6439 7089 9318 12819 5630 0 9926 10705 14877 13874 12428 17007 21139 7327 16344 2481 17820 11523 15595 6369 13286 11079 18985 12274 7613 11145 9947 17418 16464 15363 17330 6047 13376 9200 9187
4138 11629 2939 11801 15635 16820 16051 8742 9352 7450 16494 15910 2387 3604 5956 7487 10937 9107 5335 6351 3251 14970 953 13974 10495 9481 5505 2088 16594 7644 6290 7565 6872 4526 7066 6021 11173 7661 13653 9365 10242 8391 10823 18213 7194 7146 11344 17760 5834 3794 14035 6626 6145 3503 11500 13489 12338 14819 11673 10329 12190 1816 12893 1870 15433 9468 7097 11888 1178 14594 4897 9926 0 13242 9566 11877 15692 7091 15563 3556 15212 9606 13613 3402 5896 11800 6694 9506 15925 5810 5426 1849 4065 8227 12095 13707 8840 5163 17709 778 8947
15814 2454 14567 4349 2630 4476 5174 16289 4232 17832 9029 4415 12817 14993 10499 5818 7125 16078 10533 8193 10766 1786 13622 4143 6193 7882 12278 13880 3407 10328 17186 11270 7021 9434 9636 10136 5968 14334 11021 6752 3518 5636 2422 6046 14537 8723 1903 13754 9257 17033 8672 10418 7248 12841 9724 4000 3796 4248 11354 4876 3525 14946 12195 14896 13123 12467 6491 3777 13665 2125 12758 10705 13242 0 9662 5757 2451 18702 13979 9902 6519 8233 10166 16516 18484 4582 10507 4968 10014 10155 15332 15092 16210 16119 9464 6222 14875 8702 4609 12593 4410
13646 10008 12340 5587 10731 14132 9068 7277 8790 9844 7546 13987 7537 12998 11881 6396 2883 17364 4239 4102 6408 10624 9200 13025 3526 12594 12874 8600 12614 13037 9698 2621 9071 5525 12063 11629 12458 5506 4099 2974 6436 9359 8274 15696 5958 11344 8562 8229 10633 12577 4892 12341 5990 6721 15262 12655 11743 13500 2470 10857 6433 11236 3741 11366 6054 15673 8502 11372 10648 9522 12762 14877 9566 9662 0 4522 11554 11358 6407 8622 7219 12952 4073 12647 12125 11910 2954 4936 6587 3756 14487 10915 13628 7290 2600 5762 5625 9125 13859 9451 6585
15527 6939 14169 1423 6307 10059 4662 11760 6717 14067 4953 10167 10462 14761 11944 5563 1641 17839 7280 5536 8692 6336 11846 9676 1411 11156 13405 11615 8293 12580 13737 6828 8368 7352 11644 11611 10192 9917 5293 2571 3600 7873 5281 11583 10297 10748 5327 8493 10549 15443 3311 12191 6229 9995 13642 9407 8758 9945 5701 8620 2235 13689 6453 13744 7463 15171 7673 8502 12730 5127 13566 13874 11877 5757 4522 0 7255 15383 8274 9588 3337 11546 4480 15253 15788 9214 6552 2898 5111 6762 15803 13566 15698 11731 3715 1839 10137 9282 9512 11487 4695
18191 4497 16963 5987 1288 3044 4841 18450 6573 20156 9299 3738 15248 17371 12712 8264 8810 18101 12862 10540 13198 930 16072 4675 8028 9713 14507 16319 1063 12363 19549 13401 9365 11853 11758 12353 7521 16509 12243 8782 5832 7913 4869 4429 16753 10876 4348 14385 11532 19481 9632 12566 9690 15238 11154 4793 5165 4290 12955 6798 5129 17389 13638 17336 14174 14296 8874 5344 16101 2175 15031 12428 15692 2451 11554 7255 0 21086 15092 12332 6875 10026 11335 18956 20915 6064 12728 7177 10597 12459 17621 17541 18605 18314 10915 7125 16967 11084 2315 15038 6844
9192 17655 8838 15922 20694 22813 20033 5388 15468 1952 18866 22111 6118 9264 13046 13018 13918 15169 8296 10560 8093 20237 6202 20365 14028 16474 12422 5335 22098 14732 1661 8743 13461 9314 14150 13111 17945 6193 14599 12924 15259 14850 16435 24315 5596 14168 16930 18093 12857 5584 16207 13715 11586 5870 18586 19885 18730 21148 12287 16870 16586 6699 13097 6957 15533 16412 13485 18271 7747 19515 11714 17007 7091 18702 11358 15383 21086 0 15217 10295 18478 16630 15006 6517 2163 18343 8831 14026 17720 8759 11201 6030 8619 4972 13783 16959 6829 11945 23311 7842 14321
19701 15161 18453 9695 13930 18074 10886 9919 14530 13327 6802 18347 13301 19120 18282 12504 7275 23750 10316 10505 12602 14238 15025 17950 8360 18697 19272 14196 16040 19393 13721 7999 15321 11883 18416 18023 18184 9162 2987 8607 11627 15374 13447 19521 9798 17659 13559 3044 17015 18031 5467 18728 12330 12289 21330 17676 16982 18204 3982 16569 10469 17069 2706 17240 975 22039 14704 16694 16708 12924 19136 21139 15563 13979 6407 8274 15092 15217 0 15016 8514 19071 3813 18309 16642 17362 8925 10389 5097 9919 20733 16632 19591 10270 4787 7967 8389 15516 17148 15580 12298
6093 8132 4769 9171 12397 13297 13269 10533 5861 10226 14486 12361 4346 5288 3557 4402 9056 8744 5075 4599 3040 11667 4220 10418 8338 6220 4257 4960 13189 5093 9190 7506 3316 3170 4253 3421 7687 8944 12606 7353 7228 4837 7485 14671 8687 4000 8001 16716 2754 7238 12296 4162 3366 5122 8540 9932 8782 11264 11040 6776 9386 5099 12322 5023 14669 7499 3567 8332 3774 11437 4165 7327 3556 9902 8622 9588 12332 10295 15016 0 12819 6413 12331 6638 9372 8250 6355 6853 14247 5300 6219 5351 6396 10095 10815 11412 10049 1655 14266 2813 5823
18818 8531 17462 3725 5621 9919 2374 14438 9090 17044 2512 10463 13776 18043 14901 8600 4576 20807 10543 8873 12028 6139 15180 10649 4737 13520 16461 14927 7715 15334 16820 9768 11223 10689 14446 14552 12103 12722 5969 5891 6094 10438 7235 11250 13175 13518 7048 7512 13505 18775 3188 15071 9454 13264 15785 10519 10204 10641 7451 10681 3853 17025 7683 17078 7553 17831 10530 10081 16053 4838 16687 16344 15212 6519 7219 3337 6875 18478 8514 12819 0 13906 5052 18590 19013 10874 9689 5979 3731 10017 19006 16903 19008 14489 5319 1543 12739 12354 8736 14812 7463
10018 5780 9187 10414 10749 9465 13216 16738 4856 16639 16215 8175 10759 9297 3985 6584 11943 8189 10752 9129 9243 9812 10441 6074 10894 390 5537 11320 10456 2746 15593 12875 3972 8733 2717 3766 2619 14995 16218 10468 7980 3720 6686 10401 14841 2463 6949 19946 3776 12712 14839 3459 7100 11487 2328 5689 4917 6927 15373 3364 10069 10634 16585 10454 18467 4271 4463 4685 9278 10342 6289 2481 9606 8233 12952 11546 10026 16630 19071 6413 13906 0 15630 11852 15484 4018 11706 8826 16649 10756 8713 11118 10621 16341 14332 12971 16004 4841 11123 8831 6902
17659 11404 16336 5895 10208 14292 7395 10259 10940 13313 4133 14537 11611 16987 15312 9177 3687 21026 8305 7737 10413 10465 13271 14150 4748 15247 16510 12667 12307 16245 13373 6517 12060 9395 15273 15019 14541 8855 927 5251 7933 11910 9714 15757 9422 14451 9795 4422 13972 16642 1864 15684 9284 10777 17831 13886 13225 14393 2820 12939 6658 15302 2673 15428 2983 18893 11403 12955 14673 9161 16494 17820 13613 10166 4073 4480 11335 15006 3813 12331 5052 15630 0 16721 15999 13646 7024 6818 2731 7809 18388 14988 17668 10435 1531 4236 8535 12532 13447 13458 8750
2707 14758 2766 15202 18962 19888 19453 10135 12494 7718 19795 18892 5113 2959 7886 10831 14252 8697 8430 9717 6572 18267 3470 16876 13862 11818 6692 4119 19825 9425 6545 10389 9842 7903 9144 8086 13815 9640 16670 12721 13616 11388 14094 21218 9055 9511 14613 20711 8287 1006 17284 8483 9525 6036 13379 16396 15270 17746 14560 13208 15590 1596 15716 1620 18291 10509 10185 14835 2865 17947 5900 11523 3402 16516 12647 15253 18956 6517 18309 6638 18590 11852 16721 0 4550 14640 9702 12908 19138 8943 4758 1734 2103 9596 15228 17076 10756 8065 20903 3947 12292
7257 17182 7088 16144 20652 22388 20364 7117 14931 3888 19667 21577 5668 7432 11709 12683 14442 13248 8514 10578 7718 20110 5153 19721 14390 15370 10866 4622 21889 13367 3026 9525 12662 9071 12888 11824 17048 7481 15698 13244 15162 14135 16129 23842 6846 13030 16640 19407 11722 3566 17017 12364 11243 5829 17296 19236 18078 20542 13405 16122 16729 5054 14342 5291 16860 14819 12793 17621 6284 19514 10115 15595 5896 18484 12125 15788 20915 2163 16642 9372 19013 15484 15999 4550 0 17601 9345 14074 18660 9027 9303 4450 6644 6634 14666 17473 8327 11016 23068 6674 14074
13271 2351 12220 7864 6901 5557 9749 17250 3223 17936 13335 4362 12227 12483 7308 5922 10098 12195 11066 8903 10319 5957 12454 2262 9017 3744 9074 13071 6442 6568 17049 12651 4941 9320 6159 6984 1458 15340 14386 9016 5737 3493 3935 6680 15354 5418 3927 17674 6438 15366 12476 6991 7117 12646 5165 1802 904 3147 14095 1479 7274 13212 15167 13087 16617 8264 4858 806 11831 6693 9726 6369 11800 4582 11910 9214 6064 18343 17362 8250 10874 4018 13646 14640 17601 0 11604 7071 14084 10877 12294 13552 13797 16950 12595 10252 16161 6646 7117 11041 5329
10816 10144 9544 7166 12148 14910 11206 5807 8384 7569 10374 14497 4589 10209 9851 5685 5114 14953 1392 2710 3685 11826 6270 13153 5207 11390 10562 5646 13780 11225 7185 1183 7739 3207 10286 9657 11809 3849 6981 4136 6995 8487 8571 16475 4031 9719 8988 11069 8768 9623 7755 10398 4670 3777 14028 12721 11664 13780 4988 10318 7891 8315 6230 8457 8746 13773 7331 11237 7814 10937 10332 13286 6694 10507 2954 6552 12728 8831 8925 6355 9689 11706 7024 9702 9345 11604 0 5557 9519 1055 11811 7972 10756 5613 5551 8157 4562 7263 15028 6661 6509
12900 5076 11550 2328 6673 9416 6546 11322 4142 13001 7842 9132 8479 12111 9049 2669 3139 14948 5738 3499 6513 6284 9633 8090 2071 8441 10532 9616 8226 9699 12448 6304 5479 5114 8756 8714 7799 9369 7458 1971 1520 5110 3339 10987 9587 7869 3641 11121 7652 13220 6070 9294 3503 8268 11013 7721 6832 8579 7026 6183 2701 11316 8102 11337 9712 12306 4787 6481 10234 5489 10723 11079 9506 4968 4936 2898 7177 14026 10389 6853 5979 8826 6818 12908 14074 7071 5557 0 7955 5306 13028 11289 13130 11161 5602 4635 9914 6410 9473 9017 1932
19874 11743 18529 6283 9350 13640 6010 12982 11806 16041 1707 14135 14058 19163 16922 10571 5193 22771 10714 9761 12680 9836 15669 14152 6023 16260 18282 15152 11446 17653 16080 9141 13429 11532 16705 16602 15177 11582 3345 6900 8677 12985 10219 14980 12144 15824 10159 3790 15539 19126 1952 17214 10996 13296 18713 13972 13513 14228 5541 13645 6810 17668 5170 17774 4126 20261 12740 13324 16930 8519 18359 18985 15925 10014 6587 5111 10597 17720 5097 14247 3731 16649 2731 19138 18660 14084 9519 7955 0 10196 20427 17404 19940 13165 4000 3839 11260 14192 12455 15692 9803
9897 9566 8601 7174 11977 14480 11348 6384 7678 7699 10924 13983 3872 9263 8802 4972 5479 13909 531 2027 2688 11579 5477 12534 5363 10451 9509 4992 13497 10192 7157 2218 6805 2160 9258 8612 10990 4463 7849 4220 6643 7652 8078 16033 4511 8714 8526 11967 7736 8948 8361 9354 3817 3247 13071 12088 11000 13201 5956 9543 7827 7496 7217 7619 9700 12729 6440 10562 6896 10784 9287 12274 5810 10155 3756 6762 12459 8759 9919 5300 10017 10756 7809 8943 9027 10877 1055 5306 10196 0 10818 7209 9872 6117 6299 8474 5329 6238 14734 5711 5965
2060 13139 2566 15322 17948 17838 19296 14046 11101 12179 20705 16651 7811 1987 4993 10456 15249 3969 10419 10686 8131 17113 6241 14536 14556 8817 3223 7363 18317 5978 10978 12806 8327 8996 6152 5332 11138 13079 18569 13554 13213 9712 13042 18953 12594 6887 13518 22704 6089 5759 18481 5327 9575 8927 9639 14092 13090 15419 16774 11060 15456 4667 18033 4405 20508 6180 8917 12719 4258 17141 2596 7613 5426 15332 14487 15803 17621 11201 20733 6219 19006 8713 18388 4758 9303 12294 11811 13028 20427 10818 0 5352 2719 13516 16858 17621 14257 6782 19221 5207 11773
3536 13461 2851 13564 17480 18643 17827 8829 11184 6837 18071 17711 3385 3365 7277 9331 12535 9292 6696 8031 4875 16819 1741 15750 12169 11031 6435 2443 18443 8923 5635 8683 8651 6231 8477 7409 12854 8130 14945 11023 12072 10184 12673 20021 7574 8688 13193 18998 7399 1949 15553 7925 7976 4343 12863 15265 14120 16603 12852 12091 13983 689 14020 953 16592 10410 8913 13674 1848 16432 5703 11145 1849 15092 10915 13566 17541 6030 16632 5351 16903 11118 14988 1734 4450 13552 7972 11289 17404 7209 5352 0 3170 8291 13495 15382 9276 6907 19554 2541 10790
681 14239 1643 15457 18753 19224 19627 11984 12039 9763 20437 18135 6300 1328 6653 10790 14882 6611 9399 10252 7267 17990 4580 16059 14353 10647 5170 5539 19403 8016 8576 11594 9269 8436 7917 6918 12815 11287 17717 13257 13617 10786 13816 20464 10739 8450 14324 21823 7360 3078 18032 7166 9636 7360 11898 15591 14508 16942 15726 12433 15738 2587 16936 2378 19485 8729 9731 14097 3010 17822 4376 9947 4065 16210 13628 15698 18605 8619 19591 6396 19008 10621 17668 2103 6644 13797 10756 13130 19940 9872 2719 3170 0 11445 16147 17538 12440 7522 20411 4253 12219
11824 15680 10950 12586 17676 20521 16345 539 13775 3058 14472 20079 6035 11557 13536 11077 10124 17321 5885 8141 7111 17404 7321 18650 10530 16085 13575 6174 19371 15159 3609 4949 12556 7722 14348 13465 16949 1821 9911 9588 12609 13618 14158 22085 1606 14040 14587 13189 12844 8965 11856 14185 9835 5033 18573 18202 17107 19316 7630 15575 13368 8933 8283 9182 10634 17386 12322 16665 9322 16458 13057 17418 8227 16119 7290 11731 18314 4972 10270 10095 14489 16341 10435 9596 6634 16950 5613 11161 13165 6117 13516 8291 11445 0 9398 13051 1932 11526 20622 8716 12064
16132 10431 14807 5115 9886 13767 7499 9282 9744 12164 5098 13877 10124 15457 13845 7807 2497 19525 6801 6218 8887 10008 11771 13294 3580 13953 15009 11196 11934 14825 12133 5143 10671 7865 13850 13559 13397 7721 1891 3872 6860 10621 8700 15281 8250 13047 8845 5907 12519 15174 2458 14235 7817 9321 16570 12993 12247 13615 2155 11782 5949 13796 2738 13917 4135 17476 10028 11943 13149 8754 14980 16464 12095 9464 2600 3715 10915 13783 4787 10815 5319 14332 1531 15228 14666 12595 5551 5602 4000 6299 16858 13495 16147 9398 0 4122 7558 11062 13127 11931 7516
17366 7908 16008 2565 5976 10118 3393 13023 8116 15551 3265 10468 12238 16599 13661 7299 3044 19568 9001 7359 10508 6278 13656 10343 3214 12582 15167 13389 8080 14204 15303 8271 10028 9180 13289 13321 11374 11267 5156 4362 5011 9384 6420 11554 11702 12376 6333 7535 12263 17247 2512 13874 8048 11721 14965 10147 9674 10463 6276 9869 2984 15516 6703 15575 7052 16756 9332 9488 14568 4960 15354 15363 13707 6222 5762 1839 7125 16959 7967 11412 1543 12971 4236 17076 17473 10252 8157 4635 3839 8474 17621 15382 17538 13051 4122 0 11341 11045 9212 13324 6284
12736 14686 11719 11105 16245 19330 14684 1728 12943 4959 12601 18992 6480 12361 13591 10240 8504 17905 5260 7258 7011 16045 8024 17705 9027 15716 13882 6939 18030 15135 5351 3617 12092 7272 14260 13470 16319 1179 7988 8186 11411 12981 13076 20901 1704 13834 13468 11277 12729 10250 10008 14209 9146 5372 18296 17277 16225 18316 5720 14856 11920 9862 6351 10090 8719 17517 11761 15799 10000 15026 13455 17330 8840 14875 5625 10137 16967 6829 8389 10049 12739 16004 8535 10756 8327 16161 4562 9914 11260 5329 14257 9276 12440 1932 7558 11341 0 11307 19282 9191 11051
7112 6737 5882 8635 11275 11825 12520 11937 4517 11831 14235 10833 5951 6291 2783 3755 9034 8580 6131 5028 4415 10487 5867 8846 8174 4620 4123 6611 11884 3970 10816 8445 1779 4097 3023 2508 6035 10251 12919 7340 6440 3324 6335 13156 10055 2530 6832 16953 1519 8743 12249 3216 3248 6646 7047 8363 7223 9705 11593 5183 8703 6588 12867 6479 15075 6567 2212 6782 5217 10404 4343 6047 5163 8702 9125 9282 11084 11945 15516 1655 12354 4841 12532 8065 11016 6646 7263 6410 14192 6238 6782 6907 7522 11526 11062 11045 11307 0 12909 4398 5000
19957 6173 18778 8280 3247 2034 6476 20761 8413 22424 11018 3351 17406 19143 14242 10385 11091 19310 15126 12792 15355 3240 18145 5157 10333 10860 16039 18454 1252 13669 21792 15714 11145 14035 13182 13895 8510 18818 14366 11096 8093 9626 6941 2698 19057 12359 6428 16207 13170 21479 11684 14011 11825 17449 11836 5469 6238 4437 15198 8179 7427 19359 15831 19289 16209 15321 10730 6552 18038 4385 16626 13376 17709 4609 13859 9512 2315 23311 17148 14266 8736 11123 13447 20903 23068 7117 15028 9473 12455 14734 19221 19554 20411 20622 13127 9212 19282 12909 0 17027 9007
4201 10922 2890 11331 15019 16102 15558 9219 8646 8125 16188 15174 2720 3552 5221 6885 10631 8715 5274 6005 3047 14334 1648 13224 10125 8704 4891 2703 15926 6911 6983 7614 6122 4184 6309 5271 10399 8013 13550 9016 9673 7649 10170 17482 7587 6370 10691 17676 5058 4452 13781 5893 5590 3819 10744 12739 11591 14073 11647 9573 11681 2358 12890 2338 15402 8814 6372 11143 1248 14000 4341 9200 778 12593 9451 11487 15038 7842 15580 2813 14812 8831 13458 3947 6674 11041 6661 9017 15692 5711 5207 2541 4253 8716 11931 13324 9191 4398 17027 0 8345
11905 3636 10591 3752 6690 8549 7523 12298 2243 13534 9546 8018 8407 11093 7442 1461 5069 13346 6279 3941 6356 6063 9261 6658 4003 6515 9044 9475 7817 7921 12832 7462 3761 5028 7006 7092 5925 10347 9381 3747 1441 3194 2131 10089 10460 6091 2611 13044 6050 12739 7954 7610 2852 8452 9081 6239 5231 7271 8826 4309 3714 10702 9951 10679 11636 10487 3067 4832 9487 5655 9335 9187 8947 4410 6585 4695 6844 14321 12298 5823 7463 6902 8750 12292 14074 5329 6509 1932 9803 5965 11773 10790 12219 12064 7516 6284 11051 5000 9007 8345 0
1 6 11 7
2 14 7 5
3 7 7 7
4 5 10 3
5 8 8 1
6 5 5 3
7 6 13 7
8 5 12 4
9 8 4 5
10 7 9 8
11 10 9 5
12 7 11 5
13 6 10 6
14 10 10 0
15 8 7 5
16 6 6 5
17 10 7 6
18 12 8 4
19 9 10 3
20 8 8 6
21 7 10 1
22 5 8 4
23 8 9 4
24 6 6 3
25 7 14 4
26 7 4 7
27 8 7 3
28 6 7 8
29 10 11 5
30 7 8 5
31 10 14 6
32 6 11 3
33 9 6 2
34 3 11 4
35 7 4 5
36 12 7 4
37 11 10 1
38 10 8 4
39 14 6 6
40 11 7 1
41 11 6 2
42 11 8 5
43 11 8 4
44 9 8 5
45 7 11 3
46 9 9 5
47 8 6 0
48 11 10 1
49 12 7 6
50 12 8 4
51 15 6 6
52 5 8 2
53 8 9 3
54 8 7 3
55 7 9 4
56 14 6 7
57 9 4 10
58 11 9 5
59 11 6 6
60 9 7 10
61 6 8 5
62 10 6 8
63 10 6 10
64 6 6 3
65 11 13 6
66 12 5 2
67 8 6 7
68 8 10 4
69 9 5 7
70 4 9 10
71 5 5 7
72 6 8 9
73 10 9 6
74 4 9 5
75 6 11 3
76 13 16 7
77 7 6 2
78 15 7 4
79 11 5 1
80 9 10 3
81 6 7 7
82 10 8 4
83 9 11 2
84 13 15 6
85 9 11 1
86 9 8 4
87 7 9 2
88 9 7 8
89 11 10 8
90 13 5 5
91 11 6 4
92 9 9 8
93 8 8 5
94 16 13 4
95 5 8 4
96 8 5 5
97 8 7 8
98 11 12 7
99 11 11 7
100 12 13 4
