105 15 3
30 60 700 9.00
0 2 13 2
0 18 10 2
0 1 9 3
0 2 5 1
0 4 7 2
0 18 12 1
0 10 6 3
0 2 5 2
0 5 13 3
0 13 5 1
0 14 9 2
0 12 14 1
0 11 3 1
0 5 14 1
0 2 11 3
0 4 9 2
0 10 10 2
0 5 9 3
0 1 7 1
0 9 6 2
0 5 2 2
0 3 1 3
0 1 4 3
0 22 3 2
0 12 1 1
0 3 3 1
0 11 9 3
0 8 14 1
0 13 2 2
0 2 11 3
0 7 2 3
0 8 15 1
0 1 6 1
0 4 11 3
0 18 4 2
0 6 10 2
0 2 2 2
0 13 3 1
0 11 3 3
0 10 12 2
0 8 7 1
0 3 10 1
0 4 11 2
0 3 14 2
0 6 15 1
0 14 7 2
0 7 12 1
0 22 10 2
0 7 5 3
0 17 4 2
0 6 15 2
0 9 9 1
0 1 1 2
0 12 10 1
0 23 7 1
0 2 5 1
0 7 9 2
0 18 12 3
0 4 4 2
0 8 14 2
0 2 13 1
0 1 1 2
0 6 1 1
0 11 3 3
0 7 1 2
0 7 3 2
0 4 6 1
0 1 1 3
0 8 7 2
0 5 14 3
0 2 8 1
0 9 10 2
0 24 14 3
0 10 14 2
0 1 1 2
0 5 3 1
0 3 11 1
0 10 6 3
0 4 4 3
0 2 11 3
0 22 12 3
0 9 8 2
0 1 10 1
0 12 11 1
0 5 11 3
0 6 7 3
0 5 2 2
0 16 2 3
0 18 5 2
0 8 7 1
0 11 14 1
0 2 14 3
0 4 13 2
0 10 8 1
0 5 6 3
0 13 12 3
0 5 11 1
0 4 13 3
0 7 15 1
0 7 2 1
0 22 2 2
0 17 15 2
0 10 3 3
0 13 3 1
0 6 6 2
0 6491 11475 9062 12826 8379 6745 12342 2020 3783 11208 2127 1000 5152 5478 4200
6491 0 13450 14265 6369 4727 11373 13213 5194 9409 16312 6819 6082 11581 11720 6590
11475 13450 0 7319 17005 10078 6141 2222 10291 8811 7722 9352 12385 13305 10303 7670
9062 14265 7319 0 19762 13187 2990 9439 9268 5281 2146 7636 10035 7831 4643 7839
12826 6369 17005 19762 0 6981 16774 15975 11321 15389 21651 12838 12450 17944 17863 11941
8379 4727 10078 13187 6981 0 10219 9274 6389 9582 14935 7385 8541 13290 12220 5716
6745 11373 6141 2990 16774 10219 0 7900 6543 3155 4945 4987 7745 7226 4162 4868
12342 13213 2222 9439 15975 9274 7900 0 10874 10201 9940 10234 13171 14843 12011 8244
2020 5194 10291 9268 11321 6389 6543 10874 0 4225 11378 1651 2470 6962 6556 2644
3783 9409 8811 5281 15389 9582 3155 10201 4225 0 7427 2591 4764 4691 2642 3902
11208 16312 7722 2146 21651 14935 4945 9940 11378 7427 0 9756 12180 9660 6592 9804
2127 6819 9352 7636 12838 7385 4987 10234 1651 2591 9756 0 3043 5975 5037 2256
1000 6082 12385 10035 12450 8541 7745 13171 2470 4764 12180 3043 0 5518 6294 4951
5152 11581 13305 7831 17944 13290 7226 14843 6962 4691 9660 5975 5518 0 3244 8086
5478 11720 10303 4643 17863 12220 4162 12011 6556 2642 6592 5037 6294 3244 0 6543
4200 6590 7670 7839 11941 5716 4868 8244 2644 3902 9804 2256 4951 8086 6543 0
1 7 13 2
2 4 5 4
3 10 6 5
4 5 6 5
5 9 3 6
6 6 7 4
7 9 7 2
8 10 2 6
9 4 7 4
10 8 7 7
11 7 5 3
12 8 4 3
13 8 6 7
14 7 4 5
15 6 4 5
