500 100 3
30 60 700 9.00
0 22 46 3
0 1 49 3
0 1 70 2
0 12 34 1
0 4 63 1
0 11 54 3
0 8 15 2
0 1 48 1
0 5 32 3
0 2 62 3
0 4 66 2
0 16 2 3
0 20 58 2
0 5 26 1
0 19 97 1
0 7 18 3
0 10 89 1
0 6 63 2
0 2 79 3
0 4 37 3
0 1 50 2
0 23 47 3
0 6 39 2
0 11 92 1
0 1 36 1
0 5 81 3
0 2 78 2
0 9 84 2
0 1 37 2
0 2 16 1
0 22 39 2
0 2 5 2
0 15 58 1
0 2 3 3
0 1 61 1
0 3 90 1
0 3 85 1
0 1 98 1
0 13 90 3
0 8 30 1
0 6 37 3
0 12 65 1
0 1 15 3
0 4 17 1
0 2 42 2
0 5 7 3
0 10 47 2
0 1 19 1
0 11 57 1
0 3 32 3
0 2 85 2
0 2 24 1
0 4 89 3
0 23 69 3
0 15 34 1
0 11 72 2
0 9 24 1
0 1 35 3
0 8 3 2
0 14 5 2
0 12 84 2
0 20 36 3
0 2 64 2
0 18 45 3
0 6 93 3
0 5 56 3
0 25 59 3
0 1 57 1
0 3 59 1
0 15 90 2
0 14 40 1
0 12 24 2
0 7 27 3
0 8 88 3
0 8 45 3
0 4 21 1
0 3 35 2
0 12 42 3
0 5 76 3
0 8 75 1
0 7 64 1
0 1 86 1
0 3 64 2
0 10 32 2
0 11 24 1
0 6 1 1
0 8 94 3
0 3 35 3
0 13 34 3
0 22 95 1
0 1 68 2
0 15 4 3
0 3 34 1
0 8 93 3
0 18 42 1
0 2 53 2
0 1 60 2
0 20 10 1
0 11 8 3
0 6 47 2
0 22 29 2
0 3 33 3
0 1 85 1
0 25 99 1
0 4 98 2
0 16 54 1
0 15 52 1
0 3 70 2
0 3 70 2
0 5 71 3
0 1 50 1
0 1 36 1
0 1 30 3
0 16 12 2
0 2 71 3
0 24 19 2
0 1 57 3
0 4 91 1
0 15 73 2
0 16 42 1
0 10 37 1
0 5 84 1
0 1 42 3
0 4 80 2
0 3 31 1
0 19 80 2
0 4 96 2
0 16 14 1
0 4 52 1
0 6 27 2
0 10 38 1
0 6 59 2
0 2 62 2
0 1 98 3
0 17 90 3
0 8 83 3
0 4 75 2
0 6 100 1
0 23 22 1
0 2 3 2
0 2 49 1
0 2 90 2
0 8 11 1
0 5 77 1
0 3 92 2
0 25 4 2
0 18 10 2
0 7 70 2
0 6 96 1
0 7 54 3
0 24 80 2
0 6 64 3
0 7 29 3
0 6 45 2
0 6 93 3
0 8 54 1
0 11 48 3
0 11 12 2
0 8 47 3
0 4 33 2
0 7 12 2
0 7 71 3
0 9 1 2
0 7 6 1
0 12 84 1
0 15 8 1
0 6 94 1
0 8 39 3
0 2 85 3
0 6 88 3
0 11 93 2
0 3 3 2
0 5 12 2
0 9 57 2
0 2 56 2
0 11 74 3
0 6 4 3
0 15 91 1
0 6 4 1
0 5 9 2
0 17 78 3
0 9 14 1
0 3 87 2
0 16 79 1
0 4 34 3
0 1 83 3
0 4 81 1
0 7 52 3
0 20 77 3
0 1 76 1
0 6 10 1
0 10 24 2
0 4 18 2
0 3 61 2
0 5 75 2
0 1 48 3
0 14 18 2
0 13 3 3
0 2 87 3
0 1 6 3
0 1 100 2
0 2 28 3
0 3 2 3
0 2 91 2
0 3 17 1
0 2 22 2
0 6 90 1
0 10 10 2
0 2 92 3
0 9 74 1
0 11 25 3
0 3 43 2
0 9 76 3
0 18 65 2
0 7 29 1
0 14 77 1
0 19 16 3
0 5 44 3
0 12 98 3
0 1 60 2
0 10 67 3
0 10 97 1
0 25 71 3
0 7 39 3
0 4 92 2
0 1 70 1
0 14 32 2
0 6 97 1
0 14 62 3
0 3 87 3
0 4 95 2
0 10 69 2
0 23 35 2
0 7 74 1
0 5 85 1
0 18 22 3
0 7 18 3
0 5 28 3
0 1 22 1
0 4 61 1
0 9 36 3
0 3 49 3
0 1 85 3
0 1 18 3
0 16 24 3
0 6 51 3
0 3 48 2
0 6 67 3
0 18 3 1
0 7 83 1
0 11 34 1
0 8 90 2
0 11 96 2
0 6 86 3
0 8 90 2
0 7 77 1
0 6 74 2
0 6 84 1
0 2 4 3
0 8 75 3
0 4 91 2
0 5 26 3
0 2 39 3
0 1 89 2
0 5 5 1
0 1 57 3
0 15 95 3
0 9 96 3
0 1 3 2
0 3 48 2
0 1 51 1
0 4 77 3
0 19 3 1
0 20 43 3
0 8 53 1
0 4 15 1
0 2 66 3
0 2 42 2
0 12 64 3
0 1 4 2
0 4 81 3
0 10 72 3
0 22 16 2
0 2 87 2
0 3 13 1
0 24 2 3
0 3 83 3
0 23 15 3
0 1 23 1
0 5 74 1
0 5 20 3
0 4 93 2
0 7 79 1
0 15 31 3
0 8 88 3
0 14 84 1
0 2 14 2
0 2 27 2
0 14 6 1
0 15 72 2
0 15 74 2
0 5 22 3
0 16 43 1
0 2 78 1
0 8 84 3
0 5 51 2
0 18 11 2
0 2 87 2
0 5 30 1
0 17 95 1
0 8 50 2
0 5 85 3
0 13 43 1
0 25 4 1
0 3 33 1
0 18 71 2
0 8 63 3
0 2 78 1
0 1 88 2
0 5 24 1
0 7 44 1
0 25 88 1
0 4 44 1
0 3 91 1
0 6 37 1
0 6 40 1
0 6 99 3
0 8 3 2
0 18 6 2
0 20 77 1
0 20 96 3
0 1 79 2
0 4 98 1
0 10 11 1
0 24 26 1
0 18 84 1
0 4 7 2
0 3 26 2
0 2 65 2
0 14 62 2
0 3 89 1
0 11 67 1
0 5 65 3
0 10 29 1
0 2 36 3
0 14 98 2
0 6 73 1
0 4 59 3
0 3 88 3
0 9 33 2
0 9 8 3
0 9 86 3
0 4 44 3
0 1 16 1
0 9 55 1
0 7 75 1
0 11 7 3
0 8 85 3
0 2 60 2
0 1 78 3
0 16 22 3
0 5 37 2
0 18 74 3
0 5 87 2
0 1 44 2
0 3 63 3
0 22 21 1
0 1 29 1
0 10 77 2
0 2 7 2
0 10 46 3
0 5 48 2
0 1 83 1
0 19 40 1
0 1 25 2
0 9 93 1
0 11 36 1
0 9 46 3
0 2 57 3
0 6 58 2
0 12 44 2
0 3 62 1
0 14 97 1
0 12 31 1
0 3 92 1
0 8 7 2
0 8 10 2
0 4 44 3
0 11 20 1
0 5 16 3
0 6 49 1
0 21 45 1
0 1 41 2
0 12 11 1
0 8 6 2
0 4 30 1
0 6 88 1
0 4 28 2
0 5 97 2
0 3 79 3
0 16 66 3
0 4 92 2
0 15 90 2
0 4 99 2
0 6 23 1
0 4 51 1
0 1 89 1
0 8 62 3
0 14 24 3
0 1 84 2
0 6 82 1
0 2 65 2
0 7 44 1
0 23 64 3
0 12 72 3
0 25 53 1
0 4 9 2
0 10 35 1
0 2 92 2
0 13 30 2
0 17 23 2
0 18 6 1
0 25 61 2
0 7 41 1
0 8 16 1
0 1 20 2
0 24 1 3
0 3 95 3
0 1 56 1
0 6 34 1
0 1 2 1
0 5 40 1
0 15 86 1
0 25 94 2
0 1 14 1
0 6 67 2
0 8 75 2
0 4 82 1
0 9 70 2
0 11 13 1
0 11 28 2
0 1 36 2
0 6 12 2
0 5 67 2
0 4 14 3
0 16 7 2
0 6 44 2
0 9 39 1
0 11 38 1
0 16 18 1
0 16 29 3
0 5 92 3
0 6 33 2
0 1 15 3
0 13 82 3
0 2 93 1
0 3 70 2
0 12 57 3
0 1 48 3
0 3 24 2
0 10 34 2
0 10 84 2
0 7 53 1
0 2 30 2
0 25 34 3
0 20 60 1
0 4 92 1
0 19 57 1
0 3 39 1
0 20 44 3
0 5 26 3
0 5 46 3
0 7 49 1
0 14 54 3
0 11 70 1
0 3 2 2
0 25 77 2
0 2 89 3
0 11 93 1
0 11 48 2
0 10 25 3
0 1 61 3
0 6 92 1
0 3 98 1
0 10 1 1
0 5 65 1
0 12 60 2
0 4 66 2
0 1 33 3
0 14 13 2
0 24 27 2
0 2 12 2
0 1 48 2
0 14 36 2
0 10 16 3
0 3 25 1
0 7 25 2
0 1 78 3
0 7 84 1
0 1 59 3
0 6155 15927 15078 21640 3846 15144 4091 11854 15843 6392 6344 16391 17070 15918 4082 7780 17852 12016 9758 13558 16408 18756 14579 16860 17063 20992 19337 7713 23693 13477 7370 14476 17309 9928 15302 21969 4638 4891 15431 14281 21556 15576 9121 14258 13749 8625 16385 4520 8415 20136 14078 22160 7837 16516 19683 8171 16009 13916 14300 13712 12549 6677 13976 7893 17923 7221 10267 16264 22086 17838 10030 1409 13684 5068 15395 9586 4597 15728 17302 4593 6840 19583 11168 16099 5668 4106 6846 11293 10866 14465 12826 13803 12505 9048 10850 24006 2295 19297 14702 18771
6155 0 12701 13708 15806 6050 10839 3757 6987 10073 5576 684 10244 11664 13409 3619 2387 11759 6865 4848 12069 10254 14482 8750 10759 10983 15218 13494 3260 18441 11957 7204 14815 11699 8238 9293 17330 2707 4492 9395 12279 16105 9614 9702 13492 11215 2472 11336 2349 2365 14680 14162 16919 4336 10914 13992 4631 9902 8640 11183 7681 6939 532 7866 6850 12170 8692 8897 11205 16576 11844 3898 5954 10245 1993 9299 4002 1562 9580 14028 5876 5034 13883 5530 12564 4586 3218 5550 5248 8895 11025 11653 13501 12406 3385 6745 18813 5880 13781 10560 13245
15927 12701 0 4660 11880 12438 3290 11954 17356 8844 18269 12023 12668 7293 1932 12005 14187 12179 7034 15987 4406 13180 4041 9015 11864 11669 11078 18802 9455 10526 4362 9026 8645 18635 6220 15163 7356 11847 11041 10633 3196 9742 15663 8927 5972 2522 12181 5696 14743 12908 8870 7920 9313 16720 18140 9824 8252 14490 6681 1628 10301 15770 12428 11146 8199 9359 10550 6179 5716 10378 16719 12452 14683 2456 14581 14366 9453 13404 13477 1379 11582 9105 19797 15018 856 17255 15524 18249 13369 5281 1693 5177 6971 7304 9951 5992 10574 17212 20468 3014 20039
15078 13708 4660 0 16510 11250 7519 11666 19622 12922 18948 13041 16511 11731 2841 11766 15707 16342 9997 17894 1642 16975 8562 12780 15879 15741 15703 22491 10600 15043 1752 7715 4053 21956 5536 18508 11643 11981 10579 14469 1864 14398 19007 6348 1505 3308 14022 10123 15266 14670 13523 3398 13909 18028 21365 14415 9129 18061 10380 4453 13747 18409 13606 14594 7370 13775 8331 4978 10117 15031 20391 14723 13692 5392 15275 17822 11546 13899 17100 5178 10487 8973 23402 17397 5507 17893 15898 19061 15934 4813 5222 2253 2571 3423 11862 8022 15040 16847 23927 7045 23456
21640 15806 11880 16510 0 19649 9209 17870 15316 5798 20195 15425 6876 5192 13797 17819 15431 4928 9895 15484 15897 7293 8537 7075 5774 5420 814 11172 14048 4983 15816 17563 20367 12563 15429 10225 7468 17065 17600 6599 14840 2940 10508 18867 17703 13612 13597 6633 18081 14137 3085 19597 4366 17556 12580 2214 14123 8910 8083 12259 8219 13136 15283 8307 16511 3739 19687 15890 6686 2651 9762 12572 20958 11663 17607 9352 12054 17293 8219 11799 18918 16037 12303 13527 11024 19552 18924 19864 12102 14889 11485 16448 18609 18602 12604 11881 5495 21686 13420 9775 13246
3846 6050 12438 11250 19649 0 12128 2312 12933 13940 9074 5809 15363 14719 12240 2442 8352 16503 9756 10754 9755 15510 15600 12817 15568 15698 18930 19408 5762 21037 9678 3576 10723 17720 6273 15105 18932 3389 2077 14002 10538 19116 15475 5311 10412 10130 8216 13771 5861 8344 17735 10284 19525 9507 16941 17548 5540 15516 11608 10829 12353 12983 6416 12829 4247 15918 3510 6526 13661 19693 17637 9649 2445 10353 6219 14961 8007 4956 15004 13794 858 3725 19866 11577 12709 8107 6037 9395 11115 7225 11099 9002 9970 8677 7641 8045 21297 5836 19814 11625 19277
15144 10839 3290 7519 9209 12128 0 11052 14564 5561 16365 10202 9380 4224 5121 11065 11909 8925 4305 13418 6717 9895 3671 5750 8580 8392 8396 15519 7799 9081 6630 9211 11209 15417 6641 11958 6834 10658 10355 7349 5735 7601 12454 9974 8575 4425 9800 2628 13084 10539 6439 10427 7634 14478 14950 7033 6988 11233 3486 3101 7116 12828 10468 7947 8201 6257 11150 6955 2609 8237 13440 9794 14071 2466 12818 11136 7103 11844 10214 4053 11287 8444 16522 12219 2581 15412 13925 16263 10515 5923 2318 7239 9434 9393 7683 4320 9280 16035 17215 587 16795
4091 3757 11954 11666 17870 2312 11052 0 10700 12093 7541 3497 13210 13123 12119 145 6098 14449 8071 8531 10060 13326 14669 10897 13491 13645 17185 17103 3823 19665 9965 4172 11909 15409 6219 12812 17878 1078 1106 11961 10612 17591 13175 6516 11096 9904 5912 12352 3986 6032 16181 11355 18135 7492 14631 15837 4087 13258 9968 10328 10276 10678 4107 10691 4297 14132 5148 6696 12232 18139 15350 7350 3120 9650 4226 12692 5952 2839 12782 13333 2151 2865 17555 9275 12073 6505 4407 7768 8810 7105 10439 9439 10863 9636 5516 6762 19965 5297 17504 10612 16968
11854 6987 17356 19622 15316 12933 14564 10700 0 10895 6666 7430 8448 13212 18600 10557 4607 10402 10343 2181 18051 8076 17681 9753 9550 9913 15038 8142 9264 19418 17932 14067 21403 5783 14538 5390 19637 9682 11479 9122 17940 16832 5328 16557 19723 16635 5662 13748 7423 5112 15580 20693 18075 4145 5034 14283 10724 6661 11257 16142 8085 2181 6761 7528 13553 12566 15671 15253 13626 17083 7326 4943 12239 15059 6924 6098 8100 7995 7137 18477 12843 11779 8082 2346 16926 6699 7750 6147 4057 14972 15709 17830 19924 18959 7761 11698 19893 10358 7580 14549 7076
15843 10073 8844 12922 5798 13940 5561 12093 10895 0 14783 9659 3911 2376 10676 12038 9963 3424 4275 10492 11874 4456 7397 1341 3021 2835 5160 10056 8272 8721 11770 12155 16313 10267 10389 6955 8788 11271 11874 2027 11074 6209 7416 13782 13798 9657 7987 3435 12383 8595 4835 15513 7284 12293 9923 3924 8468 5981 2757 8478 2869 8812 9558 3373 11122 2098 14316 10966 3356 6604 8019 7161 15169 7548 11933 6042 6258 11531 4957 9431 13242 10416 11103 8739 8089 14048 13239 14508 7084 10055 7731 12202 14528 14208 6815 6523 9160 15944 11894 5935 11516
6392 5576 18269 18948 20195 9074 16365 7541 6666 14783 0 6248 13757 16703 18903 7412 4821 15592 12245 5150 17310 13562 19976 13448 14610 14916 19724 14789 8814 23448 17204 11705 19450 12448 13412 11492 22689 7000 8635 13596 17658 20985 11589 14042 18534 16687 6877 16616 3683 6210 19588 18892 21959 2777 11698 18655 10100 12567 13881 16734 12030 8189 5903 11890 11697 16812 12506 13998 16484 21386 13775 7648 7344 15814 3716 11936 9334 5050 12686 19601 9419 9986 14745 7134 18140 1055 3134 540 8182 14181 16597 16787 18372 17165 8726 12321 23858 4300 14189 16111 13701
6344 684 12023 13041 15425 5809 10202 3497 7430 9659 6248 0 10070 11164 12725 3369 2888 11509 6293 5333 11404 10116 13853 8353 10516 10721 14817 13619 2577 17930 11291 6667 14216 11915 7587 9354 16739 2420 4098 9100 11600 15625 9702 9166 12846 10532 2444 10776 2909 2542 14198 13553 16403 4991 11139 13564 3950 9878 8102 10501 7380 7204 669 7633 6257 11757 8250 8254 10646 16109 11902 3896 5990 9568 2616 9292 3484 1872 9489 13353 5547 4445 14059 5813 11893 5249 3772 6230 5328 8229 10349 11000 12876 11798 2880 6076 18293 6296 14014 9911 13477
16391 10244 12668 16511 6876 15363 9380 13210 8448 3911 13757 10070 0 6104 14443 13117 9219 1954 6865 8796 15318 559 11248 3732 1203 1574 6649 6153 9658 11243 15207 14395 19632 6474 13198 3466 12207 12214 13315 2049 14648 8669 3840 16393 17243 13206 7791 7342 12265 8134 7592 18832 10042 11019 6234 6096 10397 2247 6134 12135 3149 6270 9717 2539 13443 4654 16527 13857 7266 8822 4108 6470 16035 11127 11734 2542 7387 11805 1365 13323 14812 12302 7192 6786 11944 13254 13036 13369 5585 13071 11427 15525 17871 17383 7723 9246 11741 15935 7998 9691 7638
17070 11664 7293 11731 5192 14719 4224 13123 13212 2376 16703 11164 6104 0 9212 13091 11901 5085 5058 12676 10925 6663 5157 3470 5042 4755 4398 12147 9358 6782 10835 12422 15421 12554 10238 9302 6431 12433 12718 4378 9959 4488 9754 13676 12796 8636 9829 1610 14012 10496 3066 14634 5269 14334 12247 2979 9184 8271 3157 7324 5130 11158 11178 5721 11370 2065 14527 10702 1615 5019 10175 9205 16242 6596 13609 8379 7680 13017 7261 7616 13949 11034 13231 11007 6466 15899 14880 16469 9315 9705 6541 11403 13640 13526 8288 6776 7170 17439 14091 4744 13740
15918 13409 1932 2841 13797 12240 5121 12119 18600 10676 18903 12725 14443 9212 0 12192 15119 14045 8431 17086 3054 14942 5722 10746 13689 13509 12999 20546 10157 12204 3056 8690 6889 20261 5991 16785 8838 12184 11115 12397 1873 11593 17287 8067 4264 2231 13216 7608 15281 13921 10771 6208 11072 17591 19732 11754 8805 16185 8365 2477 11930 17144 13201 12782 8029 11276 9884 5727 7623 12223 18453 13660 14601 3573 15187 16022 10546 13915 15185 2359 11405 9263 21518 16290 2784 17865 16011 18936 14698 5053 3059 3927 5312 5868 10979 6952 12207 17415 22144 4755 21700
4082 3619 12005 11766 17819 2442 11065 145 10557 12038 7412 3369 13117 13091 12192 0 5956 14369 8036 8388 10157 13229 14688 10835 13408 13566 17138 16980 3772 19649 10061 4296 12039 15278 6307 12693 17887 953 1226 11884 10696 17563 13054 6651 11208 9974 5789 12336 3848 5902 16151 11482 18118 7347 14499 15793 4089 13148 9935 10381 10195 10544 3974 10602 4399 14082 5292 6793 12216 18109 15233 7231 3153 9691 4083 12580 5879 2694 12679 13385 2295 2931 17428 9140 12115 6374 4279 7635 8687 7186 10481 9543 10983 9760 5434 6767 19952 5228 17372 10631 16836
7780 2387 14187 15707 15431 8352 11909 6098 4607 9963 4821 2888 9219 11901 15119 5956 0 10959 7654 2461 14084 9107 15426 8628 9959 10242 14936 11558 5108 18632 13968 9554 17077 9586 10355 7579 17986 5075 6877 8838 14166 16164 7821 12052 15614 12992 2134 11895 3284 1417 14769 16402 17148 2568 8794 13843 6586 8411 9164 12769 7231 4800 2228 7153 9132 11999 11079 11043 11763 16566 10089 2860 7900 11753 2727 7779 4812 3475 8306 15451 8237 7324 11834 3400 13930 4120 3926 4568 3702 10921 12494 13744 15698 14649 4258 8213 19046 6839 11626 11731 11093
17852 11759 12179 16342 4928 16503 8925 14449 10402 3424 15592 11509 1954 5085 14045 14369 10959 0 7325 10701 15296 2371 10190 3936 1005 805 4739 7181 10742 9422 15191 15159 19725 8010 13638 5328 10707 13505 14429 2502 14497 6881 5649 16968 17221 13081 9364 6559 13888 9786 5931 18924 8304 12880 7892 4347 11265 4033 6114 11894 4175 8224 11228 3895 14158 3238 17319 14249 6513 6976 5354 8139 17388 10972 13372 4436 8508 13311 3292 12649 15887 13215 8298 8704 11393 15042 14688 15221 7412 13377 11139 15610 17941 17589 8937 9695 9928 17557 9260 9331 8974
12016 6865 7034 9997 9895 9756 4305 8071 10343 4275 12245 6293 6865 5058 8431 8036 7654 7325 0 9116 8643 7246 7772 3389 6565 6564 9174 12573 4303 11718 8527 7894 12823 11961 6354 8511 10473 7378 7717 4964 8160 9540 9010 9645 10540 6734 5527 4486 9197 6263 8122 12028 10184 10217 11383 7798 4230 8126 1901 5957 3835 8742 6429 4656 6870 6172 10057 7000 4357 10077 10482 5502 11188 4861 8855 7844 2911 8092 7212 8134 9024 6160 13440 7999 6583 11339 10063 12099 6336 6209 5429 8749 11086 10533 3524 2392 12057 12479 13932 4221 13459
9758 4848 15987 17894 15484 10754 13418 8531 2181 10492 5150 5333 8796 12676 17086 8388 2461 10701 9116 0 16292 8541 16750 9228 9755 10089 15099 9816 7366 19196 16175 11999 19455 7619 12657 6342 19006 7525 9336 8976 16278 16644 6445 14496 17893 15033 3886 12966 5280 3224 15311 18765 17775 2386 6834 14174 8848 7439 10321 14668 7625 3061 4666 7271 11541 12370 13540 13361 12838 16969 8655 3634 10084 13610 4766 6813 6550 5813 7635 17183 10678 9744 9920 2025 15637 4925 5673 4694 3427 13160 14308 16009 18031 17018 6110 10134 19645 8403 9554 13326 9033
13558 12069 4406 1642 15897 9755 6717 10060 18051 11874 17310 11404 15318 10925 3054 10157 14084 15296 8643 16292 0 15758 8447 11602 14763 14653 15084 21204 8976 14926 120 6189 4495 20563 3899 17139 11730 10350 8981 13294 1231 14006 17635 5121 1929 2292 12430 9343 13628 13068 13008 3710 13682 16392 19951 13741 7501 16761 9230 3637 12449 16894 11972 13286 5772 12921 7033 3364 9318 14647 19108 13175 12185 4360 13634 16488 10002 12261 15823 5318 8967 7342 22083 15848 5168 16255 14267 17421 14421 3175 4414 884 2718 2900 10293 6543 14979 15273 22563 6181 22082
16408 10254 13180 16975 7293 15510 9895 13326 8076 4456 13562 10116 559 6663 14942 13229 9107 2371 7246 8541 15758 0 11804 4207 1734 2099 7105 5626 9845 11741 15646 14662 20046 5916 13550 2969 12757 12314 13476 2547 15111 9175 3319 16705 17681 13667 7787 7889 12213 8082 8122 19247 10561 10806 5685 6607 10649 1711 6609 12616 3459 5910 9732 2759 13726 5201 16781 14219 7811 9310 3566 6422 16100 11598 11675 2065 7579 11814 939 13853 14982 12532 6653 6519 12464 13095 12965 13159 5430 13454 11916 15946 18291 17777 7877 9612 12242 15875 7444 10194 7081
18756 14482 4041 8562 8537 15600 3671 14669 17681 7397 19976 13853 11248 5157 5722 14688 15426 10190 7772 16750 8447 11804 0 8151 10199 9909 7792 17302 11469 6497 8402 12456 12605 17662 9712 14332 3419 14314 13921 9419 7233 6012 14803 12761 9955 6442 13296 4029 16744 14029 5454 11907 5358 17987 17314 6779 10631 13376 6444 5203 9764 15782 14095 10504 11507 6990 14216 9845 4135 6618 15331 13119 17641 5315 16467 13431 10659 15513 12353 3442 14747 11982 18388 15365 3322 19039 17589 19852 13636 8850 4663 9209 10979 11345 11257 7979 6533 19700 19243 4060 18885
14579 8750 9015 12780 7075 12817 5750 10897 9753 1341 13448 8353 3732 3470 10746 10835 8628 3936 3389 9228 11602 4207 8151 0 3217 3184 6468 9801 7092 10031 11492 11252 15954 9694 9712 6263 9884 10041 10742 1693 10916 7538 6752 13032 13529 9475 6647 4123 11052 7256 6151 15153 8574 10976 9265 5261 7428 5483 2403 8410 1670 7730 8233 2354 10240 3425 13415 10334 4015 7942 7710 5839 13947 7395 10598 5408 4998 10223 4464 9773 12149 9386 10783 7537 8331 12708 11906 13177 5848 9487 7712 11838 14183 13750 5533 5761 10461 14627 11465 6011 11048
16860 10759 11864 15879 5774 15568 8580 13491 9550 3021 14610 10516 1203 5042 13689 13408 9959 1005 6565 9755 14763 1734 10199 3217 0 374 5495 7110 9812 10047 14656 14326 19149 7626 12913 4668 11032 12536 13498 1619 14021 7470 5042 16201 16692 12590 8360 6380 12882 8781 6391 18348 8840 11907 7417 4895 10392 3443 5534 11454 3217 7369 10228 2893 13339 3473 16480 13544 6316 7634 5139 7136 16411 10488 12367 3740 7563 12312 2558 12435 14967 12335 8189 7773 11109 14048 13682 14244 6435 12703 10719 15031 17373 16963 7975 8954 10544 16552 9062 8940 8728
17063 10983 11669 15741 5420 15698 8392 13645 9913 2835 14916 10721 1574 4755 13509 13566 10242 805 6564 10089 14653 2099 9909 3184 374 0 5128 7393 9936 9673 14547 14375 19060 7972 12895 5040 10682 12704 13624 1698 13887 7097 5412 16209 16581 12462 8603 6135 13130 9043 6023 18258 8468 12223 7775 4522 10469 3809 5436 11304 3374 7732 10451 3130 13378 3124 16533 13516 6076 7260 5450 7406 16589 10355 12619 4113 7703 12531 2932 12208 15083 12418 8483 8115 10903 14341 13937 14556 6751 12658 10562 14942 17280 16896 8134 8944 10170 16796 9376 8769 9051
20992 15218 11078 15703 814 18930 8396 17185 15038 5160 19724 14817 6649 4398 12999 17138 14936 4739 9174 15099 15084 7105 7792 6468 5495 5128 0 11336 13366 4793 15002 16793 19555 12585 14634 10068 6929 16399 16889 6146 14029 2469 10383 18072 16891 12799 13056 5823 17511 13617 2341 18785 3950 17119 12550 1420 13397 8770 7340 11446 7706 12858 14699 7863 15740 3069 18911 15090 5877 2347 9810 12082 20283 10850 17047 9170 11414 16688 8010 11020 18191 15300 12473 13171 10223 19053 18360 19407 11693 14086 10671 15634 17797 17789 11975 11118 5308 21095 13560 8962 13356
19337 13494 18802 22491 11172 19408 15519 17103 8142 10056 14789 13619 6153 12147 20546 16980 11558 7181 12573 9816 21204 5626 17302 9801 7110 7393 11336 0 14219 16117 21089 19313 25371 2482 18652 4362 17844 16027 17535 8170 20631 13743 3948 21568 23110 19186 11192 13473 14826 11131 13002 24581 15221 12144 3134 11371 15329 4446 12188 18189 8756 6820 13055 7919 18484 10416 21318 19354 13402 13683 2101 9762 19399 17149 14273 4784 12114 14920 5391 19476 19050 17031 1138 8172 18090 14718 15372 14278 8293 18689 17506 21319 23651 23030 12203 14836 16632 18194 2269 15808 2210
7713 3260 9455 10600 14048 5762 7799 3823 9264 8272 8814 2577 9658 9358 10157 3772 5108 10742 4303 7366 8976 9845 11469 7092 9812 9936 13366 14219 0 15999 8860 5124 12141 12882 5293 9858 14492 3075 3688 8240 9087 13842 10286 7504 10531 7975 3614 8710 5332 4165 12424 11430 14465 7471 12152 12024 1484 10049 6203 7925 6602 8501 3051 7119 4406 10310 7099 6000 8585 14376 12300 4719 6919 7002 5133 9549 2271 4051 9423 10792 5161 2814 14836 7250 9350 7801 6152 8807 6185 5816 7787 8651 10673 9696 2025 3554 16324 8286 14993 7459 14466
23693 18441 10526 15043 4983 21037 9081 19665 19418 8721 23448 17930 11243 6782 12204 19649 18632 9422 11718 19196 14926 11741 6497 10031 10047 9673 4793 16117 15999 0 14877 18284 19093 17362 15709 14706 3689 19063 19134 10303 13722 2590 15056 18971 16450 12839 16588 7314 20790 17238 3887 18402 1534 21007 17299 5162 15612 13440 9845 11526 11576 17262 17959 11959 17262 6859 20228 15972 7433 2457 14599 15869 22773 11364 20391 13785 14449 19772 12605 9877 20220 17312 17252 17381 9764 22665 21658 23195 15773 14944 10871 15663 17476 17818 15061 12999 515 24184 18349 9648 18148
13477 11957 4362 1752 15816 9678 6630 9965 17932 11770 17204 11291 15207 10835 3056 10061 13968 15191 8527 16175 120 15646 8402 11492 14656 14547 15002 21089 8860 14877 0 6109 4587 20445 3795 17021 11696 10247 8887 13184 1209 13939 17517 5084 2037 2206 12311 9255 13522 12951 12934 3799 13626 16279 19832 13657 7386 16645 9122 3557 12334 16774 11858 13171 5679 12827 6984 3269 9229 14581 18993 13055 12106 4263 13526 16371 9883 12155 15708 5299 8888 7239 21967 15729 5115 16149 14163 17313 14301 3062 4331 872 2806 2943 10173 6423 14934 15183 22446 6092 21965
7370 7204 9026 7715 17563 3576 9211 4172 14067 12155 11705 6667 14395 12422 8690 4296 9554 15159 7894 11999 6189 14662 12456 11252 14326 14375 16793 19313 5124 18284 6109 0 7759 18005 2807 14955 15854 4795 3071 12707 6965 16603 15394 2499 6990 6631 8589 11231 8094 9001 15292 7187 16814 11400 17272 15376 4024 15062 9526 7457 11249 13554 7332 11904 1053 13935 2163 2963 11138 17214 17358 9817 5997 7142 8252 14595 7214 6822 14355 10354 2779 2334 19953 12244 9387 10663 8573 11914 11297 3748 7830 5461 6698 5465 7116 5689 18491 9160 20117 8659 19590
14476 14815 8645 4053 20367 10723 11209 11909 21403 16313 19450 14216 19632 15421 6889 12039 17077 19725 12823 19455 4495 20046 12605 15954 19149 19060 19555 25371 12141 19093 4587 7759 0 24532 6917 21184 15690 12547 10820 17638 5533 18378 21670 5443 2678 6786 15752 13837 15853 16296 17440 802 17941 19099 23874 18224 10693 20929 13623 8118 16658 20530 14858 17473 7965 17414 7256 6192 13813 19015 23291 16731 13075 8847 16004 20604 13661 14573 20033 9230 10160 9781 26194 19353 9472 18413 16316 19670 18101 6703 8899 4118 1788 2445 13819 10538 19093 16559 26585 10677 26086
17309 11699 18635 21956 12563 17720 15417 15409 5783 10267 12448 11915 6474 12554 20261 15278 9586 8010 11961 7619 20563 5916 17662 9694 7626 7972 12585 2482 12882 17362 20445 18005 24532 0 17675 3476 18654 14333 15954 8251 20121 14866 2975 20363 22424 18692 9566 13683 12790 9377 13937 23758 16307 9874 793 12357 14127 4287 11956 17826 8338 4789 11306 7490 17258 11096 19913 18394 13593 14905 2815 8216 17486 16747 12247 4286 10954 13034 5310 19459 17443 15681 2307 6199 17994 12449 13267 11928 6722 17832 17203 20577 22867 22133 10927 14049 17874 16021 2114 15622 1585
9928 8238 6220 5536 15429 6273 6641 6219 14538 10389 13412 7587 13198 10238 5991 6307 10355 13638 6354 12657 3899 13550 9712 9712 12913 12895 14634 18652 5293 15709 3795 2807 6917 17675 0 14386 13125 6455 5170 11317 4396 14189 14861 3440 5263 3857 8876 8892 9730 9456 12941 6177 14274 12574 16999 13217 3817 14246 7643 4653 10095 13613 8185 10859 2039 11950 4529 725 8815 14815 16604 9816 8611 4411 9744 13869 6754 8364 13412 7553 5429 3446 19419 12447 6590 12357 10369 13529 11186 953 5059 3416 5386 4482 6902 3962 15886 11489 19748 6065 19241
15302 9293 15163 18508 10225 15105 11958 12812 5390 6955 11492 9354 3466 9302 16785 12693 7579 5328 8511 6342 17139 2969 14332 6263 4668 5040 10068 4362 9858 14706 17021 14955 21184 3476 14386 0 15583 11742 13201 4929 16666 12135 502 17229 19015 15233 6911 10319 10856 6935 11047 20402 13506 8721 3002 9562 10983 1322 8487 14352 4863 3360 8825 4017 14138 8073 16956 15096 10222 12279 2551 5463 15242 13275 10299 938 7769 10779 2118 16005 14719 12670 5037 4392 14530 11202 11495 11034 4044 14482 13727 17185 19494 18809 7843 10660 15206 14393 5424 12152 4948
21969 17330 7356 11643 7468 18932 6834 17878 19637 8788 22689 16739 12207 6431 8838 17887 17986 10707 10473 19006 11730 12757 3419 9884 11032 10682 6929 17844 14492 3689 11696 15854 15690 18654 13125 15583 0 17443 17188 10731 10501 4531 16006 16174 13099 9824 15859 6091 19648 16569 4866 15036 3216 20501 18440 6500 13801 14448 8822 8614 11552 17589 16902 12151 14890 7559 17634 13265 6223 4932 16060 15445 20904 8719 19323 14646 13377 18483 13484 6479 18084 15270 18974 17409 6704 21804 20509 22514 15700 12269 8082 12527 14150 14625 13994 11123 3535 22776 19965 7311 19680
4638 2707 11847 11981 17065 3389 10658 1078 9682 11271 7000 2420 12214 12433 12184 953 5075 13505 7378 7525 10350 12314 14314 10041 12536 12704 16399 16027 3075 19063 10247 4795 12547 14333 6455 11742 17443 0 1838 11030 10788 16918 12101 7244 11534 9953 4837 11762 3332 4957 15498 11952 17530 6638 13555 15073 3691 12205 9278 10237 9330 9608 3035 9709 4699 13335 6049 7012 11639 17450 14282 6279 3908 9470 3458 11635 5053 2026 11749 13222 3169 3009 16478 8207 11891 5946 3918 7164 7734 7275 10267 9797 11391 10208 4572 6339 19382 5405 16429 10257 15893
4891 4492 11041 10579 17600 2077 10355 1106 11479 11874 8635 4098 13315 12718 11115 1226 6877 14429 7717 9336 8981 13476 13921 10742 13498 13624 16889 17535 3688 19134 8887 3071 10820 15954 5170 13201 17188 1838 0 11928 9566 17146 13590 5452 9992 8915 6389 11836 5044 6621 15753 10258 17612 8464 15186 15515 3540 13546 9587 9413 10286 11288 4754 10777 3210 13865 4214 5619 11721 17713 15713 7782 3721 8797 5241 13006 5942 3821 12997 12418 1522 1952 18046 9905 11208 7594 5502 8850 9271 6076 9575 8346 9757 8534 5599 6144 19413 6319 18061 9885 17526
15431 9395 10633 14469 6599 14002 7349 11961 9122 2027 13596 9100 2049 4378 12397 11884 8838 2502 4964 8976 13294 2547 9419 1693 1619 1698 6146 8170 8240 10303 13184 12707 17638 8251 11317 4929 10731 11030 11928 0 12606 7723 5390 14589 15221 11165 7072 5432 11595 7569 6458 16837 8954 10973 7897 5207 8781 3972 4089 10087 1720 6983 8864 1717 11720 3445 14862 11957 5344 8010 6096 5978 14924 9081 11099 4015 6013 10931 2944 11322 13385 10727 9182 7095 9921 12958 12420 13269 5556 11134 9378 13524 15870 15419 6458 7356 10773 15246 9923 7648 9530
14281 12279 3196 1864 14840 10538 5735 10612 17940 11074 17658 11600 14648 9959 1873 10696 14166 14497 8160 16278 1231 15111 7233 10916 14021 13887 14029 20631 9087 13722 1209 6965 5533 20121 4396 16666 10501 10788 9566 12606 0 12865 17166 6199 2863 1445 12393 8358 13993 13065 11908 4778 12497 16557 19539 12709 7651 16204 8517 2638 11890 16656 12130 12739 6399 11986 8040 4017 8344 13505 18530 13015 12936 3533 13951 15971 9842 12620 15239 4090 9721 7800 21546 15684 3982 16608 14678 17733 14183 3517 3419 2074 3806 4125 10196 6268 13767 15885 22081 5235 21613
21556 16105 9742 14398 2940 19116 7601 17591 16832 6209 20985 15625 8669 4488 11593 17563 16164 6881 9540 16644 14006 9175 6012 7538 7470 7097 2469 13743 13842 2590 13939 16603 18378 14866 14189 12135 4531 16918 17146 7723 12865 0 12494 17565 15700 11783 14154 5380 18446 14784 1427 17638 1486 18500 14772 2577 13607 10880 7639 10424 9039 14674 15609 9390 15559 4283 18639 14545 5480 642 12134 13370 20710 10037 18026 11210 12144 17486 10028 9421 18326 15403 14881 14810 8907 20230 19312 20715 13218 13515 9691 14655 16671 16832 12746 11092 3077 21912 15945 8188 15717
15576 9614 15663 19007 10508 15475 12454 13175 5328 7416 11589 9702 3840 9754 17287 13054 7821 5649 9010 6445 17635 3319 14803 6752 5042 5412 10383 3948 10286 15056 17517 15394 21670 2975 14861 502 16006 12101 13590 5390 17166 12494 0 17682 19509 15733 7265 10795 11105 7250 11432 20889 13879 8831 2517 9926 11433 1616 8986 14854 5364 3406 9158 4517 14587 8477 17381 15574 10699 12619 2268 5826 15553 13777 10548 1375 8223 11080 2523 16501 15105 13100 4573 4552 15027 11343 11720 11119 4376 14967 14228 17676 19983 19291 8278 11150 15558 14605 4929 12651 4449
9121 9702 8927 6348 18867 5311 9974 6516 16557 13782 14042 9166 16393 13676 8067 6651 12052 16968 9645 14496 5121 16705 12761 13032 16201 16209 18072 21568 7504 18971 5084 2499 5443 20363 3440 17229 16174 7244 5452 14589 6199 17565 17682 0 5264 6405 11040 12311 10494 11477 16345 4974 17573 13873 19644 16655 6250 17243 11051 7560 13252 15990 9830 13966 3106 15384 2005 3020 12238 18197 19572 12222 7712 7608 10688 16810 9460 9262 16478 10113 4718 4787 22254 14699 9483 13015 10910 14283 13687 4051 8132 4251 4696 3392 9438 7279 19117 11141 22469 9389 21946
14258 13492 5972 1505 17703 10412 8575 11096 19723 13798 18534 12846 17243 12796 4264 11208 15614 17221 10540 17893 1929 17681 9955 13529 16692 16581 16891 23110 10531 16450 2037 6990 2678 22424 5263 19015 13099 11534 9992 15221 2863 15700 19509 5264 0 4172 14070 11202 14860 14678 14765 1952 15277 17828 21799 15569 9047 18664 11159 5475 14357 18655 13448 15191 6839 14809 7270 4595 11183 16338 21015 14899 12854 6269 14923 18380 11747 13515 17733 6621 9701 8570 23978 17564 6795 17480 15434 18688 16189 4752 6258 1894 1067 2042 11993 8378 16464 16142 24438 8056 23953
13749 11215 2522 3308 13612 10130 4425 9904 16635 9657 16687 10532 13206 8636 2231 9974 12992 13081 6734 15033 2292 13667 6442 9475 12590 12462 12799 19186 7975 12839 2206 6631 6786 18692 3857 15233 9824 9953 8915 11165 1445 11783 15733 6405 4172 0 11149 7051 13056 11838 10747 6002 11538 15434 18116 11451 6596 14761 7078 1363 10448 15293 11025 11297 5889 10639 8049 3712 7027 12425 17086 11697 12453 2110 12970 14531 8538 11688 13795 3760 9284 7043 20103 14357 3123 15646 13782 16728 12825 2905 2128 2871 5009 5049 8927 4937 12928 15201 20645 3892 20179
8625 2472 12181 14022 13597 8216 9800 5912 5662 7987 6877 2444 7791 9829 13216 5789 2134 9364 5527 3886 12430 7787 13296 6647 8360 8603 13056 11192 3614 16588 12311 8589 15752 9566 8876 6911 15859 4837 6389 7072 12393 14154 7265 11040 14070 11149 0 9770 4529 739 12746 15035 15091 4691 8803 11902 5064 7450 7036 10816 5387 4971 1961 5473 7975 10059 10389 9592 9638 14580 9458 1453 8396 9773 4027 6857 2735 4028 7108 13415 7887 6260 11665 3659 11882 6079 5348 6666 2899 9322 10492 12179 14262 13306 2239 6266 16991 8194 11676 9642 11142
16385 11336 5696 10123 6633 13771 2628 12352 13748 3435 16616 10776 7342 1610 7608 12336 11895 6559 4486 12966 9343 7889 4029 4123 6380 6135 5823 13473 8710 7314 9255 11231 13837 13683 8892 10319 6091 11762 11836 5432 8358 5380 10795 12311 11202 7051 9770 0 13676 10479 4064 13053 5784 14410 13310 4434 8304 9403 2736 5728 5751 11797 10885 6477 10184 3670 13288 9307 132 5985 11449 9375 15460 5043 13320 9427 7345 12577 8376 6090 12969 10049 14530 11460 4877 15749 14543 16430 9734 8291 4944 9846 12060 11986 7964 5729 7621 16953 15329 3167 14950
4520 2349 14743 15266 18081 5861 13084 3986 7423 12383 3683 2909 12265 14012 15281 3848 3284 13888 9197 5280 13628 12213 16744 11052 12882 13130 17511 14826 5332 20790 13522 8094 15853 12790 9730 10856 19648 3332 5044 11595 13993 18446 11105 10494 14860 13056 4529 13676 0 4133 17022 15272 19268 3664 11997 16306 6506 11645 10987 13176 9899 8029 2838 10000 8029 14476 9101 10315 13545 18912 13373 5796 4820 12302 557 11018 6350 1373 11463 16095 6026 6304 15063 6654 14673 2628 869 3833 6910 10505 13094 13105 14722 13533 5734 8886 21163 3672 14788 12772 14260
8415 2365 12908 14670 14137 8344 10539 6032 5112 8595 6210 2542 8134 10496 13921 5902 1417 9786 6263 3224 13068 8082 14029 7256 8781 9043 13617 11131 4165 17238 12951 9001 16296 9377 9456 6935 16569 4957 6621 7569 13065 14784 7250 11477 14678 11838 739 10479 4133 0 13383 15591 15749 3958 8599 12494 5640 7594 7748 11532 5918 4667 1933 5921 8447 10649 10717 10165 10347 15197 9486 1663 8307 10494 3601 6980 3470 3849 7347 14148 8086 6690 11536 3288 12616 5453 4907 5976 2894 9940 11218 12791 14838 13853 2959 6977 17648 7802 11473 10380 10936
20136 14680 8870 13523 3085 17735 6439 16181 15580 4835 19588 14198 7592 3066 10771 16151 14769 5931 8122 15311 13008 8122 5454 6151 6391 6023 2341 13002 12424 3887 12934 15292 17440 13937 12941 11047 4866 15498 15753 6458 11908 1427 11432 16345 14765 10747 12746 4064 17022 13383 0 16683 2496 17126 13786 1635 12214 9832 6221 9385 7690 13439 14185 8088 14243 3023 17352 13330 4154 1960 11273 11990 19301 8902 16604 10112 10717 16058 8929 8725 16952 14030 14136 13509 8018 18824 17888 19326 11891 12306 8627 13611 15704 15784 11319 9730 4335 20485 15151 7023 14887
14078 14162 7920 3398 19597 10284 10427 11355 20693 15513 18892 13553 18832 14634 6208 11482 16402 18924 12028 18765 3710 19247 11907 15153 18348 18258 18785 24581 11430 18402 3799 7187 802 23758 6177 20402 15036 11952 10258 16837 4778 17638 20889 4974 1952 6002 15035 13053 15272 15591 16683 0 17228 18464 23104 17448 9973 20138 12821 7341 15863 19787 14188 16679 7322 16623 6871 5454 13027 18277 22499 15992 12671 8054 15404 19816 12906 13974 19239 8562 9680 9133 25408 18623 8738 17850 15760 19098 17351 5927 8121 3317 994 1756 13077 9751 18413 16115 25807 9890 25309
22160 16919 9313 13909 4366 19525 7634 18135 18075 7284 21959 16403 10042 5269 11072 18118 17148 8304 10184 17775 13682 10561 5358 8574 8840 8468 3950 15221 14465 1534 13626 16814 17941 16307 14274 13506 3216 17530 17612 8954 12497 1486 13879 17573 15277 11538 15091 5784 19268 15749 2496 17228 0 19544 16193 3960 14086 12271 8313 10203 10151 15935 16439 10575 15786 5518 18782 14563 5903 1742 13591 14405 21245 9969 18872 12574 12923 18242 11391 8796 18711 15800 16359 15993 8516 21165 20136 21714 14361 13532 9519 14389 16284 16557 13536 11483 1901 22652 17417 8209 17183
7837 4336 16720 18028 17556 9507 14478 7492 4145 12293 2777 4991 11019 14334 17591 7347 2568 12880 10217 2386 16392 10806 17987 10976 11907 12223 17119 12144 7471 21007 16279 11400 19099 9874 12574 8721 20501 6638 8464 10973 16557 18500 8831 13873 17828 15434 4691 14410 3664 3958 17126 18464 19544 0 9103 16105 8913 9791 11689 15276 9475 5443 4428 9257 11142 14271 12639 13233 14279 18870 11038 5139 8395 14277 3292 9159 7379 4655 9922 17997 9608 9333 12181 4357 16482 2577 3762 2353 5473 13217 15027 15989 17824 16708 6819 10733 21435 6220 11723 14297 11215
16516 10914 18140 21365 12580 16941 14950 14631 5034 9923 11698 11139 6234 12247 19732 14499 8794 7892 11383 6834 19951 5685 17314 9265 7417 7775 12550 3134 12152 17299 19832 17272 23874 793 16999 3002 18440 13555 15186 7897 19539 14772 2517 19644 21799 18116 8803 13310 11997 8599 13786 23104 16193 9103 0 12233 13417 3995 11473 17284 7842 3997 10526 7003 16538 10886 19164 17720 13215 14845 2980 7468 16694 16199 11454 3884 10261 12243 4987 19001 16672 14945 3086 5409 17519 11679 12477 11181 5978 17179 16677 19943 22222 21467 10213 13422 17808 15237 2876 15132 2340
19683 13992 9824 14415 2214 17548 7033 15837 14283 3924 18655 13564 6096 2979 11754 15793 13843 4347 7798 14174 13741 6607 6779 5261 4895 4522 1420 11371 12024 5162 13657 15376 18224 12357 13217 9562 6500 15073 15515 5207 12709 2577 9926 16655 15569 11451 11902 4434 16306 12494 1635 17448 3960 16105 12233 0 12010 8315 5945 10107 6634 12118 13479 6904 14323 1845 17492 13676 4482 2805 9665 11010 18943 9474 15857 8635 10127 15436 7452 9865 16801 13903 12506 12302 8970 17946 17163 18360 10748 12675 9327 14270 16457 16417 10702 9704 5654 19856 13530 7591 13274
8171 4631 8252 9129 14123 5540 6988 4087 10724 8468 10100 3950 10397 9184 8805 4089 6586 11265 4230 8848 7501 10649 10631 7428 10392 10469 13397 15329 1484 15612 7386 4024 10693 14127 3817 10983 13801 3691 3540 8781 7651 13607 11433 6250 9047 6596 5064 8304 6506 5640 12214 9973 14086 8913 13417 12010 0 11044 6068 6673 7260 9875 4485 7891 3156 10402 6132 4529 8189 14174 13352 6072 7168 5831 6385 10588 3214 5156 10330 9615 4795 1958 16004 8664 8237 9065 7274 10133 7496 4335 6628 7167 9201 8248 3206 2679 15900 9094 16228 6572 15708
16009 9902 14490 18061 8910 15516 11233 13258 6661 5981 12567 9878 2247 8271 16185 13148 8411 4033 8126 7439 16761 1711 13376 5483 3443 3809 8770 4446 10049 13440 16645 15062 20929 4287 14246 1322 14448 12205 13546 3972 16204 10880 1616 17243 18664 14761 7450 9403 11645 7594 9832 20138 12271 9791 3995 8315 11044 0 7823 13796 4316 4565 9406 3474 14187 6899 17123 14942 9316 11003 2363 6005 15845 12742 11092 637 7852 11432 1029 15250 15067 12831 5345 5434 13814 12209 12334 12128 4735 14256 13132 16873 19206 18598 8026 10398 13943 15250 5982 11479 5570
13916 8640 6681 10380 8083 11608 3486 9968 11257 2757 13881 8102 6134 3157 8365 9935 9164 6114 1901 10321 9230 6609 6444 2403 5534 5436 7340 12188 6203 9845 9122 9526 13623 11956 7643 8487 8822 9278 9587 4089 8517 7639 8986 11051 11159 7078 7036 2736 10987 7748 6221 12821 8313 11689 11473 5945 6068 7823 0 6008 3633 9423 8177 4471 8480 4410 11673 8211 2604 8176 10092 6701 13087 4993 10615 7685 4638 9931 6820 7539 10857 7960 13153 8929 6045 13018 11855 13695 7203 7298 5319 9505 11844 11475 5257 3842 10197 14339 13794 3667 13360
14300 11183 1628 4453 12259 10829 3101 10328 16142 8478 16734 10501 12135 7324 2477 10381 12769 11894 5957 14668 3637 12616 5203 8410 11454 11304 11446 18189 7925 11526 3557 7457 8118 17826 4653 14352 8614 10237 9413 10087 2638 10424 14854 7560 5475 1363 10816 5728 13176 11532 9385 7341 10203 15276 17284 10107 6673 13796 6008 0 9512 14668 10933 10365 6599 9349 9073 4686 5710 11066 16091 11206 13060 1097 13033 13608 8119 11829 12808 3006 9972 7478 19138 13825 1949 15712 13946 16732 12225 3734 783 4233 6351 6410 8577 4558 11631 15592 19733 2598 19282
13712 7681 10301 13747 8219 12353 7116 10276 8085 2869 12030 7380 3149 5130 11930 10195 7231 4175 3835 7625 12449 3459 9764 1670 3217 3374 7706 8756 6602 11576 12334 11249 16658 8338 10095 4863 11552 9330 10286 1720 11890 9039 5364 13252 14357 10448 5387 5751 9899 5918 7690 15863 10151 9475 7842 6634 7260 4316 3633 9512 0 6064 7151 853 10295 4796 13385 10768 5637 9396 6659 4382 13217 8445 9410 4097 4347 9213 3378 11169 11761 9180 9655 5884 9678 11348 10730 11728 4216 10024 8871 12581 14920 14359 4762 6170 12022 13541 10222 7291 9772
12549 6939 15770 18409 13136 12983 12828 10678 2181 8812 8189 7204 6270 11158 17144 10544 4800 8224 8742 3061 16894 5910 15782 7730 7369 7732 12858 6820 8501 17262 16774 13554 20530 4789 13613 3360 17589 9608 11288 6983 16656 14674 3406 15990 18655 15293 4971 11797 8029 4667 13439 19787 15935 5443 3997 12118 9875 4565 9423 14668 6064 0 6573 5441 12904 10419 15353 14338 11679 14915 5594 3804 12698 13572 7481 3974 6909 8247 4971 16819 12751 11222 7038 1413 15276 7983 8553 7714 2475 13927 14169 16766 18960 18091 6711 10392 17740 11378 6848 12871 6312
6677 532 12428 13606 15283 6416 10468 4107 6761 9558 5903 669 9717 11178 13201 3974 2228 11228 6429 4666 11972 9732 14095 8233 10228 10451 14699 13055 3051 17959 11858 7332 14858 11306 8185 8825 16902 3035 4754 8864 12130 15609 9158 9830 13448 11025 1961 10885 2838 1933 14185 14188 16439 4428 10526 13479 4485 9406 8177 10933 7151 6573 0 7335 6906 11654 8916 8862 10754 16075 11377 3401 6440 9972 2438 8808 3541 2089 9067 13740 6186 5097 13469 5174 12260 4944 3703 5835 4784 8798 10743 11592 13499 12434 2922 6446 18335 6404 13398 10208 12862
13976 7866 11146 14594 8307 12829 7947 10691 7528 3373 11890 7633 2539 5721 12782 10602 7153 3895 4656 7271 13286 2759 10504 2354 2893 3130 7863 7919 7119 11959 13171 11904 17473 7490 10859 4017 12151 9709 10777 1717 12739 9390 4517 13966 15191 11297 5473 6477 10000 5921 8088 16679 10575 9257 7003 6904 7891 3474 4471 10365 853 5441 7335 0 10972 5108 14023 11542 6369 9701 5826 4299 13559 9298 9490 3244 4848 9421 2563 11999 12273 9778 8808 5422 10516 11268 10808 11557 3846 10819 9723 13405 15741 15159 5190 6961 12419 13666 9368 8134 8919
7893 6850 8199 7370 16511 4247 8201 4297 13553 11122 11697 6257 13443 11370 8029 4399 9132 14158 6870 11541 5772 13726 11507 10240 13339 13378 15740 18484 4406 17262 5679 1053 7965 17258 2039 14138 14890 4699 3210 11720 6399 15559 14587 3106 6839 5889 7975 10184 8029 8447 14243 7322 15786 11142 16538 14323 3156 14187 8480 6599 10295 12904 6906 10972 0 12887 3195 2413 10090 16168 16503 9125 6572 6202 8117 13739 6370 6696 13451 9550 3397 1815 19157 11632 8504 10644 8596 11861 10584 2987 6917 5143 6708 5566 6333 4640 17477 9509 19363 7656 18841
17923 12170 9359 13775 3739 15918 6257 14132 12566 2098 16812 11757 4654 2065 11276 14082 11999 3238 6172 12370 12921 5201 6990 3425 3473 3124 3069 10416 10310 6859 12827 13935 17414 11096 11950 8073 7559 13335 13865 3445 11986 4283 8477 15384 14809 10639 10059 3670 14476 10649 3023 16623 5518 14271 10886 1845 10402 6899 4410 9349 4796 10419 11654 5108 12887 0 16078 12467 3664 4604 8542 9168 17223 8569 14023 7135 8345 13629 5958 9656 15196 12328 11529 10527 8531 16100 15331 16519 8942 11499 8568 13363 15629 15458 8908 8248 7328 18042 12465 6754 12157
7221 8692 10550 8331 19687 3510 11150 5148 15671 14316 12506 8250 16527 14527 9884 5292 11079 17319 10057 13540 7033 16781 14216 13415 16480 16533 18911 21318 7099 20228 6984 2163 7256 19913 4529 16956 17634 6049 4214 14862 8040 18639 17381 2005 7270 8049 10389 13288 9101 10717 17352 6871 18782 12639 19164 17492 6132 17123 11673 9073 13385 15353 8916 14023 3195 16078 0 4387 13200 19258 19395 11697 5819 8934 9371 16638 9274 7984 16445 11805 3092 4294 21918 14000 11021 11508 9408 12792 13190 5366 9553 6183 6675 5371 9121 7831 20412 9324 22027 10581 21496
10267 8897 6179 4978 15890 6526 6955 6696 15253 10966 13998 8254 13857 10702 5727 6793 11043 14249 7000 13361 3364 14219 9845 10334 13544 13516 15090 19354 6000 15972 3269 2963 6192 18394 725 15096 13265 7012 5619 11957 4017 14545 15574 3020 4595 3712 9592 9307 10315 10165 13330 5454 14563 13233 17720 13676 4529 14942 8211 4686 10768 14338 8862 11542 2413 12467 4387 0 9237 15177 17301 10540 8918 4613 10352 14571 7478 8957 14099 7467 5704 4012 20128 13169 6634 12942 10929 14130 11911 1032 5185 2790 4673 3757 7627 4611 16129 11921 20465 6370 19959
16264 11205 5716 10117 6686 13661 2609 12232 13626 3356 16484 10646 7266 1615 7623 12216 11763 6513 4357 12838 9318 7811 4135 4015 6316 6076 5877 13402 8585 7433 9229 11138 13813 13593 8815 10222 6223 11639 11721 5344 8344 5480 10699 12238 11183 7027 9638 132 13545 10347 4154 13027 5903 14279 13215 4482 8189 9316 2604 5710 5637 11679 10754 6369 10090 3664 13200 9237 0 6081 11373 9245 15342 5005 13189 9333 7213 12448 8288 6139 12861 9940 14456 11336 4903 15617 14412 16298 9610 8224 4927 9811 12034 11946 7833 5621 7743 16826 15248 3137 14867
22086 16576 10378 15031 2651 19693 8237 18139 17083 6604 21386 16109 8822 5019 12223 18109 16566 6976 10077 16969 14647 9310 6618 7942 7634 7260 2347 13683 14376 2457 14581 17214 19015 14905 14815 12279 4932 17450 17713 8010 13505 642 12619 18197 16338 12425 14580 5985 18912 15197 1960 18277 1742 18870 14845 2805 14174 11003 8176 11066 9396 14915 16075 9701 16168 4604 19258 15177 6081 0 12143 13753 21259 10676 18483 11363 12634 17974 10187 10038 18908 15986 14820 15106 9544 20649 19775 21105 13542 14148 10332 15297 17311 17474 13230 11680 2970 22402 15907 8824 15699
17838 11844 16719 20391 9762 17637 13440 15350 7326 8019 13775 11902 4108 10175 18453 15233 10089 5354 10482 8655 19108 3566 15331 7710 5139 5450 9810 2101 12300 14599 18993 17358 23291 2815 16604 2551 16060 14282 15713 6096 18530 12134 2268 19572 21015 17086 9458 11449 13373 9486 11273 22499 13591 11038 2980 9665 13352 2363 10092 16091 6659 5594 11377 5826 16503 8542 19395 17301 11373 12143 0 8007 17793 15049 12816 2764 10144 13327 3291 17416 17234 15101 3087 6807 16016 13572 13988 13292 6596 16618 15410 19230 21565 20960 10276 12761 15113 16871 3926 13720 3620
10030 3898 12452 14723 12572 9649 9794 7350 4943 7161 7648 3896 6470 9205 13660 7231 2860 8139 5502 3634 13175 6422 13119 5839 7136 7406 12082 9762 4719 15869 13055 9817 16731 8216 9816 5463 15445 6279 7782 5978 13015 13370 5826 12222 14899 11697 1453 9375 5796 1663 11990 15992 14405 5139 7468 11010 6072 6005 6701 11206 4382 3804 3401 4299 9125 9168 11697 10540 9245 13753 8007 0 9841 10126 5264 5408 3178 5438 5703 13611 9292 7485 10267 2674 12061 6980 6568 7352 1496 10156 10791 13007 15175 14290 2916 6760 16296 9465 10330 9722 9799
1409 5954 14683 13692 20958 2445 14071 3120 12239 15169 7344 5990 16035 16242 14601 3153 7900 17388 11188 10084 12185 16100 17641 13947 16411 16589 20283 19399 6919 22773 12106 5997 13075 17486 8611 15242 20904 3908 3721 14924 12936 20710 15553 7712 12854 12453 8396 15460 4820 8307 19301 12671 21245 8395 16694 18943 7168 15845 13087 13060 13217 12698 6440 13559 6572 17223 5819 8918 15342 21259 17793 9841 0 12494 5318 15248 8961 4479 15478 16053 3219 5664 19724 11291 14893 6500 4648 7748 11199 9556 13264 11442 12394 11095 8471 9825 23067 3565 19523 13605 18991
13684 10245 2456 5392 11663 10353 2466 9650 15059 7548 15814 9568 11127 6596 3573 9691 11753 10972 4861 13610 4360 11598 5315 7395 10488 10355 10850 17149 7002 11364 4263 7142 8847 16747 4411 13275 8719 9470 8797 9081 3533 10037 13777 7608 6269 2110 9773 5043 12302 10494 8902 8054 9969 14277 16199 9474 5831 12742 4993 1097 8445 13572 9972 9298 6202 8569 8934 4613 5005 10676 15049 10126 12494 0 12132 12541 7061 10971 11761 3793 9495 6845 18086 12738 2425 14803 13091 15793 11131 3590 797 4808 7061 6943 7536 3544 11516 14862 18665 1889 18210
5068 1993 14581 15275 17607 6219 12818 4226 6924 11933 3716 2616 11734 13609 15187 4083 2727 13372 8855 4766 13634 11675 16467 10598 12367 12619 17047 14273 5133 20391 13526 8252 16004 12247 9744 10299 19323 3458 5241 11099 13951 18026 10548 10688 14923 12970 4027 13320 557 3601 16604 15404 18872 3292 11454 15857 6385 11092 10615 13033 9410 7481 2438 9490 8117 14023 9371 10352 13189 18483 12816 5264 5318 12132 0 10465 5978 1431 10919 15923 6322 6353 14516 6102 14481 2680 1320 3788 6358 10488 12919 13141 14824 13657 5359 8672 20770 4202 14253 12526 13723
15395 9299 14366 17822 9352 14961 11136 12692 6098 6042 11936 9292 2542 8379 16022 12580 7779 4436 7844 6813 16488 2065 13431 5408 3740 4113 9170 4784 9549 13785 16371 14595 20604 4286 13869 938 14646 11635 13006 4015 15971 11210 1375 16810 18380 14531 6857 9427 11018 6980 10112 19816 12574 9159 3884 8635 10588 637 7685 13608 4097 3974 8808 3244 13739 7135 16638 14571 9333 11363 2764 5408 15248 12541 10465 0 7381 10824 1183 15175 14528 12345 5598 4803 13714 11573 11703 11499 4111 13913 12964 16570 18894 18252 7524 10066 14282 14618 6125 11352 5678
9586 4002 9453 11546 12054 8007 7103 5952 8100 6258 9334 3484 7387 7680 10546 5879 4812 8508 2911 6550 10002 7579 10659 4998 7563 7703 11414 12114 2271 14449 9883 7214 13661 10954 6754 7769 13377 5053 5942 6013 9842 12144 8223 9460 11747 8538 2735 7345 6350 3470 10717 12906 12923 7379 10261 10127 3214 7852 4638 8119 4347 6909 3541 4848 6370 8345 9274 7478 7213 12634 10144 3178 8961 7061 5978 7381 0 5342 7181 10681 7428 4987 12795 5851 9147 8429 7219 9195 4450 7021 7767 9857 12061 11234 619 3605 14816 9769 13045 6920 12529
4597 1562 13404 13899 17293 4956 11844 2839 7995 11531 5050 1872 11805 13017 13915 2694 3475 13311 8092 5813 12261 11814 15513 10223 12312 12531 16688 14920 4051 19772 12155 6822 14573 13034 8364 10779 18483 2026 3821 10931 12620 17486 11080 9262 13515 11688 4028 12577 1373 3849 16058 13974 18242 4655 12243 15436 5156 11432 9931 11829 9213 8247 2089 9421 6696 13629 7984 8957 12448 17974 13327 5438 4479 10971 1431 10824 5342 0 11133 14762 4971 4948 15257 6835 13357 3996 2120 5174 6742 9134 11766 11747 13401 12228 4745 7598 20128 4428 15090 11510 14555
15728 9580 13477 17100 8219 15004 10214 12782 7137 4957 12686 9489 1365 7261 15185 12679 8306 3292 7212 7635 15823 939 12353 4464 2558 2932 8010 5391 9423 12605 15708 14355 20033 5310 13412 2118 13484 11749 12997 2944 15239 10028 2523 16478 17733 13795 7108 8376 11463 7347 8929 19239 11391 9922 4987 7452 10330 1029 6820 12808 3378 4971 9067 2563 13451 5958 16445 14099 8288 10187 3291 5703 15478 11761 10919 1183 7181 11133 0 14226 14513 12166 6333 5611 12794 12247 12195 12274 4607 13382 12135 15959 18298 17722 7418 9523 13102 15111 7005 10468 6598
17302 14028 1379 5178 11799 13794 4053 13333 18477 9431 19601 13353 13323 7616 2359 13385 15451 12649 8134 17183 5318 13853 3442 9773 12435 12208 11020 19476 10792 9877 5299 10354 9230 19459 7553 16005 6479 13222 12418 11322 4090 9421 16501 10113 6621 3760 13415 6090 16095 14148 8725 8562 8796 17997 19001 9865 9615 15250 7539 3006 11169 16819 13740 11999 9550 9656 11805 7467 6139 10038 17416 13611 16053 3793 15923 15175 10681 14762 14226 0 12939 10483 20503 16132 1551 18593 16882 19570 14456 6606 3005 6158 7671 8189 11199 7294 9864 18591 21230 3948 20819
4593 5876 11582 10487 18918 858 11287 2151 12843 13242 9419 5547 14812 13949 11405 2295 8237 15887 9024 10678 8967 14982 14747 12149 14967 15083 18191 19050 5161 20220 8888 2779 10160 17443 5429 14719 18084 3169 1522 13385 9721 18326 15105 4718 9701 9284 7887 12969 6026 8086 16952 9680 18711 9608 16672 16801 4795 15067 10857 9972 11761 12751 6186 12273 3397 15196 3092 5704 12861 18908 17234 9292 3219 9495 6322 14528 7428 4971 14513 12939 0 2922 19551 11358 11851 8417 6316 9701 10777 6380 10241 8234 9311 8031 7106 7240 20475 6458 19547 10780 19012
6840 5034 9105 8973 16037 3725 8444 2865 11779 10416 9986 4445 12302 11034 9263 2931 7324 13215 6160 9744 7342 12532 11982 9386 12335 12418 15300 17031 2814 17312 7239 2334 9781 15681 3446 12670 15270 3009 1952 10727 7800 15403 13100 4787 8570 7043 6260 10049 6304 6690 14030 9133 15800 9333 14945 13903 1958 12831 7960 7478 9180 11222 5097 9778 1815 12328 4294 4012 9940 15986 15101 7485 5664 6845 6353 12345 4987 4948 12166 10483 2922 0 17649 9917 9258 8931 6925 10122 8968 4284 7625 6801 8499 7377 4829 4321 17575 8159 17794 7960 17266
19583 13883 19797 23402 12303 19866 16522 17555 8082 11103 14745 14059 7192 13231 21518 17428 11834 8298 13440 9920 22083 6653 18388 10783 8189 8483 12473 1138 14836 17252 21967 19953 26194 2307 19419 5037 18974 16478 18046 9182 21546 14881 4573 22254 23978 20103 11665 14530 15063 11536 14136 25408 16359 12181 3086 12506 16004 5345 13153 19138 9655 7038 13469 8808 19157 11529 21918 20128 14456 14820 3087 10267 19724 18086 14516 5598 12795 15257 6333 20503 19551 17649 0 8435 19099 14756 15557 14222 8776 19497 18469 22167 24490 23831 12838 15658 17767 18324 1208 16794 1332
11168 5530 15018 17397 13527 11577 12219 9275 2346 8739 7134 5813 6786 11007 16290 9140 3400 8704 7999 2025 15848 6519 15365 7537 7773 8115 13171 8172 7250 17381 15729 12244 19353 6199 12447 4392 17409 8207 9905 7095 15684 14810 4552 14699 17564 14357 3659 11460 6654 3288 13509 18623 15993 4357 5409 12302 8664 5434 8929 13825 5884 1413 5174 5422 11632 10527 14000 13169 11336 15106 6807 2674 11291 12738 6102 4803 5851 6835 5611 16132 11358 9917 8435 0 14582 6811 7212 6697 1729 12817 13378 15671 17821 16909 5572 9423 17842 10072 8262 12203 7726
16099 12564 856 5507 11024 12709 2581 12073 16926 8089 18140 11893 11944 6466 2784 12115 13930 11393 6583 15637 5168 12464 3322 8331 11109 10903 10223 18090 9350 9764 5115 9387 9472 17994 6590 14530 6704 11891 11208 9921 3982 8907 15027 9483 6795 3123 11882 4877 14673 12616 8018 8738 8516 16482 17519 8970 8237 13814 6045 1949 9678 15276 12260 10516 8504 8531 11021 6634 4903 9544 16016 12061 14893 2425 14481 13714 9147 13357 12794 1551 11851 9258 19099 14582 0 17141 15475 18095 12907 5679 1635 5901 7780 8055 9674 5819 9832 17286 19796 2411 19376
5668 4586 17255 17893 19552 8107 15412 6505 6699 14048 1055 5249 13254 15899 17865 6374 4120 15042 11339 4925 16255 13095 19039 12708 14048 14341 19053 14718 7801 22665 16149 10663 18413 12449 12357 11202 21804 5946 7594 12958 16608 20230 11343 13015 17480 15646 6079 15749 2628 5453 18824 17850 21165 2577 11679 17946 9065 12209 13018 15712 11348 7983 4944 11268 10644 16100 11508 12942 15617 20649 13572 6980 6500 14803 2680 11573 8429 3996 12247 18593 8417 8931 14756 6811 17141 0 2106 1287 7671 13128 15588 15732 17323 16120 7815 11325 23066 3768 14279 15143 13775
4106 3218 15524 15898 18924 6037 13925 4407 7750 13239 3134 3772 13036 14880 16011 4279 3926 14688 10063 5673 14267 12965 17589 11906 13682 13937 18360 15372 6152 21658 14163 8573 16316 13267 10369 11495 20509 3918 5502 12420 14678 19312 11720 10910 15434 13782 5348 14543 869 4907 17888 15760 20136 3762 12477 17163 7274 12334 11855 13946 10730 8553 3703 10808 8596 15331 9408 10929 14412 19775 13988 6568 4648 13091 1320 11703 7219 2120 12195 16882 6316 6925 15557 7212 15475 2106 0 3386 7611 11174 13886 13713 15249 14035 6603 9705 22031 2918 15227 13605 14703
6846 5550 18249 19061 19864 9395 16263 7768 6147 14508 540 6230 13369 16469 18936 7635 4568 15221 12099 4694 17421 13159 19852 13177 14244 14556 19407 14278 8807 23195 17313 11914 19670 11928 13529 11034 22514 7164 8850 13269 17733 20715 11119 14283 18688 16728 6666 16430 3833 5976 19326 19098 21714 2353 11181 18360 10133 12128 13695 16732 11728 7714 5835 11557 11861 16519 12792 14130 16298 21105 13292 7352 7748 15793 3788 11499 9195 5174 12274 19570 9701 10122 14222 6697 18095 1287 3386 0 7809 14275 16570 16920 18555 17362 8595 12279 23611 4799 13657 16026 13171
11293 5248 13369 15934 12102 11115 10515 8810 4057 7084 8182 5328 5585 9315 14698 8687 3702 7412 6336 3427 14421 5430 13636 5848 6435 6751 11693 8293 6185 15773 14301 11297 18101 6722 11186 4044 15700 7734 9271 5556 14183 13218 4376 13687 16189 12825 2899 9734 6910 2894 11891 17351 14361 5473 5978 10748 7496 4735 7203 12225 4216 2475 4784 3846 10584 8942 13190 11911 9610 13542 6596 1496 11199 11131 6358 4111 4450 6742 4607 14456 10777 8968 8776 1729 12907 7671 7611 7809 0 11471 11747 14303 16511 15667 4298 7918 16225 10529 8836 10517 8305
10866 8895 5281 4813 14889 7225 5923 7105 14972 10055 14181 8229 13071 9705 5053 7186 10921 13377 6209 13160 3175 13454 8850 9487 12703 12658 14086 18689 5816 14944 3062 3748 6703 17832 953 14482 12269 7275 6076 11134 3517 13515 14967 4051 4752 2905 9322 8291 10505 9940 12306 5927 13532 13217 17179 12675 4335 14256 7298 3734 10024 13927 8798 10819 2987 11499 5366 1032 8224 14148 16618 10156 9556 3590 10488 13913 7021 9134 13382 6606 6380 4284 19497 12817 5679 13128 11174 14275 11471 0 4187 2858 5049 4342 7245 3859 15104 12391 19881 5339 19383
14465 11025 1693 5222 11485 11099 2318 10439 15709 7731 16597 10349 11427 6541 3059 10481 12494 11139 5429 14308 4414 11916 4663 7712 10719 10562 10671 17506 7787 10871 4331 7830 8899 17203 5059 13727 8082 10267 9575 9378 3419 9691 14228 8132 6258 2128 10492 4944 13094 11218 8627 8121 9519 15027 16677 9327 6628 13132 5319 783 8871 14169 10743 9723 6917 8568 9553 5185 4927 10332 15410 10791 13264 797 12919 12964 7767 11766 12135 3005 10241 7625 18469 13378 1635 15588 13886 16570 11747 4187 0 4984 7130 7157 8260 4302 10996 15657 19086 1822 18642
12826 11653 5177 2253 16448 9002 7239 9439 17830 12202 16787 11000 15525 11403 3927 9543 13744 15610 8749 16009 884 15946 9209 11838 15031 14942 15634 21319 8651 15663 872 5461 4118 20577 3416 17185 12527 9797 8346 13524 2074 14655 17676 4251 1894 2871 12179 9846 13105 12791 13611 3317 14389 15989 19943 14270 7167 16873 9505 4233 12581 16766 11592 13405 5143 13363 6183 2790 9811 15297 19230 13007 11442 4808 13141 16570 9857 11747 15959 6158 8234 6801 22167 15671 5901 15732 13713 16920 14303 2858 4984 0 2347 2177 10099 6529 15732 14598 22603 6681 22113
13803 13501 6971 2571 18609 9970 9434 10863 19924 14528 18372 12876 17871 13640 5312 10983 15698 17941 11086 18031 2718 18291 10979 14183 17373 17280 17797 23651 10673 17476 2806 6698 1788 22867 5386 19494 14150 11391 9757 15870 3806 16671 19983 4696 1067 5009 14262 12060 14722 14838 15704 994 16284 17824 22222 16457 9201 19206 11844 6351 14920 18960 13499 15741 6708 15629 6675 4673 12034 17311 21565 15175 12394 7061 14824 18894 12061 13401 18298 7671 9311 8499 24490 17821 7780 17323 15249 18555 16511 5049 7130 2347 0 1304 12258 8835 17498 15769 24906 8897 24412
12505 12406 7304 3423 18602 8677 9393 9636 18959 14208 17165 11798 17383 13526 5868 9760 14649 17589 10533 17018 2900 17777 11345 13750 16963 16896 17789 23030 9696 17818 2943 5465 2445 22133 4482 18809 14625 10208 8534 15419 4125 16832 19291 3392 2042 5049 13306 11986 13533 13853 15784 1756 16557 16708 21467 16417 8248 18598 11475 6410 14359 18091 12434 15159 5566 15458 5371 3757 11946 17474 20960 14290 11095 6943 13657 18252 11234 12228 17722 8189 8031 7377 23831 16909 8055 16120 14035 17362 15667 4342 7157 2177 1304 0 11381 8201 17876 14486 24196 8828 23693
9048 3385 9951 11862 12604 7641 7683 5516 7761 6815 8726 2880 7723 8288 10979 5434 4258 8937 3524 6110 10293 7877 11257 5533 7975 8134 11975 12203 2025 15061 10173 7116 13819 10927 6902 7843 13994 4572 5599 6458 10196 12746 8278 9438 11993 8927 2239 7964 5734 2959 11319 13077 13536 6819 10213 10702 3206 8026 5257 8577 4762 6711 2922 5190 6333 8908 9121 7627 7833 13230 10276 2916 8471 7536 5359 7524 619 4745 7418 11199 7106 4829 12838 5572 9674 7815 6603 8595 4298 7245 8260 10099 12258 11381 0 4028 15430 9172 13031 7481 12509
10850 6745 5992 8022 11881 8045 4320 6762 11698 6523 12321 6076 9246 6776 6952 6767 8213 9695 2392 10134 6543 9612 7979 5761 8954 8944 11118 14836 3554 12999 6423 5689 10538 14049 3962 10660 11123 6339 6144 7356 6268 11092 11150 7279 8378 4937 6266 5729 8886 6977 9730 9751 11483 10733 13422 9704 2679 10398 3842 4558 6170 10392 6446 6961 4640 8248 7831 4611 5621 11680 12761 6760 9825 3544 8672 10066 3605 7598 9523 7294 7240 4321 15658 9423 5819 11325 9705 12279 7918 3859 4302 6529 8835 8201 4028 0 13271 11721 16075 3932 15585
24006 18813 10574 15040 5495 21297 9280 19965 19893 9160 23858 18293 11741 7170 12207 19952 19046 9928 12057 19645 14979 12242 6533 10461 10544 10170 5308 16632 16324 515 14934 18491 19093 17874 15886 15206 3535 19382 19413 10773 13767 3077 15558 19117 16464 12928 16991 7621 21163 17648 4335 18413 1901 21435 17808 5654 15900 13943 10197 11631 12022 17740 18335 12419 17477 7328 20412 16129 7743 2970 15113 16296 23067 11516 20770 14282 14816 20128 13102 9864 20475 17575 17767 17842 9832 23066 22031 23611 16225 15104 10996 15732 17498 17876 15430 13271 0 24533 18864 9839 18663
2295 5880 17212 16847 21686 5836 16035 5297 10358 15944 4300 6296 15935 17439 17415 5228 6839 17557 12479 8403 15273 15875 19700 14627 16552 16796 21095 18194 8286 24184 15183 9160 16559 16021 11489 14393 22776 5405 6319 15246 15885 21912 14605 11141 16142 15201 8194 16953 3672 7802 20485 16115 22652 6220 15237 19856 9094 15250 14339 15592 13541 11378 6404 13666 9509 18042 9324 11921 16826 22402 16871 9465 3565 14862 4202 14618 9769 4428 15111 18591 6458 8159 18324 10072 17286 3768 2918 4799 10529 12391 15657 14598 15769 14486 9172 11721 24533 0 17922 15649 17408
19297 13781 20468 23927 13420 19814 17215 17504 7580 11894 14189 14014 7998 14091 22144 17372 11626 9260 13932 9554 22563 7444 19243 11465 9062 9376 13560 2269 14993 18349 22446 20117 26585 2114 19748 5424 19965 16429 18061 9923 22081 15945 4929 22469 24438 20645 11676 15329 14788 11473 15151 25807 17417 11723 2876 13530 16228 5982 13794 19733 10222 6848 13398 9368 19363 12465 22027 20465 15248 15907 3926 10330 19523 18665 14253 6125 13045 15090 7005 21230 19547 17794 1208 8262 19796 14279 15227 13657 8836 19881 19086 22603 24906 24196 13031 16075 18864 17922 0 17456 536
14702 10560 3014 7045 9775 11625 587 10612 14549 5935 16111 9911 9691 4744 4755 10631 11731 9331 4221 13326 6181 10194 4060 6011 8940 8769 8962 15808 7459 9648 6092 8659 10677 15622 6065 12152 7311 10257 9885 7648 5235 8188 12651 9389 8056 3892 9642 3167 12772 10380 7023 9890 8209 14297 15132 7591 6572 11479 3667 2598 7291 12871 10208 8134 7656 6754 10581 6370 3137 8824 13720 9722 13605 1889 12526 11352 6920 11510 10468 3948 10780 7960 16794 12203 2411 15143 13605 16026 10517 5339 1822 6681 8897 8828 7481 3932 9839 15649 17456 0 17025
18771 13245 20039 23456 13246 19277 16795 16968 7076 11516 13701 13477 7638 13740 21700 16836 11093 8974 13459 9033 22082 7081 18885 11048 8728 9051 13356 2210 14466 18148 21965 19590 26086 1585 19241 4948 19680 15893 17526 9530 21613 15717 4449 21946 23953 20179 11142 14950 14260 10936 14887 25309 17183 11215 2340 13274 15708 5570 13360 19282 9772 6312 12862 8919 18841 12157 21496 19959 14867 15699 3620 9799 18991 18210 13723 5678 12529 14555 6598 20819 19012 17266 1332 7726 19376 13775 14703 13171 8305 19383 18642 22113 24412 23693 12509 15585 18663 17408 536 17025 0
1 8 6 2
2 4 6 4
3 5 8 4
4 7 8 0
5 7 7 3
6 4 8 3
7 5 8 2
8 8 5 7
9 8 9 7
10 4 1 3
11 3 4 9
12 1 5 5
13 5 5 5
14 2 4 5
15 7 5 4
16 5 5 5
17 4 8 5
18 4 5 4
19 3 3 3
20 11 5 2
21 6 4 2
22 1 8 2
23 7 4 3
24 10 4 1
25 8 4 7
26 3 7 4
27 5 7 3
28 11 6 3
29 3 4 4
30 7 4 6
31 9 6 1
32 4 9 5
33 7 7 3
34 7 3 3
35 7 8 2
36 6 8 4
37 3 8 5
38 6 4 4
39 3 7 3
40 5 9 6
41 8 7 7
42 4 7 4
43 3 5 3
44 8 9 4
45 3 3 2
46 4 8 6
47 5 7 0
48 4 7 5
49 11 13 4
50 9 5 4
51 4 7 5
52 7 4 3
53 10 8 5
54 4 6 3
55 7 4 4
56 4 9 3
57 1 7 4
58 6 5 6
59 8 10 2
60 8 4 6
61 10 4 4
62 3 6 1
63 6 5 5
64 4 4 3
65 16 6 1
66 3 5 5
67 7 5 2
68 9 7 3
69 8 8 2
70 9 6 8
71 1 3 8
72 7 6 7
73 3 9 4
74 10 3 5
75 7 6 4
76 7 5 5
77 6 4 2
78 6 8 6
79 5 5 2
80 9 3 5
81 11 6 3
82 8 4 4
83 8 7 7
84 6 2 4
85 5 5 4
86 12 1 6
87 5 10 2
88 10 4 6
89 5 8 4
90 1 9 4
91 9 5 4
92 8 8 6
93 5 6 2
94 6 7 4
95 7 5 6
96 5 8 5
97 3 3 1
98 12 4 2
99 6 5 7
100 6 7 7
