900 100 3
30 60 700 9.00
0 13 45 1
0 11 63 2
0 6 3 3
0 14 5 2
0 4 8 1
0 22 47 3
0 18 33 3
0 10 40 2
0 2 20 2
0 10 97 2
0 1 43 2
0 1 10 1
0 12 19 3
0 2 96 2
0 2 11 3
0 6 23 3
0 6 74 3
0 6 49 2
0 18 96 3
0 2 40 1
0 6 45 2
0 1 38 2
0 13 15 3
0 8 50 3
0 7 74 3
0 5 47 2
0 4 15 1
0 4 90 3
0 2 5 3
0 4 90 1
0 23 51 1
0 22 4 1
0 8 40 3
0 10 19 2
0 6 97 1
0 23 60 3
0 18 30 2
0 23 52 2
0 7 19 3
0 14 30 2
0 5 44 1
0 10 52 3
0 14 9 2
0 1 63 2
0 7 94 2
0 2 14 2
0 1 45 1
0 2 65 3
0 3 18 3
0 7 92 1
0 3 56 3
0 3 1 2
0 7 28 3
0 2 33 2
0 6 90 3
0 13 69 1
0 12 59 3
0 9 36 1
0 6 83 3
0 1 98 1
0 12 11 3
0 11 11 3
0 11 88 1
0 15 39 2
0 4 62 1
0 3 26 3
0 5 53 2
0 2 68 2
0 22 4 3
0 21 11 3
0 17 3 1
0 10 58 2
0 24 30 3
0 9 57 2
0 8 56 1
0 4 32 1
0 4 32 1
0 21 100 2
0 2 98 3
0 3 28 2
0 8 9 3
0 3 89 3
0 20 40 1
0 6 98 2
0 16 53 3
0 1 62 1
0 5 82 2
0 22 81 3
0 22 75 1
0 18 89 1
0 5 50 2
0 24 73 2
0 12 63 3
0 2 67 3
0 12 86 3
0 7 64 2
0 1 59 2
0 9 45 2
0 2 95 3
0 5 46 2
0 2 7 3
0 8 67 1
0 13 9 1
0 3 24 1
0 6 34 3
0 6 75 3
0 4 77 3
0 11 61 1
0 4 98 1
0 1 68 1
0 5 16 3
0 14 6 2
0 9 98 2
0 7 16 1
0 7 8 2
0 7 15 2
0 19 93 3
0 10 35 1
0 3 57 2
0 17 60 1
0 6 18 2
0 5 44 3
0 2 35 3
0 10 19 2
0 18 53 1
0 2 94 2
0 7 26 2
0 3 41 3
0 1 4 3
0 4 81 1
0 2 91 3
0 15 94 3
0 7 31 1
0 20 61 2
0 9 68 3
0 2 32 1
0 2 89 1
0 21 46 2
0 16 98 3
0 6 91 3
0 4 37 2
0 3 18 1
0 1 35 3
0 4 35 2
0 14 41 2
0 3 44 1
0 2 88 3
0 10 44 3
0 1 60 2
0 2 71 1
0 19 2 3
0 4 63 1
0 15 58 2
0 2 37 3
0 10 31 3
0 1 91 1
0 11 76 1
0 23 77 2
0 2 86 2
0 11 5 2
0 15 14 1
0 4 48 2
0 5 63 1
0 5 9 2
0 3 60 1
0 2 62 3
0 10 88 3
0 16 41 2
0 1 59 2
0 18 16 2
0 2 97 3
0 5 43 3
0 9 16 2
0 4 37 1
0 1 71 1
0 5 14 2
0 3 35 3
0 7 57 2
0 8 57 2
0 5 30 1
0 3 6 2
0 3 93 2
0 6 38 2
0 2 50 2
0 1 63 2
0 1 5 3
0 1 71 3
0 8 4 1
0 7 39 2
0 4 74 2
0 7 44 1
0 20 76 2
0 6 56 1
0 8 15 1
0 9 51 1
0 5 84 1
0 4 9 3
0 25 37 1
0 3 73 1
0 15 55 1
0 1 31 2
0 1 18 1
0 12 26 2
0 2 78 1
0 6 61 3
0 6 8 1
0 10 93 2
0 4 92 3
0 10 100 3
0 9 99 2
0 6 97 3
0 20 97 2
0 20 7 1
0 4 66 3
0 2 78 3
0 1 36 3
0 1 64 2
0 4 75 1
0 15 43 3
0 6 58 2
0 12 16 2
0 1 52 1
0 1 78 1
0 3 91 3
0 13 90 2
0 13 17 2
0 2 84 3
0 8 84 1
0 15 21 2
0 3 2 2
0 17 82 1
0 1 52 3
0 1 41 2
0 19 85 2
0 6 77 3
0 4 58 1
0 17 4 3
0 14 47 1
0 14 26 1
0 5 98 3
0 21 32 3
0 5 30 3
0 2 69 1
0 11 25 3
0 16 38 1
0 9 46 1
0 7 82 3
0 9 66 1
0 8 99 3
0 8 1 3
0 10 98 3
0 7 98 3
0 14 89 2
0 14 86 2
0 1 30 2
0 19 97 3
0 8 93 1
0 12 28 3
0 19 71 1
0 5 17 2
0 2 8 3
0 3 12 1
0 1 70 3
0 14 7 2
0 20 4 3
0 7 64 2
0 21 64 2
0 9 92 1
0 12 95 2
0 5 18 3
0 18 31 1
0 1 43 3
0 12 38 1
0 4 55 1
0 18 100 3
0 2 66 3
0 3 95 2
0 5 57 3
0 5 78 3
0 2 42 2
0 9 75 1
0 18 24 2
0 3 89 3
0 3 78 3
0 9 12 3
0 2 97 3
0 1 21 3
0 24 10 3
0 11 70 3
0 3 21 2
0 2 44 3
0 11 30 3
0 1 55 3
0 11 31 1
0 2 76 3
0 2 90 1
0 4 51 1
0 13 17 2
0 25 84 1
0 15 65 3
0 2 34 2
0 4 94 2
0 17 39 1
0 3 41 1
0 7 3 2
0 11 23 1
0 3 44 3
0 9 55 3
0 9 11 2
0 1 34 3
0 20 56 3
0 13 23 3
0 10 3 3
0 7 45 1
0 19 12 2
0 10 49 1
0 13 3 1
0 7 94 1
0 6 34 1
0 8 4 2
0 4 14 2
0 5 34 2
0 8 9 2
0 12 56 1
0 1 45 1
0 10 26 1
0 1 67 1
0 5 68 2
0 6 10 1
0 6 88 1
0 5 71 1
0 10 25 2
0 8 54 3
0 11 68 1
0 13 16 1
0 5 34 1
0 9 70 2
0 9 24 1
0 1 15 2
0 1 50 1
0 12 91 2
0 4 35 2
0 4 88 1
0 17 47 2
0 11 76 3
0 1 43 2
0 14 65 3
0 5 84 1
0 8 60 3
0 21 71 3
0 2 71 2
0 3 68 1
0 1 44 1
0 2 24 3
0 8 96 2
0 5 74 2
0 9 58 2
0 1 76 3
0 3 18 3
0 20 71 1
0 19 57 2
0 4 45 1
0 1 59 1
0 3 16 2
0 8 12 2
0 1 97 2
0 11 46 2
0 19 97 2
0 7 37 3
0 1 99 2
0 7 71 3
0 7 26 2
0 4 14 1
0 2 71 1
0 25 66 3
0 12 68 3
0 5 53 1
0 25 5 2
0 15 1 1
0 23 7 2
0 5 74 2
0 16 49 2
0 4 72 2
0 12 86 3
0 25 4 1
0 4 14 1
0 25 79 2
0 17 61 2
0 2 91 2
0 20 20 1
0 2 23 3
0 6 83 3
0 23 95 2
0 7 63 1
0 4 81 2
0 5 99 3
0 15 95 1
0 8 16 1
0 1 60 1
0 4 41 1
0 4 69 3
0 1 8 2
0 10 1 3
0 4 69 1
0 3 15 1
0 4 23 1
0 24 26 3
0 9 18 3
0 11 84 1
0 2 89 2
0 6 57 1
0 5 84 1
0 12 96 3
0 6 69 1
0 24 45 1
0 20 52 3
0 15 71 2
0 2 43 1
0 4 94 2
0 17 33 2
0 1 86 2
0 10 8 3
0 1 14 2
0 8 31 3
0 20 52 3
0 21 76 3
0 2 32 2
0 1 48 3
0 2 35 2
0 10 69 1
0 10 60 1
0 6 26 2
0 14 84 3
0 12 85 2
0 1 82 3
0 5 86 1
0 3 75 1
0 3 12 3
0 3 94 3
0 1 42 3
0 3 91 1
0 1 34 3
0 7 60 1
0 10 30 3
0 2 100 3
0 3 49 3
0 2 51 2
0 3 89 1
0 3 26 3
0 18 24 3
0 1 90 2
0 1 10 2
0 9 16 2
0 8 55 2
0 9 94 2
0 6 37 2
0 12 77 1
0 16 52 1
0 23 23 2
0 25 100 1
0 9 31 2
0 7 65 2
0 7 65 3
0 4 47 3
0 9 17 1
0 2 59 3
0 4 19 1
0 4 87 2
0 9 38 1
0 8 53 3
0 2 76 2
0 9 38 1
0 15 16 2
0 5 4 3
0 2 32 1
0 4 37 1
0 2 46 1
0 3 77 3
0 5 2 2
0 18 28 3
0 2 83 1
0 23 63 2
0 6 65 1
0 12 5 2
0 1 13 2
0 2 25 3
0 2 20 3
0 5 83 2
0 15 38 3
0 13 78 3
0 2 86 1
0 15 43 2
0 12 98 2
0 10 39 2
0 9 70 3
0 11 65 2
0 17 43 1
0 17 6 1
0 5 56 1
0 16 35 1
0 8 71 2
0 7 43 2
0 8 13 2
0 19 89 3
0 4 51 1
0 12 92 3
0 9 55 3
0 23 86 3
0 8 22 1
0 7 15 3
0 2 33 1
0 20 5 2
0 3 16 2
0 17 30 3
0 12 30 2
0 18 91 1
0 9 61 3
0 9 13 1
0 18 79 2
0 5 15 2
0 15 86 1
0 16 29 1
0 7 56 2
0 16 21 3
0 3 13 3
0 4 31 2
0 11 8 1
0 1 94 2
0 25 9 2
0 9 73 2
0 3 84 2
0 2 72 2
0 3 45 1
0 8 45 3
0 10 90 3
0 23 68 3
0 6 69 1
0 21 97 2
0 9 20 2
0 11 43 1
0 2 67 1
0 4 46 2
0 2 87 3
0 4 25 2
0 1 8 2
0 18 61 3
0 8 18 1
0 5 71 1
0 13 36 2
0 2 49 2
0 11 64 3
0 5 87 2
0 14 62 1
0 2 37 2
0 7 77 2
0 8 64 1
0 8 61 3
0 4 6 3
0 12 43 3
0 14 78 3
0 21 64 2
0 4 87 1
0 5 39 3
0 5 50 3
0 8 69 2
0 5 74 1
0 8 54 2
0 1 12 1
0 9 24 2
0 1 23 2
0 1 32 2
0 8 23 2
0 6 12 3
0 6 2 2
0 9 96 1
0 19 29 3
0 19 73 1
0 2 9 3
0 2 66 2
0 5 10 1
0 4 89 2
0 1 11 1
0 12 58 3
0 1 63 3
0 11 85 3
0 3 79 3
0 8 43 1
0 14 49 2
0 8 38 3
0 2 60 3
0 19 65 1
0 1 5 2
0 11 54 2
0 2 73 2
0 5 44 3
0 6 25 1
0 3 6 1
0 12 11 2
0 3 95 1
0 10 25 1
0 8 96 2
0 3 4 2
0 4 37 2
0 11 40 3
0 8 80 2
0 11 92 2
0 2 39 2
0 13 71 3
0 5 53 1
0 5 25 2
0 4 18 2
0 15 24 3
0 7 36 2
0 13 74 1
0 5 95 3
0 12 74 3
0 8 25 1
0 23 46 1
0 4 37 3
0 3 73 2
0 24 97 2
0 2 66 1
0 21 71 2
0 2 11 3
0 1 76 1
0 14 57 1
0 6 65 2
0 12 37 3
0 14 3 2
0 4 67 1
0 11 78 2
0 10 22 2
0 6 72 3
0 18 11 3
0 2 19 1
0 23 27 1
0 9 43 3
0 2 16 3
0 22 55 2
0 16 43 1
0 12 10 3
0 7 58 3
0 2 33 3
0 8 98 3
0 11 67 3
0 4 4 1
0 2 90 3
0 2 71 2
0 2 100 2
0 7 46 2
0 7 75 2
0 4 93 1
0 9 76 3
0 1 35 3
0 1 49 2
0 6 89 3
0 6 32 1
0 8 36 1
0 2 27 1
0 20 26 2
0 13 49 1
0 12 15 3
0 8 69 1
0 4 18 3
0 21 82 2
0 11 19 1
0 19 63 2
0 4 31 2
0 5 97 1
0 5 76 3
0 6 69 1
0 18 90 2
0 12 88 2
0 3 59 1
0 10 4 2
0 7 72 1
0 15 65 2
0 9 99 3
0 21 13 3
0 3 82 2
0 5 21 1
0 1 90 2
0 7 82 1
0 6 31 2
0 9 31 3
0 8 44 3
0 1 10 3
0 5 8 1
0 3 75 2
0 5 27 3
0 24 34 1
0 10 7 2
0 1 4 2
0 1 96 1
0 8 58 3
0 2 69 1
0 2 86 2
0 4 6 2
0 12 80 2
0 2 89 1
0 1 53 3
0 10 90 3
0 13 83 3
0 11 10 1
0 12 35 3
0 14 10 1
0 5 26 1
0 10 68 3
0 10 11 2
0 21 81 2
0 18 80 1
0 17 37 1
0 2 50 3
0 9 82 1
0 17 87 1
0 5 15 3
0 1 58 2
0 4 2 2
0 9 58 1
0 5 72 1
0 6 79 2
0 19 43 1
0 20 8 1
0 4 15 3
0 2 98 2
0 16 51 3
0 2 2 1
0 1 72 2
0 20 56 1
0 2 39 2
0 20 44 3
0 23 48 2
0 7 16 3
0 15 83 2
0 13 89 1
0 16 62 3
0 25 100 2
0 15 7 3
0 7 38 1
0 13 92 1
0 4 4 2
0 8 19 1
0 16 36 1
0 21 76 3
0 9 50 3
0 8 3 3
0 10 50 1
0 1 86 3
0 13 10 3
0 14 48 3
0 24 93 1
0 15 67 3
0 6 33 1
0 9 98 1
0 21 79 1
0 5 87 1
0 9 3 2
0 7 63 1
0 1 17 1
0 1 13 3
0 24 42 2
0 6 73 3
0 6 48 2
0 23 84 3
0 11 90 2
0 11 22 2
0 9 11 1
0 11 75 1
0 8 43 2
0 21 92 1
0 9 26 2
0 1 100 1
0 18 69 2
0 9 2 3
0 8 86 1
0 10 48 1
0 23 9 3
0 1 48 3
0 4 24 3
0 3 57 1
0 11 11 1
0 4 27 3
0 5 84 1
0 9 49 1
0 7 20 2
0 12 34 2
0 10 26 3
0 7 100 2
0 2 95 2
0 10 44 1
0 6 40 1
0 7 26 2
0 12 46 2
0 7 7 2
0 1 29 2
0 8 5 1
0 2 64 2
0 2 31 3
0 10 7 2
0 10 54 1
0 7 41 2
0 9 79 1
0 3 23 3
0 2 91 2
0 13 46 3
0 11 37 3
0 8 76 3
0 4 95 1
0 2 27 3
0 14 57 2
0 6 93 1
0 10 53 2
0 6 70 1
0 15 78 2
0 9 15 3
0 3 56 3
0 11 48 2
0 5 87 1
0 12 93 3
0 3 14 1
0 3 46 1
0 14 52 3
0 8 39 1
0 7 29 2
0 5 50 1
0 21 62 1
0 22 45 3
0 11 34 3
0 7 5 3
0 9 24 2
0 16 90 1
0 23 87 2
0 2 48 1
0 15 35 1
0 4 22 1
0 8 66 3
0 20 35 3
0 5 20 3
0 2 87 3
0 8 53 1
0 7 72 1
0 10 9 2
0 7 96 2
0 2 9 1
0 11 93 2
0 4 91 1
0 20 23 1
0 2 16 3
0 14 2 2
0 12 17 2
0 1 23 1
0 13 41 3
0 24 87 3
0 1 43 3
0 1 93 1
0 3 30 2
0 11 99 1
0 11 24 1
0 5 1 2
0 7 39 2
0 2 57 1
0 10 75 3
0 5 45 2
0 15 89 1
0 1 58 1
0 11 61 3
0 12 17 3
0 1 32 3
0 9 62 3
0 24 97 3
0 14 1 2
0 5 28 1
0 16 57 2
0 5 15 2
0 13 42 3
0 10 86 1
0 8 9 2
0 7 76 2
0 17 89 1
0 8 12 3
0 10 18 3
0 11 30 3
0 5 50 3
0 16 46 3
0 3 34 2
0 4 55 3
0 1 40 3
0 3 29 2
0 4 63 3
0 16 73 2
0 6 83 3
0 2 35 3
0 2 80 3
0 1 33 2
0 19 87 3
0 2 15 3
0 13 13 1
0 13 86 2
0 3 62 1
0 7 50 3
0 16383 10307 17040 5958 13841 6834 6049 6509 14912 7546 16380 17386 7642 8365 7952 974 12113 10846 6655 2428 7331 4637 14492 2569 14903 7815 2713 4611 4986 15475 15107 6169 11402 9134 7050 7467 15855 10776 6980 4936 14173 12252 6508 14829 11289 13460 12498 3834 12676 12195 13415 4617 7048 1710 9951 9147 11883 3436 4176 17044 7315 7779 17950 11058 6310 17198 11708 11526 9301 5344 2813 6153 10663 8954 7493 15114 7448 14318 10740 7297 10512 16053 15015 8919 14352 1550 11600 17264 5701 15270 6085 2502 11527 4094 13995 11994 5691 9086 6940 2749
16383 0 6076 3097 17073 13994 10759 10376 9988 1863 12799 12481 2662 9952 23731 18745 15760 10035 14565 15377 15209 9423 15083 17632 15994 11613 22925 14153 18378 17992 4112 2323 14780 5442 13646 12637 8920 15058 6941 16911 18804 12739 17709 13086 15533 10516 11271 4049 18366 15840 4395 6832 18802 10397 16529 8896 17774 4620 15123 19611 15565 11488 16548 17734 12252 14314 1087 4692 10666 9839 13258 19191 17286 16548 9286 23173 12674 10549 13028 6508 22688 11153 389 12522 7961 4305 17877 12655 16603 20156 9883 10305 18835 11355 13146 13847 4500 19266 17040 14102 14860
10307 6076 0 7130 11551 11432 5271 4316 3972 4684 7815 11572 7329 4649 17811 13462 9698 7383 10737 10101 9233 3649 9387 14481 10048 10185 17036 8124 12574 12241 6042 5057 9405 2018 9210 7472 2851 13121 3235 11609 12980 10634 13761 7771 13025 7321 9149 2352 12440 12403 2186 5746 12936 4905 10497 4928 12899 1761 9268 13622 14012 6374 11465 15918 8824 8976 6910 1445 7588 5548 7631 13115 11829 12287 4659 17196 11054 5259 10920 2565 16751 7564 5747 10895 2565 5013 11802 9342 14835 14305 9194 4235 12761 8191 7220 11388 1883 13507 12305 8935 8883
17040 3097 7130 0 16632 11940 12339 11028 10538 2739 12122 9901 697 11631 23683 18030 16564 8365 16978 14776 16274 10773 14901 15673 17108 9266 22828 14550 19690 17784 1946 5241 14292 5645 12554 12102 9851 12708 6499 16270 18677 10574 16139 12638 13381 9044 9226 4779 18419 14084 6258 5089 18741 11969 16873 11092 16770 5374 16378 19776 13063 13303 15743 15254 14743 13816 2374 6096 9119 11967 13086 19781 18931 15198 11260 23254 10326 10289 10845 6358 22688 13565 2957 10186 8143 2884 18439 11030 14138 20043 7411 11177 19373 9773 13358 11757 6198 19036 19121 13476 15105
5958 17073 11551 16632 0 9336 10706 7798 7857 15285 4556 12560 17164 11243 7332 2213 6685 9330 16175 1969 8043 10223 2298 8965 8450 11310 6429 4907 10481 1676 14752 16567 2340 11631 4962 4530 9370 11154 10240 1124 2623 10139 6523 4012 9890 8419 10002 13055 3213 7475 13735 11891 2917 10734 4260 13533 3217 12535 9080 4566 12317 11734 2101 12760 15829 2816 17592 12947 8533 13223 3922 6592 12096 5112 12541 7204 11143 6524 10182 10582 6484 14978 16692 11094 9183 13748 5821 7636 12277 3802 12335 8401 6105 8191 4802 9550 13432 2616 14915 3214 3992
13841 13994 11432 11940 9336 0 14500 10880 10431 12233 6363 3576 12630 14469 16263 9279 14096 4154 20893 7619 14909 13023 9340 3745 15653 2979 15362 11383 18299 11009 10122 14831 7833 9954 4724 6919 11452 2041 8273 8329 11956 1446 4894 7385 1606 4115 2733 11161 12455 2631 13053 7163 12251 14281 12529 15918 7288 11032 15709 13876 3216 15875 7353 4612 19534 7587 13919 12140 3844 16197 8586 15517 19082 4886 15260 16363 2205 7755 1253 8962 15589 18336 13635 2247 9243 9692 14431 2416 3649 13038 4818 11645 15008 3274 10135 256 12716 11832 21083 6943 11095
6834 10759 5271 12339 10706 14500 0 3678 4075 9741 8901 15665 12468 869 15164 12909 5941 11076 6394 10074 4891 1723 8447 16701 5532 14153 14557 5913 7656 10647 11310 8995 9309 7149 10770 8338 3237 16455 7637 11265 11051 14135 15215 8239 15949 10628 12855 7582 10152 14577 6367 10555 10853 370 7808 3119 13171 7019 4513 10901 17522 1379 11578 19106 5307 9065 11747 6270 10923 2563 7367 9480 6597 13540 2120 14322 14811 6782 14383 7176 14088 4312 10504 14666 5763 10264 8362 12110 18137 12151 13637 2889 9276 11321 5973 14541 6300 11749 7168 9388 6878
6049 10376 4316 11028 7798 10880 3678 0 566 8865 5263 12322 11350 3854 13557 9906 5536 7706 10049 6768 5383 2551 5511 13028 6241 10790 12809 3819 8970 8192 9551 9292 6002 5382 7109 4718 1625 12864 5036 8127 8840 10612 11610 4701 12299 7146 9425 6450 8204 10901 6353 7921 8754 3520 6186 5907 9835 5837 5736 9331 13959 5031 8263 15473 8931 5679 11161 5750 7437 5813 4030 8838 8868 9952 4984 12907 11353 3128 10846 4848 12489 7843 10036 11216 3039 8427 7512 8475 14527 10124 10541 790 8467 7768 3086 10935 6108 9429 10340 5897 4628
6509 9988 3972 10538 7857 10431 4075 566 0 8434 5000 11794 10877 4154 13843 9917 6038 7176 10467 6699 5935 2770 5597 12683 6793 10263 13076 4165 9529 8362 9030 9001 5943 4895 6803 4481 1527 12401 4480 8108 9054 10121 11352 4534 11874 6639 8909 6018 8475 10551 6073 7357 8991 3881 6541 6073 9728 5410 6301 9652 13484 5446 8176 15034 9260 5587 10745 5416 6932 6064 3998 9279 9430 9712 5197 13225 10846 2711 10360 4312 12782 8138 9641 10706 2493 7905 7945 8037 14074 10362 9985 1224 8894 7285 3276 10478 5809 9615 10860 5746 4912
14912 1863 4684 2739 15285 12233 9741 8865 8434 0 10965 10942 2739 8996 22045 16919 14348 8219 14239 13559 13917 8250 13342 15835 14730 9969 21224 12574 17228 16254 2779 2953 12978 3690 11784 10820 7516 13387 5100 15091 17087 11017 15858 11284 13791 8671 9525 2416 16695 14012 3531 5080 17102 9372 14942 8356 15919 3029 13931 17977 13959 10638 14708 16106 12012 12509 2337 3473 8828 9238 11511 17703 16336 14687 8552 21521 11018 8769 11310 4704 21013 10828 1476 10863 6258 2618 16374 10819 14972 18446 8321 8889 17326 9518 11501 12096 3497 17526 16411 12277 13234
7546 12799 7815 12122 4556 6363 8901 5263 5000 10965 0 8876 12676 9115 11826 5960 7743 4959 15177 2654 8557 7766 3369 7849 9292 7439 10934 5022 11942 5915 10223 12594 2249 7426 1899 590 6420 8400 5865 4156 6880 6629 6353 1038 7524 4054 6015 8886 6959 5760 9953 7335 7044 8772 6395 11061 5097 8435 9389 8430 9579 10211 3754 10723 14188 1793 13225 9077 4229 11058 2227 9514 12759 4715 10196 11579 7577 2580 6772 6308 10914 13106 12412 7483 5260 9245 8311 4058 9914 8207 8100 6047 9011 4076 3786 6496 9621 7091 14930 1356 4803
16380 12481 11572 9901 12560 3576 15665 12322 11794 10942 8876 0 10592 15439 19681 12750 16471 4617 21928 10705 17054 14020 12163 6819 17860 1535 18774 13749 20605 14203 8375 13816 10759 9723 7658 9337 12441 3100 8373 11634 15174 2431 8429 9903 4268 5241 2956 10579 15545 6188 12697 6125 15436 15385 15268 16433 10805 10651 17722 17003 3179 17029 10698 5368 20266 10424 12147 11869 4965 16905 11039 18369 21042 8438 15963 19711 1435 9408 2439 9015 18954 19017 12170 1468 9953 8334 17185 4960 4272 16338 2623 13004 17863 4858 12398 3320 12395 15133 22653 9793 13659
17386 2662 7329 697 17164 12630 12468 11350 10877 2739 12676 10592 0 11731 24166 18603 16879 9024 16889 15327 16534 10946 15389 16362 17360 9963 23318 14938 19903 18283 2587 4917 14825 5987 13163 12635 10108 13404 6975 16830 19165 11267 16803 13161 14076 9685 9914 4986 18877 14760 6257 5736 19219 12098 17277 11053 17377 5597 16597 20217 13756 13377 16324 15947 14624 14349 1796 6198 9768 11952 13567 20146 19064 15841 11284 23715 11022 10771 11539 6781 23161 13469 2598 10883 8530 3434 18807 11691 14832 20531 8107 11456 19747 10428 13774 12449 6235 19541 19138 14027 15521
7642 9952 4649 11631 11243 14469 869 3854 4154 8996 9115 15439 11731 0 15942 13431 6767 10893 6495 10485 5752 1448 8960 16836 6401 13945 15317 6545 8503 11282 10683 8147 9715 6596 10949 8572 3034 16389 7254 11740 11731 14020 15464 8533 15956 10510 12690 6906 10866 14703 5571 10125 11549 594 8543 2363 13580 6366 5381 11667 17428 1728 11991 19082 5108 9438 10953 5539 10804 1997 7748 10318 7352 13804 1344 15117 14651 6849 14278 6741 14864 3991 9707 14502 5486 9662 9179 12109 18086 12865 13320 3077 10102 11245 6458 14495 5525 12415 7665 9713 7507
8365 23731 17811 23683 7332 16263 15164 13557 13843 22045 11826 19681 24166 15942 0 7003 9313 16662 18734 9301 10650 15429 8783 14844 10419 18526 910 9758 10627 5932 21864 22841 9577 18356 12244 11700 15163 17854 17192 8096 5009 17252 12281 11120 16465 15751 17273 19687 5373 13988 19906 19131 4950 15351 7467 18282 9049 19112 11514 4288 18939 15676 8992 18870 19291 10037 24381 19255 15864 17660 10600 6138 13030 11488 17273 1097 18248 13396 17253 17417 1081 18837 23366 18217 15788 20811 6914 14859 18657 3646 19647 13877 6130 15507 10600 16500 19650 4738 16218 10517 8934
7952 18745 13462 18030 2213 9279 12909 9906 9917 16919 5960 12750 18603 13431 7003 0 8752 10213 18365 3385 10154 12374 4471 8023 10498 11681 6113 7117 12331 3049 16107 18413 4057 13338 5666 6115 11442 10852 11822 1855 3582 10333 5446 5716 9472 9338 10521 14789 4593 6992 15646 13099 3977 12929 6244 15704 2058 14304 11197 5586 11947 13946 2308 12010 18042 4493 19184 14820 9388 15416 5923 8061 14102 4488 14718 7211 11316 8278 10312 12241 6414 17188 18359 11297 11003 15168 7549 8075 11711 4148 12975 10542 7622 8915 6975 9520 15330 3075 17003 4644 6194
974 15760 9698 16564 6685 14096 5941 5536 6038 14348 7743 16471 16879 6767 9313 8752 0 12092 9895 7169 1471 6559 5120 14977 1769 14970 8779 2731 4204 5846 15063 14396 6611 10918 9437 7210 6846 16127 10427 7654 5865 14333 12818 6713 15163 11304 13527 11943 4779 13094 11508 13160 5559 6173 2540 9049 9825 11326 2501 5147 17311 6363 8394 18320 10084 6689 16607 11070 11555 8373 5516 3566 5431 11193 8061 8420 15248 7312 14494 10333 8250 9545 15440 15141 8506 13938 2428 11794 17588 6669 15216 5464 3335 11614 4074 14236 11324 6620 8251 7295 3088
12113 10035 7383 8365 9330 4154 11076 7706 7176 8219 4959 4617 9024 10893 16662 10213 12092 0 17388 7361 12555 9459 8316 7626 13381 3088 15758 9418 16148 10817 6438 10711 7151 5810 4547 5271 7871 5738 4168 8659 11793 3251 7782 5882 5758 913 1806 7010 11918 5810 8910 3298 11980 10806 11202 12067 8659 6880 13172 13389 6649 12447 7918 8538 15822 6724 10091 8003 826 12456 6876 14349 16465 6865 11510 16485 3764 4858 3537 4856 15794 14589 9662 3613 5439 5795 13088 2669 7452 13090 3175 8388 13857 1415 8037 4070 8576 11934 18036 6177 9479
10846 14565 10737 16978 16175 20893 6394 10049 10467 14239 15177 21928 16889 6495 18734 18365 9895 17388 0 15974 8424 7932 14104 23020 8408 20438 18367 11299 8473 15654 16469 12310 15240 12754 17068 14598 9521 22842 13667 16943 15756 20500 21390 14419 22340 16989 19183 12664 14674 20909 10759 16447 15454 6617 12390 5943 19010 12244 7414 14892 23899 5022 17436 25500 2357 15079 15651 11147 17284 5194 13413 12597 6064 19700 6082 17710 21144 13169 20754 13103 17745 3421 14449 20996 11975 15577 12001 18503 24528 16533 19760 9268 12647 17703 11846 20932 10881 16509 3504 15492 12184
6655 15377 10101 14776 1969 7619 10074 6768 6699 13559 2654 10705 15327 10485 9301 3385 7169 7361 15974 0 8339 9303 2050 7837 8907 9409 8398 4802 11264 3520 12877 15031 770 9959 3054 2740 8223 9529 8471 1535 4500 8304 5660 2335 8359 6450 8074 11407 4853 6073 12280 9964 4739 10036 5115 12662 3098 10920 9320 6301 10712 11245 1506 11386 15346 1129 15840 11445 6565 12481 2745 7941 12560 4024 11712 9152 9305 4894 8371 8869 8444 14386 14992 9245 7623 11898 6944 5752 10788 5749 10378 7470 7434 6237 4146 7817 11962 4577 15138 1300 4112
2428 15209 9233 16274 8043 14909 4891 5383 5935 13917 8557 17054 16534 5752 10650 10154 1471 12555 8424 8339 0 5817 6299 16059 859 15531 10160 3614 3626 7294 14894 13681 7719 10668 10350 7991 6427 16950 10414 8964 7336 15021 13997 7561 16068 11826 14098 11552 6250 14109 10865 13264 7030 5174 3994 7927 11125 10938 1045 6562 18122 5096 9645 19254 8668 7730 16112 10531 12093 7178 6364 4679 4247 12343 6977 9716 15897 7699 15203 10225 9602 8190 14910 15781 8423 13775 3738 12549 18470 8128 15605 5104 4555 12231 4775 15030 10718 8090 6874 8300 4232
7331 9423 3649 10773 10223 13023 1723 2551 2770 8250 7766 14020 10946 1448 15429 12374 6559 9459 7932 9303 5817 0 7925 15429 6580 12519 14749 5768 8984 10433 9655 7871 8535 5456 9571 7239 1590 14941 5919 10628 10974 12575 14120 7249 14513 9064 11252 5994 10199 13295 5053 8832 10832 1393 7963 3360 12379 5410 5704 11143 15981 3029 10803 17635 6535 8224 10360 4793 9359 3295 6559 10112 8184 12475 2437 14672 13213 5432 12832 5453 14349 5384 9138 13065 4079 8591 8880 10666 16639 12182 11943 1837 9833 9797 5425 13048 4923 11620 8890 8448 6699
4637 15083 9387 14901 2298 9340 8447 5511 5597 13342 3369 12163 15389 8960 8783 4471 5120 8316 14104 2050 6299 7925 0 9868 6857 10765 7929 2823 9237 2912 13084 14434 1538 9655 4619 3066 7098 11318 8414 2851 3777 9837 7708 2453 10232 7417 9357 11038 3642 8040 11562 10426 3852 8460 3193 11240 4918 10490 7291 5097 12509 9521 3375 13326 13628 1758 15671 10806 7597 10946 1831 6215 10511 6074 10250 8402 10817 4618 9945 8668 7799 12740 14708 10736 7128 12028 5091 7237 12670 5143 11467 6104 5707 7428 2507 9514 11269 4185 13124 2403 2067
14492 17632 14481 15673 8965 3745 16701 13028 12683 15835 7849 6819 16362 16836 14844 8023 14977 7626 23020 7837 16059 15429 9868 0 16687 6646 13997 12449 19100 10561 13835 18314 8366 13247 5953 8434 13945 3859 11501 7841 11371 5165 2580 8681 2552 7317 6448 14557 12159 2135 16301 10812 11735 16545 12930 18579 6011 14350 16988 13411 4576 18035 6881 4028 21943 8329 17610 15374 7103 18711 9806 15552 20305 3870 17805 15185 5707 9998 4927 12173 14381 20813 17265 5801 12071 13347 14694 5174 3964 12154 8528 13818 15060 6427 11447 3948 15957 11020 22692 7772 11892
2569 15994 10048 17108 8450 15653 5532 6241 6793 14730 9292 17860 17360 6401 10419 10498 1769 13381 8408 8907 859 6580 6857 16687 0 16342 9992 4292 2777 7553 15743 14420 8324 11512 11052 8735 7258 17691 11273 9423 7485 15802 14565 8281 16779 12641 14905 12375 6367 14771 11633 14122 7152 5838 4259 8488 11593 11763 1131 6484 18868 5568 10156 19955 8883 8370 16909 11327 12905 7690 7079 4323 3665 12929 7571 9441 16688 8530 15979 11080 9396 8518 15700 16574 9280 14625 3593 13309 19192 8150 16444 5948 4289 13026 5526 15780 11497 8238 6518 8959 4801
14903 11613 10185 9266 11310 2979 14153 10790 10263 9969 7439 1535 9963 13945 18526 11681 14970 3088 20438 9409 15531 12519 10765 6646 16342 0 17617 12255 19091 12925 7572 12763 9403 8399 6357 7877 10936 3456 6960 10437 13904 1543 7820 8455 4186 3710 1444 9358 14215 5555 11433 4969 14148 13878 13833 15003 9815 9375 16191 15681 4008 15520 9538 6137 18812 9045 11395 10576 3438 15447 9570 16951 19509 7549 14503 18500 1064 7876 1733 7619 17759 17568 11279 921 8465 7354 15747 3676 5003 15108 1901 11476 16447 3378 10896 2742 11119 13909 21123 8425 12195
7815 22925 17036 22828 6429 15362 14557 12809 13076 21224 10934 18774 23318 15317 910 6113 8779 15758 18367 8398 10160 14749 7929 13997 9992 17617 0 9033 10427 5056 21000 22078 8685 17534 11335 10819 14423 16966 16343 7186 4153 16345 11427 10242 15582 14848 16363 18878 4605 13103 19147 18248 4123 14729 6792 17668 8164 18307 11064 3658 18057 15127 8083 18021 18825 9148 23560 18480 14959 17076 9752 5799 12786 10601 16654 1367 17341 12546 16347 16581 730 18324 22557 17310 14972 19952 6428 13950 17789 2786 18739 13158 5720 14599 9818 15598 18886 3843 15976 9619 8181
2713 14153 8124 14550 4907 11383 5913 3819 4165 12574 5022 13749 14938 6545 9758 7117 2731 9418 11299 4802 3614 5768 2823 12449 4292 12255 9033 0 6921 4739 12912 13109 4138 8961 6760 4482 5409 13417 8173 5646 5212 11602 10433 3999 12488 8609 10811 10164 4446 10496 10170 10735 5064 5993 2376 8898 7741 9562 4547 5513 14599 6852 6194 15663 10932 4121 14895 9564 8853 8470 2797 5263 7860 8763 7882 9088 12519 4739 11764 8201 8685 10118 13803 12413 6410 11796 3921 9067 14903 6417 12566 4125 4832 8892 1384 11518 9927 5877 10338 4686 966
4611 18378 12574 19690 10481 18299 7656 8970 9529 17228 11942 20605 19903 8503 10627 12331 4204 16148 8473 11264 3626 8984 9237 19100 2777 19091 10427 6921 0 9285 18399 16650 10758 14151 13639 11402 9864 20331 14005 11542 8953 18510 16857 10915 19363 15398 17652 14923 7832 17262 13985 16876 8571 8006 6241 10270 13695 14319 3312 7425 21514 7265 12374 22511 9633 10868 19337 13776 15659 9362 9715 4740 2456 15274 9481 9550 19411 11302 18678 13783 9738 9625 18106 19301 12002 17288 4804 15987 21790 9245 19219 8613 5001 15759 8225 18437 13885 9665 5610 11484 7263
4986 17992 12241 17784 1676 11009 10647 8192 8362 16254 5915 14203 18283 11282 5932 3049 5846 10817 15654 3520 7294 10433 2912 10561 7553 12925 5056 4739 9285 0 15947 17296 3674 12567 6568 5769 9813 12830 11311 2757 982 11789 8066 5188 11561 9904 11593 13945 1612 9136 14401 13200 1242 10733 3306 13630 4650 13393 8337 2894 13992 11526 3754 14403 15550 4122 18583 13671 10039 13208 4743 5082 11107 6737 12616 5670 12792 7520 11839 11578 5000 14805 17618 12738 10033 14905 4501 9261 13940 2294 13880 8682 4620 9744 5107 11221 14117 1274 14071 4640 3775
15475 4112 6042 1946 14752 10122 11310 9551 9030 2779 10223 8375 2587 10683 21864 16107 15063 6438 16469 12877 14894 9655 13084 13835 15743 7572 21000 12912 18399 15947 0 5727 12413 4252 10611 10228 8542 11027 4756 14361 16855 8793 14219 10778 11606 7102 7392 3826 16643 12191 5765 3150 16934 10945 15195 10526 14827 4322 15093 18024 11481 12400 13816 13659 14342 11938 3825 5327 7181 11321 11286 18170 17834 13257 10522 21468 8636 8499 9073 4736 20882 13113 3816 8489 6561 1125 16827 9107 12531 18219 5791 9798 17745 7841 11669 9951 5602 17189 18314 11578 13408
15107 2323 5057 5241 16567 14831 8995 9292 9001 2953 12594 13816 4917 8147 22841 18413 14396 10711 12310 15031 13681 7871 14434 18314 14420 12763 22078 13109 16650 17296 5727 0 14367 5247 13726 12331 7711 16130 6982 16558 18035 13702 18065 12697 16419 11017 12182 3816 17476 16384 2939 7802 17986 8650 15467 6792 17680 4176 13473 18622 16770 9555 16328 18888 9980 13922 3398 3628 11216 7755 12658 17915 15375 16750 7308 22198 13794 10137 13998 6391 21776 8914 2320 13636 7410 5493 16639 13183 17756 19356 11194 9060 17600 11899 12267 14716 3192 18564 14907 13812 13907
6169 14780 9405 14292 2340 7833 9309 6002 5943 12978 2249 10759 14825 9715 9577 4057 6611 7151 15240 770 7719 8535 1538 8366 8324 9403 8685 4138 10758 3674 12413 14367 0 9346 3135 2190 7468 9797 7914 2205 4646 8396 6294 1695 8696 6238 8025 10784 4819 6507 11589 9574 4830 9268 4723 11894 3866 10282 8680 6291 10987 10487 2276 11788 14586 476 15276 10767 6384 11712 1976 7687 11957 4627 10942 9344 9387 4249 8488 8277 8670 13620 14397 9315 6958 11408 6607 5804 11134 5962 10243 6701 7178 6130 3399 8014 11274 4842 14473 985 3526
11402 5442 2018 5645 11631 9954 7149 5382 4895 3690 7426 9723 5987 6596 18356 13338 10918 5810 12754 9959 10668 5456 9655 13247 11512 8399 17534 8961 14151 12567 4252 5247 9346 0 8480 7222 4290 11503 1759 11494 13397 9011 12843 7652 11560 5938 7491 1462 13013 11248 3100 3760 13412 6792 11313 6923 12479 1106 10843 14309 12320 8324 11180 14308 10825 8882 6026 2199 6171 7565 7826 14159 13608 11505 6676 17844 9327 5108 9304 1145 17327 9564 5063 9166 2579 3155 12820 8075 13201 14756 7268 5565 13761 6830 7837 9879 2767 13839 14261 8698 9579
9134 13646 9210 12554 4962 4724 10770 7109 6803 11784 1899 7658 13163 10949 12244 5666 9437 4547 17068 3054 10350 9571 4619 5953 11052 6357 11335 6760 13639 6568 10611 13726 3135 8480 0 2486 8157 6723 6775 4162 7547 5271 4608 2802 5729 3676 5041 9928 7888 3861 11264 7522 7793 10628 7805 12816 4216 9555 11217 9346 7913 12092 3373 8905 16040 2864 13939 10354 3722 12866 3988 10818 14578 3077 11985 12164 6268 4202 5355 7335 11435 14938 13258 6202 6655 9753 9710 2699 8152 8764 7407 7898 10309 3280 5611 4895 10922 7572 16812 2219 6395
7050 12637 7472 12102 4530 6919 8338 4718 4481 10820 590 9337 12635 8572 11700 6115 7210 5271 14598 2740 7991 7239 3066 8434 8735 7877 10819 4482 11402 5769 10228 12331 2190 7222 2486 0 5931 8959 5738 4274 6714 7131 6892 613 8103 4384 6441 8674 6701 6348 9633 7431 6847 8217 5970 10553 5433 8197 8812 8162 10134 9640 4002 11304 13632 1714 13106 8774 4584 10525 1707 9108 12184 5236 9674 11401 8065 2215 7286 6129 10760 12560 12252 7965 4944 9219 7878 4586 10487 8061 8438 5498 8610 4500 3217 7046 9307 6984 14341 1481 4322
7467 8920 2851 9851 9370 11452 3237 1625 1527 7516 6420 12441 10108 3034 15163 11442 6846 7871 9521 8223 6427 1590 7098 13945 7258 10936 14423 5409 9864 9813 8542 7711 7468 4290 8157 5931 0 13359 4454 9635 10465 10986 12746 6030 12955 7476 9663 5130 9820 11810 4774 7397 10378 2945 7757 4659 11239 4515 6554 10921 14394 4590 9695 16063 8085 7107 9761 4241 7770 4777 5525 10278 9377 11131 3861 14494 11624 3965 11244 4064 14092 6904 8596 11476 2529 7439 8975 9110 15060 11748 10403 1384 9936 8216 4707 11473 4548 11053 10364 7245 6244
15855 15058 13121 12708 11154 2041 16455 12864 12401 13387 8400 3100 13404 16389 17854 10852 16127 5738 22842 9529 16950 14941 11318 3859 17691 3456 16966 13417 20331 12830 11027 16130 9797 11503 6723 8959 13359 0 9903 10102 13754 2494 5880 9418 1441 5910 4014 12600 14322 3871 14594 8333 14068 16225 14511 17742 8806 12543 17750 15717 1191 17833 9108 2805 21421 9575 14850 13702 5621 18069 10620 17461 21122 6366 17126 18032 2391 9749 2203 10590 17244 20209 14719 2539 11065 10780 16404 4440 1718 14770 5301 13620 16953 5144 12175 1940 14267 13572 23104 8934 13112
10776 6941 3235 6499 10240 8273 7637 5036 4480 5100 5865 8373 6975 7254 17192 11822 10427 4168 13667 8471 10414 5919 8414 11501 11273 6960 16343 8173 14005 11311 4756 6982 7914 1759 6775 5738 4454 9903 0 9999 12190 7411 11090 6228 9876 4209 5917 3167 11921 9492 4806 2947 12246 7312 10441 8061 10845 2865 10755 13285 10779 8936 9609 12706 11911 7440 7369 3883 4453 8562 6592 13435 13770 9774 7628 16755 7819 3796 7700 690 16191 10657 6553 7660 2013 3656 12093 6327 11614 13556 6094 5456 13003 5098 6915 8212 4465 12572 14799 7183 8653
6980 16911 11609 16270 1124 8329 11265 8127 8108 15091 4156 11634 16830 11740 8096 1855 7654 8659 16943 1535 8964 10628 2851 7841 9423 10437 7186 5646 11542 2757 14361 16558 2205 11494 4162 4274 9635 10102 9999 0 3654 9204 5403 3862 8814 7760 9178 12942 4328 6380 13792 11404 3980 11260 5302 13975 2171 12453 9989 5649 11255 12365 999 11650 16474 2637 17367 12965 7844 13734 4111 7716 13083 3992 13004 8077 10206 6424 9228 10403 7325 15569 16525 10166 9148 13398 6926 6766 11185 4715 11568 8791 7228 7439 5294 8551 13476 3508 15836 2817 4798
4936 18804 12980 18677 2623 11956 11051 8840 9054 17087 6880 15174 19165 11731 5009 3582 5865 11793 15756 4500 7336 10974 3777 11371 7485 13904 4153 5212 8953 982 16855 18035 4646 13397 7547 6714 10465 13754 12190 3654 0 12757 8842 6124 12467 10880 12574 14755 1133 10024 15121 14142 398 11165 3383 14092 5391 14192 8364 2043 14910 11841 4652 15260 15797 5088 19421 14418 11018 13614 5600 4500 10923 7589 13074 4699 13761 8394 12803 12432 4047 15116 18433 13709 10844 15803 4158 10237 14829 1366 14861 9274 4083 10725 5778 12171 14847 755 13970 5617 4277
14173 12739 10634 10574 10139 1446 14135 10612 10121 11017 6629 2431 11267 14020 17252 10333 14333 3251 20500 8304 15021 12575 9837 5165 15802 1543 16345 11602 18510 11789 8793 13702 8396 9011 5271 7131 10986 2494 7411 9204 12757 0 6282 7666 2812 3511 1530 10125 13154 4015 12104 5938 13025 13888 12982 15295 8411 10055 15754 14605 3418 15513 8267 5299 19012 8085 12610 11210 3216 15651 8837 16052 19111 6086 14706 17281 1004 7549 297 8098 16524 17789 12388 966 8632 8437 14899 2600 4203 13911 3373 11346 15544 2851 10286 1221 11775 12705 20928 7445 11432
12252 17709 13761 16139 6523 4894 15215 11610 11352 15858 6353 8429 16803 15464 12281 5446 12818 7782 21390 5660 13997 14120 7708 2580 14565 7820 11427 10433 16857 8066 14219 18065 6294 12843 4608 6892 12746 5880 11090 5403 8842 6282 0 6986 4439 7199 7151 14250 9675 2268 15756 11079 9213 15105 10629 17401 3456 13942 14970 10885 6830 16494 4496 6594 20518 6362 17845 14834 7071 17411 7985 13109 18219 1691 16548 12607 7097 8806 6135 11710 11803 19453 17328 7141 11227 13551 12322 5113 6410 9584 9550 12390 12626 6393 9592 5148 15412 8462 20766 5902 9772
6508 13086 7771 12638 4012 7385 8239 4701 4534 11284 1038 9903 13161 8533 11120 5716 6713 5882 14419 2335 7561 7249 2453 8681 8281 8455 10242 3999 10915 5188 10778 12697 1695 7652 2802 613 6030 9418 6228 3862 6124 7666 6986 0 8506 4992 7024 9092 6091 6634 9948 8018 6249 8144 5380 10593 5220 8595 8417 7550 10600 9508 3714 11696 13546 1231 13585 9110 5187 10509 1203 8511 11781 5303 9684 10805 8612 2563 7810 6582 10170 12506 12702 8517 5288 9755 7292 5095 10912 7477 9046 5459 8012 5082 2809 7523 9628 6416 14026 1215 3766
14829 15533 13025 13381 9890 1606 15949 12299 11874 13791 7524 4268 14076 15956 16465 9472 15163 5758 22340 8359 16068 14513 10232 2552 16779 4186 15582 12488 19363 11561 11606 16419 8696 11560 5729 8103 12955 1441 9876 8814 12467 2812 4439 8506 0 5704 4266 12763 13085 2481 14659 8712 12793 15744 13418 17464 7418 12637 16912 14455 2475 17319 7816 3205 21040 8520 15420 13745 5438 17718 9705 16298 20282 4986 16784 16670 3195 9173 2537 10565 15878 19853 15179 3302 10801 11229 15287 3847 2438 13441 6087 13075 15792 4845 11306 1703 14322 12250 22400 7889 12107
11289 10516 7321 9044 8419 4115 10628 7146 6639 8671 4054 5241 9685 10510 15751 9338 11304 913 16989 6450 11826 9064 7417 7317 12641 3710 14848 8609 15398 9904 7102 11017 6238 5938 3676 4384 7476 5910 4209 7760 10880 3511 7199 4992 5704 0 2295 7242 11011 5372 9015 3956 11068 10378 10335 11837 7835 7037 12482 12483 6920 12006 7037 8667 15516 5813 10651 8092 295 12160 6014 13480 15802 6156 11217 15572 4208 4169 3768 4891 14882 14300 10136 4070 5157 6365 12229 2167 7623 12177 4055 7862 12985 892 7235 4087 8673 11022 17483 5264 8629
13460 11271 9149 9226 10002 2733 12855 9425 8909 9525 6015 2956 9914 12690 17273 10521 13527 1806 19183 8074 14098 11252 9357 6448 14905 1444 16363 10811 17652 11593 7392 12182 8025 7491 5041 6441 9663 4014 5917 9178 12574 1530 7151 7024 4266 2295 0 8594 12843 4956 10580 4446 12805 12592 12404 13869 8741 8528 14769 14314 4863 14229 8315 6818 17627 7653 11186 9689 2014 14261 8131 15528 18095 6610 13316 17205 1962 6463 1826 6600 16476 16394 10914 1813 7244 6966 14316 2447 5711 13804 2488 10129 15026 1942 9453 2576 10253 12613 19765 7042 10757
12498 4049 2352 4779 13055 11161 7582 6450 6018 2416 8886 10579 4986 6906 19687 14789 11943 7010 12664 11407 11552 5994 11038 14557 12375 9358 18878 10164 14923 13945 3826 3816 10784 1462 9928 8674 5130 12600 3167 12942 14755 10125 14250 9092 12763 7242 8594 0 14326 12595 2164 4459 14755 7212 12536 6725 13940 617 11614 15588 13343 8609 12639 15394 10581 10323 4731 1523 7455 7499 9216 15287 14163 12940 6695 19142 10340 6538 10421 2599 18648 9338 3679 10180 3913 2920 13958 9402 14273 16108 8020 6492 14910 8131 9114 11067 1909 15219 14503 10152 10839
3834 18366 12440 18419 3213 12455 10152 8204 8475 16695 6959 15545 18877 10866 5373 4593 4779 11918 14674 4853 6250 10199 3642 12159 6367 14215 4605 4446 7832 1612 16643 17476 4819 13013 7888 6701 9820 14322 11921 4328 1133 13154 9675 6091 13085 11011 12843 14326 0 10685 14544 14055 784 10290 2369 13229 6262 13746 7269 1473 15494 10875 5314 15973 14781 5210 19032 13884 11175 12707 5368 3479 9790 8319 12210 4838 14153 8145 13224 12104 4322 14138 18003 14090 10438 15567 3031 10585 15482 1999 15044 8567 3030 10947 5228 12658 14284 1878 12842 5803 3577
12676 15840 12403 14084 7475 2631 14577 10901 10551 14012 5760 6188 14760 14703 13988 6992 13094 5810 20909 6073 14109 13295 8040 2135 14771 5555 13103 10496 17262 9136 12191 16384 6507 11248 3861 6348 11810 3871 9492 6380 10024 4015 2268 6634 2481 5372 4956 12595 10685 0 14270 9087 10359 14417 11184 16446 4940 12353 15011 12029 4956 15915 5382 5318 19811 6406 15896 13342 5190 16575 7790 13967 18353 2505 15670 14189 4836 7863 3867 10151 13397 18678 15464 4875 9964 11602 13014 3205 4805 10970 7308 11691 13465 4500 9429 2886 13925 9784 20660 5813 10008
12195 4395 2186 6258 13735 13053 6367 6353 6073 3531 9953 12697 6257 5571 19906 15646 11508 8910 10759 12280 10865 5053 11562 16301 11633 11433 19147 10170 13985 14401 5765 2939 11589 3100 11264 9633 4774 14594 4806 13792 15121 12104 15756 9948 14659 9015 10580 2164 14544 14270 0 6596 15064 6004 12528 4841 15048 2059 10739 15684 15389 7157 13633 17398 8587 11158 5382 928 9256 5709 9814 15006 12920 14334 5027 19259 12388 7419 12398 4129 18840 7371 4138 12227 4694 4998 13721 11128 16287 16435 10161 6130 14682 9904 9346 12979 345 15664 12882 11103 10972
13415 6832 5746 5089 11891 7163 10555 7921 7357 5080 7335 6125 5736 10125 19131 13099 13160 3298 16447 9964 13264 8832 10426 10812 14122 4969 18248 10735 16876 13200 3150 7802 9574 3760 7522 7431 7397 8333 2947 11404 14142 5938 11079 8018 8712 3956 4446 4459 14055 9087 6596 0 14262 10221 12871 10673 11732 4574 13656 15486 8977 11829 10794 11086 14571 9106 6813 5803 4032 11278 8707 15962 16710 10110 10368 18819 5993 6042 6231 3385 18189 13310 6472 5835 4945 2535 14634 5967 9954 15493 3566 8386 15503 4694 9395 7020 6305 14408 17722 8681 11071
4617 18802 12936 18741 2917 12251 10853 8754 8991 17102 7044 15436 19219 11549 4950 3977 5559 11980 15454 4739 7030 10832 3852 11735 7152 14148 4123 5064 8571 1242 16934 17986 4830 13412 7793 6847 10378 14068 12246 3980 398 13025 9213 6249 12793 11068 12805 14755 784 10359 15064 14262 0 10978 3116 13912 5767 14185 8051 1678 15228 11609 4979 15609 15538 5259 19438 14378 11214 13413 5655 4101 10561 7938 12893 4556 14028 8452 13078 12467 3948 14879 18435 13973 10849 15873 3782 10489 15164 1371 15068 9160 3687 10941 5719 12464 14795 1102 13622 5810 4151
7048 10397 4905 11969 10734 14281 370 3520 3881 9372 8772 15385 12098 594 15351 12929 6173 10806 6617 10036 5174 1393 8460 16545 5838 13878 14729 5993 8006 10733 10945 8650 9268 6792 10628 8217 2945 16225 7312 11260 11165 13888 15105 8144 15744 10378 12592 7212 10290 14417 6004 10221 10978 0 7960 2942 13134 6651 4838 11078 17283 1645 11542 18891 5416 9008 11382 5901 10673 2490 7312 9726 6967 13436 1925 14524 14550 6592 14139 6839 14273 4365 10141 14404 5461 9901 8585 11901 17913 12289 13332 2730 9508 11086 5968 14317 5933 11854 7505 9308 6958
1710 16529 10497 16873 4260 12529 7808 6186 6541 14942 6395 15268 17277 8543 7467 6244 2540 11202 12390 5115 3994 7963 3193 12930 4259 13833 6792 2376 6241 3306 15195 15467 4723 11313 7805 5970 7757 14511 10441 5302 3383 12982 10629 5380 13418 10335 12404 12536 2369 11184 12528 12871 3116 7960 0 10902 7462 11935 5035 3184 15702 8506 6138 16490 12422 4941 17267 11935 10546 10355 4326 3149 7862 9075 9885 6744 13950 6829 13102 10515 6387 11769 16179 13862 8748 14087 1918 10384 15855 4355 14377 6435 2661 10462 3526 12699 12291 4130 10775 5586 1801
9951 8896 4928 11092 13533 15918 3119 5907 6073 8356 11061 16433 11053 2363 18282 15704 9049 12067 5943 12662 7927 3360 11240 18579 8488 15003 17668 8898 10270 13630 10526 6792 11894 6923 12816 10553 4659 17742 8061 13975 14092 15295 17401 10593 17464 11837 13869 6725 13229 16446 4841 10673 13912 2942 10902 0 15739 6325 7400 14014 18709 3007 14163 20502 3902 11583 9965 5206 12123 968 9918 12569 8701 15775 1019 17441 15814 8622 15570 7434 17205 2642 8727 15658 6680 9642 11474 13645 19458 15228 14109 5193 12380 12645 8732 15912 4944 14772 8144 11798 9858
9147 17774 12899 16770 3217 7288 13171 9835 9728 15919 5097 10805 17377 13580 9049 2058 9825 8659 19010 3098 11125 12379 4918 6011 11593 9815 8164 7741 13695 4650 14827 17680 3866 12479 4216 5433 11239 8806 10845 2171 5391 8411 3456 5220 7418 7835 8741 13940 6262 4940 15048 11732 5767 13134 7462 15739 0 13511 12144 7434 9893 14332 1593 9972 18437 4156 18114 14174 7837 15575 5832 9726 15254 2442 14797 9269 9376 7642 8367 11345 8472 17483 17385 9369 10353 13961 9028 6309 9654 6147 11223 10552 9254 7291 7228 7535 14717 5009 17992 4009 6932
11883 4620 1761 5374 12535 11032 7019 5837 5410 3029 8435 10651 5597 6366 19112 14304 11326 6880 12244 10920 10938 5410 10490 14350 11763 9375 18307 9562 14319 13393 4322 4176 10282 1106 9555 8197 4515 12543 2865 12453 14192 10055 13942 8595 12637 7037 8528 617 13746 12353 2059 4574 14185 6651 11935 6325 13511 0 11009 14998 13330 8080 12180 15345 10209 9826 5335 1229 7266 7060 8675 14675 13588 12592 6227 18556 10329 6034 10350 2233 18069 8957 4258 10168 3364 3346 13346 9179 14232 15541 8135 5876 14299 7929 8528 10950 1746 14667 13992 9678 10247
3436 15123 9268 16378 9080 15709 4513 5736 6301 13931 9389 17722 16597 5381 11514 11197 2501 13172 7414 9320 1045 5704 7291 16988 1131 16191 11064 4547 3312 8337 15093 13473 8680 10843 11217 8812 6554 17750 10755 9989 8364 15754 14970 8417 16912 12482 14769 11614 7269 15011 10739 13656 8051 4838 5035 7400 12144 11009 0 7509 18913 4453 10651 20108 7777 8666 16064 10491 12756 6582 7232 5442 3373 13307 6505 10549 16606 8320 15948 10503 10482 7390 14842 16485 8744 13985 4640 13326 19298 9120 16164 5324 5386 12936 5608 15821 10623 9118 5847 9217 5229
4176 19611 13622 19776 4566 13876 10901 9331 9652 17977 8430 17003 20217 11667 4288 5586 5147 13389 14892 6301 6562 11143 5097 13411 6484 15681 3658 5513 7425 2894 18024 18622 6291 14309 9346 8162 10921 15717 13285 5649 2043 14605 10885 7550 14455 12483 14314 15588 1473 12029 15684 15486 1678 11078 3184 14014 7434 14998 7509 0 16882 11476 6646 17286 15225 6683 20311 15065 12648 13417 6781 2723 9603 9615 13002 3576 15606 9533 14669 13436 3207 14687 19254 15545 11731 16938 2893 12045 16834 1827 16517 9613 2425 12420 6476 14084 15438 2532 12751 7275 4752
17044 15565 14012 13063 12317 3216 17522 13959 13484 13959 9579 3179 13756 17428 18939 11947 17311 6649 23899 10712 18122 15981 12509 4576 18868 4008 18057 14599 21514 13992 11481 16770 10987 12320 7913 10134 14394 1191 10779 11255 14910 3418 6830 10600 2475 6920 4863 13343 15494 4956 15389 8977 15228 17283 15702 18709 9893 13330 18913 16882 0 18901 10259 2192 22429 10766 15281 14514 6626 19069 11802 18647 22285 7461 18124 19144 3003 10857 3152 11460 18352 21207 15241 3164 12050 11341 17593 5590 1101 15905 5690 14707 18139 6202 13348 3093 15068 14711 24230 10124 14301
7315 11488 6374 13303 11734 15875 1379 5031 5446 10638 10211 17029 13377 1728 15676 13946 6363 12447 5022 11245 5096 3029 9521 18035 5568 15520 15127 6852 7265 11526 12400 9555 10487 8324 12092 9640 4590 17833 8936 12365 11841 15513 16494 9508 17319 12006 14229 8609 10875 15915 7157 11829 11609 1645 8506 3007 14332 8080 4453 11476 18901 0 12740 20480 4109 10273 12516 7208 12301 2135 8579 9775 5820 14811 2255 14776 16186 8148 15761 8444 14612 3279 11265 16040 7105 11386 8777 13483 19514 12857 14972 4247 9638 12700 7105 15918 7146 12563 5937 10631 7807
7779 16548 11465 15743 2101 7353 11578 8263 8176 14708 3754 10698 16324 11991 8992 2308 8394 7918 17436 1506 9645 10803 3375 6881 10156 9538 8083 6194 12374 3754 13816 16328 2276 11180 3373 4002 9695 9108 9609 999 4652 8267 4496 3714 7816 7037 8315 12639 5314 5382 13633 10794 4979 11542 6138 14163 1593 12180 10651 6646 10259 12740 0 10659 16844 2590 16951 12777 7094 13988 4248 8671 13821 3017 13216 9022 9267 6214 8280 10063 8259 15890 16161 9232 8946 12891 7833 5882 10187 5685 10739 8972 8179 6643 5636 7579 13307 4480 16492 2530 5423
17950 17734 15918 15254 12760 4612 19106 15473 15034 16106 10723 5368 15947 19082 18870 12010 18320 8538 25500 11386 19254 17635 13326 4028 19955 6137 18021 15663 22511 14403 13659 18888 11788 14308 8905 11304 16063 2805 12706 11650 15260 5299 6594 11696 3205 8667 6818 15394 15973 5318 17398 11086 15609 18891 16490 20502 9972 15345 20108 17286 2192 20480 10659 0 24143 11646 17466 16507 8383 20801 12891 19283 23476 7671 19862 19198 5094 12345 5007 13393 18395 22941 17406 5252 13822 13490 18330 6999 1134 16115 7872 16243 18782 7863 14500 4595 17071 14958 25604 11027 15248
11058 12252 8824 14743 15829 19534 5307 8931 9260 12012 14188 20266 14624 5108 19291 18042 10084 15822 2357 15346 8668 6535 13628 21943 8883 18812 18825 10932 9633 15550 14342 9980 14586 10825 16040 13632 8085 21421 11911 16474 15797 19012 20518 13546 21040 15516 17627 10581 14781 19811 8587 14571 15538 5416 12422 3902 18437 10209 7777 15225 22429 4109 16844 24143 0 14358 13339 9058 15808 3367 12662 13203 7424 18845 4312 18323 19585 11957 19279 11301 18255 1261 12150 19431 10386 13501 12397 17194 23128 16729 17985 8143 13163 16285 11211 19549 8740 16534 5528 14693 11877
6310 14314 8976 13816 2816 7587 9065 5679 5587 12509 1793 10424 14349 9438 10037 4493 6689 6724 15079 1129 7730 8224 1758 8329 8370 9045 9148 4121 10868 4122 11938 13922 476 8882 2864 1714 7107 9575 7440 2637 5088 8085 6362 1231 8520 5813 7653 10323 5210 6406 11158 9106 5259 9008 4941 11583 4156 9826 8666 6683 10766 10273 2590 11646 14358 0 14804 10328 5969 11432 1698 7969 11976 4676 10644 9788 9068 3793 8189 7808 9121 13369 13930 8990 6511 10932 6847 5485 10956 6414 9835 6398 7461 5742 3240 7758 10841 5305 14420 645 3606
17198 1087 6910 2374 17592 13919 11747 11161 10745 2337 13225 12147 1796 10953 24381 19184 16607 10091 15651 15840 16112 10360 15671 17610 16909 11395 23560 14895 19337 18583 3825 3398 15276 6026 13939 13106 9761 14850 7369 17367 19421 12610 17845 13585 15420 10651 11186 4731 19032 15896 5382 6813 19438 11382 17267 9965 18114 5335 16064 20311 15281 12516 16951 17466 13339 14804 0 5582 10774 10903 13840 19997 18300 16763 10330 23857 12459 11086 12892 7016 23350 12238 1250 12313 8595 4297 18673 12748 16340 20781 9594 11143 19628 11456 13835 13756 5455 19855 18108 14551 15566
11708 4692 1445 6096 12947 12140 6270 5750 5416 3473 9077 11869 6198 5539 19255 14820 11070 8003 11147 11445 10531 4793 10806 15374 11327 10576 18480 9564 13776 13671 5327 3628 10767 2199 10354 8774 4241 13702 3883 12965 14418 11210 14834 9110 13745 8092 9689 1523 13884 13342 928 5803 14378 5901 11935 5206 14174 1229 10491 15065 14514 7208 12777 16507 9058 10328 5582 0 8335 5995 9033 14519 12866 13421 5215 18639 11517 6564 11503 3203 18196 7816 4381 11356 3831 4443 13214 10201 15400 15746 9362 5623 14174 8981 8663 12069 584 14940 13057 10250 10328
11526 10666 7588 9119 8533 3844 10923 7437 6932 8828 4229 4965 9768 10804 15864 9388 11555 826 17284 6565 12093 9359 7597 7103 12905 3438 14959 8853 15659 10039 7181 11216 6384 6171 3722 4584 7770 5621 4453 7844 11018 3216 7071 5187 5438 295 2014 7455 11175 5190 9256 4032 11214 10673 10546 12123 7837 7266 12756 12648 6626 12301 7094 8383 15808 5969 10774 8335 0 12451 6233 13689 16081 6084 11508 15704 3916 4449 3475 5139 15006 14591 10287 3780 5445 6480 12446 1991 7335 12305 3871 8155 13192 690 7483 3809 8915 11142 17774 5404 8853
9301 9839 5548 11967 13223 16197 2563 5813 6064 9238 11058 16905 11952 1997 17660 15416 8373 12456 5194 12481 7178 3295 10946 18711 7690 15447 17076 8470 9362 13208 11321 7755 11712 7565 12866 10525 4777 18069 8562 13734 13614 15651 17411 10509 17718 12160 14261 7499 12707 16575 5709 11278 13413 2490 10355 968 15575 7060 6582 13417 19069 2135 13988 20801 3367 11432 10903 5995 12451 0 9744 11848 7744 15761 946 16791 16218 8714 15919 7967 16588 2140 9660 16065 7021 10400 10800 13877 19778 14704 14649 5051 11686 12939 8448 16206 5784 14313 7207 11696 9436
5344 13258 7631 13086 3922 8586 7367 4030 3998 11511 2227 11039 13567 7748 10600 5923 5516 6876 13413 2745 6364 6559 1831 9806 7079 9570 9752 2797 9715 4743 11286 12658 1976 7826 3988 1707 5525 10620 6592 4111 5600 8837 7985 1203 9705 6014 8131 9216 5368 7790 9814 8707 5655 7312 4326 9918 5832 8675 7232 6781 11802 8579 4248 12891 12662 1698 13840 9033 6233 9744 0 7475 10590 6294 8968 10182 9771 2797 8989 6837 9602 11672 12883 9672 5311 10219 6215 6282 12113 6966 10051 4725 6985 6192 1642 8722 9513 6015 12886 2084 2626
2813 19191 13115 19781 6592 15517 9480 8838 9279 17703 9514 18369 20146 10318 6138 8061 3566 14349 12597 7941 4679 10112 6215 15552 4323 16951 5799 5263 4740 5082 18170 17915 7687 14159 10818 9108 10278 17461 13435 7716 4500 16052 13109 8511 16298 13480 15528 15287 3479 13967 15006 15962 4101 9726 3149 12569 9726 14675 5442 2723 18647 9775 8671 19283 13203 7969 19997 14519 13689 11848 7475 0 7015 11688 11595 5131 17031 9926 16158 13448 5154 12827 18859 16949 11641 17052 1343 13451 18724 4550 17525 8897 509 13589 6568 15701 14807 5137 10197 8612 4914
6153 17286 11829 18931 12096 19082 6597 8868 9430 16336 12759 21042 19064 7352 13030 14102 5431 16465 6064 12560 4247 8184 10511 20305 3665 19509 12786 7860 2456 11107 17834 15375 11957 13608 14578 12184 9377 21122 13770 13083 10923 19111 18219 11781 20282 15802 18095 14163 9790 18353 12920 16710 10561 6967 7862 8701 15254 13588 3373 9603 22285 5820 13821 23476 7424 11976 18300 12866 16081 7744 10590 7015 0 16575 8068 11964 19952 11634 19309 13435 12112 7598 17051 19827 11765 16759 6801 16697 22671 11389 19397 8328 7197 16284 8976 19192 12876 11663 3190 12546 8448
10663 16548 12287 15198 5112 4886 13540 9952 9712 14687 4715 8438 15841 13804 11488 4488 11193 6865 19700 4024 12343 12475 6074 3870 12929 7549 10601 8763 15274 6737 13257 16750 4627 11505 3077 5236 11131 6366 9774 3992 7589 6086 1691 5303 4986 6156 6610 12940 8319 2505 14334 10110 7938 13436 9075 15775 2442 12592 13307 9615 7461 14811 3017 7671 18845 4676 16763 13421 6084 15761 6294 11688 16575 0 14908 11685 7022 7221 6014 10362 10892 17790 16162 7028 9732 12501 10825 4282 7269 8486 9093 10728 11194 5451 7902 5136 13992 7309 19090 4210 8129
8954 9286 4659 11260 12541 15260 2120 4984 5197 8552 10196 15963 11284 1344 17273 14718 8061 11510 6082 11712 6977 2437 10250 17805 7571 14503 16654 7882 9481 12616 10522 7308 10942 6676 11985 9674 3861 17126 7628 13004 13074 14706 16548 9684 16784 11217 13316 6695 12210 15670 5027 10368 12893 1925 9885 1019 14797 6227 6505 13002 18124 2255 13216 19862 4312 10644 10330 5215 11508 946 8968 11595 8068 14908 0 16439 15272 7815 14975 7040 16195 3083 9081 15119 6076 9573 10482 12946 18837 14209 13718 4246 11395 11999 7743 15267 5063 13755 7861 10882 8843
7493 23173 17196 23254 7204 16363 14322 12907 13225 21521 11579 19711 23715 15117 1097 7211 8420 16485 17710 9152 9716 14672 8402 15185 9441 18500 1367 9088 9550 5670 21468 22198 9344 17844 12164 11401 14494 18032 16755 8077 4699 17281 12607 10805 16670 15572 17205 19142 4838 14189 19259 18819 4556 14524 6744 17441 9269 18556 10549 3576 19144 14776 9022 19198 18323 9788 23857 18639 15704 16791 10182 5131 11964 11685 16439 0 18283 12972 17301 16942 805 17904 22813 18243 15266 20397 5999 14824 18922 3403 19531 13179 5166 15389 10028 16593 19014 4592 15149 10310 8318
15114 12674 11054 10326 11143 2205 14811 11353 10846 11018 7577 1435 11022 14651 18248 11316 15248 3764 21144 9305 15897 13213 10817 5707 16688 1064 17341 12519 19411 12792 8636 13794 9387 9327 6268 8065 11624 2391 7819 10206 13761 1004 7097 8612 3195 4208 1962 10340 14153 4836 12388 5993 14028 14550 13950 15814 9376 10329 16606 15606 3003 16186 9267 5094 19585 9068 12459 11517 3916 16218 9771 17031 19952 7022 15272 18283 0 8342 1010 8493 17525 18349 12337 161 9203 8406 15867 3584 3962 14914 2935 12068 16523 3670 11188 1950 12069 13709 21690 8431 12378
7448 10549 5259 10289 6524 7755 6782 3128 2711 8769 2580 9408 10771 6849 13396 8278 7312 4858 13169 4894 7699 5432 4618 9998 8530 7876 12546 4739 11302 7520 8499 10137 4249 5108 4202 2215 3965 9749 3796 6424 8394 7549 8806 2563 9173 4169 6463 6538 8145 7863 7419 6042 8452 6592 6829 8622 7642 6034 8320 9533 10857 8148 6214 12345 11957 3793 11086 6564 4449 8714 2797 9926 11634 7221 7815 12972 8342 0 7770 4070 12398 10816 10169 8212 2734 7426 8604 5347 11404 9760 7922 3902 9463 4698 3372 7815 7093 8785 13383 3686 5029
14318 13028 10920 10845 10182 1253 14383 10846 10360 11310 6772 2439 11539 14278 17253 10312 14494 3537 20754 8371 15203 12832 9945 4927 15979 1733 16347 11764 18678 11839 9073 13998 8488 9304 5355 7286 11244 2203 7700 9228 12803 297 6135 7810 2537 3768 1826 10421 13224 3867 12398 6231 13078 14139 13102 15570 8367 10350 15948 14669 3152 15761 8280 5007 19279 8189 12892 11503 3475 15919 8989 16158 19309 6014 14975 17301 1010 7770 0 8387 16539 18058 12678 1019 8902 8727 15018 2721 3915 13941 3602 11584 15650 3078 10458 1010 12070 12734 21152 7547 11572
10740 6508 2565 6358 10582 8962 7176 4848 4312 4704 6308 9015 6781 6741 17417 12241 10333 4856 13103 8869 10225 5453 8668 12173 11080 7619 16581 8201 13783 11578 4736 6391 8277 1145 7335 6129 4064 10590 690 10403 12432 8098 11710 6582 10565 4891 6600 2599 12104 10151 4129 3385 12467 6839 10515 7434 11345 2233 10503 13436 11460 8444 10063 13393 11301 7808 7016 3203 5139 7967 6837 13448 13435 10362 7040 16942 8493 4070 8387 0 16401 10044 6123 8334 1827 3612 12105 6999 12300 13796 6684 5180 13030 5779 7000 8902 3786 12847 14343 7597 8747
7297 22688 16751 22688 6484 15589 14088 12489 12782 21013 10914 18954 23161 14864 1081 6414 8250 15794 17745 8444 9602 14349 7799 14381 9396 17759 730 8685 9738 5000 20882 21776 8670 17327 11435 10760 14092 17244 16191 7325 4047 16524 11803 10170 15878 14882 16476 18648 4322 13397 18840 18189 3948 14273 6387 17205 8472 18069 10482 3207 18352 14612 8259 18395 18255 9121 23350 18196 15006 16588 9602 5154 12112 10892 16195 805 17525 12398 16539 16401 0 17784 22325 17487 14755 19821 5864 14084 18123 2708 18819 12802 5109 14675 9549 15820 18587 3868 15303 9626 7870
10512 11153 7564 13565 14978 18336 4312 7843 8138 10828 13106 19017 13469 3991 18837 17188 9545 14589 3421 14386 8190 5384 12740 20813 8518 17568 18324 10118 9625 14805 13113 8914 13620 9564 14938 12560 6904 20209 10657 15569 15116 17789 19453 12506 19853 14300 16394 9338 14138 18678 7371 13310 14879 4365 11769 2642 17483 8957 7390 14687 21207 3279 15890 22941 1261 13369 12238 7816 14591 2140 11672 12827 7598 17790 3083 17904 18349 10816 18058 10044 17784 0 11032 18195 9158 12259 11923 16011 21919 16113 16727 7063 12740 15079 10280 18346 7512 15840 6190 13674 11076
16053 389 5747 2957 16692 13635 10504 10036 9641 1476 12412 12170 2598 9707 23366 18359 15440 9662 14449 14992 14910 9138 14708 17265 15700 11279 22557 13803 18106 17618 3816 2320 14397 5063 13258 12252 8596 14719 6553 16525 18433 12388 17328 12702 15179 10136 10914 3679 18003 15464 4138 6472 18435 10141 16179 8727 17385 4258 14842 19254 15241 11265 16161 17406 12150 13930 1250 4381 10287 9660 12883 18859 17051 16162 9081 22813 12337 10169 12678 6123 22325 11032 0 12185 7590 3952 17542 12277 16273 19787 9564 9980 18499 10977 12786 13490 4222 18892 16867 13716 14503
15015 12522 10895 10186 11094 2247 14666 11216 10706 10863 7483 1468 10883 14502 18217 11297 15141 3613 20996 9245 15781 13065 10736 5801 16574 921 17310 12413 19301 12738 8489 13636 9315 9166 6202 7965 11476 2539 7660 10166 13709 966 7141 8517 3302 4070 1813 10180 14090 4875 12227 5835 13973 14404 13862 15658 9369 10168 16485 15545 3164 16040 9232 5252 19431 8990 12313 11356 3780 16065 9672 16949 19827 7028 15119 18243 161 8212 1019 8334 17487 18195 12185 0 9051 8252 15780 3511 4120 14870 2806 11928 16442 3551 11078 1994 11908 13665 21554 8355 12282
8919 7961 2565 8143 9183 9243 5763 3039 2493 6258 5260 9953 8530 5486 15788 11003 8506 5439 11975 7623 8423 4079 7128 12071 9280 8465 14972 6410 12002 10033 6561 7410 6958 2579 6655 4944 2529 11065 2013 9148 10844 8632 11227 5288 10801 5157 7244 3913 10438 9964 4694 4945 10849 5461 8748 6680 10353 3364 8744 11731 12050 7105 8946 13822 10386 6511 8595 3831 5445 7021 5311 11641 11765 9732 6076 15266 9203 2734 8902 1827 14755 9158 7590 9051 0 5437 10298 7011 12780 12198 7875 3444 11230 5969 5260 9233 4365 11307 12888 6419 7004
14352 4305 5013 2884 13748 9692 10264 8427 7905 2618 9245 8334 3434 9662 20811 15168 13938 5795 15577 11898 13775 8591 12028 13347 14625 7354 19952 11796 17288 14905 1125 5493 11408 3155 9753 9219 7439 10780 3656 13398 15803 8437 13551 9755 11229 6365 6966 2920 15567 11602 4998 2535 15873 9901 14087 9642 13961 3346 13985 16938 11341 11386 12891 13490 13501 10932 4297 4443 6480 10400 10219 17052 16759 12501 9573 20397 8406 7426 8727 3612 19821 12259 3952 8252 5437 0 15708 8451 12356 17169 5711 8683 16628 7160 10562 9542 4791 16155 17315 10598 12304
1550 17877 11802 18439 5821 14431 8362 7512 7945 16374 8311 17185 18807 9179 6914 7549 2428 13088 12001 6944 3738 8880 5091 14694 3593 15747 6428 3921 4804 4501 16827 16639 6607 12820 9710 7878 8975 16404 12093 6926 4158 14899 12322 7292 15287 12229 14316 13958 3031 13014 13721 14634 3782 8585 1918 11474 9028 13346 4640 2893 17593 8777 7833 18330 12397 6847 18673 13214 12446 10800 6215 1343 6801 10825 10482 5999 15867 8604 15018 12105 5864 11923 17542 15780 10298 15708 0 12301 17722 4610 16263 7598 962 12374 5238 14605 13514 4882 9908 7492 3618
11600 12655 9342 11030 7636 2416 12110 8475 8037 10819 4058 4960 11691 12109 14859 8075 11794 2669 18503 5752 12549 10666 7237 5174 13309 3676 13950 9067 15987 9261 9107 13183 5804 8075 2699 4586 9110 4440 6327 6766 10237 2600 5113 5095 3847 2167 2447 9402 10585 3205 11128 5967 10489 11901 10384 13645 6309 9179 13326 12045 5590 13483 5882 6999 17194 5485 12748 10201 1991 13877 6282 13451 16697 4282 12946 14824 3584 5347 2721 6999 14084 16011 12277 3511 7011 8451 12301 0 6063 11433 4917 9244 12944 1301 7783 2501 10784 10233 18668 4847 8854
17264 16603 14835 14138 12277 3649 18137 14527 14074 14972 9914 4272 14832 18086 18657 11711 17588 7452 24528 10788 18470 16639 12670 3964 19192 5003 17789 14903 21790 13940 12531 17756 11134 13201 8152 10487 15060 1718 11614 11185 14829 4203 6410 10912 2438 7623 5711 14273 15482 4805 16287 9954 15164 17913 15855 19458 9654 14232 19298 16834 1101 19514 10187 1134 23128 10956 16340 15400 7335 19778 12113 18724 22671 7269 18837 18922 3962 11404 3915 12300 18123 21919 16273 4120 12780 12356 17722 6063 0 15755 6746 15290 18218 6845 13700 3596 15961 14577 24723 10324 14539
5701 20156 14305 20043 3802 13038 12151 10124 10362 18446 8207 16338 20531 12865 3646 4148 6669 13090 16533 5749 8128 12182 5143 12154 8150 15108 2786 6417 9245 2294 18219 19356 5962 14756 8764 8061 11748 14770 13556 4715 1366 13911 9584 7477 13441 12177 13804 16108 1999 10970 16435 15493 1371 12289 4355 15228 6147 15541 9120 1827 15905 12857 5685 16115 16729 6414 20781 15746 12305 14704 6966 4550 11389 8486 14209 3403 14914 9760 13941 13796 2708 16113 19787 14870 12198 17169 4610 11433 15755 0 16127 10523 4244 11985 7089 13263 16165 1207 14515 6919 5515
15270 9883 9194 7411 12335 4818 13637 10541 9985 8321 8100 2623 8107 13320 19647 12975 15216 3175 19760 10378 15605 11943 11467 8528 16444 1901 18739 12566 19219 13880 5791 11194 10243 7268 7407 8438 10403 5301 6094 11568 14861 3373 9550 9046 6087 4055 2488 8020 15044 7308 10161 3566 15068 13332 14377 14109 11223 8135 16164 16517 5690 14972 10739 7872 17985 9835 9594 9362 3871 14649 10051 17525 19397 9093 13718 19531 2935 7922 3602 6684 18819 16727 9564 2806 7875 5711 16263 4917 6746 16127 0 11149 17032 4143 11183 4594 9870 14950 20748 9259 12652
6085 10305 4235 11177 8401 11645 2889 790 1224 8889 6047 13004 11456 3077 13877 10542 5464 8388 9268 7470 5104 1837 6104 13818 5948 11476 13158 4125 8613 8682 9798 9060 6701 5565 7898 5498 1384 13620 5456 8791 9274 11346 12390 5459 13075 7862 10129 6492 8567 11691 6130 8386 9160 2730 6435 5193 10552 5876 5324 9613 14707 4247 8972 16243 8143 6398 11143 5623 8155 5051 4725 8897 8328 10728 4246 13179 12068 3902 11584 5180 12802 7063 9980 11928 3444 8683 7598 9244 15290 10523 11149 0 8559 8508 3618 11695 5916 9894 9649 6645 5009
2502 18835 12761 19373 6105 15008 9276 8467 8894 17326 9011 17863 19747 10102 6130 7622 3335 13857 12647 7434 4555 9833 5707 15060 4289 16447 5720 4832 5001 4620 17745 17600 7178 13761 10309 8610 9936 16953 13003 7228 4083 15544 12626 8012 15792 12985 15026 14910 3030 13465 14682 15503 3687 9508 2661 12380 9254 14299 5386 2425 18139 9638 8179 18782 13163 7461 19628 14174 13192 11686 6985 509 7197 11194 11395 5166 16523 9463 15650 13030 5109 12740 18499 16442 11230 16628 962 12944 18218 4244 17032 8559 0 13087 6116 15192 14475 4746 10361 8103 4441
11527 11355 8191 9773 8191 3274 11321 7768 7285 9518 4076 4858 10428 11245 15507 8915 11614 1415 17703 6237 12231 9797 7428 6427 13026 3378 14599 8892 15759 9744 7841 11899 6130 6830 3280 4500 8216 5144 5098 7439 10725 2851 6393 5082 4845 892 1942 8131 10947 4500 9904 4694 10941 11086 10462 12645 7291 7929 12936 12420 6202 12700 6643 7863 16285 5742 11456 8981 690 12939 6192 13589 16284 5451 11999 15389 3670 4698 3078 5779 14675 15079 10977 3551 5969 7160 12374 1301 6845 11985 4143 8508 13087 0 7543 3269 9563 10807 18077 5145 8817
4094 13146 7220 13358 4802 10135 5973 3086 3276 11501 3786 12398 13774 6458 10600 6975 4074 8037 11846 4146 4775 5425 2507 11447 5526 10896 9818 1384 8225 5107 11669 12267 3399 7837 5611 3217 4707 12175 6915 5294 5778 10286 9592 2809 11306 7235 9453 9114 5228 9429 9346 9395 5719 5968 3526 8732 7228 8528 5608 6476 13348 7105 5636 14500 11211 3240 13835 8663 7483 8448 1642 6568 8976 7902 7743 10028 11188 3372 10458 7000 9549 10280 12786 11078 5260 10562 5238 7783 13700 7089 11183 3618 6116 7543 0 10258 9077 6348 11244 3705 1747
13995 13847 11388 11757 9550 256 14541 10935 10478 12096 6496 3320 12449 14495 16500 9520 14236 4070 20932 7817 15030 13048 9514 3948 15780 2742 15598 11518 18437 11221 9951 14716 8014 9879 4895 7046 11473 1940 8212 8551 12171 1221 5148 7523 1703 4087 2576 11067 12658 2886 12979 7020 12464 14317 12699 15912 7535 10950 15821 14084 3093 15918 7579 4595 19549 7758 13756 12069 3809 16206 8722 15701 19192 5136 15267 16593 1950 7815 1010 8902 15820 18346 13490 1994 9233 9542 14605 2501 3596 13263 4594 11695 15192 3269 10258 0 12644 12056 21164 7113 11248
11994 4500 1883 6198 13432 12716 6300 6108 5809 3497 9621 12395 6235 5525 19650 15330 11324 8576 10881 11962 10718 4923 11269 15957 11497 11119 18886 9927 13885 14117 5602 3192 11274 2767 10922 9307 4548 14267 4465 13476 14847 11775 15412 9628 14322 8673 10253 1909 14284 13925 345 6305 14795 5933 12291 4944 14717 1746 10623 15438 15068 7146 13307 17071 8740 10841 5455 584 8915 5784 9513 14807 12876 13992 5063 19014 12069 7093 12070 3786 18587 7512 4222 11908 4365 4791 13514 10784 15961 16165 9870 5916 14475 9563 9077 12644 0 15382 12924 10778 10717
5691 19266 13507 19036 2616 11832 11749 9429 9615 17526 7091 15133 19541 12415 4738 3075 6620 11934 16509 4577 8090 11620 4185 11020 8238 13909 3843 5877 9665 1274 17189 18564 4842 13839 7572 6984 11053 13572 12572 3508 755 12705 8462 6416 12250 11022 12613 15219 1878 9784 15664 14408 1102 11854 4130 14772 5009 14667 9118 2532 14711 12563 4480 14958 16534 5305 19855 14940 11142 14313 6015 5137 11663 7309 13755 4592 13709 8785 12734 12847 3868 15840 18892 13665 11307 16155 4882 10233 14577 1207 14950 9894 4746 10807 6348 12056 15382 0 14719 5779 4926
9086 17040 12305 19121 14915 21083 7168 10340 10860 16411 14930 22653 19138 7665 16218 17003 8251 18036 3504 15138 6874 8890 13124 22692 6518 21123 15976 10338 5610 14071 18314 14907 14473 14261 16812 14341 10364 23104 14799 15836 13970 20928 20766 14026 22400 17483 19765 14503 12842 20660 12882 17722 13622 7505 10775 8144 17992 13992 5847 12751 24230 5937 16492 25604 5528 14420 18108 13057 17774 7207 12886 10197 3190 19090 7861 15149 21690 13383 21152 14343 15303 6190 16867 21554 12888 17315 9908 18668 24723 14515 20748 9649 10361 18077 11244 21164 12924 14719 0 14936 11070
6940 14102 8935 13476 3214 6943 9388 5897 5746 12277 1356 9793 14027 9713 10517 4644 7295 6177 15492 1300 8300 8448 2403 7772 8959 8425 9619 4686 11484 4640 11578 13812 985 8698 2219 1481 7245 8934 7183 2817 5617 7445 5902 1215 7889 5264 7042 10152 5803 5813 11103 8681 5810 9308 5586 11798 4009 9678 9217 7275 10124 10631 2530 11027 14693 645 14551 10250 5404 11696 2084 8612 12546 4210 10882 10310 8431 3686 7547 7597 9626 13674 13716 8355 6419 10598 7492 4847 10324 6919 9259 6645 8103 5145 3705 7113 10778 5779 14936 0 4222
2749 14860 8883 15105 3992 11095 6878 4628 4912 13234 4803 13659 15521 7507 8934 6194 3088 9479 12184 4112 4232 6699 2067 11892 4801 12195 8181 966 7263 3775 13408 13907 3526 9579 6395 4322 6244 13112 8653 4798 4277 11432 9772 3766 12107 8629 10757 10839 3577 10008 10972 11071 4151 6958 1801 9858 6932 10247 5229 4752 14301 7807 5423 15248 11877 3606 15566 10328 8853 9436 2626 4914 8448 8129 8843 8318 12378 5029 11572 8747 7870 11076 14503 12282 7004 12304 3618 8854 14539 5515 12652 5009 4441 8817 1747 11248 10717 4926 11070 4222 0
1 7 10 7
2 6 5 3
3 3 8 7
4 9 10 2
5 5 3 5
6 4 7 3
7 5 7 5
8 5 3 4
9 5 6 3
10 7 4 2
11 6 7 0
12 4 5 3
13 5 4 4
14 5 7 5
15 2 8 6
16 4 5 5
17 7 11 3
18 6 8 2
19 9 4 6
20 6 7 1
21 7 8 4
22 5 7 4
23 10 5 3
24 11 6 7
25 8 6 5
26 4 4 5
27 7 5 3
28 4 8 5
29 9 5 4
30 11 6 6
31 5 6 4
32 6 3 3
33 8 5 2
34 13 7 4
35 6 6 5
36 5 5 7
37 4 9 7
38 5 6 2
39 6 9 6
40 10 9 5
41 5 5 4
42 7 6 4
43 7 8 5
44 4 9 1
45 5 3 4
46 4 7 3
47 8 6 5
48 10 4 7
49 7 2 4
50 3 4 2
51 5 7 6
52 4 8 4
53 6 5 4
54 11 5 3
55 8 4 6
56 5 5 5
57 7 8 2
58 7 8 5
59 7 7 2
60 3 4 3
61 5 3 2
62 8 8 3
63 5 7 1
64 4 10 4
65 10 6 2
66 10 6 3
67 10 6 2
68 4 7 6
69 7 9 5
70 5 3 5
71 7 6 5
72 3 7 4
73 4 5 3
74 5 7 6
75 4 6 3
76 5 7 2
77 9 9 5
78 3 6 6
79 7 6 5
80 3 5 0
81 6 4 1
82 4 4 5
83 5 10 6
84 7 2 5
85 5 6 5
86 4 6 7
87 6 8 3
88 7 6 3
89 8 5 4
90 6 5 2
91 3 4 2
92 3 8 4
93 8 7 3
94 6 7 7
95 5 3 4
96 9 5 8
97 5 4 6
98 3 7 4
99 4 1 4
100 9 6 2
