105 15 3
30 60 700 9.00
0 19 13 2
0 2 5 3
0 5 7 1
0 6 15 1
0 1 9 1
0 24 6 2
0 7 5 2
0 1 7 3
0 5 5 1
0 2 7 3
0 6 11 1
0 6 11 3
0 2 11 2
0 25 7 2
0 7 15 2
0 4 1 2
0 10 6 3
0 4 12 1
0 23 10 1
0 5 1 3
0 2 2 3
0 3 8 3
0 1 14 2
0 1 6 3
0 18 14 1
0 4 10 1
0 6 1 2
0 1 2 2
0 2 15 2
0 15 12 3
0 8 9 2
0 6 8 1
0 15 3 2
0 13 2 2
0 1 15 1
0 9 8 2
0 19 7 2
0 8 2 3
0 3 5 3
0 1 7 1
0 10 4 1
0 5 1 1
0 1 9 2
0 4 10 2
0 8 1 2
0 15 8 1
0 9 15 3
0 3 7 1
0 8 8 2
0 5 7 1
0 3 15 3
0 5 11 1
0 5 14 3
0 7 8 2
0 5 15 3
0 1 3 3
0 16 12 2
0 1 13 3
0 1 3 1
0 16 11 2
0 8 12 3
0 5 11 2
0 8 5 3
0 4 2 3
0 10 7 1
0 8 8 2
0 5 9 2
0 1 11 3
0 8 2 2
0 8 11 3
0 1 13 1
0 5 4 2
0 15 3 3
0 8 11 2
0 2 2 2
0 10 15 2
0 4 13 2
0 4 13 2
0 9 5 1
0 18 5 3
0 5 9 1
0 6 8 1
0 3 7 2
0 24 2 2
1 1 7 1
1 17 13 2
1 2 4 2
1 4 9 1
1 16 10 3
1 4 2 2
1 2 2 2
1 3 10 3
1 15 7 3
1 1 3 2
1 4 15 3
1 2 15 1
1 14 14 1
1 1 4 1
1 14 6 3
1 7 15 1
1 2 12 3
1 1 13 2
1 2 1 2
1 12 11 3
1 3 3 2
0 12345 5476 6683 7908 9457 2188 10682 9192 2693 7881 4211 8542 8327 6267 13229
12345 0 7805 10144 15627 9797 14449 18274 16157 13476 4822 12707 17268 15715 15817 2641
5476 7805 0 7971 11908 9840 7226 14854 8953 7630 2984 8029 13059 8344 8042 9467
6683 10144 7971 0 5515 2826 8515 8139 15393 5550 7976 3696 7220 14578 12872 9620
7908 15627 11908 5515 0 7106 8515 2946 16960 5285 12873 3934 1775 16083 13671 15107
9457 9797 9840 2826 7106 0 11336 9126 17903 8346 9026 6407 8880 17115 15569 8558
2188 14449 7226 8515 8515 11336 0 10994 8564 3409 9869 5425 8708 7690 5160 15406
10682 18274 14854 8139 2946 9126 10994 0 19546 8000 15764 6861 2321 18670 16133 17523
9192 16157 8953 15393 16960 17903 8564 19546 0 11682 11630 13403 17270 877 3617 18215
2693 13476 7630 5550 5285 8346 3409 8000 11682 0 9514 2068 5850 10807 8474 13868
7881 4822 2984 7976 12873 9026 9869 15764 11630 9514 0 9306 14284 11104 11012 6595
4211 12707 8029 3696 3934 6407 5425 6861 13403 2068 9306 0 5048 12536 10361 12733
8542 17268 13059 7220 1775 8880 8708 2321 17270 5850 14284 5048 0 16395 13830 16835
8327 15715 8344 14578 16083 17115 7690 18670 877 10807 11104 12536 16395 0 2807 17699
6267 15817 8042 12872 13671 15569 5160 16133 3617 8474 11012 10361 13830 2807 0 17480
13229 2641 9467 9620 15107 8558 15406 17523 18215 13868 6595 12733 16835 17699 17480 0
1 7 6 7
2 6 8 8
3 12 7 4
4 7 4 7
5 9 9 2
6 12 7 3
7 11 6 6
8 11 9 4
9 7 6 6
10 13 20 5
11 10 10 3
12 7 13 2
13 9 5 5
14 7 7 9
15 10 7 4
