75 15 3
30 60 700 9.00
0 8 11 2
0 1 2 1
0 5 7 3
0 3 15 3
0 6 9 2
0 4 6 1
0 6 15 2
0 8 1 1
0 18 10 1
0 3 5 2
0 10 10 1
0 2 3 2
0 4 4 1
0 5 1 2
0 7 13 3
0 4 9 2
0 7 4 3
0 17 14 3
0 4 9 2
0 12 10 3
0 5 6 2
0 14 6 1
0 5 4 3
0 19 8 2
0 8 8 2
0 19 10 1
0 20 2 3
0 13 3 3
0 5 15 2
0 6 8 1
0 6 14 1
0 2 11 2
0 1 13 1
0 21 1 1
0 25 9 2
0 8 11 2
0 6 15 1
0 3 15 2
0 1 7 2
0 17 7 2
0 7 7 2
0 19 8 1
0 8 1 1
0 18 10 1
0 11 10 1
1 3 3 1
1 16 11 3
1 9 6 1
1 1 12 2
1 5 5 2
1 3 3 3
1 24 6 2
1 3 3 2
1 22 2 1
1 7 1 3
1 11 5 1
1 5 4 2
1 20 10 1
1 3 8 1
1 8 4 1
1 1 10 3
1 14 4 3
1 8 14 2
1 5 10 3
1 10 11 3
1 1 12 2
1 8 10 2
1 20 3 3
1 2 7 1
1 5 11 2
1 21 14 3
1 17 14 1
1 5 7 2
1 4 5 3
1 10 7 2
0 10451 11142 7155 7443 5183 10378 3605 11771 8411 7680 11360 2254 3640 7281 1191
10451 0 5578 16990 3229 7915 12869 7395 7032 9847 18122 2255 11552 8977 17110 9859
11142 5578 0 15919 6905 6396 8540 9606 1455 6010 18351 3691 11143 11496 16020 10101
7155 16990 15919 0 14296 9650 10715 10752 15966 10775 4432 17360 5466 10555 126 7289
7443 3229 6905 14296 0 6161 12116 4191 8229 9066 15051 4907 8835 5751 14420 7021
5183 7915 6396 9650 6161 0 6362 5417 6758 3633 11973 7823 4762 7013 9758 4015
10378 12869 8540 10715 12116 6362 0 11709 7693 3069 14629 11779 8703 13130 10765 9261
3605 7395 9606 10752 4191 5417 11709 0 10608 9045 10953 8764 5530 1891 10878 3669
11771 7032 1455 15966 8229 6758 7693 10608 0 5536 18700 5104 11503 12495 16060 10668
8411 9847 6010 10775 9066 3633 3069 9045 5536 0 14061 8912 7249 10637 10855 7224
7680 18122 18351 4432 15051 11973 14629 10953 18700 14061 0 19003 7211 10002 4455 8439
11360 2255 3691 17360 4907 7823 11779 8764 5104 8912 19003 0 12072 10516 17474 10574
2254 11552 11143 5466 8835 4762 8703 5530 11503 7249 7211 12072 0 5876 5589 1884
3640 8977 11496 10555 5751 7013 13130 1891 12495 10637 10002 10516 5876 0 10679 4264
7281 17110 16020 126 14420 9758 10765 10878 16060 10855 4455 17474 5589 10679 0 7413
1191 9859 10101 7289 7021 4015 9261 3669 10668 7224 8439 10574 1884 4264 7413 0
1 5 6 2
2 2 6 7
3 5 4 2
4 4 8 4
5 4 0 3
6 8 6 1
7 5 3 4
8 6 8 3
9 12 6 1
10 3 5 4
11 10 3 1
12 3 7 8
13 5 8 5
14 12 3 3
15 8 3 1
