900 100 3
30 60 700 9.00
0 9 21 2
0 12 61 2
0 1 29 1
0 1 88 2
0 1 96 3
0 4 1 3
0 1 7 3
0 9 89 3
0 19 65 2
0 12 38 1
0 14 43 3
0 15 99 2
0 9 68 2
0 6 59 1
0 3 99 2
0 5 87 1
0 3 53 3
0 10 83 1
0 6 46 1
0 6 77 2
0 5 73 3
0 13 71 1
0 3 25 2
0 9 42 1
0 3 66 2
0 6 8 1
0 18 70 3
0 18 42 2
0 9 34 1
0 10 96 3
0 5 46 2
0 4 22 1
0 4 75 1
0 4 40 1
0 8 58 1
0 3 96 1
0 10 86 1
0 5 45 1
0 2 18 3
0 5 41 1
0 2 34 2
0 11 84 1
0 11 28 3
0 22 15 2
0 2 17 2
0 2 56 2
0 6 25 2
0 18 97 1
0 1 30 3
0 7 94 1
0 5 24 1
0 1 27 1
0 4 91 1
0 11 86 3
0 9 96 2
0 23 57 3
0 10 53 1
0 6 30 3
0 5 4 2
0 14 71 1
0 8 13 3
0 22 14 3
0 3 10 3
0 4 32 1
0 5 14 3
0 23 74 3
0 16 36 3
0 11 68 1
0 14 27 3
0 1 74 3
0 8 92 2
0 4 52 1
0 1 85 1
0 19 69 1
0 15 24 1
0 10 60 3
0 3 28 3
0 3 7 1
0 6 97 3
0 4 63 3
0 11 22 1
0 17 22 3
0 11 37 3
0 3 62 1
0 2 85 3
0 14 59 3
0 9 61 3
0 17 72 1
0 19 68 2
0 1 47 3
0 10 79 1
0 25 33 1
0 11 43 1
0 1 34 3
0 6 31 1
0 3 72 3
0 3 55 3
0 8 32 1
0 3 21 2
0 2 68 2
0 10 30 1
0 2 94 2
0 10 89 1
0 2 38 3
0 11 78 3
0 15 25 3
0 11 23 1
0 10 51 3
0 1 35 1
0 8 20 3
0 4 10 1
0 3 77 2
0 23 76 2
0 21 1 2
0 1 3 1
0 16 98 2
0 11 75 2
0 12 30 3
0 1 55 3
0 7 20 3
0 4 68 1
0 4 70 2
0 22 72 1
0 3 43 3
0 16 9 1
0 4 64 2
0 1 84 2
0 8 86 1
0 24 1 3
0 18 95 3
0 8 65 2
0 19 92 3
0 5 85 2
0 12 26 3
0 13 74 3
0 2 70 3
0 22 2 1
0 25 1 3
0 4 97 3
0 2 50 3
0 2 44 3
0 4 68 3
0 11 79 3
0 6 20 3
0 3 53 1
0 13 22 2
0 14 85 1
0 13 6 2
0 9 38 3
0 2 64 2
0 10 67 2
0 15 93 3
0 12 99 3
0 4 79 1
0 2 48 1
0 19 99 1
0 4 2 3
0 1 10 3
0 5 50 2
0 3 22 3
0 4 20 1
0 2 67 1
0 19 19 3
0 5 10 1
0 13 28 3
0 1 31 2
0 1 7 3
0 18 4 3
0 8 82 2
0 4 7 1
0 1 23 1
0 1 85 3
0 3 23 2
0 4 37 2
0 8 9 1
0 8 35 1
0 1 49 3
0 1 24 3
0 18 54 1
0 4 1 2
0 2 23 1
0 3 61 1
0 4 41 2
0 5 97 2
0 4 29 1
0 5 86 1
0 24 59 1
0 14 61 3
0 22 50 1
0 5 21 2
0 2 18 2
0 4 8 2
0 1 88 3
0 7 36 2
0 8 55 1
0 11 39 3
0 11 86 2
0 5 36 1
0 6 97 2
0 25 97 1
0 4 20 1
0 17 37 3
0 2 80 3
0 1 64 3
0 19 84 2
0 12 28 2
0 7 28 1
0 11 74 1
0 8 33 2
0 14 41 2
0 2 23 1
0 1 9 1
0 9 55 2
0 13 17 1
0 8 83 2
0 1 41 1
0 4 40 1
0 20 14 3
0 16 82 1
0 2 75 3
0 13 40 3
0 1 19 2
0 20 46 3
0 8 62 2
0 4 54 2
0 1 99 1
0 6 89 2
0 4 4 3
0 11 66 3
0 2 9 3
0 2 77 3
0 10 5 2
0 8 85 3
0 23 19 3
0 24 56 2
0 1 77 2
0 12 58 1
0 7 38 1
0 19 61 1
0 8 1 1
0 4 96 2
0 4 79 1
0 5 6 1
0 10 31 1
0 22 57 1
0 14 88 3
0 5 70 3
0 7 3 3
0 14 52 2
0 11 74 2
0 4 52 3
0 13 10 3
0 1 67 3
0 4 86 1
0 1 39 2
0 17 23 3
0 9 55 3
0 2 31 2
0 8 25 3
0 5 18 2
0 3 87 1
0 3 84 2
0 3 30 2
0 1 2 3
0 10 71 3
0 19 21 1
0 6 39 1
0 20 83 3
0 2 65 3
0 4 21 3
0 4 89 1
0 19 11 1
0 17 93 2
0 9 28 3
0 7 58 1
0 11 53 3
0 14 59 2
0 2 73 1
0 6 72 1
0 3 6 2
0 17 93 3
0 3 17 2
0 1 100 3
0 6 24 2
0 3 73 2
0 18 47 2
0 13 11 1
0 4 15 1
0 17 53 1
0 3 46 3
0 10 96 2
0 5 91 3
0 12 3 2
0 8 21 1
0 11 53 2
0 6 60 2
0 5 95 3
0 10 27 2
0 2 12 1
0 3 47 2
0 13 37 2
0 3 7 2
0 18 53 1
0 3 82 3
0 6 61 3
0 13 41 2
0 9 12 2
0 5 57 2
0 2 95 1
0 3 79 3
0 7 22 1
0 23 38 1
0 11 93 3
0 8 37 2
0 5 97 3
0 1 49 3
0 17 75 3
0 8 90 1
0 11 15 3
0 12 75 2
0 18 27 1
0 11 78 1
0 7 98 3
0 4 46 2
0 17 76 2
0 19 49 2
0 24 4 2
0 8 98 1
0 2 92 2
0 7 19 2
0 1 59 1
0 5 77 2
0 10 40 3
0 10 99 1
0 10 31 3
0 10 62 1
0 11 29 3
0 1 19 2
0 4 2 3
0 7 39 3
0 11 90 2
0 12 36 1
0 8 13 1
0 3 13 1
0 3 9 3
0 4 46 2
0 25 66 3
0 15 60 3
0 15 90 1
0 7 41 1
0 12 93 3
0 10 61 2
0 7 13 1
0 4 40 1
0 7 38 1
0 9 36 1
0 17 23 1
0 1 30 1
0 6 88 1
0 22 83 1
0 25 83 1
0 12 9 3
0 14 72 1
0 17 35 3
0 7 50 1
0 1 64 3
0 21 77 3
0 4 35 1
0 4 77 3
0 3 58 2
0 6 22 1
0 4 13 1
0 3 34 3
0 15 7 2
0 4 94 1
0 3 49 3
0 3 2 2
0 2 82 1
0 9 97 2
0 22 86 3
0 6 67 2
0 1 8 1
0 12 66 2
0 5 35 3
0 13 46 1
0 13 95 2
0 11 41 2
0 1 41 1
0 21 67 2
0 1 61 2
0 7 76 2
0 20 73 3
0 15 96 3
0 1 49 1
0 9 12 2
0 1 30 2
0 6 16 2
0 9 40 1
0 11 33 3
0 5 18 1
0 23 92 1
0 8 48 1
0 7 83 3
0 6 33 2
0 13 58 1
0 1 52 3
0 20 1 2
0 6 20 2
0 2 93 2
0 4 58 1
0 10 77 2
0 14 59 3
0 5 8 2
0 8 31 2
0 5 68 1
0 18 77 2
0 16 22 3
0 3 69 1
0 4 42 2
0 7 71 3
0 3 66 2
0 1 45 3
0 13 66 3
0 7 81 3
0 8 57 1
0 19 88 2
0 4 3 3
0 2 45 3
0 10 51 1
0 10 87 3
0 18 13 1
0 4 74 1
0 16 47 1
0 1 35 3
0 12 29 1
0 18 98 3
0 4 37 2
0 2 52 1
0 5 44 1
0 6 33 2
0 1 43 2
0 8 41 2
0 3 39 1
0 16 66 3
0 6 38 2
0 14 5 2
0 22 14 1
0 7 34 3
0 7 60 2
0 4 67 3
0 8 77 2
0 12 14 1
0 22 38 2
0 1 62 1
0 2 75 1
0 14 66 3
0 5 40 2
0 2 31 3
0 9 45 2
0 7 75 3
0 21 47 3
0 1 59 3
0 7 76 2
0 6 7 2
0 6 24 1
0 11 52 3
0 1 33 1
0 3 96 2
0 8 49 1
0 2 67 3
0 4 90 2
0 4 62 2
0 9 87 1
0 5 78 1
0 4 88 3
0 2 28 3
0 2 65 3
0 8 78 1
0 3 92 2
0 4 5 1
0 11 54 1
0 5 35 2
0 16 7 2
0 3 84 3
0 8 90 1
0 7 66 2
0 10 35 2
0 3 34 3
0 5 30 2
0 4 7 3
0 7 65 2
0 11 72 2
0 14 70 2
0 12 68 1
0 9 60 2
0 18 98 2
0 5 52 3
0 18 55 1
0 5 49 1
0 14 60 2
0 9 69 1
0 3 31 2
0 24 28 1
0 8 74 3
0 9 5 3
0 14 20 1
0 1 47 1
0 12 2 2
0 8 85 2
0 2 45 3
0 6 52 2
0 2 2 2
0 16 34 3
0 7 32 2
0 4 87 2
0 14 91 2
0 15 31 2
0 7 51 2
0 13 9 2
0 15 83 3
0 18 60 3
0 24 97 3
0 1 62 1
0 4 23 2
0 19 17 2
0 7 46 2
0 1 39 3
0 21 87 1
0 6 41 1
0 7 53 2
0 14 60 2
0 3 89 1
0 1 49 3
0 7 86 3
0 2 42 2
0 4 46 3
0 1 42 2
0 5 12 3
0 9 44 3
0 20 33 2
0 10 53 2
0 1 43 3
0 1 6 1
0 7 20 3
0 16 17 1
0 4 53 1
0 8 40 2
0 6 29 2
0 3 5 1
0 6 26 3
0 5 84 3
0 6 7 1
0 3 8 1
0 2 58 1
0 13 8 3
0 5 14 3
0 16 14 2
0 5 90 2
0 11 9 3
0 5 10 3
0 4 64 3
0 14 100 3
0 12 69 3
0 20 23 1
0 7 89 1
0 1 1 3
0 8 54 2
0 22 64 1
0 12 36 2
0 8 15 2
0 18 73 1
0 2 15 1
0 5 37 2
0 5 34 2
0 1 41 2
0 21 84 1
0 2 86 1
0 5 82 3
0 4 26 3
0 6 58 3
0 3 56 1
0 5 7 1
0 9 4 1
0 2 66 1
0 11 70 1
0 7 67 3
0 3 17 3
0 19 28 1
0 22 62 2
0 24 39 3
0 1 28 1
0 3 30 1
0 6 58 2
0 15 50 2
0 3 8 1
0 1 57 3
0 1 48 1
0 23 89 3
0 9 57 2
0 13 74 3
0 8 26 1
0 9 76 2
0 18 43 1
0 4 37 2
0 15 25 1
0 6 87 1
0 13 92 1
0 12 47 2
0 3 61 1
0 20 78 1
0 13 35 1
0 3 69 2
0 10 31 3
0 2 77 3
0 11 50 1
0 1 43 3
0 15 54 2
0 8 15 3
0 1 54 2
0 8 12 3
0 17 31 3
0 13 82 1
0 4 91 3
0 1 10 1
0 13 83 2
0 9 40 3
0 9 45 3
0 4 57 3
0 2 63 1
0 1 80 3
0 4 54 3
0 5 56 2
0 1 66 1
0 9 31 1
0 1 34 1
0 11 37 3
0 19 7 3
0 7 92 1
0 7 83 1
0 4 51 2
0 9 49 2
0 10 4 3
0 11 48 2
0 10 68 1
0 22 53 3
0 7 67 2
0 8 22 1
0 22 42 3
0 4 96 2
0 17 49 3
0 4 51 2
0 15 9 3
0 10 92 2
0 16 64 3
0 12 69 2
0 8 55 2
0 13 92 2
0 15 24 1
0 1 62 1
0 12 41 1
0 11 71 2
0 1 51 1
0 6 7 1
0 18 81 1
0 17 52 2
0 3 90 2
0 20 81 3
0 8 90 1
0 9 77 2
0 1 15 3
0 24 56 3
0 8 29 2
0 10 2 3
0 11 64 3
0 19 38 2
0 15 76 3
0 3 21 3
0 12 7 2
0 2 28 1
0 5 93 3
0 8 17 3
0 25 30 2
0 4 4 2
0 3 63 3
0 9 17 2
0 3 21 2
0 7 11 3
0 4 90 3
0 4 32 2
0 10 62 1
0 6 28 3
0 7 47 2
0 2 77 3
0 5 26 1
0 15 12 3
0 4 40 2
0 6 81 3
0 21 93 3
0 10 36 2
0 1 58 1
0 2 47 1
0 13 38 1
0 4 91 3
0 23 70 3
0 22 89 1
0 12 99 3
0 1 62 1
0 16 88 3
0 18 44 2
0 6 83 3
0 1 25 3
0 14 73 1
0 4 59 2
0 20 75 3
0 15 20 2
0 23 32 2
0 11 74 1
0 1 100 1
0 1 40 2
0 19 88 1
0 9 46 2
0 16 26 1
0 17 87 2
0 10 29 3
0 14 100 1
0 1 61 3
0 11 2 2
0 1 24 1
0 8 41 1
0 7 30 2
0 7 2 2
0 2 15 1
0 3 82 2
0 15 2 3
0 2 75 2
0 6 30 3
0 3 31 2
0 3 86 2
0 8 100 2
0 24 35 1
0 1 23 1
0 7 75 3
0 24 80 2
0 22 13 1
0 3 83 3
0 23 42 3
0 22 84 2
0 8 81 2
0 6 34 3
0 5 93 3
0 6 26 1
0 3 82 3
0 4 95 3
0 5 15 1
0 12 33 3
0 9 70 1
0 10 58 1
0 2 66 1
0 19 92 2
0 2 55 3
0 4 74 1
0 5 7 3
0 5 90 2
0 2 64 3
0 11 59 3
0 8 64 1
0 18 68 3
0 2 59 1
0 12 12 2
0 5 32 2
0 18 70 2
0 9 59 1
0 11 34 2
0 11 67 2
0 1 42 1
0 15 75 2
0 10 27 1
0 14 63 2
0 18 57 2
0 10 93 1
0 23 78 2
0 22 94 3
0 3 40 3
0 18 29 3
0 3 16 3
0 4 80 1
0 10 33 1
0 3 79 2
0 6 85 2
0 16 26 1
0 1 71 3
0 24 7 1
0 1 23 1
0 1 1 1
0 11 15 2
0 11 29 1
0 4 38 2
0 13 74 1
0 7 52 2
0 8 100 3
0 8 83 3
0 20 24 2
0 9 53 2
0 23 94 2
0 11 89 1
0 8 70 3
0 7 30 3
0 4 96 3
0 12 3 3
0 3 78 1
0 9 74 3
0 13 54 3
0 11 31 1
0 2 43 1
0 4 11 1
0 17 50 2
0 19 45 2
0 4 38 2
0 1 99 2
0 2 91 1
0 2 40 2
0 8 12 3
0 14 73 2
0 18 54 2
0 11 96 1
0 4 30 1
0 13 74 2
0 1 47 1
0 1 70 1
0 9 15 1
0 5 87 1
0 2 40 1
0 5 26 1
0 2 71 1
0 3 87 3
0 11 83 1
0 9 36 2
0 14 2 2
0 11 37 3
0 2 89 3
0 5 58 3
0 4 5 1
0 1 64 1
0 14 3 2
0 16 90 3
0 2 11 2
0 7 73 1
0 10 66 1
0 1 23 1
0 13 41 1
0 1 45 3
0 14 52 3
0 4 8 1
0 7 47 3
0 4 2 3
0 4 55 3
0 8 39 2
0 5 33 2
0 9 25 2
0 5 63 3
0 1 28 1
0 6 74 3
0 13 86 1
0 5 43 1
0 4 29 3
0 2 100 2
0 7 87 3
0 16 37 2
0 22 89 1
0 10 67 1
0 3 89 3
0 25 37 1
0 9 16 3
0 6 12 2
0 6 13 1
0 3 57 3
0 14 96 2
0 4 24 3
0 1 99 1
0 5 63 2
0 2 13 3
0 8 46 2
0 5 58 1
0 6 54 3
0 1 48 1
0 1 83 2
0 8 68 3
0 11 51 3
0 12 97 2
0 25 57 2
0 9 4 2
0 10 63 3
0 24 66 1
0 19 26 2
0 7 24 3
0 23 18 3
0 2 84 2
0 1 88 3
0 25 94 2
0 7 60 1
0 12827 4311 4643 12890 6471 14373 2929 8192 7253 10685 7953 8484 14313 12685 3617 16329 14407 740 15224 7981 15361 3577 11257 12111 7575 13554 8846 11195 11514 7927 9251 12685 3395 5813 2828 10552 10994 12493 8949 6711 5570 4762 4903 2659 12654 7900 16202 4232 4222 15550 11819 13200 4955 1738 4833 17785 6766 16218 6941 15200 10226 12915 5850 9351 8818 8218 1181 7498 13679 3487 6985 7372 3408 10277 10212 3557 9029 8655 6795 10774 8087 3293 12914 8794 14675 4473 14225 15834 12592 12238 15707 9548 2061 10212 14262 8164 14167 11268 8319 2943
12827 0 12739 8625 6183 11077 2418 12285 5464 18364 12063 5909 13014 6711 7289 13779 3535 2866 13425 2710 14795 13513 12818 1754 4328 15597 8727 5843 8802 4897 7116 7894 6861 14696 17743 15655 7986 12239 10680 5699 7962 17825 10037 8207 11086 9716 10401 4638 8935 10900 3696 9768 14219 7910 13654 16628 5290 19086 4253 13796 10204 11454 10435 10139 6577 4187 4616 11782 17745 996 9927 7142 5500 14923 3707 10672 16221 7135 15670 9439 2095 11595 14440 3035 4674 1934 15003 2368 14283 4910 12615 5171 11416 13584 6394 6565 6370 10456 12620 15008 14954
4311 12739 0 6835 10736 10123 14787 1437 7316 11213 14262 6903 12436 16115 10170 7925 16226 14982 4038 14630 3765 18685 758 11543 13466 11878 16016 7360 8163 9835 6084 11839 10306 7628 9512 5534 7808 14577 15571 7501 4933 9045 2702 6786 2609 15481 11299 15010 4276 7832 14570 8513 16925 5573 3077 8729 16966 10029 16733 2653 17795 6384 15885 2940 7333 8581 8628 3715 11668 13377 3381 5660 7516 7589 11323 6581 6844 6824 12929 9913 10675 11779 2425 11805 9921 14315 8752 13455 19247 14092 15768 16754 13087 6363 12290 16031 10090 16978 14900 4107 7000
4643 8625 6835 0 10383 4123 9890 5624 5248 9853 7772 5263 6688 9730 10603 5220 12014 9871 5356 11213 10382 11928 6430 6934 7468 7869 9257 6340 9953 8692 6086 5015 10447 6075 9122 7375 9057 8082 8759 6375 5330 9206 5072 478 4254 8646 4797 12564 3016 2605 11785 10862 10512 2169 6005 8006 13825 10466 11675 9184 11005 10361 9055 6140 7280 5122 4111 3931 9416 9557 3557 4978 3685 6299 5694 9990 7715 7247 8405 3279 6715 5604 7309 9420 4234 10544 6468 10380 12528 7953 9185 11072 6612 4981 5677 9671 3549 10147 8446 10709 6347
12890 6183 10736 10383 0 14172 8470 11015 5136 19803 16562 5174 16599 12785 1217 15273 8196 8983 13219 5972 11208 19038 11170 6749 10102 18251 14477 4135 3471 1797 4973 12364 781 15793 18631 15422 3179 16807 15924 4067 6214 18452 8456 9911 10370 15131 14143 5047 8730 12985 5097 4142 19087 8514 12922 17576 7341 19656 9992 10564 16114 6594 15824 7809 3554 5668 6983 11709 19614 5932 9404 5922 6817 15932 8524 5803 16419 3964 18723 12759 5672 15267 13038 3208 8445 6312 16508 4823 19795 10786 17493 11298 15639 14424 11332 12642 10203 16139 17209 11304 15684
6471 11077 10123 4123 14172 0 11558 8722 9122 7945 4218 9222 2565 9447 14530 4243 14000 11342 7160 13787 13866 8908 9535 9333 8275 4532 7877 10292 14049 12408 10177 4058 14331 5461 8047 8310 13135 4529 6216 10306 9452 8467 8952 4520 7573 6613 1590 15522 7010 2307 14643 14973 6810 6292 8203 7069 16346 9586 12984 12701 9269 14442 6717 10096 11302 8580 7319 6500 6998 12072 7287 9079 7359 5752 7452 14098 7937 11319 4652 1643 9587 1657 9747 12668 6443 12976 5042 13219 9365 8432 5768 11758 3078 5305 5649 9449 4714 8065 4819 14206 6235
14373 2418 14787 9890 8470 11558 0 14196 7661 19255 11671 8120 13127 5005 9618 14805 2524 563 15023 3467 17065 12264 14793 3248 3543 16065 7425 8179 11214 7294 9415 7841 9182 15829 18853 17186 10404 11792 9791 8039 10163 19023 12103 9536 12919 8723 10583 5738 10772 11850 4825 12172 13482 9622 15386 17748 5361 20273 1948 16031 8628 13865 9427 12327 8969 6227 6277 13415 18483 2563 11775 9317 7323 16079 4265 13087 17604 9518 15946 9932 4188 11738 16313 5263 5662 2610 15973 3975 13026 3812 11930 2835 11241 14852 6171 4862 6955 9150 12141 17292 16205
2929 12285 1437 5624 11015 8722 14196 0 7019 10015 12885 6656 11009 15136 10595 6524 15812 14343 2764 14367 5198 17363 824 10952 12586 10466 14872 7300 8798 9910 6128 10637 10674 6299 8398 4594 8302 13200 14289 7430 4890 8000 2568 5637 1395 14251 9940 14961 3439 6423 14441 9285 15531 4681 2014 7539 16799 9068 16127 4088 16628 7427 14627 3340 7493 8098 7938 2280 10380 13002 2444 5465 6873 6284 10502 7505 5809 7051 11503 8590 10193 10379 2169 11693 9052 13969 7399 13241 17909 13178 14402 15989 11713 4990 11210 15060 9017 15758 13517 5540 5736
8192 5464 7316 5248 5136 9122 7661 7019 0 14789 11931 463 11612 10187 5408 10204 8915 7942 8654 7353 9411 15101 7464 4523 7290 13117 11073 1221 5263 3483 1903 7963 5219 10813 13746 10922 4286 12204 11842 1202 2506 13648 4622 4777 5983 11263 9273 8041 3970 7849 7454 6287 14590 3447 8631 12659 9787 14886 9602 8369 12870 6877 11887 4679 2337 1570 2512 7033 14525 6062 4856 1678 1832 10976 5142 6221 11745 2589 13615 7809 3473 10335 9187 4747 4291 7000 11451 6223 15817 8009 13055 9977 10906 9488 7393 10068 5689 12527 12604 9647 10804
7253 18364 11213 9853 19803 7945 19255 10015 14789 0 10579 14663 7725 17364 19745 4636 21590 19105 7252 21014 14424 15042 10459 16625 16148 4333 15560 15671 18410 18261 14947 12003 19695 4017 1917 5904 17720 10778 13350 15748 13795 2653 12005 10314 9903 14069 9351 22416 11104 7467 21636 19064 11953 11342 8136 2484 23627 2753 20814 13611 16677 17433 13948 13103 16350 14949 13959 8351 1422 19329 10587 13908 13479 3908 15010 17455 4541 16102 5425 9446 16544 8562 9216 19247 13737 20298 3385 20225 15184 16355 11880 19687 9932 5414 13576 17373 12302 15337 10808 14732 4312
10685 12063 14262 7772 16562 4218 11671 12885 11931 10579 0 12158 2870 7902 17164 8077 14188 11282 11367 14637 17972 4783 13705 10515 8132 6290 5488 13151 17154 14768 13368 4254 16885 9246 11285 12359 16190 315 2867 13125 12894 11862 12832 8042 11674 3806 2991 16701 10788 6512 15755 18149 2743 9821 12419 10499 16961 12803 12559 16790 6215 18039 3487 13912 14256 10936 9627 10697 9293 13012 11242 12350 10102 9525 8446 17594 11799 14407 5473 4493 11204 2612 13964 14388 8133 13736 8510 14415 5174 7916 1557 10839 1176 9383 5672 7969 6362 4837 682 18309 10115
7953 5909 6903 5263 5174 9222 8120 6656 463 14663 12158 0 11736 10621 5341 10106 9343 8404 8387 7740 8950 15424 7074 4986 7727 13123 11458 1078 4999 3605 1469 8253 5188 10669 13570 10650 4032 12436 12158 1116 2054 13449 4218 4801 5668 11606 9448 8344 3721 7846 7789 6007 14836 3342 8316 12493 10143 14679 10059 7911 13261 6470 12220 4230 2108 2022 2879 6784 14442 6486 4561 1245 2071 10822 5567 5831 11511 2272 13661 7963 3932 10485 8820 5055 4660 7414 11346 6591 16134 8444 13315 10439 11113 9324 7749 10503 5979 12890 12834 9184 10623
8484 13014 12436 6688 16599 2565 13127 11009 11612 7725 2870 11736 0 10118 17013 5449 15636 12827 9102 15704 16200 7542 11801 11317 9644 3492 7996 12799 16600 14818 12730 5286 16796 6553 8425 9789 15680 3096 5632 12805 12017 9017 11458 7081 9957 6414 2614 17581 9554 4653 16670 17532 4837 8857 10211 7670 18190 9937 14319 15057 8975 16994 6237 12617 13829 10954 9659 8737 6471 14005 9776 11636 9817 6820 9310 16660 9101 13863 2914 3842 11739 1419 11768 14893 8546 14847 5720 15265 7829 9622 4286 12821 2274 6906 6964 10157 6717 7621 3199 16542 7454
14313 6711 16115 9730 12785 9447 5005 15136 10187 17364 7902 10621 10118 0 13804 13487 7183 4459 15044 8469 19139 7370 15884 6141 2902 13500 2674 11142 14898 11271 12088 5426 13399 14671 17459 16889 13968 7920 5401 11033 12385 17820 13691 9583 13744 4283 8019 10740 11840 10685 9818 15929 9077 10542 15735 16437 10193 18986 5070 17983 3624 17035 4896 14312 12183 8630 7873 13660 16314 7315 12757 11548 8966 14954 5065 16338 16915 12621 13027 8114 7332 8934 17000 9732 6265 7594 14445 8835 8117 2178 7677 3089 7898 14080 4115 147 6183 4284 8188 19422 15291
12685 7289 10170 10603 1217 14530 9618 10595 5408 19745 17164 5341 17013 13804 0 15295 9411 10120 12953 7188 10302 19858 10665 7702 11060 18454 15385 4263 2409 2561 4799 13025 443 15728 18480 15101 2380 17420 16696 4234 5978 18253 8082 10142 10091 15950 14627 6201 8643 13177 6299 2961 19746 8609 12557 17451 8505 19430 11181 9743 17060 5525 16631 7298 3406 6229 7537 11514 19644 7101 9211 5855 7197 15847 9358 4755 16166 3658 19001 13194 6568 15717 12534 4377 9120 7516 16510 6034 20608 11759 18168 12437 16195 14336 12104 13663 10809 17017 17823 10374 15548
3617 13779 7925 5220 15273 4243 14805 6524 10204 4636 8077 10106 5449 13487 15295 0 17072 14699 4035 16408 11589 12859 7194 12053 11889 3960 12099 11138 14154 13685 10518 8068 15214 1219 4064 4342 13391 8359 10408 11207 9433 4341 7943 5678 5942 10854 5832 17781 6688 2960 17005 14899 10286 6766 5167 2983 19021 5543 16453 10558 13511 13608 10933 9117 11889 10313 9329 4389 4349 14733 6349 9441 8846 1509 10540 13497 3734 11694 5072 5373 11923 5528 6665 14613 9201 15710 1255 15597 13216 12190 9609 15505 7078 1624 9473 13472 7910 12295 8551 11926 2039
16329 3535 16226 12014 8196 14000 2524 15812 8915 21590 14188 9343 15636 7183 9411 17072 0 2918 16939 2239 18084 14546 16330 5091 6066 18523 9752 9120 11395 7512 10433 10353 8970 18047 21089 19158 10732 14304 12232 8972 11381 21213 13525 11621 14620 11145 13079 4125 12470 14139 3433 12243 15940 11435 17186 19977 3017 22471 2364 17140 10770 14322 11837 13551 9669 7714 8113 15301 20871 2861 13461 10587 9031 18286 6592 13516 19681 10252 18439 12363 5628 14242 17970 5182 7871 2018 18268 3390 15298 6297 14406 4368 13764 16995 8689 7049 9335 11442 14649 18276 18361
14407 2866 14982 9871 8983 11342 563 14343 7942 19105 11282 8404 12827 4459 10120 14699 2918 0 15069 4023 17354 11745 14960 3453 3191 15828 6913 8524 11665 7762 9735 7544 9686 15747 18757 17207 10838 11393 9327 8386 10433 18949 12312 9536 13045 8248 10310 6292 10908 11740 5385 12634 13029 9728 15472 17657 5836 20194 1811 16302 8083 14267 8947 12584 9352 6467 6406 13477 18299 3102 11910 9580 7482 16002 4191 13495 17583 9892 15669 9730 4484 11450 16442 5781 5638 3172 15851 4534 12505 3380 11490 2317 10893 14808 5863 4316 6808 8631 11735 17588 16153
740 13425 4038 5356 13219 7160 15023 2764 8654 7252 11367 8387 9102 15044 12953 4035 16939 15069 0 15779 7585 16062 3282 11881 12819 7981 14294 9235 11353 11906 8246 9992 12976 3597 5677 2270 10759 11674 13216 9344 7010 5342 4918 5598 2862 13388 8611 16688 4684 4936 16061 11923 13852 5521 1137 4781 18323 6484 16881 6602 15938 10182 13643 5929 9668 9367 8829 1648 7635 14258 3845 7359 7943 3551 10959 10226 3213 9311 9106 7528 11357 8762 2675 13395 9473 15253 4737 14755 16525 13309 12922 16405 10239 2415 10946 14992 8888 14900 11940 7919 2976
15224 2710 14630 11213 5972 13787 3467 14367 7353 21014 14637 7740 15704 8469 7188 16408 2239 4023 15779 0 16200 15667 14812 4459 6633 18306 10823 7336 9235 5424 8655 10533 6749 17285 20329 18037 8623 14795 13039 7189 9709 20375 11957 10777 13272 12013 13093 2271 11162 13560 1372 10052 16668 10270 15898 19213 2613 21636 4327 15315 12089 12221 12728 11840 7733 6412 7123 14131 20427 1715 12119 8975 7854 17503 6395 11413 18689 8320 18377 12149 4506 14286 16536 3082 7375 914 17641 1250 16433 7075 15081 6078 14048 16126 8972 8325 9080 12558 15167 16372 17495
7981 14795 3765 10382 11208 13866 17065 5198 9411 14424 17972 8950 16200 19139 10302 11589 18084 17354 7585 16200 0 22306 4434 13924 16347 15548 19345 8975 7926 10890 7680 15301 10579 11156 12595 8527 8029 18287 19136 9121 6931 12010 5503 10256 6301 18960 14993 16062 7525 11586 15831 7797 20655 8775 6491 11978 18236 12793 18998 1199 21153 5064 19411 4845 8468 10915 11331 7478 15061 15242 6825 7791 10209 11074 14147 5680 9895 7881 16635 13566 12879 15520 5213 13158 12875 16081 12311 14959 22892 17023 19460 19349 16795 9987 15548 19040 13375 20433 18619 342 10427
15361 13513 18685 11928 19038 8908 12264 17363 15101 15042 4783 15424 7542 7370 19858 12859 14546 11745 16062 15667 22306 0 18187 12375 9185 10711 4844 16283 20336 17318 16797 7239 19512 14024 15938 17136 19357 4502 3277 16221 16582 16551 16955 12091 16076 3909 7474 17915 14877 11143 16969 21372 3249 13748 17082 15212 17548 17427 12420 21109 3940 21723 3233 17938 17413 13801 12604 15261 13679 14302 15485 15906 13378 14301 10516 21177 16578 17686 9666 8774 13373 7372 18609 16335 10856 14762 13254 15827 770 8632 3263 10383 5842 14152 7775 7501 9476 3114 4344 22635 14897
3577 12818 758 6430 11170 9535 14793 824 7464 10459 13705 7074 11801 15884 10665 7194 16330 14960 3282 14812 4434 18187 0 11544 13298 11151 15668 7626 8738 10174 6393 11445 10777 6875 8768 4817 8325 14019 15110 7762 5190 8313 2868 6428 2180 15065 10762 15299 4105 7233 14820 9139 16345 5379 2326 7975 17199 9316 16732 3365 17430 7093 15445 3371 7703 8636 8566 3063 10911 13499 3138 5849 7478 6833 11189 7254 6111 7222 12215 9414 10735 11192 1871 12059 9756 14454 8002 13661 18732 13903 15223 16659 12533 5621 11987 15805 9791 16571 14334 4776 6242
11257 1754 11543 6934 6749 9333 3248 10952 4523 16625 10515 4986 11317 6141 7702 12053 5091 3453 11881 4459 13924 12375 11544 0 3359 13848 7734 5229 8779 5150 6365 6289 7312 12991 16038 14083 7868 10711 9377 5101 6995 16140 8865 6533 9688 8494 8703 6269 7536 9158 5353 9802 12793 6417 12188 14923 7044 17399 5191 12860 9368 11101 9204 9137 6174 3017 3064 10254 15994 2745 8539 6138 4080 13224 2071 10362 14590 6668 13939 7698 1204 9899 13077 3980 2920 3683 13270 3953 13139 4058 11182 5462 9802 11911 4901 6004 4636 9413 11101 14165 13279
12111 4328 13466 7468 10102 8275 3543 12586 7290 16148 8132 7727 9644 2902 11060 11889 6066 3191 12819 6633 16347 9185 13298 3359 0 12708 4425 8241 12034 8505 9191 4372 10671 13001 15949 14822 11094 8260 6411 8134 9528 16208 10954 7230 11211 5408 7156 8821 9203 8948 7866 13070 10040 7918 13392 14871 8843 17429 4718 15207 6012 14134 6127 11505 9289 5730 5026 11326 15269 5147 10161 8682 6140 13270 2202 13438 15030 9722 12502 6706 4511 8278 14551 7202 3546 5719 12981 6658 9955 727 8461 3638 7705 12200 2689 2779 4033 6141 8616 16622 13500
7575 15597 11878 7869 18251 4532 16065 10466 13117 4333 6290 13123 3492 13500 18454 3960 18523 15828 7981 18306 15548 10711 11151 13848 12708 0 11474 14198 17605 16544 13811 8365 18311 4570 5383 7852 16769 6472 9110 14238 12857 6082 11676 8340 9780 9905 5577 19993 10138 5277 19129 18430 7655 9867 9105 4907 20874 6792 17426 14516 12461 17375 9720 12867 15093 12836 11644 8275 3005 16591 10008 12699 11487 4747 11984 17196 6813 14994 1270 6175 14039 4568 10569 17046 10941 17503 3427 17703 10869 12789 7550 16071 5759 5567 10032 13528 9244 11099 6483 15885 5457
13554 8727 16016 9257 14477 7877 7425 14872 11073 15560 5488 11458 7996 2674 15385 12099 9752 6913 14294 10823 19345 4844 15668 7734 4425 11474 0 12173 16144 12824 12908 4306 15012 13315 15893 15899 15177 5453 2786 12088 12951 16340 13844 9242 13488 1700 6314 13074 11838 9553 12129 17187 6413 10571 15130 14941 12736 17437 7723 18155 1822 17919 2241 14646 13281 9617 8581 13099 14401 9482 12644 12175 9541 13605 6079 17289 15722 13638 10845 6867 8821 6998 16525 11627 6806 9919 12907 11011 5610 3819 5060 5762 5723 12953 3816 2784 5971 1738 5676 19652 14038
8846 5843 7360 6340 4135 10292 8179 7300 1221 15671 13151 1078 12799 11142 4263 11138 9120 8524 9235 7336 8975 16283 7626 5229 8241 14198 12173 0 4059 2671 1320 9172 4115 11665 14531 11480 3080 13424 13032 148 2436 14382 4764 5879 6442 12428 10483 7674 4635 8920 7211 5090 15809 4388 9071 13465 9609 15601 10082 8021 13956 5903 13062 4509 1130 2559 3679 7668 15481 6270 5391 1880 3051 11810 6159 5197 12399 1482 14739 9011 4068 11536 9436 4446 5441 7131 12373 6129 17004 8967 14271 10670 12125 10304 8546 11016 6899 13664 13824 9178 11582
11195 8802 8163 9953 3471 14049 11214 8798 5263 18410 17154 4999 16600 14898 2409 14154 11395 11665 11353 9235 7926 20336 8738 8779 12034 17605 16144 4059 0 3941 3872 13226 2747 14425 16999 13385 979 17434 17089 4115 4752 16695 6442 9533 8539 16470 14406 8516 7494 12395 8507 1044 19835 7810 10807 16025 10801 17820 12938 7435 17901 3127 17111 5461 2929 6554 7734 10064 18462 8835 7841 4975 7066 14507 10074 2347 14543 2754 18291 12898 7576 15404 10578 6217 9484 9417 15315 8015 21060 12758 18311 13952 16099 13014 12584 14764 10952 17677 17831 7985 14126
11514 4897 9835 8692 1797 12408 7294 9910 3483 18261 14768 3605 14818 11271 2561 13685 7512 7762 11906 5424 10890 17318 10174 5150 8505 16544 12824 2671 3941 0 3786 10577 2195 14272 17172 14150 3221 15014 14176 2566 5020 17039 7348 8216 9105 13409 12351 5226 7293 11297 4941 4879 17302 6922 11724 16097 7347 18263 8997 10090 14500 6811 14095 6907 2521 3875 5188 10337 18008 4894 8062 4549 5070 14427 6807 6005 15069 3077 16983 10977 4007 13479 12015 2345 6658 5510 14931 4178 18071 9207 15712 10066 13842 12929 9582 11132 8408 14460 15416 11038 14224
7927 7116 6084 6086 4973 10177 9415 6128 1903 14947 13368 1469 12730 12088 4799 10518 10433 9735 8246 8655 7680 16797 6393 6365 9191 13811 12908 1320 3872 3786 0 9587 4765 10930 13698 10454 2974 13655 13524 1468 1249 13495 3563 5662 5399 13010 10567 8925 3846 8564 8499 4813 16076 3960 7977 12661 10905 14690 11335 6708 14716 5011 13610 3201 1424 3471 4328 6748 14863 7578 4441 1115 3423 11049 7035 4397 11447 1185 14453 9048 5252 11544 8229 5737 6103 8448 11723 7444 17497 9910 14585 11827 12288 9538 9175 11969 7325 14318 14049 7892 10759
9251 7894 11839 5015 12364 4058 7841 10637 7963 12003 4254 8253 5286 5426 13025 8068 10353 7544 9992 10533 15301 7239 11445 6289 4372 8365 4306 9172 13226 10577 9587 0 12726 9260 12034 11650 12249 4473 3964 9126 9344 12396 9847 5062 9269 3659 2792 12524 7783 5335 11588 14249 6725 6584 10825 11011 12960 13560 9076 14103 6005 14486 4142 10766 10298 6809 5530 8801 11026 8866 8504 8672 6186 9546 4220 13950 11564 10524 8130 2698 6950 3908 12231 10135 3919 9653 9021 10221 7921 4424 5143 7727 3522 8750 1683 5418 2275 5142 4872 15620 9912
12685 6861 10306 10447 781 14331 9182 10674 5219 19695 16885 5188 16796 13399 443 15214 8970 9686 12976 6749 10579 19512 10777 7312 10671 18311 15012 4115 2747 2195 4765 12726 0 15679 18464 15146 2583 17138 16364 4072 5975 18254 8138 9981 10115 15603 14386 5802 8593 13034 5875 3369 19450 8493 12617 17425 8102 19441 10739 9983 16676 5874 16288 7406 3348 5950 7264 11508 19562 6661 9201 5788 6980 15805 9002 5092 16186 3665 18832 12968 6191 15488 12648 3936 8812 7073 16437 5591 20264 11366 17867 12004 15931 14294 11769 13258 10525 16653 17541 10662 15524
3395 14696 7628 6075 15793 5461 15829 6299 10813 4017 9246 10669 6553 14671 15728 1219 18047 15747 3597 17285 11156 14024 6875 12991 13001 4570 13315 11665 14425 14272 10930 9260 15679 0 3048 3335 13716 9522 11619 11746 9782 3209 8061 6508 5977 12072 7050 18565 7087 4053 17818 15107 11377 7369 4665 1932 19896 4447 17517 10196 14730 13613 12147 9193 12333 11071 10169 4403 4107 15632 6587 9892 9589 290 11567 13575 2554 12086 5787 6562 12782 6722 6052 15349 10188 16619 1168 16426 14361 13326 10766 16628 8270 1410 10633 14653 8993 13511 9698 11486 922
5813 17743 9512 9122 18631 8047 18853 8398 13746 1917 11285 13570 8425 17459 18480 4064 21089 18757 5677 20329 12595 15938 8768 16038 15949 5383 15893 14531 16999 17172 13698 12034 18464 3048 0 4072 16364 11520 13916 14621 12502 772 10558 9552 8462 14515 9581 21579 9903 7022 20845 17594 12990 10325 6446 1116 22938 1544 20516 11826 17168 15821 14488 11602 15119 14084 13209 6971 3039 18679 9269 12709 12600 2826 14589 15895 2706 14822 6615 9364 15824 8995 7408 18345 13225 19666 3013 19458 16160 16236 12700 19558 10480 4264 13499 17452 11974 15877 11613 12897 2950
2828 15655 5534 7375 15422 8310 17186 4594 10922 5904 12359 10650 9789 16889 15101 4342 19158 17207 2270 18037 8527 17136 4817 14083 14822 7852 15899 11480 13385 14150 10454 11650 15146 3335 4072 0 12854 12650 14520 11593 9208 3531 7021 7677 5056 14834 9870 18958 6953 6347 18330 13877 14626 7770 2580 3503 20587 4500 19017 7759 17453 11909 15003 7923 11868 11626 11046 3911 6658 16502 6096 9601 10191 3120 13055 12056 1368 11485 9094 9034 13598 9767 3338 15665 11579 17498 4429 17021 17523 15268 13905 18441 11308 3005 12774 16848 10822 16322 12861 8832 2415
10552 7986 7808 9057 3179 13135 10404 8302 4286 17720 16190 4032 15680 13968 2380 13391 10732 10838 10759 8623 8029 19357 8325 7868 11094 16769 15177 3080 979 3221 2974 12249 2583 13716 16364 12854 0 16468 16110 3136 3958 16093 5846 8627 7913 15492 13458 8115 6706 11534 8006 2018 18866 6932 10289 15366 10360 17243 12171 7403 16939 3599 16133 4973 1951 5579 6755 9399 17719 8089 7133 4087 6095 13813 9113 2790 13968 1816 17425 11956 6664 14469 10189 5556 8505 8731 14572 7383 20080 11820 17338 13108 15141 12310 11606 13836 9975 16704 16866 8128 13462
10994 12239 14577 8082 16807 4529 11792 13200 12204 10778 315 12436 3096 7920 17420 8359 14304 11393 11674 14795 18287 4502 14019 10711 8260 6472 5453 13424 17434 15014 13655 4473 17138 9522 11520 12650 16468 0 2766 13396 13192 12106 13143 8348 11989 3759 3304 16875 11098 6825 15928 18431 2439 10125 12729 10749 17098 13033 12637 17105 6092 18339 3386 14221 14531 11192 9885 11011 9477 13182 11555 12641 10377 9799 8643 17890 12075 14688 5611 4803 11420 2915 14275 14601 8370 13892 8769 14596 4877 8019 1257 10888 1491 9679 5845 7992 6613 4707 403 18624 10395
12493 10680 15571 8759 15924 6216 9791 14289 11842 13350 2867 12158 5632 5401 16696 10408 12232 9327 13216 13039 19136 3277 15110 9377 6411 9110 2786 13032 17089 14176 13524 3964 16364 11619 13916 14520 16110 2766 0 12975 13308 14443 13738 8888 12966 1120 4651 15230 11662 8287 14275 18122 3717 10505 14178 13055 15151 15453 10351 17937 3355 18446 620 14696 14162 10575 9355 12268 12102 11545 12311 12629 10106 11907 7420 17901 14133 14423 8337 5736 10296 4936 15671 13357 7627 12125 11026 13039 3976 5990 2279 8466 3439 11516 4595 5495 6200 1989 2934 19462 12430
8949 5699 7501 6375 4067 10306 8039 7430 1202 15748 13125 1116 12805 11033 4234 11207 8972 8386 9344 7189 9121 16221 7762 5101 8134 14238 12088 148 4115 2566 1468 9126 4072 11746 14621 11593 3136 13396 12975 0 2574 14478 4899 5911 6559 12361 10474 7539 4730 8962 7070 5151 15776 4449 9191 13553 9466 15700 9940 8168 13868 6019 12998 4655 1196 2471 3620 7771 15547 6122 5500 1996 3032 11893 6063 5306 12503 1588 14768 9008 3936 11534 9568 4305 5373 6983 12443 5983 16945 8861 14234 10538 12105 10389 8477 10907 6856 13588 13797 9324 11672
6711 7962 4933 5330 6214 9452 10163 4890 2506 13795 12894 2054 12017 12385 5978 9433 11381 10433 7010 9709 6931 16582 5190 6995 9528 12857 12951 2436 4752 5020 1249 9344 5975 9782 12502 9208 3958 13192 13308 2574 0 12281 2334 4953 4156 12889 10004 10109 2749 7673 9642 5585 15629 3161 6728 11477 12033 13467 12106 5869 14772 5163 13450 2177 2660 3983 4512 5537 13764 8520 3233 861 3440 9889 7329 4701 10216 2320 13565 8468 5977 10906 7008 6878 6198 9432 10617 8525 17257 10227 14189 12420 11776 8380 9152 12275 7142 14262 13576 7178 9573
5570 17825 9045 9206 18452 8467 19023 8000 13648 2653 11862 13449 9017 17820 18253 4341 21213 18949 5342 20375 12010 16551 8313 16140 16208 6082 16340 14382 16695 17039 13495 12396 18254 3209 772 3531 16093 12106 14443 14478 12281 0 10258 9618 8180 15003 10027 21555 9748 7259 20843 17255 13646 10262 6011 1399 22978 1261 20723 11282 17662 15396 15004 11262 14919 14071 13253 6747 3811 18745 9055 12537 12588 2948 14765 15504 2202 14598 7328 9707 15870 9508 6860 18299 13372 19737 3436 19471 16794 16524 13302 19833 11016 4249 13815 17807 12202 16389 12215 12305 2882
4762 10037 2702 5072 8456 8952 12103 2568 4622 12005 12832 4218 11458 13691 8082 7943 13525 12312 4918 11957 5503 16955 2868 8865 10954 11676 13844 4764 6442 7348 3563 9847 8138 8061 10558 7021 5846 13143 13738 4899 2334 10258 0 4866 2103 13502 9846 12438 2078 6841 11952 7060 15565 3279 4478 9595 14332 11399 14051 4319 15655 5700 13979 1193 4926 5886 6013 3661 12150 10679 1699 2984 4888 8120 8775 5554 8122 4495 12545 8345 7976 10549 4674 9191 7434 11622 9027 10798 17574 11608 14256 14140 11665 6655 10046 13597 7874 14960 13502 5808 7702
4903 8207 6786 478 9911 4520 9536 5637 4777 10314 8042 4801 7081 9583 10142 5678 11621 9536 5598 10777 10256 12091 6428 6533 7230 8340 9242 5879 9533 8216 5662 5062 9981 6508 9552 7677 8627 8348 8888 5911 4953 9618 4866 0 4248 8716 5092 12103 2789 3082 11331 10453 10785 1801 6176 8436 13387 10879 11344 9057 11012 10030 9155 5891 6832 4650 3663 4103 9890 9131 3443 4560 3208 6726 5379 9635 8075 6814 8861 3558 6274 5955 7418 8949 3903 10121 6929 9929 12708 7744 9422 10807 6894 5379 5583 9518 3408 10204 8720 10579 6748
2659 11086 2609 4254 10370 7573 12919 1395 5983 9903 11674 5668 9957 13744 10091 5942 14620 13045 2862 13272 6301 16076 2180 9688 11211 9780 13488 6442 8539 9105 5399 9269 10115 5977 8462 5056 7913 11989 12966 6559 4156 8180 2103 4248 0 12896 8702 14011 2155 5312 13437 9162 14355 3333 2649 7491 15757 9341 14839 5128 15250 7671 13288 3216 6817 6917 6644 1578 10078 11844 1160 4563 5615 6026 9145 7600 6075 6451 10728 7305 8992 9223 3397 10720 7686 12825 6975 12185 16639 11796 13171 14641 10498 4579 9816 13668 7623 14399 12319 6639 5599
12654 9716 15481 8646 15131 6613 8723 14251 11263 14069 3806 11606 6414 4283 15950 10854 11145 8248 13388 12013 18960 3909 15065 8494 5408 9905 1700 12428 16470 13409 13010 3659 15603 12072 14515 14834 15492 3759 1120 12361 12889 15003 13502 8716 12896 0 5023 14223 11442 8513 13269 17510 4827 10232 14298 13606 14080 16059 9238 17762 2661 17983 719 14402 13555 9921 8754 12326 12867 10555 12159 12170 9588 12362 6608 17404 14543 13852 9216 5861 9470 5534 15754 12468 6988 11099 11569 12062 4663 4942 3394 7347 4150 11844 3887 4376 5748 1516 3976 19279 12844
7900 10401 11299 4797 14143 1590 10583 9940 9273 9351 2991 9448 2614 8019 14627 5832 13079 10310 8611 13093 14993 7474 10762 8703 7156 5577 6314 10483 14406 12351 10567 2792 14386 7050 9581 9870 13458 3304 4651 10474 10004 10027 9846 5092 8702 5023 0 14968 7810 3677 14056 15376 5720 6887 9613 8628 15589 11125 11867 13808 7680 15118 5136 10935 11556 8475 7164 7795 8300 11393 8251 9512 7447 7340 6698 14704 9525 11652 5362 1537 9146 1196 11135 12314 5953 12240 6593 12652 7983 7213 4469 10497 1820 6867 4469 8034 4117 6477 3657 15329 7824
16202 4638 15010 12564 5047 15522 5738 14961 8041 22416 16701 8344 17581 10740 6201 17781 4125 6292 16688 2271 16062 17915 15299 6269 8821 19993 13074 7674 8516 5226 8925 12524 5802 18565 21579 18958 8115 16875 15230 7539 10109 21555 12438 12103 14011 14223 14968 0 12005 15043 955 9162 18822 11302 16660 20471 2308 22808 6432 15302 14359 11630 14941 12103 7743 7495 8469 15058 21936 3701 12895 9498 8979 18761 8315 10832 19737 8304 20160 13907 5957 16164 17106 3295 9084 3158 19031 2317 18683 9301 17225 8293 16046 17324 11031 10596 10877 14811 17256 16190 18678
4232 8935 4276 3016 8730 7010 10772 3439 3970 11104 10788 3721 9554 11840 8643 6688 12470 10908 4684 11162 7525 14877 4105 7536 9203 10138 11838 4635 7494 7293 3846 7783 8593 7087 9903 6953 6706 11098 11662 4730 2749 9748 2078 2789 2155 11442 7810 12005 0 5038 11388 8293 13527 1298 4739 8846 13675 10970 12696 6330 13639 7444 11909 3125 5246 4777 4502 3065 11026 9705 1004 2810 3460 7213 7084 7148 7790 5013 10893 6295 6842 8568 5541 8711 5658 10690 7883 10102 15497 9820 12195 12558 9627 5702 8065 11755 5873 12909 11461 7841 6954
4222 10900 7832 2605 12985 2307 11850 6423 7849 7467 6512 7846 4653 10685 13177 2960 14139 11740 4936 13560 11586 11143 7233 9158 8948 5277 9553 8920 12395 11297 8564 5335 13034 4053 7022 6347 11534 6825 8287 8962 7673 7259 6841 3082 5312 8513 3677 15043 5038 0 14231 13258 9115 4606 5938 5931 16170 8484 13494 10429 11114 12460 8730 8016 9822 7681 6579 4194 6894 11868 5147 7449 6274 4325 7587 12186 6236 9743 5895 2687 9118 3961 7469 11961 6274 12834 4129 12811 11630 9276 8055 12575 5356 3416 6607 10658 4952 10015 7123 11927 4610
15550 3696 14570 11785 5097 14643 4825 14441 7454 21636 15755 7789 16670 9818 6299 17005 3433 5385 16061 1372 15831 16969 14820 5353 7866 19129 12129 7211 8507 4941 8499 11588 5875 17818 20845 18330 8006 15928 14275 7070 9642 20843 11952 11331 13437 13269 14056 955 11388 14231 0 9238 17868 10619 16084 19733 2415 22100 5655 15017 13432 11580 13987 11698 7409 6773 7677 14421 21124 2749 12304 8982 8255 18022 7386 10774 19067 7986 19272 13021 5117 15252 16600 2765 8200 2225 18251 1427 17737 8350 16271 7446 15110 16602 10084 9673 9978 13867 16307 15978 17962
11819 9768 8513 10862 4142 14973 12172 9285 6287 19064 18149 6007 17532 15929 2961 14899 12243 12634 11923 10052 7797 21372 9139 9802 13070 18430 17187 5090 1044 4879 4813 14249 3369 15107 17594 13877 2018 18431 18122 5151 5585 17255 7060 10453 9162 17510 15376 9162 8293 13258 9238 0 20839 8703 11299 16649 11466 18349 13862 7459 18944 2766 18149 5994 3960 7596 8769 10717 19175 9754 8554 5896 8078 15175 11117 2127 15080 3743 19150 13861 8602 16357 10937 7091 10522 10290 16035 8854 22094 13793 19322 14931 17084 13698 13624 15794 11974 18720 18828 7812 14761
13200 14219 16925 10512 19087 6810 13482 15531 14590 11953 2743 14836 4837 9077 19746 10286 15940 13029 13852 16668 20655 3249 16345 12793 10040 7655 6413 15809 19835 17302 16076 6725 19450 11377 12990 14626 18866 2439 3717 15776 15629 13646 15565 10785 14355 4827 5720 18822 13527 9115 17868 20839 0 12564 14938 12357 18840 14438 14065 19480 6353 20777 4181 16651 16923 13521 12226 13308 10563 15123 13962 15070 12770 11639 10754 20326 13914 17096 6533 7234 13595 5154 16493 16743 10644 15755 10487 16587 3249 9671 1611 12159 3901 11726 7893 9179 8946 5069 2066 20994 12284
4955 7910 5573 2169 8514 6292 9622 4681 3447 11342 9821 3342 8857 10542 8609 6766 11435 9728 5521 10270 8775 13748 5379 6417 7918 9867 10571 4388 7810 6922 3960 6584 8493 7369 10325 7770 6932 10125 10505 4449 3161 10262 3279 1801 3333 10232 6887 11302 1298 4606 10619 8703 12564 0 5772 9230 12833 11511 11528 7584 12378 8232 10724 4191 5228 3865 3353 3875 11101 8737 2244 2845 2422 7538 5821 7834 8449 5137 10493 5351 5837 7754 6725 8037 4377 9732 8009 9278 14388 8529 11174 11311 8682 6061 6784 10457 4601 11684 10502 9084 7396
1738 13654 3077 6005 12922 8203 15386 2014 8631 8136 12419 8316 10211 15735 12557 5167 17186 15472 1137 15898 6491 17082 2326 12188 13392 9105 15130 9071 10807 11724 7977 10825 12617 4665 6446 2580 10289 12729 14178 9191 6728 6011 4478 6176 2649 14298 9613 16660 4739 5938 16084 11299 14938 5772 0 5652 18397 7058 17279 5549 16810 9386 14585 5345 9376 9514 9124 2076 8628 14441 3784 7197 8155 4589 11440 9499 3811 8967 10239 8456 11565 9824 1557 13369 9954 15427 5821 14824 17562 13919 13971 16928 11279 3544 11671 15675 9553 15814 13005 6822 3962
4833 16628 8729 8006 17576 7069 17748 7539 12659 2484 10499 12493 7670 16437 17451 2983 19977 17657 4781 19213 11978 15212 7975 14923 14871 4907 14941 13465 16025 16097 12661 11011 17425 1932 1116 3503 15366 10749 13055 13553 11477 1399 9595 8436 7491 13606 8628 20471 8846 5931 19733 16649 12357 9230 5652 0 21823 2561 19420 11141 16266 14963 13613 10669 14077 12976 12094 5967 3165 17563 8248 11655 11492 1712 13484 15001 2185 13796 6174 8327 14709 8119 6765 17242 12115 18550 2038 18345 15475 15171 11956 18488 9634 3172 12448 16426 10883 14997 10870 12291 1905
17785 5290 16966 13825 7341 16346 5361 16799 9787 23627 16961 10143 18190 10193 8505 19021 3017 5836 18323 2613 18236 17548 17199 7044 8843 20874 12736 9609 10801 7347 10905 12960 8102 19896 22938 20587 10360 17098 15151 9466 12033 22978 14332 13387 15757 14080 15589 2308 13675 16170 2415 11466 18840 12833 18397 21823 0 24239 5320 17431 13786 13905 14781 14105 9824 8968 9730 16677 23031 4306 14614 11352 10429 20112 8912 13103 21270 10401 20908 14705 7114 16776 18963 5168 9964 3371 20254 3573 18302 9169 17283 7366 16447 18728 11347 10057 11633 14439 17457 18378 20096
6766 19086 10029 10466 19656 9586 20273 9068 14886 2753 12803 14679 9937 18986 19430 5543 22471 20194 6484 21636 12793 17427 9316 17399 17429 6792 17437 15601 17820 18263 14690 13560 19441 4447 1544 4500 17243 13033 15453 15700 13467 1261 11399 10879 9341 16059 11125 22808 10970 8484 22100 18349 14438 11511 7058 2561 24239 0 21963 12143 18710 16408 16026 12369 16115 15327 14514 7946 4135 20007 10252 13748 13845 4194 16013 16553 3277 15780 7986 10882 17131 10535 7749 19549 14625 20998 4547 20729 17630 17733 14201 21048 12015 5510 15008 18977 13434 17416 13115 13073 4142
16218 4253 16733 11675 9992 12984 1948 16127 9602 20814 12559 10059 14319 5070 11181 16453 2364 1811 16881 4327 18998 12420 16732 5191 4718 17426 7723 10082 12938 8997 11335 9076 10739 17517 20516 19017 12171 12637 10351 9940 12106 20723 14051 11344 14839 9238 11867 6432 12696 13494 5655 13862 14065 11528 17279 19420 5320 21963 0 17971 8563 15684 9898 14272 10828 8176 8195 15287 19969 4108 13699 11262 9257 17775 5985 14896 19383 11388 17197 11396 6129 12973 18235 6810 7443 3721 17589 5232 13157 4703 12591 2066 12288 16599 7398 4948 8546 9352 12955 19221 17939
6941 13796 2653 9184 10564 12701 16031 4088 8369 13611 16790 7911 15057 17983 9743 10558 17140 16302 6602 15315 1199 21109 3365 12860 15207 14516 18155 8021 7435 10090 6708 14103 9983 10196 11826 7759 7403 17105 17937 8168 5869 11282 4319 9057 5128 17762 13808 15302 6330 10429 15017 7459 19480 7584 5549 11141 17431 12143 17971 0 19962 4855 18212 3733 7613 9843 10204 6362 14172 14286 5627 6722 9078 10134 13011 5340 9120 7032 15577 12374 11843 14352 4422 12306 11718 15150 11339 14083 21697 15877 18273 18260 15614 8977 14363 17885 12185 19236 17440 1526 9510
15200 10204 17795 11005 16114 9269 8628 16628 12870 16677 6215 13261 8975 3624 17060 13511 10770 8083 15938 12089 21153 3940 17430 9368 6012 12461 1822 13956 17901 14500 14716 6005 16676 14730 17168 17453 16939 6092 3355 13868 14772 17662 15655 11012 15250 2661 7680 14359 13639 11114 13432 18944 6353 12378 16810 16266 13786 18710 8563 19962 0 19727 2741 16465 15057 11398 10387 14801 15446 10880 14431 13993 11359 15020 7827 19090 17193 15426 11688 8437 10494 8177 18232 13175 8617 11207 14228 12408 4638 5339 5340 6505 6745 14474 5637 3767 7781 1387 6207 21462 15496
10226 11454 6384 10361 6594 14442 13865 7427 6877 17433 18039 6470 16994 17035 5525 13608 14322 14267 10182 12221 5064 21723 7093 11101 14134 17375 17919 5903 3127 6811 5011 14486 5874 13613 15821 11909 3599 18339 18446 6019 5163 15396 5700 10030 7671 17983 15118 11630 7444 12460 11580 2766 20777 8232 9386 14963 13905 16408 15684 4855 19727 0 18565 4509 4934 8411 9340 9243 17720 11637 7380 5819 8405 13634 12014 809 13195 4436 18236 13582 9914 15965 8752 9152 11113 12314 14641 10981 22406 14858 19349 16488 16908 12233 14174 16912 12256 19314 18720 5059 13133
12915 10435 15885 9055 15824 6717 9427 14627 11887 13948 3487 12220 6237 4896 16631 10933 11837 8947 13643 12728 19411 3233 15445 9204 6127 9720 2241 13062 17111 14095 13610 4142 16288 12147 14488 15003 16133 3386 620 12998 13450 15004 13979 9155 13288 719 5136 14941 11909 8730 13987 18149 4181 10724 14585 13613 14781 16026 9898 18212 2741 18565 0 14908 14191 10571 9384 12647 12708 11273 12593 12747 10187 12435 7301 18000 14649 14475 8956 6129 10169 5496 16063 13179 7628 11815 11580 12781 3977 5655 2832 7978 4024 12001 4543 4997 6311 1392 3545 19733 12946
5850 10139 2940 6140 7809 10096 12327 3340 4679 13103 13912 4230 12617 14312 7298 9117 13551 12584 5929 11840 4845 17938 3371 9137 11505 12867 14646 4509 5461 6907 3201 10766 7406 9193 11602 7923 4973 14221 14696 4655 2177 11262 1193 5891 3216 14402 10935 12103 3125 8016 11698 5994 16651 4191 5345 10669 14105 12369 14272 3733 16465 4509 14908 0 4397 6119 6487 4792 13293 10690 2886 3010 5366 9239 9304 4387 9095 3884 13738 9419 8145 11677 5242 8938 8054 11592 10182 10638 18573 12185 15311 14528 12752 7794 10831 14210 8702 15836 14586 5117 8792
9351 6577 7333 7280 3554 11302 8969 7493 2337 16350 14256 2108 13829 12183 3406 11889 9669 9352 9668 7733 8468 17413 7703 6174 9289 15093 13281 1130 2929 2521 1424 10298 3348 12333 15119 11868 1951 14531 14162 1196 2660 14919 4926 6832 6817 13555 11556 7743 5246 9822 7409 3960 16923 5228 9376 14077 9824 16115 10828 7613 15057 4934 14191 4397 0 3664 4809 8173 16238 6871 5865 2449 4154 12457 7243 4189 12871 587 15684 10068 4982 12589 9559 4696 6568 7653 13105 6491 18134 10016 15391 11557 13218 10946 9672 12055 8024 14784 14930 8639 12178
8818 4187 8581 5122 5668 8580 6227 8098 1570 14949 10936 2022 10954 8630 6229 10313 7714 6467 9367 6412 10915 13801 8636 3017 5730 12836 9617 2559 6554 3875 3471 6809 5950 11071 14084 11626 5579 11192 10575 2471 3983 14071 5886 4650 6917 9921 8475 7495 4777 7681 6773 7596 13521 3865 9514 12976 8968 15327 8176 9843 11398 8411 10571 6119 3664 0 1316 7719 14537 4929 5757 3124 1484 11266 3608 7731 12308 4034 13195 7112 2100 9606 10255 4300 2948 5914 11567 5416 14533 6452 11950 8440 9984 9833 6034 8509 4580 11125 11594 11160 11191
8218 4616 8628 4111 6983 7319 6277 7938 2512 13959 9627 2879 9659 7873 7537 9329 8113 6406 8829 7123 11331 12604 8566 3064 5026 11644 8581 3679 7734 5188 4328 5530 7264 10169 13209 11046 6755 9885 9355 3620 4512 13253 6013 3663 6644 8754 7164 8469 4502 6579 7677 8769 12226 3353 9124 12094 9730 14514 8195 10204 10387 9340 9384 6487 4809 1316 0 7195 13470 5502 5505 3679 1129 10383 2824 8710 11608 5100 11954 5820 2617 8302 10040 5405 1782 6498 10575 6269 13325 5719 10663 8131 8668 9004 4881 7764 3280 10017 10287 11602 10374
1181 11782 3715 3931 11709 6500 13415 2280 7033 8351 10697 6784 8737 13660 11514 4389 15301 13477 1648 14131 7478 15261 3063 10254 11326 8275 13099 7668 10064 10337 6748 8801 11508 4403 6971 3911 9399 11011 12268 7771 5537 6747 3661 4103 1578 12326 7795 15058 3065 4194 14421 10717 13308 3875 2076 5967 16677 7946 15287 6362 14801 9243 12647 4792 8173 7719 7195 0 8500 12611 2308 5805 6296 4459 9402 9178 4732 7856 9269 6533 9712 8155 3432 11767 7915 13606 5399 13110 15778 11847 12231 14879 9533 3002 9602 13600 7477 13842 11315 7820 4064
7498 17745 11668 9416 19614 6998 18483 10380 14525 1422 9293 14442 6471 16314 19644 4349 20871 18299 7635 20427 15061 13679 10911 15994 15269 3005 14401 15481 18462 18008 14863 11026 19562 4107 3039 6658 17719 9477 12102 15547 13764 3811 12150 9890 10078 12867 8300 21936 11026 6894 21124 19175 10563 11101 8628 3165 23031 4135 19969 14172 15446 17720 12708 13293 16238 14537 13470 8500 0 18725 10626 13789 13094 4097 14280 17678 5350 16037 4030 8574 16009 7419 9859 18833 13079 19677 3148 19702 13802 15427 10547 18748 8717 5499 12644 16331 11539 14091 9485 15381 4670
13679 996 13377 9557 5932 12072 2563 13002 6062 19329 13012 6486 14005 7315 7101 14733 2861 3102 14258 1715 15242 14302 13499 2745 5147 16591 9482 6270 8835 4894 7578 8866 6661 15632 18679 16502 8089 13182 11545 6122 8520 18745 10679 9131 11844 10555 11393 3701 9705 11868 2749 9754 15123 8737 14441 17563 4306 20007 4108 14286 10880 11637 11273 10690 6871 4929 5502 12611 18725 0 10685 7731 6315 15855 4696 10840 17105 7449 16666 10435 2905 12587 15166 2726 5663 997 15961 1531 15072 5671 13524 5396 12387 14499 7340 7168 7366 11219 13560 15439 15869
3487 9927 3381 3557 9404 7287 11775 2444 4856 10587 11242 4561 9776 12757 9211 6349 13461 11910 3845 12119 6825 15485 3138 8539 10161 10008 12644 5391 7841 8062 4441 8504 9201 6587 9269 6096 7133 11555 12311 5500 3233 9055 1699 3443 1160 12159 8251 12895 1004 5147 12304 8554 13962 2244 3784 8248 14614 10252 13699 5627 14431 7380 12593 2886 5865 5757 5505 2308 10626 10685 0 3516 4462 6680 8062 7191 7020 5553 10857 6779 7832 8902 4538 9601 6620 11666 7482 11041 16080 10765 12695 13545 10069 5178 8909 12676 6710 13646 11904 7152 6343
6985 7142 5660 4978 5922 9079 9317 5465 1678 13908 12350 1245 11636 11548 5855 9441 10587 9580 7359 8975 7791 15906 5849 6138 8682 12699 12175 1880 4975 4549 1115 8672 5788 9892 12709 9601 4087 12641 12629 1996 861 12537 2984 4560 4563 12170 9512 9498 2810 7449 8982 5896 15070 2845 7197 11655 11352 13748 11262 6722 13993 5819 12747 3010 2449 3124 3679 5805 13789 7731 3516 0 2636 10022 6486 5284 10532 2296 13338 7986 5135 10468 7619 6229 5393 8659 10656 7813 16593 9385 13600 11560 11254 8511 8391 11436 6437 13520 13031 8039 9762
7372 5500 7516 3685 6817 7359 7323 6873 1832 13479 10102 2071 9817 8966 7197 8846 9031 7482 7943 7854 10209 13378 7478 4080 6140 11487 9541 3051 7066 5070 3423 6186 6980 9589 12600 10191 6095 10377 10106 3032 3440 12588 4888 3208 5615 9588 7447 8979 3460 6274 8255 8078 12770 2422 8155 11492 10429 13845 9257 9078 11359 8405 10187 5366 4154 1484 1129 6296 13094 6315 4462 2636 0 9783 3939 7816 10841 4342 11913 5997 3418 8522 8999 5769 2759 7310 10101 6890 14082 6824 11245 9253 9074 8349 5771 8860 3914 10909 10776 10482 9708
3408 14923 7589 6299 15932 5752 16079 6284 10976 3908 9525 10822 6820 14954 15847 1509 18286 16002 3551 17503 11074 14301 6833 13224 13270 4747 13605 11810 14507 14427 11049 9546 15805 290 2826 3120 13813 9799 11907 11893 9889 2948 8120 6726 6026 12362 7340 18761 7213 4325 18022 15175 11639 7538 4589 1712 20112 4194 17775 10134 15020 13634 12435 9239 12457 11266 10383 4459 4097 15855 6680 10022 9783 0 11819 13613 2281 12199 5978 6848 12998 7007 5938 15537 10433 16843 1320 16633 14634 13600 11042 16899 8555 1511 10912 14936 9258 13800 9973 11402 711
10277 3707 11323 5694 8524 7452 4265 10502 5142 15010 8446 5567 9310 5065 9358 10540 6592 4191 10959 6395 14147 10516 11189 2071 2202 11984 6079 6159 10074 6807 7035 4220 9002 11567 14589 13055 9113 8643 7420 6063 7329 14765 8775 5379 9145 6608 6698 8315 7084 7587 7386 11117 10754 5821 11440 13484 8912 16013 5985 13011 7827 12014 7301 9304 7243 3608 2824 9402 14280 4696 8062 6486 3939 11819 0 11339 13397 7639 11995 5809 2876 7891 12520 5989 1488 5550 11713 6005 11271 2899 9143 5500 7737 10617 2866 4951 2750 7668 9035 14421 11962
10212 10672 6581 9990 5803 14098 13087 7505 6221 17455 17594 5831 16660 16338 4755 13497 13516 13495 10226 11413 5680 21177 7254 10362 13438 17196 17289 5197 2347 6005 4397 13950 5092 13575 15895 12056 2790 17890 17901 5306 4701 15504 5554 9635 7600 17404 14704 10832 7148 12186 10774 2127 20326 7834 9499 15001 13103 16553 14896 5340 19090 809 18000 4387 4189 7731 8710 9178 17678 10840 7191 5284 7816 13613 11339 0 13309 3718 18015 13167 9169 15588 8990 8345 10490 11510 14570 10173 21870 14164 18874 15727 16478 12179 13570 16213 11701 18713 18276 5707 13144
3557 16221 6844 7715 16419 7937 17604 5809 11745 4541 11799 11511 9101 16915 16166 3734 19681 17583 3213 18689 9895 16578 6111 14590 15030 6813 15722 12399 14543 15069 11447 11564 16186 2554 2706 1368 13968 12075 14133 12503 10216 2202 8122 8075 6075 14543 9525 19737 7790 6236 19067 15080 13914 8449 3811 2185 21270 3277 19383 9120 17193 13195 14649 9095 12871 12308 11608 4732 5350 17105 7020 10532 10841 2281 13397 13309 0 12522 8077 8883 14205 9262 4702 16456 11949 18102 3471 17725 16915 15423 13320 18668 10812 2841 12821 16886 10999 16002 12252 10199 1703
9029 7135 6824 7247 3964 11319 9518 7051 2589 16102 14407 2272 13863 12621 3658 11694 10252 9892 9311 8320 7881 17686 7222 6668 9722 14994 13638 1482 2754 3077 1185 10524 3665 12086 14822 11485 1816 14688 14423 1588 2320 14598 4495 6814 6451 13852 11652 8304 5013 9743 7986 3743 17096 5137 8967 13796 10401 15780 11388 7032 15426 4436 14475 3884 587 4034 5100 7856 16037 7449 5553 2296 4342 12199 7639 3718 12522 0 15628 10146 5487 12655 9086 5280 6877 8238 12895 7078 18399 10448 15582 12079 13347 10689 9980 12496 8250 15111 15085 8052 11892
8655 15670 12929 8405 18723 4652 15946 11503 13615 5425 5473 13661 2914 13027 19001 5072 18439 15669 9106 18377 16635 9666 12215 13939 12502 1270 10845 14739 18291 16983 14453 8130 18832 5787 6615 9094 17425 5611 8337 14768 13565 7328 12545 8861 10728 9216 5362 20160 10893 5895 19272 19150 6533 10493 10239 6174 20908 7986 17197 15577 11688 18236 8956 13738 15684 13195 11954 9269 4030 16666 10857 13338 11913 5978 11995 18015 8077 15628 0 6253 14236 4224 11729 17319 11076 17544 4665 17852 9773 12511 6592 15730 5145 6695 9814 13067 9303 10309 5562 16974 6688
6795 9439 9913 3279 12759 1643 9932 8590 7809 9446 4493 7963 3842 8114 13194 5373 12363 9730 7528 12149 13566 8774 9414 7698 6706 6175 6867 9011 12898 10977 9048 2698 12968 6562 9364 9034 11956 4803 5736 9008 8468 9707 8345 3558 7305 5861 1537 13907 6295 2687 13021 13861 7234 5351 8456 8327 14705 10882 11396 12374 8437 13582 6129 9419 10068 7112 5820 6533 8574 10435 6779 7986 5997 6848 5809 13167 8883 10146 6253 0 7991 2526 9938 11106 4823 11334 6357 11600 9335 6915 5917 10249 3338 6090 4148 8101 3072 7372 5168 13899 7221
10774 2095 10675 6715 5672 9587 4188 10193 3473 16544 11204 3932 11739 7332 6568 11923 5628 4484 11357 4506 12879 13373 10735 1204 4511 14039 8821 4068 7576 4007 5252 6950 6191 12782 15824 13598 6664 11420 10296 3936 5977 15870 7976 6274 8992 9470 9146 5957 6842 9118 5117 8602 13595 5837 11565 14709 7114 17131 6129 11843 10494 9914 10169 8145 4982 2100 2617 9712 16009 2905 7832 5135 3418 12998 2876 9169 14205 5487 14236 7991 0 10333 12347 3191 3193 3902 13164 3694 14132 5223 11986 6602 10403 11621 5731 7196 5030 10469 11817 13109 12990
8087 11595 11779 5604 15267 1657 11738 10379 10335 8562 2612 10485 1419 8934 15717 5528 14242 11450 8762 14286 15520 7372 11192 9899 8278 4568 6998 11536 15404 13479 11544 3908 15488 6722 8995 9767 14469 2915 4936 11534 10906 9508 10549 5955 9223 5534 1196 16164 8568 3961 15252 16357 5154 7754 9824 8119 16776 10535 12973 14352 8177 15965 5496 11677 12589 9606 8302 8155 7419 12587 8902 10468 8522 7007 7891 15588 9262 12655 4224 2526 10333 0 11374 13495 7140 13431 6090 13847 7785 8291 4168 11536 1550 6780 5591 8961 5306 6884 3181 15859 7566
3293 14440 2425 7309 13038 9747 16313 2169 9187 9216 13964 8820 11768 17000 12534 6665 17970 16442 2675 16536 5213 18609 1871 13077 14551 10569 16525 9436 10578 12015 8229 12231 12648 6052 7408 3338 10189 14275 15671 9568 7008 6860 4674 7418 3397 15754 11135 17106 5541 7469 16600 10937 16493 6725 1557 6765 18963 7749 18235 4422 18232 8752 16063 5242 9559 10255 10040 3432 9859 15166 4538 7619 8999 5938 12520 8990 4702 9086 11729 9938 12347 11374 0 13847 11050 16136 7220 15408 19099 15113 15514 18020 12819 5042 12983 16932 10825 17270 14554 5527 5264
12914 3035 11805 9420 3208 12668 5263 11693 4747 19247 14388 5055 14893 9732 4377 14613 5182 5781 13395 3082 13158 16335 12059 3980 7202 17046 11627 4446 6217 2345 5737 10135 3936 15349 18345 15665 5556 14601 13357 4305 6878 18299 9191 8949 10720 12468 12314 3295 8711 11961 2765 7091 16743 8037 13369 17242 5168 19549 6810 12306 13175 9152 13179 8938 4696 4300 5405 11767 18833 2726 9601 6229 5769 15537 5989 8345 16456 5280 17319 11106 3191 13495 13847 0 6364 3202 15867 1834 17102 7842 15132 8095 13594 14083 8853 9586 8204 13335 14996 13320 15429
8794 4674 9921 4234 8445 6443 5662 9052 4291 13737 8133 4660 8546 6265 9120 9201 7871 5638 9473 7375 12875 10856 9756 2920 3546 10941 6806 5441 9484 6658 6103 3919 8812 10188 13225 11579 8505 8370 7627 5373 6198 13372 7434 3903 7686 6988 5953 9084 5658 6274 8200 10522 10644 4377 9954 12115 9964 14625 7443 11718 8617 11113 7628 8054 6568 2948 1782 7915 13079 5663 6620 5393 2759 10433 1488 10490 11949 6877 11076 4823 3193 7140 11050 6364 0 6601 10400 6778 11586 4178 9055 6978 7265 9190 3106 6167 1840 8236 8771 13159 10544
14675 1934 14315 10544 6312 12976 2610 13969 7000 20298 13736 7414 14847 7594 7516 15710 2018 3172 15253 914 16081 14762 14454 3683 5719 17503 9919 7131 9417 5510 8448 9653 7073 16619 19666 17498 8731 13892 12125 6983 9432 19737 11622 10121 12825 11099 12240 3158 10690 12834 2225 10290 15755 9732 15427 18550 3371 20998 3721 15150 11207 12314 11815 11592 7653 5914 6498 13606 19677 997 11666 8659 7310 16843 5550 11510 18102 8238 17544 11334 3902 13431 16136 3202 6601 0 16935 1512 15529 6163 14169 5320 13162 15492 8078 7448 8262 11656 14263 16269 16862
4473 15003 8752 6468 16508 5042 15973 7399 11451 3385 8510 11346 5720 14445 16510 1255 18268 15851 4737 17641 12311 13254 8002 13270 12981 3427 12907 12373 15315 14931 11723 9021 16437 1168 3013 4429 14572 8769 11026 12443 10617 3436 9027 6929 6975 11569 6593 19031 7883 4129 18251 16035 10487 8009 5821 2038 20254 4547 17589 11339 14228 14641 11580 10182 13105 11567 10575 5399 3148 15961 7482 10656 10101 1320 11713 14570 3471 12895 4665 6357 13164 6090 7220 15867 10400 16935 0 16842 13548 13248 9992 16575 7614 2419 10499 14439 9045 12963 8911 12643 2031
14225 2368 13455 10380 4823 13219 3975 13241 6223 20225 14415 6591 15265 8835 6034 15597 3390 4534 14755 1250 14959 15827 13661 3953 6658 17703 11011 6129 8015 4178 7444 10221 5591 16426 19458 17021 7383 14596 13039 5983 8525 19471 10798 9929 12185 12062 12652 2317 10102 12811 1427 8854 16587 9278 14824 18345 3573 20729 5232 14083 12408 10981 12781 10638 6491 5416 6269 13110 19702 1531 11041 7813 6890 16633 6005 10173 17725 7078 17852 11600 3694 13847 15408 1834 6778 1512 16842 0 16597 7197 14983 6767 13741 15225 8752 8688 8563 12748 14979 15128 16588
15834 14283 19247 12528 19795 9365 13026 17909 15817 15184 5174 16134 7829 8117 20608 13216 15298 12505 16525 16433 22892 770 18732 13139 9955 10869 5610 17004 21060 18071 17497 7921 20264 14361 16160 17523 20080 4877 3976 16945 17257 16794 17574 12708 16639 4663 7983 18683 15497 11630 17737 22094 3249 14388 17562 15475 18302 17630 13157 21697 4638 22406 3977 18573 18134 14533 13325 15778 13802 15072 16080 16593 14082 14634 11271 21870 16915 18399 9773 9335 14132 7785 19099 17102 11586 15529 13548 16597 0 9401 3620 11113 6287 14555 8515 8250 10172 3877 4666 23223 15247
12592 4910 14092 7953 10786 8432 3812 13178 8009 16355 7916 8444 9622 2178 11759 12190 6297 3380 13309 7075 17023 8632 13903 4058 727 12789 3819 8967 12758 9207 9910 4424 11366 13326 16236 15268 11820 8019 5990 8861 10227 16524 11608 7744 11796 4942 7213 9301 9820 9276 8350 13793 9671 8529 13919 15171 9169 17733 4703 15877 5339 14858 5655 12185 10016 6452 5719 11847 15427 5671 10765 9385 6824 13600 2899 14164 15423 10448 12511 6915 5223 8291 15113 7842 4178 6163 13248 7197 9401 0 8118 3333 7589 12584 2783 2059 4446 5553 8358 17301 13862
12238 12615 15768 9185 17493 5768 11930 14402 13055 11880 1557 13315 4286 7677 18168 9609 14406 11490 12922 15081 19460 3263 15223 11182 8461 7550 5060 14271 18311 15712 14585 5143 17867 10766 12700 13905 17338 1257 2279 14234 14189 13302 14256 9422 13171 3394 4469 17225 12195 8055 16271 19322 1611 11174 13971 11956 17283 14201 12591 18273 5340 19349 2832 15311 15391 11950 10663 12231 10547 13524 12695 13600 11245 11042 9143 18874 13320 15582 6592 5917 11986 4168 15514 15132 9055 14169 9992 14983 3620 8118 0 10733 2699 10935 6282 7769 7386 3969 1088 19795 11644
15707 5171 16754 11072 11298 11758 2835 15989 9977 19687 10839 10439 12821 3089 12437 15505 4368 2317 16405 6078 19349 10383 16659 5462 3638 16071 5762 10670 13952 10066 11827 7727 12004 16628 19558 18441 13108 10888 8466 10538 12420 19833 14140 10807 14641 7347 10497 8293 12558 12575 7446 14931 12159 11311 16928 18488 7366 21048 2066 18260 6505 16488 7978 14528 11557 8440 8131 14879 18748 5396 13545 11560 9253 16899 5500 15727 18668 12079 15730 10249 6602 11536 18020 8095 6978 5320 16575 6767 11113 3333 10733 0 10691 15839 6112 2981 7671 7340 11181 19598 17137
9548 11416 13087 6612 15639 3078 11241 11713 10906 9932 1176 11113 2274 7898 16195 7078 13764 10893 10239 14048 16795 5842 12533 9802 7705 5759 5723 12125 16099 13842 12288 3522 15931 8270 10480 11308 15141 1491 3439 12105 11776 11016 11665 6894 10498 4150 1820 16046 9627 5356 15110 17084 3901 8682 11279 9634 16447 12015 12288 15614 6745 16908 4024 12752 13218 9984 8668 9533 8717 12387 10069 11254 9074 8555 7737 16478 10812 13347 5145 3338 10403 1550 12819 13594 7265 13162 7614 13741 6287 7589 2699 10691 0 8315 5101 7945 5449 5416 1837 17132 9116
2061 13584 6363 4981 14424 5305 14852 4990 9488 5414 9383 9324 6906 14080 14336 1624 16995 14808 2415 16126 9987 14152 5621 11911 12200 5567 12953 10304 13014 12929 9538 8750 14294 1410 4264 3005 12310 9679 11516 10389 8380 4249 6655 5379 4579 11844 6867 17324 5702 3416 16602 13698 11726 6061 3544 3172 18728 5510 16599 8977 14474 12233 12001 7794 10946 9833 9004 3002 5499 14499 5178 8511 8349 1511 10617 12179 2841 10689 6695 6090 11621 6780 5042 14083 9190 15492 2419 15225 14555 12584 10935 15839 8315 0 9981 14049 8168 13327 9905 10323 1370
10212 6394 12290 5677 11332 5649 6171 11210 7393 13576 5672 7749 6964 4115 12104 9473 8689 5863 10946 8972 15548 7775 11987 4901 2689 10032 3816 8546 12584 9582 9175 1683 11769 10633 13499 12774 11606 5845 4595 8477 9152 13815 10046 5583 9816 3887 4469 11031 8065 6607 10084 13624 7893 6784 11671 12448 11347 15008 7398 14363 5637 14174 4543 10831 9672 6034 4881 9602 12644 7340 8909 8391 5771 10912 2866 13570 12821 9980 9814 4148 5731 5591 12983 8853 3106 8078 10499 8752 8515 2783 6282 6112 5101 9981 0 4075 2200 5143 6227 15852 11216
14262 6565 16031 9671 12642 9449 4862 15060 10068 17373 7969 10503 10157 147 13663 13472 7049 4316 14992 8325 19040 7501 15805 6004 2779 13528 2784 11016 14764 11132 11969 5418 13258 14653 17452 16848 13836 7992 5495 10907 12275 17807 13597 9518 13668 4376 8034 10596 11755 10658 9673 15794 9179 10457 15675 16426 10057 18977 4948 17885 3767 16912 4997 14210 12055 8509 7764 13600 16331 7168 12676 11436 8860 14936 4951 16213 16886 12496 13067 8101 7196 8961 16932 9586 6167 7448 14439 8688 8250 2059 7769 2981 7945 14049 4075 0 6122 4410 8265 19322 15267
8164 6370 10090 3549 10203 4714 6955 9017 5689 12302 6362 5979 6717 6183 10809 7910 9335 6808 8888 9080 13375 9476 9791 4636 4033 9244 5971 6899 10952 8408 7325 2275 10525 8993 11974 10822 9975 6613 6200 6856 7142 12202 7874 3408 7623 5748 4117 10877 5873 4952 9978 11974 8946 4601 9553 10883 11633 13434 8546 12185 7781 12256 6311 8702 8024 4580 3280 7477 11539 7366 6710 6437 3914 9258 2750 11701 10999 8250 9303 3072 5030 5306 10825 8204 1840 8262 9045 8563 10172 4446 7386 7671 5449 8168 2200 6122 0 7145 7016 13682 9471
14167 10456 16978 10147 16139 8065 9150 15758 12527 15337 4837 12890 7621 4284 17017 12295 11442 8631 14900 12558 20433 3114 16571 9413 6141 11099 1738 13664 17677 14460 14318 5142 16653 13511 15877 16322 16704 4707 1989 13588 14262 16389 14960 10204 14399 1516 6477 14811 12909 10015 13867 18720 5069 11684 15814 14997 14439 17416 9352 19236 1387 19314 1392 15836 14784 11125 10017 13842 14091 11219 13646 13520 10909 13800 7668 18713 16002 15111 10309 7372 10469 6884 17270 13335 8236 11656 12963 12748 3877 5553 3969 7340 5416 13327 5143 4410 7145 0 4821 20750 14300
11268 12620 14900 8446 17209 4819 12141 13517 12604 10808 682 12834 3199 8188 17823 8551 14649 11735 11940 15167 18619 4344 14334 11101 8616 6483 5676 13824 17831 15416 14049 4872 17541 9698 11613 12861 16866 403 2934 13797 13576 12215 13502 8720 12319 3976 3657 17256 11461 7123 16307 18828 2066 10502 13005 10870 17457 13115 12955 17440 6207 18720 3545 14586 14930 11594 10287 11315 9485 13560 11904 13031 10776 9973 9035 18276 12252 15085 5562 5168 11817 3181 14554 14996 8771 14263 8911 14979 4666 8358 1088 11181 1837 9905 6227 8265 7016 4821 0 18956 10582
8319 15008 4107 10709 11304 14206 17292 5540 9647 14732 18309 9184 16542 19422 10374 11926 18276 17588 7919 16372 342 22635 4776 14165 16622 15885 19652 9178 7985 11038 7892 15620 10662 11486 12897 8832 8128 18624 19462 9324 7178 12305 5808 10579 6639 19279 15329 16190 7841 11927 15978 7812 20994 9084 6822 12291 18378 13073 19221 1526 21462 5059 19733 5117 8639 11160 11602 7820 15381 15439 7152 8039 10482 11402 14421 5707 10199 8052 16974 13899 13109 15859 5527 13320 13159 16269 12643 15128 23223 17301 19795 19598 17132 10323 15852 19322 13682 20750 18956 0 10752
2943 14954 7000 6347 15684 6235 16205 5736 10804 4312 10115 10623 7454 15291 15548 2039 18361 16153 2976 17495 10427 14897 6242 13279 13500 5457 14038 11582 14126 14224 10759 9912 15524 922 2950 2415 13462 10395 12430 11672 9573 2882 7702 6748 5599 12844 7824 18678 6954 4610 17962 14761 12284 7396 3962 1905 20096 4142 17939 9510 15496 13133 12946 8792 12178 11191 10374 4064 4670 15869 6343 9762 9708 711 11962 13144 1703 11892 6688 7221 12990 7566 5264 15429 10544 16862 2031 16588 15247 13862 11644 17137 9116 1370 11216 15267 9471 14300 10582 10752 0
1 8 7 10
2 13 6 8
3 10 6 8
4 9 11 11
5 12 7 6
6 13 8 9
7 13 12 9
8 9 9 8
9 8 10 1
10 17 4 9
11 9 10 6
12 7 9 6
13 6 6 7
14 10 8 6
15 13 9 7
16 7 5 6
17 8 5 8
18 10 6 3
19 8 10 4
20 9 4 3
21 10 11 5
22 10 6 4
23 7 12 5
24 12 9 3
25 9 11 7
26 9 10 5
27 14 6 7
28 9 12 4
29 11 9 8
30 8 12 6
31 11 5 4
32 7 7 10
33 7 10 10
34 7 10 8
35 12 8 4
36 14 9 2
37 10 9 5
38 9 8 10
39 9 8 7
40 6 9 3
41 11 6 5
42 12 6 10
43 8 10 3
44 15 13 6
45 11 7 5
46 11 7 5
47 6 6 5
48 10 10 6
49 11 10 6
50 8 9 7
51 12 11 5
52 8 10 7
53 9 4 8
54 10 6 4
55 9 5 2
56 14 9 6
57 9 5 6
58 10 6 9
59 4 12 5
60 11 13 4
61 12 12 5
62 7 4 5
63 10 5 5
64 9 6 5
65 7 9 5
66 8 6 7
67 14 8 4
68 9 9 6
69 9 10 5
70 10 7 1
71 16 12 7
72 12 3 4
73 10 10 5
74 4 8 7
75 8 9 3
76 6 9 7
77 7 12 4
78 10 10 7
79 5 9 9
80 13 5 4
81 15 11 7
82 9 9 5
83 12 7 6
84 8 7 5
85 7 8 5
86 11 7 3
87 10 12 5
88 14 7 4
89 11 12 2
90 5 6 7
91 8 11 7
92 10 8 4
93 15 8 4
94 8 11 6
95 11 6 9
96 8 8 2
97 5 9 8
98 13 10 0
99 12 9 2
100 10 9 13
