700 100 3
30 60 700 9.00
0 1 82 3
0 4 84 1
0 7 92 1
0 5 28 3
0 11 37 1
0 2 9 1
0 14 93 1
0 14 4 2
0 10 74 2
0 1 75 1
0 12 62 2
0 6 51 3
0 5 75 3
0 7 48 1
0 2 67 2
0 13 43 1
0 6 89 1
0 12 25 3
0 9 58 2
0 16 57 2
0 10 87 2
0 2 49 2
0 8 54 2
0 2 90 3
0 2 33 2
0 5 59 3
0 8 85 3
0 1 86 2
0 12 63 2
0 4 39 2
0 23 89 2
0 15 76 2
0 4 66 1
0 5 86 1
0 18 88 2
0 12 83 1
0 16 27 1
0 7 53 3
0 7 57 3
0 1 30 2
0 3 71 1
0 1 96 1
0 1 19 1
0 8 86 3
0 1 62 1
0 16 53 2
0 10 94 1
0 5 35 3
0 2 66 1
0 1 8 3
0 13 24 2
0 5 32 3
0 4 87 2
0 23 37 1
0 7 57 3
0 4 22 2
0 1 45 3
0 7 37 1
0 2 35 2
0 14 88 3
0 20 61 1
0 3 87 3
0 11 89 3
0 16 61 1
0 12 14 1
0 8 63 2
0 2 18 1
0 20 56 2
0 6 63 3
0 3 22 2
0 12 3 3
0 22 93 1
0 5 71 3
0 24 70 2
0 9 97 1
0 20 82 3
0 2 28 3
0 1 62 1
0 4 51 2
0 6 29 2
0 7 58 2
0 1 28 3
0 7 56 1
0 1 30 3
0 19 44 1
0 2 75 1
0 8 67 2
0 15 9 2
0 14 84 2
0 12 70 1
0 3 56 3
0 13 96 3
0 1 13 2
0 1 1 1
0 21 82 3
0 22 55 2
0 8 24 2
0 6 23 3
0 8 71 3
0 9 46 2
0 10 93 1
0 13 3 2
0 2 43 2
0 13 78 2
0 7 77 1
0 7 21 3
0 3 69 1
0 1 36 2
0 8 57 1
0 19 13 2
0 2 51 3
0 4 8 1
0 8 69 2
0 8 37 1
0 5 5 2
0 5 58 1
0 9 8 2
0 12 95 2
0 14 76 3
0 13 93 2
0 14 66 3
0 15 72 2
0 8 40 2
0 1 75 3
0 7 94 3
0 2 79 1
0 7 94 3
0 10 87 2
0 17 24 1
0 3 3 1
0 4 57 1
0 5 57 1
0 19 77 1
0 17 54 3
0 13 49 2
0 5 58 3
0 14 66 2
0 3 7 1
0 5 85 1
0 5 6 1
0 3 23 2
0 19 18 2
0 6 80 1
0 3 49 2
0 19 41 2
0 2 39 3
0 1 84 3
0 12 96 1
0 12 95 3
0 4 78 3
0 7 44 1
0 2 37 2
0 7 40 3
0 9 99 1
0 10 59 1
0 2 90 2
0 7 24 2
0 4 83 2
0 9 83 3
0 15 83 3
0 3 10 1
0 2 22 1
0 1 44 3
0 12 10 1
0 16 54 3
0 1 24 3
0 12 58 3
0 10 54 1
0 4 30 1
0 10 4 1
0 9 1 3
0 2 94 1
0 15 75 2
0 9 70 1
0 9 76 3
0 5 62 2
0 2 68 2
0 2 3 1
0 13 75 3
0 8 92 2
0 13 57 3
0 4 3 2
0 4 87 2
0 12 17 3
0 15 70 1
0 12 8 2
0 12 80 1
0 9 15 2
0 1 21 2
0 2 22 1
0 3 23 3
0 2 65 3
0 17 7 2
0 18 47 1
0 1 40 2
0 7 54 1
0 6 28 2
0 11 84 3
0 21 31 2
0 20 93 1
0 1 25 1
0 13 68 2
0 1 44 3
0 5 93 2
0 8 11 3
0 18 51 1
0 19 41 1
0 13 80 1
0 8 46 3
0 15 90 1
0 16 37 2
0 13 91 1
0 3 99 2
0 25 57 2
0 14 95 2
0 11 47 1
0 12 87 2
0 13 4 1
0 18 47 1
0 3 84 3
0 2 99 3
0 4 78 3
0 24 99 3
0 10 73 1
0 12 66 2
0 12 39 3
0 16 36 3
0 5 97 3
0 3 58 1
0 17 57 2
0 14 59 3
0 11 71 1
0 1 55 2
0 4 46 2
0 7 44 1
0 13 96 2
0 8 90 2
0 24 49 3
0 18 71 3
0 20 58 2
0 2 16 3
0 7 79 1
0 3 72 3
0 1 28 2
0 9 8 2
0 7 41 3
0 2 79 1
0 3 91 3
0 2 87 2
0 1 62 3
0 2 7 3
0 6 67 3
0 16 65 2
0 6 51 2
0 2 66 3
0 1 91 3
0 10 30 2
0 4 64 3
0 22 22 3
0 8 74 3
0 8 78 3
0 11 15 3
0 9 81 1
0 7 71 1
0 9 50 1
0 13 8 1
0 19 71 2
0 5 21 1
0 8 100 2
0 2 74 3
0 15 5 1
0 1 70 2
0 12 31 2
0 11 35 2
0 10 60 1
0 20 69 3
0 6 25 2
0 8 46 2
0 1 60 2
0 22 3 2
0 2 89 1
0 5 55 3
0 4 52 3
0 6 43 3
0 5 10 2
0 3 100 2
0 2 82 3
0 10 10 2
0 13 84 1
0 21 60 2
0 7 62 3
0 10 20 1
0 13 34 1
0 11 98 3
0 4 81 3
0 8 58 2
0 1 54 3
0 1 95 1
0 7 3 3
0 17 92 3
0 8 64 3
0 1 58 2
0 25 28 1
0 3 20 3
0 4 90 3
0 6 44 3
0 7 57 3
0 4 84 3
0 4 1 2
0 10 31 1
0 2 75 1
0 10 46 2
0 12 21 2
0 12 24 3
0 15 92 3
0 9 5 1
0 6 1 1
0 5 32 2
0 3 74 2
0 1 10 2
0 8 92 1
0 8 60 2
0 2 77 1
0 1 56 2
0 7 59 2
0 8 75 2
0 11 65 1
0 16 69 2
0 4 54 1
0 2 27 3
0 9 96 2
0 4 54 2
0 16 46 1
0 7 92 3
0 18 77 1
0 1 84 3
0 6 28 2
0 4 67 1
0 6 8 2
0 6 87 3
0 6 87 1
0 13 31 3
0 11 68 3
0 20 82 1
0 1 83 2
0 2 66 3
0 3 33 1
0 3 65 3
0 3 21 1
0 22 45 2
0 20 84 1
0 3 61 1
0 8 46 3
0 12 54 2
0 4 37 2
0 15 50 3
0 6 74 1
0 16 70 1
0 17 81 1
0 8 12 1
0 6 78 3
0 9 31 1
0 14 15 1
0 7 98 1
0 9 16 3
0 5 96 1
0 6 61 1
0 8 31 2
0 5 49 1
0 1 82 2
0 11 41 3
0 3 79 2
0 11 24 1
0 3 88 1
0 3 90 1
0 17 4 2
0 1 96 3
0 8 34 2
0 15 73 2
0 8 61 2
0 4 83 2
0 1 3 2
0 2 2 3
0 10 16 2
0 5 9 1
0 10 81 1
0 6 66 1
0 19 86 1
0 10 14 3
0 23 14 2
0 1 83 3
0 14 91 3
0 4 77 1
0 7 79 1
0 5 30 2
0 24 81 2
0 5 60 2
0 2 18 2
0 1 46 1
0 6 81 2
0 5 91 3
0 15 75 1
0 10 74 3
0 9 92 2
0 17 57 2
0 8 38 1
0 1 6 1
0 1 7 2
0 16 29 2
0 16 28 2
0 3 14 3
0 13 71 3
0 4 75 3
0 8 17 1
0 4 45 1
0 1 92 1
0 2 89 1
0 4 66 1
0 6 55 3
0 4 67 1
0 6 68 1
0 3 94 1
0 20 1 2
0 22 77 2
0 13 23 1
0 10 47 2
0 3 2 1
0 1 81 2
0 5 14 1
0 2 19 1
0 22 8 2
0 6 49 3
0 3 100 2
0 1 60 3
0 5 36 1
0 20 77 2
0 3 38 2
0 15 34 1
0 13 43 1
0 2 63 1
0 21 64 3
0 20 53 2
0 9 94 2
0 13 72 2
0 18 9 1
0 15 21 1
0 8 46 3
0 2 81 2
0 11 69 2
0 5 96 2
0 24 50 2
0 25 86 3
0 24 70 3
0 8 36 1
0 21 41 3
0 6 17 2
0 2 58 1
0 21 40 1
0 12 15 1
0 12 82 2
0 11 33 3
0 7 43 3
0 5 23 3
0 10 23 3
0 15 12 1
0 1 86 1
0 1 36 1
0 12 75 3
0 3 44 3
0 11 57 1
0 16 42 3
0 15 85 3
0 9 49 1
0 2 5 1
0 14 46 1
0 12 87 1
0 21 59 1
0 4 1 3
0 6 1 2
0 2 53 3
0 3 13 2
0 13 36 2
0 18 2 3
0 4 21 3
0 4 72 1
0 3 38 3
0 10 40 3
0 15 47 1
0 15 6 1
0 17 29 2
0 7 77 2
0 6 25 2
0 1 63 2
0 24 62 1
0 2 12 2
0 1 94 3
0 11 62 2
0 1 5 1
0 8 2 3
0 12 94 1
0 1 93 2
0 25 55 1
0 1 39 1
0 5 17 2
0 3 88 3
0 9 44 1
0 14 64 2
0 9 97 1
0 19 99 1
0 6 100 3
0 5 51 2
0 10 46 3
0 5 29 3
0 4 20 2
0 9 85 1
0 11 69 1
0 12 37 3
0 11 24 3
0 5 11 1
0 17 85 3
0 20 33 2
0 2 30 2
0 6 6 1
0 14 94 3
0 24 76 1
0 16 86 1
0 9 74 1
0 4 65 3
0 8 41 2
0 8 1 3
0 7 8 2
0 5 66 3
0 19 81 3
0 10 66 3
0 1 9 2
0 11 57 3
0 21 15 3
0 1 40 2
0 1 87 1
0 16 29 2
0 13 2 2
0 15 81 2
0 11 23 1
0 20 87 2
0 12 61 3
0 4 36 1
0 1 5 3
0 16 39 2
0 1 54 1
0 6 70 2
0 7 63 2
0 20 85 1
0 17 74 3
0 13 41 2
0 20 2 3
0 5 29 1
0 7 65 1
0 3 48 3
0 3 38 3
0 18 21 1
1 6 58 1
1 12 15 3
1 8 44 3
1 9 24 1
1 14 69 3
1 19 66 2
1 3 27 2
1 8 79 3
1 3 16 2
1 24 2 3
1 13 20 2
1 5 76 1
1 10 7 1
1 4 44 2
1 3 43 3
1 23 81 3
1 1 59 2
1 18 7 1
1 14 17 3
1 10 96 3
1 3 42 1
1 12 30 1
1 15 12 3
1 2 62 1
1 5 45 2
1 4 25 1
1 13 87 3
1 1 80 2
1 4 37 2
1 14 44 1
1 10 89 2
1 2 35 3
1 17 80 1
1 12 85 1
1 7 97 2
1 6 86 1
1 8 62 2
1 19 13 1
1 7 29 3
1 5 84 3
1 17 52 3
1 5 52 3
1 8 38 1
1 5 70 1
1 25 27 3
1 3 20 1
1 12 63 2
1 4 97 1
1 6 8 1
1 11 27 1
1 6 24 1
1 4 20 1
1 9 37 3
1 10 65 1
1 11 32 1
1 4 95 1
1 6 64 3
1 15 17 1
1 1 11 2
1 13 31 1
1 3 67 2
1 11 97 3
1 1 93 2
1 5 67 3
1 6 77 2
1 5 85 3
1 3 97 1
1 19 97 2
1 2 48 1
1 11 29 3
1 14 7 3
1 2 69 1
1 3 80 2
1 2 17 3
1 13 78 2
1 14 87 3
1 6 56 1
1 6 13 3
1 7 58 1
1 5 25 1
1 12 25 1
1 4 82 1
1 8 80 2
1 2 50 2
1 1 8 1
1 2 57 2
1 2 75 3
1 7 23 2
1 2 80 1
1 11 69 3
1 13 98 2
1 4 6 1
1 4 67 3
1 19 67 1
1 8 42 3
1 8 4 2
1 23 89 1
1 4 62 2
1 19 68 1
1 5 100 1
1 16 10 1
1 16 26 3
1 6 89 3
1 3 100 3
1 15 18 1
1 5 38 3
1 2 57 2
1 25 38 1
1 1 68 2
1 18 2 3
1 21 72 2
1 4 5 1
1 1 83 1
1 1 72 2
1 20 8 2
1 14 4 1
1 4 83 3
1 7 14 3
1 9 56 2
1 1 72 1
1 3 21 2
1 23 17 2
1 2 81 3
1 16 33 2
1 12 28 3
1 8 4 1
1 24 9 3
1 2 90 1
1 2 20 3
1 13 83 2
1 2 87 1
1 13 48 1
1 2 40 2
1 5 5 1
1 7 20 3
1 5 12 1
1 19 19 2
1 11 95 1
1 16 38 1
1 11 72 3
0 16256 12865 11063 12674 4063 6413 14150 3110 13393 3589 3601 19433 15736 16741 9414 14965 12566 8197 4791 5100 6217 5956 11369 3389 8694 9228 8803 6477 3126 10090 12505 14813 316 9449 14264 1999 7686 6887 15793 16576 4768 6806 13122 13339 14773 5198 6731 3360 14565 2018 4444 10036 17137 19315 16763 7893 5744 4533 5837 7633 4716 9171 14138 11807 10531 3088 4555 5759 6676 9742 8378 9405 9519 8336 14076 3287 16913 3820 7259 19805 6719 11785 8838 11189 16903 11176 9395 12914 1476 4171 15299 3042 2976 10304 8867 10189 12063 14356 9591 8706
16256 0 8407 22062 18852 12474 19977 9416 18464 24314 19556 17051 13346 13614 7951 9883 11999 19724 21690 15631 11309 16682 16795 5596 16387 8553 20415 10213 10237 17556 20714 4024 11439 15972 6819 2047 17836 9570 18330 9658 13683 12126 12391 24085 2918 16280 11584 19517 19366 5138 17883 12615 6717 13523 14822 15165 13394 17837 18861 10753 9383 12642 7195 19120 4539 13682 19109 19430 13573 9887 13823 8833 22475 19764 14667 3767 18519 8803 18842 17779 13971 12778 12641 19733 13492 3330 18418 16701 4315 17430 16031 11207 19272 17158 6206 16107 17388 5394 4885 7881 21938
12865 8407 0 14686 10682 8935 13954 1647 13783 16700 15151 15325 7344 5607 3953 3489 4006 11648 15325 9928 9739 10297 10522 4329 11291 9894 13334 12105 6758 12635 13397 7996 3490 12694 7086 7737 13655 5403 17882 3108 5965 8130 6470 16501 7052 7888 10539 13242 16208 11478 13712 11398 4768 6096 8032 7204 6520 16971 13485 9814 5609 11694 5973 10781 5878 5707 15938 14220 13501 6792 6105 4918 15810 12476 7450 9831 15998 4048 13858 11038 7876 13314 4353 12670 5339 11350 10508 9136 4485 14328 14841 3559 15348 12269 8036 8687 9639 9522 11110 9982 15418
11063 22062 14686 0 5539 11618 4902 14844 8359 2456 9083 14450 17533 13205 18101 12202 13666 4515 3825 7455 14182 5879 5930 16493 7961 17598 1919 18690 12740 7945 1351 19557 13941 11277 16623 20568 9471 12815 17627 16084 14032 11316 9825 2188 19595 10092 14828 4353 12013 22719 9493 14605 15542 14757 16371 13134 8668 16515 6713 14989 13111 15004 15577 6889 17834 9046 11911 7073 16568 13185 8581 13456 2951 2299 7420 21583 13202 17733 7644 4580 17560 17360 10673 2510 9565 24096 4635 5550 17770 11712 15219 14551 10194 8094 17919 6036 5139 20042 22404 18378 3332
12674 18852 10682 5539 0 11323 8423 10370 10996 6676 12197 16270 12149 7915 13502 9266 8666 1119 8447 7929 13825 6471 6752 13623 9310 16526 5474 18158 11352 10066 4829 17197 9043 12765 14738 17726 11796 10835 19553 11324 8684 10664 8154 6557 16833 4602 14658 7505 14820 20663 11840 14827 13029 9402 10882 7653 6483 18412 9551 14498 11206 15252 13499 1592 15184 5187 14635 10231 17133 11771 5209 11247 8088 4438 5221 19259 15613 12992 10481 5643 12125 17645 6332 5204 5375 21408 1544 3376 14583 13815 16651 9622 13113 9987 16064 4028 2509 18128 20311 17132 8154
4063 12474 8935 11618 11323 0 8059 10321 6000 14074 7093 6478 15812 12463 12747 5585 11466 11577 9922 4164 2599 5770 5691 7355 4184 6035 9708 7109 2419 5170 10368 8968 11233 3844 5820 10553 5383 3638 9353 11950 13241 879 3631 13806 9588 12208 3362 7886 7414 11570 5433 3535 6028 13728 15912 13686 5211 8324 6598 3380 3571 3957 5285 12537 7950 7748 7142 7066 5898 2655 7082 4316 10949 9540 6199 10765 7070 12967 6427 7080 16236 6327 8609 9116 8288 13536 10041 7978 8907 5472 6222 11661 6915 4782 6907 7302 8877 8912 11302 6864 10302
6413 19977 13954 4902 8423 8059 0 14645 3497 7069 4199 9626 18703 14417 17810 10745 14316 7836 1882 4348 10381 3666 3432 14444 3891 14035 3363 14732 9856 3332 4279 16847 14408 6666 13725 18217 4647 10409 12755 16162 15310 8074 7769 6803 17227 12124 10861 936 7118 19622 4662 10423 13261 16004 17972 14879 7445 11654 1889 11212 10598 10784 12924 10014 15482 9193 7010 2172 12121 10261 8440 11154 3023 4131 6766 18744 8305 17666 2764 3287 18891 13016 10903 3317 9888 21456 6932 6162 15915 6876 10482 15007 5298 3598 14905 6107 6494 16953 19347 14891 2331
14150 9416 1647 14844 10370 10321 14645 0 14816 16699 16210 16768 5717 4234 3263 4749 2603 11408 15877 10840 11299 10984 11239 5907 12304 11540 13657 13751 8252 13647 13609 9479 2047 13999 8728 9016 14790 6897 19408 1644 4458 9485 7524 16520 8423 6989 12116 13871 17462 12900 14848 12949 6413 4512 6394 5818 7234 18473 14365 11410 7136 13258 7619 10228 7399 5813 17194 15123 15092 8324 6390 6476 16248 12725 7939 11228 17341 3021 14823 11568 6238 14933 4181 13018 5282 12524 10437 9345 5848 15623 16340 1972 16493 13298 9651 8999 9711 11064 12534 11619 15915
3110 18464 13783 8359 10996 6000 3497 14816 0 10566 1416 6131 19612 15564 17736 10317 15100 10651 5163 4075 7816 4764 4445 13202 2513 11510 6663 11839 8268 1182 7574 14942 15062 3404 11803 16552 1172 9205 9269 16436 16448 6372 7319 10300 15586 13932 8095 4036 3848 17321 1179 7461 11905 17085 19196 16339 7778 8161 1649 8618 9275 7769 11269 12559 13931 10169 3687 1457 8864 8588 9350 9960 6389 7190 7700 16670 4867 17760 744 5353 19901 9829 11705 6419 10878 19472 9452 8049 14746 3380 7021 15614 2122 1518 12823 7703 8677 14730 17084 12401 5693
13393 24314 16700 2456 6676 14074 7069 16699 10566 0 11132 16694 18813 14590 19925 14432 15261 5558 5613 9910 16636 8330 8385 18777 10375 20050 4370 21143 15163 10266 3748 21928 15595 13620 19029 22878 11710 15188 19813 17823 15359 13766 12194 272 21913 11241 17278 6663 14065 25129 11727 17039 17872 16075 17480 14277 10945 18718 8943 17444 15494 17434 17960 7666 20160 10997 13989 9201 18967 15609 10635 15809 4450 4661 9648 23965 15335 19489 9831 7026 18767 19779 12522 4963 11437 26440 6264 7641 20006 13944 17521 16192 12264 10446 20332 8210 7061 22457 24810 20826 5060
3589 19556 15151 9083 12197 7093 4199 16210 1416 11132 0 5848 21028 16975 19103 11675 16516 11777 5547 5490 8628 6113 5792 14398 3918 12268 7539 12364 9441 2597 8458 15930 16476 3905 12818 17609 1726 10452 8753 17834 17859 7561 8699 10875 16657 15289 8782 4931 2937 18130 1682 8026 13085 18498 20606 17733 9194 7703 2649 9394 10495 8281 12377 13775 15041 11578 2858 2050 9098 9731 10759 11200 6766 8195 9102 17581 4242 19143 1724 6582 21316 10128 13120 7395 12288 20401 10655 9362 15948 3235 6918 17027 1135 2919 13766 9050 9947 15595 17913 13165 6101
3601 17051 15325 14450 16270 6478 9626 16768 6131 16694 5848 0 22291 18857 19012 12054 17927 16165 11253 8364 5977 9817 9556 12951 6987 8647 12678 7834 8579 6552 13564 13060 17707 3510 10388 15005 4986 9927 3286 18385 19661 7345 9880 16427 14194 18193 5504 10098 3434 14289 4967 4463 11665 20172 22358 19996 11193 2144 7754 6357 9754 4409 10555 17724 12948 13844 3316 7536 4027 8607 13086 10485 12484 13050 11794 14221 1969 19310 6870 10844 22712 5111 14940 12339 14464 16993 14776 12975 14409 2751 1287 18139 4775 6484 10847 12427 13780 12143 14162 9471 11794
19433 13346 7344 17533 12149 15812 18703 5717 19612 18813 21028 22291 0 4359 5406 10255 4515 13264 19550 15537 16985 15226 15526 11366 17134 17182 16869 19404 13890 18431 16535 14588 4621 19320 14338 13639 19788 12548 25042 4340 3504 14948 12633 18703 13300 7577 17815 17822 22646 17737 19845 18623 12055 2778 1876 4592 11838 24076 18857 17121 12811 18944 13290 11250 12676 9554 22387 19640 20798 13997 10350 12175 19613 15813 12051 16048 22694 4570 19479 15427 625 20649 7920 16337 8844 16672 12906 12676 10889 20906 21946 4152 21480 18126 15145 12611 12658 16300 17387 17191 19449
15736 13614 5607 13205 7915 12463 14417 4234 15564 14590 16975 18857 4359 0 6413 7257 1632 9034 15206 11510 14085 11025 11335 9906 13143 15107 12511 17248 10923 14393 12184 13603 2187 15663 12435 13244 15854 9687 21816 4197 895 11584 8985 14464 12623 3518 14967 13522 18815 17077 15911 15633 10133 1595 3632 1597 7895 20781 14688 14392 10021 16000 11210 7213 11481 5397 18564 15471 17944 11138 6215 9535 15255 11455 7888 15419 19023 5687 15368 11132 4482 17986 3951 11981 4686 16754 8571 8337 10045 17185 18685 2440 17518 14117 13511 8310 8299 15108 16709 15330 15096
16741 7951 3953 18101 13502 12747 17810 3263 17736 19925 19103 19012 5406 6413 0 7432 5038 14567 19097 13863 13213 14143 14385 6649 15243 12570 16917 14778 10452 16587 16871 9397 4555 16556 9733 8277 17596 9129 21375 2252 6192 11979 10422 19751 8024 9724 13935 17061 20097 12390 17653 14875 7661 5853 6891 7770 10366 20532 17416 13141 9268 15123 8919 13209 7672 9076 19825 18157 16795 10406 9645 8530 19495 15987 11160 10710 19814 858 17806 14788 6031 16445 7431 16276 8536 11272 13661 12608 5796 18192 18421 4063 19285 16222 10295 12256 12966 11157 12048 12416 19150
9414 9883 3489 12202 9266 5585 10745 4749 10317 14432 11675 12054 10255 7257 7432 0 6036 10018 12257 6558 6854 7159 7343 4405 7841 8085 10623 10127 3697 9181 10860 7936 5734 9256 5730 8536 10167 2431 14797 6387 7937 4739 3046 14204 7609 8060 7727 10112 12743 11429 10224 8445 3779 8336 10493 8675 3557 13822 10106 7135 2770 8793 4442 9868 5925 4156 12473 10821 10715 3885 4068 2371 12882 9910 4788 9995 12593 7524 10423 8090 10701 10730 3923 9941 4257 12189 8623 6825 5575 10884 11693 6117 11860 8808 7002 6224 7544 8972 11072 8466 12417
14965 11999 4006 13666 8666 11466 14316 2603 15100 15261 16516 17927 4515 1632 5038 6036 0 9766 15289 11026 12888 10773 11067 8326 12619 13666 12759 15836 9733 13918 12544 11997 560 14864 10943 11613 15275 8442 20786 2786 1995 10591 8159 15112 10997 4685 13755 13459 18150 15458 15332 14480 8625 2301 4461 3223 7324 19782 14376 13133 8752 14830 9745 8219 9883 5123 17891 15158 16746 9906 5894 8207 15467 11741 7593 13796 18239 4405 14978 11070 4845 16721 3435 12177 4431 15126 9066 8452 8419 16434 17665 983 16966 13612 11978 8289 8587 13525 15090 13846 15237
12566 19724 11648 4515 1119 11577 7836 11408 10651 5558 11777 16165 13264 9034 14567 10018 9766 0 7656 7924 14130 6360 6611 14410 9178 16998 4694 18538 11827 9802 3953 17914 10133 12684 15350 18531 11529 11421 19451 12403 9802 10977 8618 5440 17620 5706 14936 6949 14497 21342 11569 15028 13745 10519 11979 8755 7001 18309 9131 14837 11782 15453 14137 2388 15941 6045 14327 9765 17289 12258 5953 11884 7189 3729 5676 19980 15380 14072 10084 5359 13234 17861 7316 4535 6312 22201 1544 3627 15433 13624 16628 10716 12746 9766 16681 4324 2729 18769 20995 17641 7319
8197 21690 15325 3825 8447 9922 1882 15877 5163 5613 5547 11253 19550 15206 19097 12257 15289 7656 0 6082 12263 5099 4935 16124 5768 15912 2975 16610 11648 5176 3731 18649 15439 8464 15541 19969 6336 12124 14283 17330 16088 9902 9367 5364 18978 12584 12741 2174 8468 21474 6342 12291 14977 16801 18664 15487 8817 13211 3675 13093 12334 12646 14701 9992 17223 10218 8404 3722 13939 12062 9529 12856 1231 4018 7940 20567 9780 18889 4421 4310 19685 14854 11948 3313 10879 23259 7098 6875 17566 8514 12184 16049 6682 5462 16739 7003 6971 18799 21195 16765 555
4791 15631 9928 7455 7929 4164 4348 10840 4075 9910 5490 8364 15537 11510 13863 6558 11026 7924 6082 0 6732 1662 1535 10097 1644 10171 5544 11246 5582 2894 6217 12581 10994 4855 9495 13889 4380 6062 11637 12439 12390 3930 3517 9642 12899 10110 7408 3928 7422 15505 4435 7292 8915 13019 15142 12346 3708 10499 3557 7535 6258 7708 8622 9361 11146 6126 7191 4295 9445 6006 5307 6805 6976 5418 3712 14524 7915 13824 3991 2951 15827 10113 7632 4956 6830 17190 6468 4610 11575 6057 8725 11553 6014 2607 10727 4077 5426 12819 15211 10973 6380
5100 11309 9739 14182 13825 2599 10381 11299 7816 16636 8628 5977 16985 14085 13213 6854 12888 14130 12263 6732 0 8358 8266 6978 6502 3702 12266 4516 3162 7237 12948 7449 12565 4794 4509 9283 6926 4454 8170 12846 14788 3161 5832 16367 8400 14307 897 10315 8062 9515 6963 1665 5708 15189 17338 15441 7515 7323 8751 831 4174 1960 4577 14973 7023 9868 7808 9085 3862 2993 9293 4824 13347 12131 8635 8976 7240 13589 8381 9667 17468 3992 10439 11688 10320 11804 12589 10513 8432 6145 5229 12905 8138 6886 5228 9826 11415 6970 9289 4588 12681
6217 16682 10297 5879 6471 5770 3666 10984 4764 8330 6113 9817 15226 11025 14143 7159 10773 6360 5099 1662 8358 0 321 11093 2840 11720 3996 12874 6920 3698 4603 13854 10827 6326 10836 15033 5398 7172 13103 12513 11919 5437 4299 8065 14045 9176 9055 2958 8467 16906 5447 8954 10000 12589 14638 11672 3781 11961 3669 9150 7425 9370 9865 7970 12279 5672 8261 4451 11098 7361 4881 7875 5795 3773 3181 15843 9162 14004 4422 1311 15456 11774 7340 3369 6383 18444 4961 3310 12503 7348 10272 11416 6865 3559 12108 2940 4020 14222 16600 12499 5283
5956 16795 10522 5930 6752 5691 3432 11239 4445 8385 5792 9556 15526 11335 14385 7343 11067 6611 4935 1535 8266 321 0 11212 2570 11675 4027 12780 6947 3386 4682 13909 11113 6074 10869 15123 5092 7259 12842 12778 12228 5404 4434 8118 14133 9497 8943 2772 8157 16923 5140 8808 10099 12896 14949 11989 4019 11700 3356 9066 7499 9220 9925 8262 12369 5974 7954 4138 10921 7384 5178 7973 5684 3888 3477 15886 8869 14258 4101 1425 15761 11618 7632 3425 6685 18507 5234 3622 12638 7063 10035 11701 6548 3256 12129 3260 4316 14237 16621 12466 5147
11369 5596 4329 16493 13623 7355 14444 5907 13202 18777 14398 12951 11366 9906 6649 4405 8326 14410 16124 10097 6978 11093 11212 0 10976 5928 14825 8145 4960 12211 15143 3776 7818 11120 3084 4131 12713 4058 14981 7030 10293 6839 6798 18543 3211 11778 7571 13950 14664 7321 12764 8578 1333 10412 12274 11495 7834 14230 13432 6731 3936 8761 2415 14104 1634 8450 14395 14046 10280 4703 8457 3301 16887 14194 9135 5757 14075 7218 13505 12183 11944 9845 7750 14144 8403 7791 13027 11213 1552 12699 12180 7869 14270 11813 3781 10592 11947 5202 6953 5841 16359
3389 16387 11291 7961 9310 4184 3891 12304 2513 10375 3918 6987 17134 13143 15243 7841 12619 9178 5768 1644 6502 2840 2570 10976 0 10145 6061 10908 6157 1345 6868 13076 12566 3520 9933 14548 2736 6925 10274 13923 14019 4295 4821 10103 13565 11734 7023 3838 5789 15754 2791 6683 9719 14641 16773 13990 5296 9131 2475 7333 7046 7070 9230 10800 11853 7766 5561 3072 8610 6531 6947 7686 6846 6215 5354 14925 6354 15254 2590 3882 17436 9404 9247 5592 8467 17672 7800 6089 12501 4520 7502 13113 4376 998 11072 5619 6846 13094 15485 11000 6178
8694 8553 9894 17598 16526 6035 14035 11540 11510 20050 12268 8647 17182 15107 12570 8085 13666 16998 15912 10171 3702 11720 11675 5928 10145 0 15701 2225 5176 10934 16316 4530 13230 8380 2857 6527 10589 5855 9790 12849 15658 6286 8384 19785 5854 16124 3506 13913 11362 5876 10622 4409 5131 15906 17916 16621 10043 9287 12443 2892 5472 4312 3931 17472 5109 11931 11128 12787 5020 4755 11543 5715 16968 15449 11331 5583 10297 13145 12083 13025 17738 4269 12005 15088 12209 8383 15461 13388 6943 9555 7544 13414 11693 10579 2496 12688 14274 3506 5682 897 16313
9228 20415 13334 1919 5474 9708 3363 13657 6663 4370 7539 12678 16869 12511 16917 10623 12759 4694 2975 5544 12266 3996 4027 14825 6061 15701 0 16772 10899 6134 919 17778 12970 9429 14802 18859 7729 11048 15894 15003 13376 9426 8078 4101 17879 9706 12910 2632 10426 20886 7756 12690 13820 14098 15876 12666 7065 14770 5020 13075 11328 13090 13789 7018 16113 7856 10300 5490 14672 11342 7279 11713 2748 1077 5913 19788 11531 16618 5981 2722 16962 15452 9558 683 8454 22342 4163 4337 16154 9961 13396 13584 8612 6252 16086 4666 4212 18204 20576 16489 2694
8803 10213 12105 18690 18158 7109 14732 13751 11839 21143 12364 7834 19404 17248 14778 10127 15836 18538 16610 11246 4516 12874 12780 8145 10908 2225 16772 0 6895 11470 17462 6294 15411 8490 5082 8269 10793 7793 8279 15072 17823 7584 10020 20873 7739 18098 3886 14745 10948 6549 10816 4378 7350 18090 20118 18742 11715 7986 12999 3735 7417 4087 6133 19205 7234 13801 10746 13220 3835 6522 13344 7763 17736 16646 12937 6805 9688 15362 12489 14183 19958 2810 14019 16200 14137 9409 16994 14911 9100 9347 6595 15611 11618 11156 4564 14215 15810 4844 6472 2457 17056
6477 10237 6758 12740 11352 2419 9856 8252 8268 15163 9441 8579 13890 10923 10452 3697 9733 11827 11648 5582 3162 6920 6947 4960 6157 5176 10899 6895 0 7323 11416 7002 9422 6249 3922 8393 7753 1356 11160 9842 11626 1897 3210 14905 7408 11292 4044 9508 9819 9988 7804 4751 3645 12033 14189 12292 4870 10223 8632 3519 1186 5097 3077 12331 5699 6924 9547 9194 7024 447 6448 1933 12557 10508 6156 8946 9393 10731 8612 8177 14358 7092 7327 10248 7304 11612 10294 8228 6512 7866 8090 9781 9321 6925 5188 7529 9108 7306 9680 5821 11960
3126 17556 12635 7945 10066 5170 3332 13647 1182 10266 2597 6552 18431 14393 16587 9181 13918 9802 5176 2894 7237 3698 3386 12211 1345 10934 6134 11470 7323 0 7014 14136 13879 3359 10987 15679 1731 8179 9795 15264 15275 5430 6166 9996 14703 12826 7631 3605 4775 16665 1774 7125 10932 15909 18025 15187 6596 8662 1529 8061 8275 7474 10369 11607 13017 9000 4577 1897 8791 7670 8181 8939 6353 6511 6542 15926 5580 16599 1294 4447 18721 9684 10526 5788 9708 18705 8528 7007 13746 3871 7274 14432 3186 398 12068 6619 7683 14036 16413 11812 5657
10090 20714 13397 1351 4829 10368 4279 13609 7574 3748 8458 13564 16535 12184 16871 10860 12544 3953 3731 6217 12948 4603 4682 15143 6868 16316 919 17462 11416 7014 0 18212 12792 10282 15289 19217 8629 11470 16790 14892 13032 10030 8478 3489 18244 9225 13620 3548 11344 21387 8657 13443 14191 13757 15460 12232 7321 15664 5933 13746 11768 13849 14235 6322 16484 7798 11217 6410 15470 11862 7295 12107 3259 950 6083 20241 12441 16529 6896 3293 16596 16226 9457 1281 8347 22747 3665 4274 16425 10856 14260 13404 9530 7115 16589 4721 3960 18713 21070 17085 3369
12505 4024 7996 19557 17197 8968 16847 9479 14942 21928 15930 13060 14588 13603 9397 7936 11997 17914 18649 12581 7449 13854 13909 3776 13076 4530 17778 6294 7002 14136 18212 0 11469 12208 3149 2001 14205 6742 14315 10356 13928 8789 9735 21681 1504 15552 7634 16509 15501 3547 14248 8652 4170 13979 15706 15199 11071 13813 15536 6827 6450 8654 3990 17779 2146 12080 15249 16032 9550 6588 11989 6129 19552 17276 12419 2066 14582 10132 15394 15065 15195 8772 11501 17109 12096 4610 16472 14547 3708 13594 12017 11449 15545 13746 2233 13886 15343 1782 3181 3892 18961
14813 11439 3490 13941 9043 11233 14408 2047 15062 15595 16476 17707 4621 2187 4555 5734 560 10133 15439 10994 12565 10827 11113 7818 12566 13230 12970 15411 9422 13879 12792 11469 0 14701 10483 11061 15194 8112 20521 2313 2476 10362 8013 15439 10453 5186 13424 13567 18031 14920 15251 14174 8162 2680 4778 3772 7286 19531 14395 12783 8409 14515 9302 8663 9362 5230 17770 15173 16417 9575 5969 7838 15660 11968 7654 13255 18075 3964 14967 11188 5009 16362 3506 12374 4561 14567 9369 8643 7875 16285 17408 614 16891 13563 11495 8438 8832 13012 14553 13388 15407
316 15972 12694 11277 12765 3844 6666 13999 3404 13620 3905 3510 19320 15663 16556 9256 14864 12684 8464 4855 4794 6326 6074 11120 3520 8380 9429 8490 6249 3359 10282 12208 14701 0 9161 13976 2307 7477 6788 15641 16497 4577 6708 13349 13054 14770 4883 6958 3571 14252 2327 4129 9787 17050 19231 16713 7848 5647 4794 5527 7413 4404 8904 14215 11533 10495 3299 4842 5479 6435 9712 8160 9668 9692 8341 13770 3376 16740 4106 7401 19699 6428 11715 9024 11144 16597 11277 9465 12662 1637 3992 15180 3345 3183 10004 8922 10272 11754 14044 9277 8969
9449 6819 7086 16623 14738 5820 13725 8728 11803 19029 12818 10388 14338 12435 9733 5730 10943 15350 15541 9495 4509 10836 10869 3084 9933 2857 14802 5082 3922 10987 15289 3149 10483 9161 0 4816 11092 3936 12109 10001 12937 5654 6879 18775 3902 13758 4885 13415 12551 6101 11136 5926 2324 13147 15118 13982 8370 11443 12389 4031 3587 6026 1289 15504 2572 9817 12292 12883 7340 3491 9571 3499 16471 14368 9719 5029 11746 10293 12247 12080 14900 6817 9611 14144 9981 7740 13855 11849 4237 10612 9478 10631 12477 10597 1331 11164 12690 3445 5781 2905 15867
14264 2047 7737 20568 17726 10553 18217 9016 16552 22878 17609 15005 13639 13244 8277 8536 11613 18531 19969 13889 9283 15033 15123 4131 14548 6527 18859 8269 8393 15679 19217 2001 11061 13976 4816 0 15885 7864 16315 9601 13446 10260 10785 22641 991 15577 9540 17805 17344 4115 15931 10570 5041 13394 14933 14833 11934 15804 17023 8713 7636 10596 5318 18142 2755 12542 17088 17565 11546 8018 12581 7160 20805 18270 13250 2448 16480 9081 16957 16181 14260 10772 11704 18181 12445 3691 17157 15338 3268 15415 13986 10936 17291 15283 4159 14711 16077 3543 3777 5888 20244
1999 17836 13655 9471 11796 5383 4647 14790 1172 11710 1726 4986 19788 15854 17596 10167 15275 11529 6336 4380 6926 5398 5092 12713 2736 10589 7729 10793 7753 1731 8629 14205 15194 2307 11092 15885 0 8807 8166 16426 16726 5889 7269 11443 14934 14456 7124 5124 3075 16439 58 6423 11394 17337 19480 16724 7975 7047 2769 7705 8830 6709 10662 13333 13326 10491 2863 2626 7720 8031 9674 9546 7561 8185 8091 15865 3860 17678 1915 6177 20108 8703 11938 7437 11188 18683 10258 8708 14264 2241 5851 15724 1704 1844 12044 8290 9402 13888 16215 11485 6864
7686 9570 5403 12815 10835 3638 10409 6897 9205 15188 10452 9927 12548 9687 9129 2431 8442 11421 12124 6062 4454 7172 7259 4058 6925 5855 11048 7793 1356 8179 11470 6742 8112 7477 3936 7864 8807 0 12512 8486 10362 2941 2994 14940 6875 10306 5313 9954 11044 10000 8861 6077 2854 10743 12886 11099 4434 11579 9375 4705 383 6408 2778 11676 5110 6078 10772 9997 8306 1464 5727 761 12941 10534 5783 8778 10689 9388 9472 8345 13022 8299 6238 10376 6361 11295 9921 7914 5576 9109 9447 8452 10429 7783 5267 7232 8754 7373 9667 6356 12386
6887 18330 17882 17627 19553 9353 12755 19408 9269 19813 8753 3286 25042 21816 21375 14797 20786 19451 14283 11637 8170 13103 12842 14981 10274 9790 15894 8279 11160 9795 16790 14315 20521 6788 12109 16315 8166 12512 0 20984 22590 10232 12909 19550 15631 21355 7446 13289 5929 14771 8141 6504 13785 23063 25243 23025 14319 1143 10915 8262 12278 6254 12573 20998 14661 16956 5935 10613 4795 11092 16221 12966 15508 16305 15000 15074 4512 21759 9992 14126 25497 5560 17949 15581 17550 17679 18061 16246 16320 5934 3131 20913 7622 9750 12238 15688 17059 13066 14724 10457 14833
15793 9658 3108 16084 11324 11950 16162 1644 16436 17823 17834 18385 4340 4197 2252 6387 2786 12403 17330 12439 12846 12513 12778 7030 13923 12849 15003 15072 9842 15264 14892 10356 2313 15641 10001 9601 16426 8486 20984 0 4078 11119 9158 17658 9148 7471 13646 15365 19105 13633 16484 14505 7729 3866 5357 5627 8798 20064 15948 12917 8707 14802 8974 10976 8381 7154 18837 16711 16605 9892 7803 8024 17642 14035 9414 11942 18980 1669 16428 13030 4914 16398 5445 14381 6552 12907 11569 10667 6649 17266 17932 1811 18130 14919 10811 10380 10948 12032 13274 12852 17342
16576 13683 5965 14032 8684 13241 15310 4458 16448 15359 17859 19661 3504 895 6192 7937 1995 9802 16088 12390 14788 11919 12228 10293 14019 15658 13376 17823 11626 15275 13032 13928 2476 16497 12937 13446 16726 10362 22590 4078 0 12363 9804 15240 12877 4178 15663 14414 19675 17358 16782 16357 10619 726 2755 1583 8759 21565 15580 15064 10683 16716 11739 7888 11831 6284 19424 16364 18649 11821 7101 10163 16122 12317 8778 15684 19862 5407 16257 12024 3597 18657 4801 12853 5572 16883 9403 9222 10305 18029 19461 2510 18393 14996 13966 9203 9167 15485 16991 15840 15971
4768 12126 8130 11316 10664 879 8074 9485 6372 13766 7561 7345 14948 11584 11979 4739 10591 10977 9902 3930 3161 5437 5404 6839 4295 6286 9426 7584 1897 5430 10030 8789 10362 4577 5654 10260 5889 2941 10232 11119 12363 0 2794 13502 9280 11374 4002 7800 8128 11590 5942 4312 5534 12850 15035 12813 4421 9203 6766 3862 2942 4726 4944 11827 7587 6911 7856 7308 6689 2243 6266 3665 10868 9167 5484 10670 7870 12172 6718 6740 15367 7048 7736 8806 7436 13392 9435 7356 8389 6214 7101 10796 7493 5033 6837 6667 8258 8908 11303 7063 10246
6806 12391 6470 9825 8154 3631 7769 7524 7319 12194 8699 9880 12633 8985 10422 3046 8159 8618 9367 3517 5832 4299 4434 6798 4821 8384 8078 10020 3210 6166 8478 9735 8013 6708 6879 10785 7269 2994 12909 9158 9804 2794 0 11946 9802 8580 6712 7198 10024 12972 7327 7101 5744 10346 12529 10125 1698 11844 7060 6425 3307 7512 5769 9191 8035 4118 9762 7776 9479 3640 3478 3636 10093 7541 2947 11772 10082 10444 7390 5398 12999 9796 5060 7402 4662 14273 7087 5027 8206 8276 9784 8513 8973 5802 8202 4331 5902 10323 12644 9025 9577
13122 24085 16501 2188 6557 13806 6803 16520 10300 272 10875 16427 18703 14464 19751 14204 15112 5440 5364 9642 16367 8065 8118 18543 10103 19785 4101 20873 14905 9996 3489 21681 15439 13349 18775 22641 11443 14940 19550 17658 15240 13502 11946 0 21674 11137 17008 6392 13809 24875 11461 16767 17631 15959 17388 14178 10710 18454 8675 17175 15244 17162 17710 7591 19920 10802 13732 8938 18695 15352 10428 15564 4211 4408 9419 23716 15075 19323 9566 6763 18665 19506 12341 4697 11252 26197 6092 7425 19779 13678 17252 16038 12006 10174 20077 7985 6862 22201 24556 20562 4812
13339 2918 7052 19595 16833 9588 17227 8423 15586 21913 16657 14194 13300 12623 8024 7609 10997 17620 18978 12899 8400 14045 14133 3211 13565 5854 17879 7739 7408 14703 18244 1504 10453 13054 3902 991 14934 6875 15631 9148 12877 9280 9802 21674 0 14820 8705 16814 16452 4492 14980 9742 4059 12871 14504 14219 10973 15076 16040 7866 6645 9790 4336 17289 1768 11656 16194 16587 10842 7038 11666 6174 19815 17298 12295 2808 15623 8789 15983 15197 13915 10122 10883 17201 11587 4581 16231 14392 2578 14514 13210 10373 16358 14307 3398 13759 15141 3266 4130 5301 19253
14773 16280 7888 10092 4602 12208 12124 6989 13932 11241 15289 18193 7577 3518 9724 8060 4685 5706 12584 10110 14307 9176 9497 11778 11734 16124 9706 18098 11292 12826 9225 15552 5186 14770 13758 15577 14456 10306 21355 7471 4178 11374 8580 11137 14820 0 15202 11192 17521 19098 14509 15669 11624 4874 6284 3051 7046 20254 12779 14792 10683 16074 12471 3711 13412 4463 17295 13541 18047 11617 5144 10415 12434 8629 6439 17519 17995 9071 13590 8908 7529 18299 4147 9274 3992 19224 5564 6001 12309 16130 18263 5662 16012 12624 14987 6240 5650 16840 18730 16525 12385
5198 11584 10539 14828 14658 3362 10861 12116 8095 17278 8782 5504 17815 14967 13935 7727 13755 14936 12741 7408 897 9055 8943 7571 7023 3506 12910 3886 4044 7631 13620 7634 13424 4883 4885 9540 7124 5313 7446 13646 15663 4002 6712 17008 8705 15202 0 10859 7910 9382 7154 1041 6346 16056 18200 16331 8388 6660 9159 856 5018 1194 5155 15828 7450 10760 7668 9429 2993 3849 10179 5641 13857 12825 9485 9002 6948 14339 8707 10357 18306 3097 11334 12350 11215 11826 13398 11329 8972 6063 4622 13752 8187 7303 5403 10647 12230 6947 9185 4402 13180
6731 19517 13242 4353 7505 7886 936 13871 4036 6663 4931 10098 17822 13522 17061 10112 13459 6949 2174 3928 10315 2958 2772 13950 3838 13913 2632 14745 9508 3605 3548 16509 13567 6958 13415 17805 5124 9954 13289 15365 14414 7800 7198 6392 16814 11192 10859 0 7798 19389 5148 10506 12806 15112 17065 13959 6722 12171 2390 11143 10169 10885 12549 9097 15056 8341 7669 2881 12335 9928 7604 10684 3069 3280 5952 18444 8902 16891 3349 2395 18000 13182 10061 2471 9029 21118 6006 5241 15393 7364 10874 14169 5987 3787 14631 5214 5559 16708 19103 14749 2452
3360 19366 16208 12013 14820 7414 7118 17462 3848 14065 2937 3434 22646 18815 20097 12743 18150 14497 8468 7422 8062 8467 8157 14664 5789 11362 10426 10948 9819 4775 11344 15501 18031 3571 12551 17344 3075 11044 5929 19105 19675 8128 10024 13809 16452 17521 7910 7798 0 17193 3024 6954 13332 20267 22428 19738 10919 4952 5432 8682 10984 7072 12404 16372 14998 13491 272 4948 7283 9996 12678 11730 9678 11018 11131 16909 1507 20256 4462 9180 22994 8373 14875 10234 14178 19730 13278 11777 16200 1966 4686 18537 1820 4918 13270 11365 12457 14847 17025 12241 9023
14565 5138 11478 22719 20663 11570 19622 12900 17321 25129 18130 14289 17737 17077 12390 11429 15458 21342 21474 15505 9515 16906 16923 7321 15754 5876 20886 6549 9988 16665 21387 3547 14920 14252 6101 4115 16439 10000 14771 13633 17358 11590 12972 24875 4492 19098 9382 19389 17193 0 16474 10261 7650 17362 18986 18674 14415 14532 18143 8737 9668 10121 7229 21293 5687 15584 16966 18546 10360 9546 15455 9469 22458 20468 15768 1692 16054 13189 17860 18165 18356 9358 15047 20233 15625 2994 19873 17902 7054 15419 13090 14858 17569 16294 4801 17226 18724 2686 369 4981 21832
2018 17883 13712 9493 11840 5433 4662 14848 1179 11727 1682 4967 19845 15911 17653 10224 15332 11569 6342 4435 6963 5447 5140 12764 2791 10622 7756 10816 7804 1774 8657 14248 15251 2327 11136 15931 58 8861 8141 16484 16782 5942 7327 11461 14980 14509 7154 5148 3024 16474 0 6448 11445 17394 19537 16779 8032 7023 2787 7739 8883 6731 10710 13378 13374 10548 2814 2629 7729 8081 9730 9600 7568 8218 8146 15905 3823 17735 1922 6219 20166 8715 11995 7468 11245 18723 10302 8757 14316 2220 5843 15782 1647 1894 12086 8341 9449 13925 16252 11518 6872
4444 12615 11398 14605 14827 3535 10423 12949 7461 17039 8026 4463 18623 15633 14875 8445 14480 15028 12291 7292 1665 8954 8808 8578 6683 4409 12690 4378 4751 7125 13443 8652 14174 4129 5926 10570 6423 6077 6504 14505 16357 4312 7101 16767 9742 15669 1041 10506 6954 10261 6448 0 7333 16778 18938 16953 8729 5671 8651 1895 5815 426 6164 16065 8490 11208 6719 8847 2379 4628 10577 6481 13442 12692 9733 9964 5937 15255 8114 10232 19100 2835 11910 12164 11707 12780 13504 11463 9996 5160 3602 14528 7353 6828 6424 10799 12357 7896 10082 5292 12753
10036 6717 4768 15542 13029 6028 13261 6413 11905 17872 13085 11665 12055 10133 7661 3779 8625 13745 14977 8915 5708 10000 10099 1333 9719 5131 13820 7350 3645 10932 14191 4170 8162 9787 2324 5041 11394 2854 13785 7729 10619 5534 5744 17631 4059 11624 6346 12806 13332 7650 11445 7333 0 10824 12799 11691 6951 13001 12184 5523 2677 7540 1264 13645 2293 7935 13063 12782 9143 3373 7821 2126 15783 13246 8288 6236 12755 8147 12226 11140 12608 8789 7499 13142 7996 8570 12309 10406 2880 11367 10930 8308 12943 10534 3399 9756 11187 5231 7293 5227 15234
17137 13523 6096 14757 9402 13728 16004 4512 17085 16075 18498 20172 2778 1595 5853 8336 2301 10519 16801 13019 15189 12589 12896 10412 14641 15906 14098 18090 12033 15909 13757 13979 2680 17050 13147 13394 17337 10743 23063 3866 726 12850 10346 15959 12871 4874 16056 15112 20267 17362 17394 16778 10824 0 2186 2093 9363 22050 16245 15433 11052 17129 11977 8580 11910 6935 20013 17028 19047 12207 7749 10501 16843 13039 9436 15679 20421 5034 16908 12720 2889 19019 5400 13572 6222 16762 10128 9931 10314 18597 19938 2543 19012 15623 14131 9899 9887 15576 16998 16051 16688
19315 14822 8032 16371 10882 15912 17972 6394 19196 17480 20606 22358 1876 3632 6891 10493 4461 11979 18664 15142 17338 14638 14949 12274 16773 17916 15876 20118 14189 18025 15460 15706 4778 19231 15118 14933 19480 12886 25243 5357 2755 15035 12529 17388 14504 6284 18200 17065 22428 18986 19537 18938 12799 2186 0 3237 11513 24234 18305 17561 13186 19284 13987 9833 13700 9028 22176 19088 21193 14351 9847 12613 18622 14804 11515 17294 22600 6033 18995 14686 1474 21138 7553 15389 8318 18126 11797 11838 12003 20772 22120 4510 21147 17748 16038 11871 11699 17363 18628 18013 18516
16763 15165 7204 13134 7653 13686 14879 5818 16339 14277 17733 19996 4592 1597 7770 8675 3223 8755 15487 12346 15441 11672 11989 11495 13990 16621 12666 18742 12292 15187 12232 15199 3772 16713 13982 14833 16724 11099 23025 5627 1583 12813 10125 14178 14219 3051 16331 13959 19738 18674 16779 16953 11691 2093 3237 0 8871 21968 15337 15790 11445 17331 12744 6667 13075 6250 19495 16115 19290 12533 7060 10997 15409 11592 8646 17016 20043 6990 16079 11605 4494 19380 5077 12196 5576 18327 8567 8719 11640 18188 19895 3958 18353 14939 15077 8818 8516 16697 18306 16869 15321
7893 13394 6520 8668 6483 5211 7445 7234 7778 10945 9194 11193 11838 7895 10366 3557 7324 7001 8817 3708 7515 3781 4019 7834 5296 10043 7065 11715 4870 6596 7321 11071 7286 7848 8370 11934 7975 4434 14319 8798 8759 4421 1698 10710 10973 7046 8388 6722 10919 14415 8032 8729 6951 9363 11513 8871 0 13226 7156 8121 4789 9146 7187 7494 9227 2652 10670 7926 11103 5288 1903 4954 9368 6370 1352 13131 11173 10248 7686 4569 12141 11461 3964 6383 3296 15519 5490 3486 9106 9319 11219 7846 9655 6288 9701 2815 4321 11805 14077 10656 8936
5744 17837 16971 16515 18412 8324 11654 18473 8161 18718 7703 2144 24076 20781 20532 13822 19782 18309 13211 10499 7323 11961 11700 14230 9131 9287 14770 7986 10223 8662 15664 13813 19531 5647 11443 15804 7047 11579 1143 20064 21565 9203 11844 18454 15076 20254 6660 12171 4952 14532 7023 5671 13001 22050 24234 21968 13226 0 9803 7500 11363 5469 11815 19860 14011 15869 4928 9523 4275 10183 15127 12067 14439 15170 13883 14711 3484 20889 8889 12984 24520 5187 16895 14449 16472 17384 16919 15109 15613 4809 2133 19937 6581 8611 11678 14554 15919 12667 14457 10014 13760
4533 18861 13485 6713 9551 6598 1889 14365 1649 8943 2649 7754 18857 14688 17416 10106 14376 9131 3675 3557 8751 3669 3356 13432 2475 12443 5020 12999 8632 1529 5933 15536 14395 4794 12389 17023 2769 9375 10915 15948 15580 6766 7060 8675 16040 12779 9159 2390 5432 18143 2787 8651 12184 16245 18305 15337 7156 9803 0 9577 9509 8996 11704 11132 14328 9313 5292 784 10265 9005 8509 10134 4873 5587 6812 17363 6512 17362 970 3959 19103 11181 10944 4802 10027 20123 8012 6799 14948 5007 8594 14971 3637 1865 13505 6552 7336 15499 17884 13316 4174
5837 10753 9814 14989 14498 3380 11212 11410 8618 17444 9394 6357 17121 14392 13141 7135 13133 14837 13093 7535 831 9150 9066 6731 7333 2892 13075 3735 3519 8061 13746 6827 12783 5527 4031 8713 7705 4705 8262 12917 15064 3862 6425 17175 7866 14792 856 11143 8682 8737 7739 1895 5523 15433 17561 15790 8121 7500 9577 0 4382 2032 4317 15606 6594 10385 8434 9903 3689 3257 9848 4956 14177 12920 9287 8264 7767 13564 9195 10460 17622 3594 10846 12490 10800 11092 13294 11213 8121 6801 5475 13089 8862 7712 4594 10521 12114 6231 8521 3784 13511
7633 9383 5609 13111 11206 3571 10598 7136 9275 15494 10495 9754 12811 10021 9268 2770 8752 11782 12334 6258 4174 7425 7499 3936 7046 5472 11328 7417 1186 8275 11768 6450 8409 7413 3587 7636 8830 383 12278 8707 10683 2942 3307 15244 6645 10683 5018 10169 10984 9668 8883 5815 2677 11052 13186 11445 4789 11363 9509 4382 0 6133 2467 12055 4889 6461 10712 10113 8011 1188 6107 749 13174 10836 6135 8473 10578 9558 9569 8618 13294 7974 6607 10659 6742 11022 10278 8263 5474 9037 9233 8734 10430 7877 4917 7577 9109 7030 9338 5974 12609
4716 12642 11694 15004 15252 3957 10784 13258 7769 17434 8281 4409 18944 16000 15123 8793 14830 15453 12646 7708 1960 9370 9220 8761 7070 4312 13090 4087 5097 7474 13849 8654 14515 4404 6026 10596 6709 6408 6254 14802 16716 4726 7512 17162 9790 16074 1194 10885 7072 10121 6731 426 7540 17129 19284 17331 9146 5469 8996 2032 6133 0 6346 16490 8597 11614 6846 9170 1974 4950 10989 6783 13805 13103 10156 9891 5986 15520 8434 10645 19426 2412 12296 12569 12107 12696 13929 11889 10152 5335 3453 14860 7567 7186 6438 11224 12783 7816 9954 5178 13115
9171 7195 5973 15577 13499 5285 12924 7619 11269 17960 12377 10555 13290 11210 8919 4442 9745 14137 14701 8622 4577 9865 9925 2415 9230 3931 13789 6133 3077 10369 14235 3990 9302 8904 1289 5318 10662 2778 12573 8974 11739 4944 5769 17710 4336 12471 5155 12549 12404 7229 10710 6164 1264 11977 13987 12744 7187 11815 11704 4317 2467 6346 0 14236 2665 8541 12138 12251 7899 2701 8315 2254 15580 13303 8539 6006 11739 9411 11652 11075 13837 7527 8324 13122 8695 8582 12655 10673 3858 10441 9766 9483 12144 9973 2578 9996 11499 4633 6893 4126 14998
14138 19120 10781 6889 1592 12537 10014 10228 12559 7666 13775 17724 11250 7213 13209 9868 8219 2388 9992 9361 14973 7970 8262 14104 10800 17472 7018 19205 12331 11607 6322 17779 8663 14215 15504 18142 13333 11676 20998 10976 7888 11827 9191 7591 17289 3711 15828 9097 16372 21293 13378 16065 13645 8580 9833 6667 7494 19860 11132 15606 12055 16490 14236 0 15707 5712 16182 11818 18402 12732 5949 12008 9570 6002 6344 19824 17130 12620 12056 7207 11157 18861 6479 6780 5703 21832 3121 4753 14928 15316 18054 9200 14678 11512 16814 5342 3954 18830 20934 18026 9677
11807 4539 5878 17834 15184 7950 15482 7399 13931 20160 15041 12948 12676 11481 7672 5925 9883 15941 17223 11146 7023 12279 12369 1634 11853 5109 16113 7234 5699 13017 16484 2146 9362 11533 2572 2755 13326 5110 14661 8381 11831 7587 8035 19920 1768 13412 7450 15056 14998 5687 13374 8490 2293 11910 13700 13075 9227 14011 14328 6594 4889 8597 2665 15707 0 10030 14735 14892 9877 5349 9992 4407 18051 15538 10556 4129 14258 8339 14303 13430 13272 9289 9379 15435 10010 6295 14531 12664 1887 13042 12050 9371 14797 12619 2673 12023 13427 3668 5319 4804 17493
10531 13682 5707 9046 5187 7748 9193 5813 10169 10997 11578 13844 9554 5397 9076 4156 5123 6045 10218 6126 9868 5672 5974 8450 7766 11931 7856 13801 6924 9000 7798 12080 5230 10495 9817 12542 10491 6078 16956 7154 6284 6911 4118 10802 11656 4463 10760 8341 13491 15584 10548 11208 7935 6935 9028 6250 2652 15869 9313 10385 6461 11614 8541 5712 10030 0 13247 10097 13586 7280 820 6336 10490 6912 2502 14132 13804 8762 9974 5959 9789 13857 1730 7229 713 16227 4813 3533 9400 11945 13847 5836 12140 8731 11118 3231 3942 13120 15226 12423 10204
3088 19109 15938 11911 14635 7142 7010 17194 3687 13989 2858 3316 22387 18564 19825 12473 17891 14327 8404 7191 7808 8261 7954 14395 5561 11128 10300 10746 9547 4577 11217 15249 17770 3299 12292 17088 2863 10772 5935 18837 19424 7856 9762 13732 16194 17295 7668 7669 272 16966 2814 6719 13063 20013 22176 19495 10670 4928 5292 8434 10712 6846 12138 16182 14735 13247 0 4838 7107 9725 12436 11458 9620 10872 10897 16669 1449 19986 4324 8999 22736 8194 14623 10093 13933 19491 13094 11571 15931 1698 4548 18275 1725 4707 13020 11150 12260 14609 16795 12008 8958
4555 19430 14220 7073 10231 7066 2172 15123 1457 9201 2050 7536 19640 15471 18157 10821 15158 9765 3722 4295 9085 4451 4138 14046 3072 12787 5490 13220 9194 1897 6410 16032 15173 4842 12883 17565 2626 9997 10613 16711 16364 7308 7776 8938 16587 13541 9429 2881 4948 18546 2629 8847 12782 17028 19088 16115 7926 9523 784 9903 10113 9170 12251 11818 14892 10097 4838 0 10314 9550 9292 10758 4952 6152 7596 17821 6142 18115 738 4686 19887 11270 11726 5348 10810 20601 8698 7552 15573 4793 8464 15748 3129 2286 13963 7322 8064 15924 18297 13671 4260
5759 13573 13501 16568 17133 5898 12121 15092 8864 18967 9098 4027 20798 17944 16795 10715 16746 17289 13939 9445 3862 11098 10921 10280 8610 5020 14672 3835 7024 8791 15470 9550 16417 5479 7340 11546 7720 8306 4795 16605 18649 6689 9479 18695 10842 18047 2993 12335 7283 10360 7729 2379 9143 19047 21193 19290 11103 4275 10265 3689 8011 1974 7899 18402 9877 13586 7107 10314 0 6842 12955 8624 15135 14771 12084 10450 5935 17239 9579 12340 21293 1092 14264 14190 14081 13155 15778 13760 11569 5904 2766 16744 8207 8557 7446 13107 14647 8398 10260 5740 14437
6676 9887 6792 13185 11771 2655 10261 8324 8588 15609 9731 8607 13997 11138 10406 3885 9906 12258 12062 6006 2993 7361 7384 4703 6531 4755 11342 6522 447 7670 11862 6588 9575 6435 3491 8018 8031 1464 11092 9892 11821 2243 3640 15352 7038 11617 3849 9928 9996 9546 8081 4628 3373 12207 14351 12533 5288 10183 9005 3257 1188 4950 2701 12732 5349 7280 9725 9550 6842 0 6830 1886 12982 10955 6584 8518 9508 10719 8955 8621 14476 6849 7611 10692 7636 11198 10727 8664 6253 8035 8055 9912 9570 7273 4747 7965 9542 6862 9240 5385 12381
9742 13823 6105 8581 5209 7082 8440 6390 9350 10635 10759 13086 10350 6215 9645 4068 5894 5953 9529 5307 9293 4881 5178 8457 6947 11543 7279 13344 6448 8181 7295 11989 5969 9712 9571 12581 9674 5727 16221 7803 7101 6266 3478 10428 11666 5144 10179 7604 12678 15455 9730 10577 7821 7749 9847 7060 1903 15127 8509 9848 6107 10989 8315 5949 9992 820 12436 9292 12955 6830 0 6073 9858 6382 1701 14053 13008 9381 9159 5239 10596 13269 2466 6632 1529 16248 4595 3031 9515 11147 13122 6568 11320 7911 10889 2613 3592 12934 15103 12080 9540
8378 8833 4918 13456 11247 4316 11154 6476 9960 15809 11200 10485 12175 9535 8530 2371 8207 11884 12856 6805 4824 7875 7973 3301 7686 5715 11713 7763 1933 8939 12107 6129 7838 8160 3499 7160 9546 761 12966 8024 10163 3665 3636 15564 6174 10415 5641 10684 11730 9469 9600 6481 2126 10501 12613 10997 4954 12067 10134 4956 749 6783 2254 12008 4407 6336 11458 10758 8624 1886 6073 0 13657 11166 6305 8183 11326 8834 10232 9024 12670 8525 6289 11038 6542 10639 10406 8439 4815 9785 9940 8133 11158 8542 4819 7769 9256 6886 9127 6121 13109
9405 22475 15810 2951 8088 10949 3023 16248 6389 4450 6766 12484 19613 15255 19495 12882 15467 7189 1231 6976 13347 5795 5684 16887 6846 16968 2748 17736 12557 6353 3259 19552 15660 9668 16471 20805 7561 12941 15508 17642 16122 10868 10093 4211 19815 12434 13857 3069 9678 22458 7568 13442 15783 16843 18622 15409 9368 14439 4873 14177 13174 13805 15580 9570 18051 10490 9620 4952 15135 12982 9858 13657 0 3818 8363 21500 11003 19237 5646 4799 19709 16037 12211 3291 11116 24159 6874 7018 18294 9744 13410 16273 7901 6620 17695 7262 6956 19776 22170 17810 699
9519 19764 12476 2299 4438 9540 4131 12725 7190 4661 8195 13050 15813 11455 15987 9910 11741 3729 4018 5418 12131 3773 3888 14194 6215 15449 1077 16646 10508 6511 950 17276 11968 9692 14368 18270 8185 10534 16305 14035 12317 9167 7541 4408 17298 8629 12825 3280 11018 20468 8218 12692 13246 13039 14804 11592 6370 15170 5587 12920 10836 13103 13303 6002 15538 6912 10872 6152 14771 10955 6382 11166 3818 0 5137 19309 12034 15663 6557 2468 15898 15495 8592 814 7483 21805 3091 3379 15475 10381 13683 12582 9223 6567 15672 3791 3165 17797 20149 16208 3766
8336 14667 7450 7420 5221 6199 6766 7939 7700 9648 9102 11794 12051 7888 11160 4788 7593 5676 7940 3712 8635 3181 3477 9135 5354 11331 5913 12937 6156 6542 6083 12419 7654 8341 9719 13250 8091 5783 15000 9414 8778 5484 2947 9419 12295 6439 9485 5952 11131 15768 8146 9733 8288 9436 11515 8646 1352 13883 6812 9287 6135 10156 8539 6344 10556 2502 10897 7596 12084 6584 1701 6305 8363 5137 0 14480 11558 10953 7480 3630 12291 12519 4160 5240 3215 16851 4153 2134 10363 9692 11951 8248 9708 6294 11049 1468 2976 13156 15430 11966 7993
14076 3767 9831 21583 19259 10765 18744 11228 16670 23965 17581 14221 16048 15419 10710 9995 13796 19980 20567 14524 8976 15843 15886 5757 14925 5583 19788 6805 8946 15926 20241 2066 13255 13770 5029 2448 15865 8778 15074 11942 15684 10670 11772 23716 2808 17519 9002 18444 16909 1692 15905 9964 6236 15679 17294 17016 13131 14711 17363 8264 8473 9891 6006 19824 4129 14132 16669 17821 10450 8518 14053 8183 21500 19309 14480 0 15877 11504 17161 17070 16667 9537 13507 19124 14133 2829 18538 16609 5381 15058 13087 13181 17113 15543 3859 15946 17408 2078 1339 4751 20895
3287 18519 15998 13202 15613 7070 8305 17341 4867 15335 4242 1969 22694 19023 19814 12593 18239 15380 9780 7915 7240 9162 8869 14075 6354 10297 11531 9688 9393 5580 12441 14582 18075 3376 11746 16480 3860 10689 4512 18980 19862 7870 10082 15075 15623 17995 6948 8902 1507 16054 3823 5937 12755 20421 22600 20043 11173 3484 6512 7767 10578 5986 11739 17130 14258 13804 1449 6142 5935 9508 13008 11326 11003 12034 11558 15877 0 20035 5561 10022 23075 7027 15072 11275 14467 18680 14083 12442 15584 1866 3248 18552 3110 5627 12351 11968 13181 13802 15907 11154 10332
16913 8803 4048 17733 12992 12967 17666 3021 17760 19489 19143 19310 4570 5687 858 7524 4405 14072 18889 13824 13589 14004 14258 7218 15254 13145 16618 15362 10731 16599 16529 10132 3964 16740 10293 9081 17678 9388 21759 1669 5407 12172 10444 19323 8789 9071 14339 16891 20256 13189 17735 15255 8147 5034 6033 6990 10248 20889 17362 13564 9558 15520 9411 12620 8339 8762 19986 18115 17239 10719 9381 8834 19237 15663 10953 11504 20035 0 17795 14581 5195 16933 7073 15989 8182 12121 13232 12289 6484 18375 18767 3423 19375 16242 10926 11977 12594 11880 12843 13034 18918
3820 18842 13858 7644 10481 6427 2764 14823 744 9831 1724 6870 19479 15368 17806 10423 14978 10084 4421 3991 8381 4422 4101 13505 2590 12083 5981 12489 8612 1294 6896 15394 14967 4106 12247 16957 1915 9472 9992 16428 16257 6718 7390 9566 15983 13590 8707 3349 4462 17860 1922 8114 12226 16908 18995 16079 7686 8889 970 9195 9569 8434 11652 12056 14303 9974 4324 738 9579 8955 9159 10232 5646 6557 7480 17161 5561 17795 0 4858 19747 10533 11560 5772 10687 19950 8938 7645 15040 4120 7765 15532 2670 1692 13306 7350 8223 15248 17615 12969 4950
7259 17779 11038 4580 5643 7080 3287 11568 5353 7026 6582 10844 15427 11132 14788 8090 11070 5359 4310 2951 9667 1311 1425 12183 3882 13025 2722 14183 8177 4447 3293 15065 11188 7401 12080 16181 6177 8345 14126 13030 12024 6740 5398 6763 15197 8908 10357 2395 9180 18165 6219 10232 11140 12720 14686 11605 4569 12984 3959 10460 8618 10645 11075 7207 13430 5959 8999 4686 12340 8621 5239 9024 4799 2468 3630 17070 10022 14581 4858 0 15608 13043 7684 2074 6641 19638 4099 2909 13551 8268 11383 11793 7472 4409 13364 2822 3379 15483 17855 13799 4380
19805 13971 7876 17560 12125 16236 18891 6238 19901 18767 21316 22712 625 4482 6031 10701 4845 13234 19685 15827 17468 15456 15761 11944 17436 17738 16962 19958 14358 18721 16596 15195 5009 19699 14900 14260 20108 13022 25497 4914 3597 15367 12999 18665 13915 7529 18306 18000 22994 18356 20166 19100 12608 2889 1474 4494 12141 24520 19103 17622 13294 19426 13837 11157 13272 9789 22736 19887 21293 14476 10596 12670 19709 15898 12291 16667 23075 5195 19747 15608 0 21163 8195 16446 9077 17297 12948 12818 11494 21275 22393 4584 21795 18425 15725 12787 12757 16902 18006 17762 19566
6719 12778 13314 17360 17645 6327 13016 14933 9829 19779 10128 5111 20649 17986 16445 10730 16721 17861 14854 10113 3992 11774 11618 9845 9404 4269 15452 2810 7092 9684 16226 8772 16362 6428 6817 10772 8703 8299 5560 16398 18657 7048 9796 19506 10122 18299 3097 13182 8373 9358 8715 2835 8789 19019 21138 19380 11461 5187 11181 3594 7974 2412 7527 18861 9289 13857 8194 11270 1092 6849 13269 8525 16037 15495 12519 9537 7027 16933 10533 13043 21163 0 14412 14945 14312 12197 16335 14288 11050 6958 3841 16654 9262 9429 6754 13619 15184 7511 9274 4899 15341
11785 12641 4353 10673 6332 8609 10903 4181 11705 12522 13120 14940 7920 3951 7431 3923 3435 7316 11948 7632 10439 7340 7632 7750 9247 12005 9558 14019 7327 10526 9457 11501 3506 11715 9611 11704 11938 6238 17949 5445 4801 7736 5060 12341 10883 4147 11334 10061 14875 15047 11995 11910 7499 5400 7553 5077 3964 16895 10944 10846 6607 12296 8324 6479 9379 1730 14623 11726 14264 7611 2466 6289 12211 8592 4160 13507 15072 7073 11560 7684 8195 14412 0 8940 1110 15389 6266 5222 8466 13234 14819 4110 13615 10233 10846 4957 5535 12726 14681 12386 11932
8838 19733 12670 2510 5204 9116 3317 13018 6419 4963 7395 12339 16337 11981 16276 9941 12177 4535 3313 4956 11688 3369 3425 14144 5592 15088 683 16200 10248 5788 1281 17109 12374 9024 14144 18181 7437 10376 15581 14381 12853 8806 7402 4697 17201 9274 12350 2471 10234 20233 7468 12164 13142 13572 15389 12196 6383 14449 4802 12490 10659 12569 13122 6780 15435 7229 10093 5348 14190 10692 6632 11038 3291 814 5240 19124 11275 15989 5772 2074 16446 14945 8940 0 7840 21670 3798 3731 15471 9649 13008 12988 8433 5869 15432 4020 3692 17553 19922 15868 3127
11189 13492 5339 9565 5375 8288 9888 5282 10878 11437 12288 14464 8844 4686 8536 4257 4431 6312 10879 6830 10320 6383 6685 8403 8467 12209 8454 14137 7304 9708 8347 12096 4561 11144 9981 12445 11188 6361 17550 6552 5572 7436 4662 11252 11587 3992 11215 9029 14178 15625 11245 11707 7996 6222 8318 5576 3296 16472 10027 10800 6742 12107 8695 5703 10010 713 13933 10810 14081 7636 1529 6542 11116 7483 3215 14133 14467 8182 10687 6641 9077 14312 1110 7840 0 16136 5195 4117 9251 12612 14433 5171 12842 9436 11259 3877 4430 13216 15263 12660 10849
16903 3330 11350 24096 21408 13536 21456 12524 19472 26440 20401 16993 16672 16754 11272 12189 15126 22201 23259 17190 11804 18444 18507 7791 17672 8383 22342 9409 11612 18705 22747 4610 14567 16597 7740 3691 18683 11295 17679 12907 16883 13392 14273 26197 4581 19224 11826 21118 19730 2994 18723 12780 8570 16762 18126 18327 15519 17384 20123 11092 11022 12696 8582 21832 6295 16227 19491 20601 13155 11198 16248 10639 24159 21805 16851 2829 18680 12121 19950 19638 17297 12197 15389 21670 16136 0 20811 18958 6931 17885 15836 14384 19941 18318 6649 18317 19716 4884 2972 7529 23570
11176 18418 10508 4635 1544 10041 6932 10437 9452 6264 10655 14776 12906 8571 13661 8623 9066 1544 7098 6468 12589 4961 5234 13027 7800 15461 4163 16994 10294 8528 3665 16472 9369 11277 13855 17157 10258 9921 18061 11569 9403 9435 7087 6092 16231 5564 13398 6006 13278 19873 10302 13504 12309 10128 11797 8567 5490 16919 8012 13294 10278 13929 12655 3121 14531 4813 13094 8698 15778 10727 4595 10406 6874 3091 4153 18538 14083 13232 8938 4099 12948 16335 6266 3798 5195 20811 0 2083 14110 12293 15191 9973 11569 8456 15186 2781 1187 17283 19530 16112 6856
9395 16701 9136 5550 3376 7978 6162 9345 8049 7641 9362 12975 12676 8337 12608 6825 8452 3627 6875 4610 10513 3310 3622 11213 6089 13388 4337 14911 8228 7007 4274 14547 8643 9465 11849 15338 8708 7914 16246 10667 9222 7356 5027 7425 14392 6001 11329 5241 11777 17902 8757 11463 10406 9931 11838 8719 3486 15109 6799 11213 8263 11889 10673 4753 12664 3533 11571 7552 13760 8664 3031 8439 7018 3379 2134 16609 12442 12289 7645 2909 12818 14288 5222 3731 4117 18958 2083 0 12387 10608 13305 9256 10162 6866 13179 700 901 15287 17563 14048 6792
12914 4315 4485 17770 14583 8907 15915 5848 14746 20006 15948 14409 10889 10045 5796 5575 8419 15433 17566 11575 8432 12503 12638 1552 12501 6943 16154 9100 6512 13746 16425 3708 7875 12662 4237 3268 14264 5576 16320 6649 10305 8389 8206 19779 2578 12309 8972 15393 16200 7054 14316 9996 2880 10314 12003 11640 9106 15613 14948 8121 5474 10152 3858 14928 1887 9400 15931 15573 11569 6253 9515 4815 18294 15475 10363 5381 15584 6484 15040 13551 11494 11050 8466 15471 9251 6931 14110 12387 0 14234 13594 7804 15822 13349 4551 11797 13074 5413 6688 6683 17783
1476 17430 14328 11712 13815 5472 6876 15623 3380 13944 3235 2751 20906 17185 18192 10884 16434 13624 8514 6057 6145 7348 7063 12699 4520 9555 9961 9347 7866 3871 10856 13594 16285 1637 10612 15415 2241 9109 5934 17266 18029 6214 8276 13678 14514 16130 6063 7364 1966 15419 2220 5160 11367 18597 20772 18188 9319 4809 5007 6801 9037 5335 10441 15316 13042 11945 1698 4793 5904 8035 11147 9785 9744 10381 9692 15058 1866 18375 4120 8268 21275 6958 13234 9649 12612 17885 12293 10608 14234 0 3705 16774 2304 3861 11369 10120 11363 13009 15235 10444 9052
4171 16031 14841 15219 16651 6222 10482 16340 7021 17521 6918 1287 21946 18685 18421 11693 17665 16628 12184 8725 5229 10272 10035 12180 7502 7544 13396 6595 8090 7274 14260 12017 17408 3992 9478 13986 5851 9447 3131 17932 19461 7101 9784 17252 13210 18263 4622 10874 4686 13090 5843 3602 10930 19938 22120 19895 11219 2133 8594 5475 9233 3453 9766 18054 12050 13847 4548 8464 2766 8055 13122 9940 13410 13683 11951 13087 3248 18767 7765 11383 22393 3841 14819 13008 14433 15836 15191 13305 13594 3705 0 17809 5896 7146 9830 12718 14144 11015 12975 8339 12715
15299 11207 3559 14551 9622 11661 15007 1972 15614 16192 17027 18139 4152 2440 4063 6117 983 10716 16049 11553 12905 11416 11701 7869 13113 13414 13584 15611 9781 14432 13404 11449 614 15180 10631 10936 15724 8452 20913 1811 2510 10796 8513 16038 10373 5662 13752 14169 18537 14858 15782 14528 8308 2543 4510 3958 7846 19937 14971 13089 8734 14860 9483 9200 9371 5836 18275 15748 16744 9912 6568 8133 16273 12582 8248 13181 18552 3423 15532 11793 4584 16654 4110 12988 5171 14384 9973 9256 7804 16774 17809 0 17424 14111 11595 9048 9444 13035 14492 13532 16019
3042 19272 15348 10194 13113 6915 5298 16493 2122 12264 1135 4775 21480 17518 19285 11860 16966 12746 6682 6014 8138 6865 6548 14270 4376 11693 8612 11618 9321 3186 9530 15545 16891 3345 12477 17291 1704 10429 7622 18130 18393 7493 8973 12006 16358 16012 8187 5987 1820 17569 1647 7353 12943 19012 21147 18353 9655 6581 3637 8862 10430 7567 12144 14678 14797 12140 1725 3129 8207 9570 11320 11158 7901 9223 9708 17113 3110 19375 2670 7472 21795 9262 13615 8433 12842 19941 11569 10162 15822 2304 5896 17424 0 3414 13346 9798 10798 15093 17369 12589 7236
2976 17158 12269 8094 9987 4782 3598 13298 1518 10446 2919 6484 18126 14117 16222 8808 13612 9766 5462 2607 6886 3559 3256 11813 998 10579 6252 11156 6925 398 7115 13746 13563 3183 10597 15283 1844 7783 9750 14919 14996 5033 5802 10174 14307 12624 7303 3787 4918 16294 1894 6828 10534 15623 17748 14939 6288 8611 1865 7712 7877 7186 9973 11512 12619 8731 4707 2286 8557 7273 7911 8542 6620 6567 6294 15543 5627 16242 1692 4409 18425 9429 10233 5869 9436 18318 8456 6866 13349 3861 7146 14111 3414 0 11684 6447 7572 13659 16039 11454 5929
10304 6206 8036 17919 16064 6907 14905 9651 12823 20332 13766 10847 15145 13511 10295 7002 11978 16681 16739 10727 5228 12108 12129 3781 11072 2496 16086 4564 5188 12068 16589 2233 11495 10004 1331 4159 12044 5267 12238 10811 13966 6837 8202 20077 3398 14987 5403 14631 13270 4801 12086 6424 3399 14131 16038 15077 9701 11678 13505 4594 4917 6438 2578 16814 2673 11118 13020 13963 7446 4747 10889 4819 17695 15672 11049 3859 12351 10926 13306 13364 15725 6754 10846 15432 11259 6649 15186 13179 4551 11369 9830 11595 13346 11684 0 12493 14021 2126 4493 2133 17080
8867 16107 8687 6036 4028 7302 6107 8999 7703 8210 9050 12427 12611 8310 12256 6224 8289 4324 7003 4077 9826 2940 3260 10592 5619 12688 4666 14215 7529 6619 4721 13886 8438 8922 11164 14711 8290 7232 15688 10380 9203 6667 4331 7985 13759 6240 10647 5214 11365 17226 8341 10799 9756 9899 11871 8818 2815 14554 6552 10521 7577 11224 9996 5342 12023 3231 11150 7322 13107 7965 2613 7769 7262 3791 1468 15946 11968 11977 7350 2822 12787 13619 4957 4020 3877 18317 2781 700 11797 10120 12718 9048 9798 6447 12493 0 1595 14605 16889 13350 6975
10189 17388 9639 5139 2509 8877 6494 9711 8677 7061 9947 13780 12658 8299 12966 7544 8587 2729 6971 5426 11415 4020 4316 11947 6846 14274 4212 15810 9108 7683 3960 15343 8832 10272 12690 16077 9402 8754 17059 10948 9167 8258 5902 6862 15141 5650 12230 5559 12457 18724 9449 12357 11187 9887 11699 8516 4321 15919 7336 12114 9109 12783 11499 3954 13427 3942 12260 8064 14647 9542 3592 9256 6956 3165 2976 17408 13181 12594 8223 3379 12757 15184 5535 3692 4430 19716 1187 901 13074 11363 14144 9444 10798 7572 14021 1595 0 16123 18383 14927 6818
12063 5394 9522 20042 18128 8912 16953 11064 14730 22457 15595 12143 16300 15108 11157 8972 13525 18769 18799 12819 6970 14222 14237 5202 13094 3506 18204 4844 7306 14036 18713 1782 13012 11754 3445 3543 13888 7373 13066 12032 15485 8908 10323 22201 3266 16840 6947 16708 14847 2686 13925 7896 5231 15576 17363 16697 11805 12667 15499 6231 7030 7816 4633 18830 3668 13120 14609 15924 8398 6862 12934 6886 19776 17797 13156 2078 13802 11880 15248 15483 16902 7511 12726 17553 13216 4884 17283 15287 5413 13009 11015 13035 15093 13659 2126 14605 16123 0 2396 2676 19153
14356 4885 11110 22404 20311 11302 19347 12534 17084 24810 17913 14162 17387 16709 12048 11072 15090 20995 21195 15211 9289 16600 16621 6953 15485 5682 20576 6472 9680 16413 21070 3181 14553 14044 5781 3777 16215 9667 14724 13274 16991 11303 12644 24556 4130 18730 9185 19103 17025 369 16252 10082 7293 16998 18628 18306 14077 14457 17884 8521 9338 9954 6893 20934 5319 15226 16795 18297 10260 9240 15103 9127 22170 20149 15430 1339 15907 12843 17615 17855 18006 9274 14681 19922 15263 2972 19530 17563 6688 15235 12975 14492 17369 16039 4493 16889 18383 2396 0 4791 21548
9591 7881 9982 18378 17132 6864 14891 11619 12401 20826 13165 9471 17191 15330 12416 8466 13846 17641 16765 10973 4588 12499 12466 5841 11000 897 16489 2457 5821 11812 17085 3892 13388 9277 2905 5888 11485 6356 10457 12852 15840 7063 9025 20562 5301 16525 4402 14749 12241 4981 11518 5292 5227 16051 18013 16869 10656 10014 13316 3784 5974 5178 4126 18026 4804 12423 12008 13671 5740 5385 12080 6121 17810 16208 11966 4751 11154 13034 12969 13799 17762 4899 12386 15868 12660 7529 16112 14048 6683 10444 8339 13532 12589 11454 2133 13350 14927 2676 4791 0 17159
8706 21938 15418 3332 8154 10302 2331 15915 5693 5060 6101 11794 19449 15096 19150 12417 15237 7319 555 6380 12681 5283 5147 16359 6178 16313 2694 17056 11960 5657 3369 18961 15407 8969 15867 20244 6864 12386 14833 17342 15971 10246 9577 4812 19253 12385 13180 2452 9023 21832 6872 12753 15234 16688 18516 15321 8936 13760 4174 13511 12609 13115 14998 9677 17493 10204 8958 4260 14437 12381 9540 13109 699 3766 7993 20895 10332 18918 4950 4380 19566 15341 11932 3127 10849 23570 6856 6792 17783 9052 12715 16019 7236 5929 17080 6975 6818 19153 21548 17159 0
1 6 8 6
2 6 9 0
3 2 7 7
4 4 4 3
5 4 7 2
6 8 4 7
7 7 4 2
8 2 6 3
9 9 7 2
10 4 10 2
11 6 6 6
12 9 8 7
13 8 6 1
14 3 5 3
15 5 8 4
16 6 6 5
17 5 5 0
18 5 4 3
19 9 3 7
20 7 4 1
21 3 4 2
22 5 8 2
23 4 6 3
24 5 7 4
25 2 6 7
26 4 5 4
27 7 7 3
28 4 4 1
29 6 5 2
30 5 3 4
31 4 8 4
32 4 4 1
33 5 8 4
34 7 10 3
35 6 6 2
36 6 6 4
37 10 5 2
38 6 6 0
39 6 7 6
40 2 3 5
41 8 11 4
42 2 3 8
43 11 13 2
44 4 4 3
45 11 6 2
46 7 6 2
47 2 6 2
48 3 7 6
49 3 7 4
50 8 7 6
51 9 8 5
52 8 9 2
53 9 6 1
54 6 2 2
55 9 5 4
56 3 2 4
57 9 2 9
58 4 9 5
59 4 7 6
60 6 6 3
61 9 6 2
62 8 5 6
63 7 3 7
64 9 7 4
65 5 7 5
66 5 6 2
67 3 8 0
68 9 9 6
69 0 5 2
70 6 5 4
71 4 4 4
72 3 5 2
73 5 10 9
74 7 5 7
75 8 5 5
76 7 8 3
77 4 2 2
78 3 3 3
79 6 7 4
80 4 2 3
81 7 10 5
82 8 5 3
83 9 8 1
84 7 11 2
85 6 3 2
86 5 7 4
87 5 2 1
88 9 5 4
89 5 6 1
90 4 4 5
91 10 8 4
92 10 1 4
93 4 6 2
94 10 5 1
95 5 6 2
96 7 3 2
97 5 3 4
98 3 4 1
99 10 5 2
100 7 4 3
