270 30 3
30 60 700 9.00
0 5 12 1
0 1 5 3
0 9 11 1
0 7 3 2
0 18 25 2
0 7 22 2
0 17 22 3
0 4 8 3
0 9 3 3
0 3 5 3
0 8 6 2
0 1 24 3
0 15 2 2
0 8 29 2
0 11 3 1
0 19 14 3
0 1 15 1
0 3 20 1
0 2 23 2
0 5 25 3
0 7 23 3
0 1 4 2
0 6 24 1
0 6 19 2
0 1 16 2
0 25 6 2
0 12 29 2
0 20 13 2
0 4 28 3
0 24 17 2
0 3 5 2
0 8 21 3
0 9 1 2
0 4 9 3
0 3 5 3
0 12 19 2
0 3 26 1
0 19 2 3
0 7 3 2
0 4 8 3
0 8 21 1
0 13 3 1
0 2 29 1
0 8 18 2
0 8 16 1
0 22 14 2
0 1 16 3
0 1 8 1
0 17 8 2
0 4 24 3
0 13 24 3
0 23 8 1
0 4 18 3
0 13 25 2
0 1 24 1
0 1 10 1
0 20 28 2
0 4 9 1
0 12 10 1
0 2 7 2
0 14 25 2
0 9 18 2
0 3 19 1
0 1 20 2
0 9 4 3
0 10 7 2
0 6 17 1
0 5 10 1
0 4 4 1
0 16 8 3
0 6 28 3
0 4 14 2
0 1 16 2
0 1 12 2
0 9 6 3
0 5 7 1
0 1 6 2
0 5 2 3
0 5 28 2
0 3 22 1
0 10 4 3
0 17 7 1
0 6 12 3
0 5 9 1
0 3 27 2
0 1 29 3
0 13 23 3
0 7 16 2
0 6 13 2
0 8 8 1
0 4 15 3
0 5 15 1
0 13 10 1
0 5 6 2
0 12 22 3
0 1 8 2
0 4 8 1
0 1 3 2
0 11 10 2
0 21 7 1
0 1 14 2
0 12 7 3
0 5 1 3
0 9 20 2
0 9 21 1
0 1 2 3
0 4 14 3
0 5 8 2
0 8 18 3
0 18 18 3
0 12 22 2
0 14 15 3
0 10 27 1
0 9 6 1
0 3 11 2
0 10 29 2
0 3 1 2
0 1 1 1
0 9 30 1
0 1 11 2
0 6 30 2
0 2 7 2
0 4 30 1
0 4 4 3
0 9 3 3
0 9 14 2
0 16 2 1
0 3 30 1
0 8 5 3
0 2 6 2
0 1 26 1
0 18 3 2
0 22 10 1
0 1 26 3
0 5 7 2
0 7 7 3
0 11 4 3
0 1 25 3
0 4 13 1
0 4 6 1
0 13 2 3
0 7 9 3
0 12 23 3
0 8 2 1
0 7 21 2
0 6 9 2
0 15 20 2
0 2 19 2
0 21 2 3
0 15 29 2
0 18 21 3
0 6 12 2
0 13 13 2
0 6 20 1
0 18 25 2
0 16 23 2
0 16 26 2
0 15 8 1
0 6 7 1
0 1 16 3
0 9 20 2
0 10 28 1
0 10 21 1
0 8 22 2
0 5 16 3
0 18 16 1
0 9 21 3
0 17 14 1
0 14 21 1
0 3 21 1
0 9 24 3
0 2 20 2
0 7 21 3
0 2 4 2
0 9 7 2
0 2 7 3
0 2 5 2
0 1 19 3
0 6 29 3
0 5 8 3
0 4 4 3
0 1 20 1
0 3 14 1
0 10 24 2
0 2 25 3
0 10 24 3
0 11 20 1
0 10 26 1
0 7 9 2
0 21 1 3
0 16 26 2
0 14 17 3
0 13 14 1
0 2 14 2
0 16 29 2
0 15 10 2
0 8 11 2
0 9 20 2
0 14 1 3
0 2 14 2
0 16 1 2
0 11 22 1
0 22 12 1
0 7 30 2
0 24 14 3
0 18 13 3
0 14 29 1
0 22 9 3
0 11 2 2
0 5 28 3
0 13 26 3
0 7 7 2
0 18 26 2
0 3 29 1
0 8 19 2
0 18 26 1
1 18 29 2
1 8 8 1
1 12 22 3
1 3 18 2
1 1 23 1
1 23 20 3
1 8 22 3
1 6 7 1
1 14 13 3
1 15 20 3
1 17 6 3
1 6 30 1
1 4 10 1
1 3 24 3
1 2 24 1
1 3 9 3
1 2 7 3
1 1 4 1
1 10 5 1
1 1 27 2
1 10 28 2
1 11 3 3
1 4 19 3
1 7 14 1
1 3 1 2
1 2 2 2
1 2 24 1
1 21 13 2
1 1 28 2
1 6 29 2
1 21 21 3
1 2 24 3
1 3 17 3
1 8 28 3
1 19 1 2
1 1 25 1
1 2 29 3
1 10 23 1
1 22 20 1
1 3 20 2
1 3 2 2
1 4 15 2
1 9 2 2
1 20 12 1
1 11 17 3
1 1 11 1
1 18 13 3
1 24 5 2
1 12 1 1
1 6 20 2
1 4 4 2
1 8 13 2
1 5 24 2
1 13 6 1
0 18484 15877 7972 11786 11669 15096 8925 8951 7544 9018 14576 10718 15045 10694 19428 6307 10433 12288 9630 21357 17960 10815 10681 22093 9532 17677 8269 13272 8846 9222
18484 0 13469 14213 14359 12138 7100 9790 17588 12130 12907 7513 9373 6026 8137 7105 12177 10289 10350 13922 13003 12740 9492 19458 11103 10356 4076 11414 17651 13824 9508
15877 13469 0 7908 4303 4398 6444 10109 8609 15199 6959 6160 15272 16043 13096 8109 12334 6864 17813 6263 6073 2466 7203 9105 7960 7988 9597 15065 5624 7031 10000
7972 14213 7908 0 3891 3851 8550 5430 3609 9131 1439 7967 10684 13520 9088 12659 5873 3978 13227 1667 13547 10054 4742 5808 14614 3917 11899 9339 6270 882 5579
11786 14359 4303 3891 0 2246 7544 7812 4443 12434 3426 7014 13328 15251 11375 10862 9265 4858 15940 2251 10296 6682 5576 5498 11847 5658 11148 12489 3426 3092 7824
11669 12138 4398 3851 2246 0 5467 6034 5970 10974 2651 4909 11473 13099 9420 9156 7989 2841 14078 2465 9718 6295 3462 7472 10785 3836 9058 10919 5651 2993 5989
15096 7100 6444 8550 7544 5467 0 6636 11373 11399 7111 583 10304 9960 8115 4332 9539 4797 12569 7695 7952 6235 4291 12936 7513 5569 3605 10984 10674 7893 6378
8925 9790 10109 5430 7812 6034 6636 0 9030 5137 4686 6220 5519 8107 3686 10855 2918 3259 8130 6082 14086 11343 2966 11238 14098 2200 8780 4957 11057 5513 297
8951 17588 8609 3609 4443 5970 11373 9030 0 12272 4713 10798 14158 17127 12664 15104 9070 7308 16647 3710 14672 11052 8114 2268 16290 7465 14910 12593 4425 3784 9186
7544 12130 15199 9131 12434 10974 11399 5137 12272 0 9029 11078 3240 7669 4025 15318 3259 8338 4860 10367 19132 16478 8103 14526 18906 7212 12655 769 15356 9603 5299
9018 12907 6959 1439 3426 2651 7111 4686 4713 9029 0 6528 10156 12613 8365 11230 5841 2620 12751 1402 12353 8945 3415 6761 13287 2805 10479 9119 6424 931 4770
14576 7513 6160 7967 7014 4909 583 6220 10798 11078 6528 0 10134 10046 7928 4864 9105 4237 12462 7116 8142 6170 3761 12381 7882 5044 4149 10693 10188 7309 5972
10718 9373 15272 10684 13328 11473 10304 5519 14158 3240 10156 10134 0 4437 2218 13685 5341 8635 2612 11557 18255 16092 8121 16420 17575 7684 10671 2478 16563 10923 5509
15045 6026 16043 13520 15251 13099 9960 8107 17127 7669 12613 10046 4437 0 4654 12090 9183 10412 4470 13950 17531 16192 9675 19312 16206 9824 8778 6901 18665 13505 7942
10694 8137 13096 9088 11375 9420 8115 3686 12664 4025 8365 7928 2218 4654 0 11648 4580 6581 4717 9756 16059 13875 6005 14893 15459 5722 8775 3356 14691 9199 3599
19428 7105 8109 12659 10862 9156 4332 10855 15104 15318 11230 4864 13685 12090 11648 0 13773 9089 15602 11579 5925 6487 8621 16354 4121 9901 3319 14811 13451 11923 10581
6307 12177 12334 5873 9265 7989 9539 2918 9070 3259 5841 9105 5341 9183 4580 13773 0 5607 7659 7144 16807 13859 5600 11334 16964 4468 11621 3523 12108 6364 3194
10433 10289 6864 3978 4858 2841 4797 3259 7308 8338 2620 4237 8635 10412 6581 9089 5607 0 11238 3709 11263 8254 810 9269 11696 1145 7963 8207 8257 3535 3180
12288 10350 17813 13227 15940 14078 12569 8130 16647 4860 12751 12462 2612 4470 4717 15602 7659 11238 0 14152 20502 18526 10703 18914 19612 10295 12420 4267 19166 13502 8121
9630 13922 6263 1667 2251 2465 7695 6082 3710 10367 1402 7116 11557 13950 9756 11579 7144 3709 14152 0 12004 8466 4518 5564 13219 4126 11208 10486 5031 841 6157
21357 13003 6073 13547 10296 9718 7952 14086 14672 19132 12353 8142 18255 17531 16059 5925 16807 11263 20502 12004 0 3621 11209 15119 2791 12368 9039 18794 11461 12671 13880
17960 12740 2466 10054 6682 6295 6235 11343 11052 16478 8945 6170 16092 16192 13875 6487 13859 8254 18526 8466 3621 0 8379 11563 5574 9396 8686 16243 8003 9173 11181
10815 9492 7203 4742 5576 3462 4291 2966 8114 8103 3415 3761 8121 9675 6005 8621 5600 810 10703 4518 11209 8379 0 10079 11449 1284 7283 7901 8993 4336 2820
10681 19458 9105 5808 5498 7472 12936 11238 2268 14526 6761 12381 16420 19312 14893 16354 11334 9269 18914 5564 15119 11563 10079 0 17036 9561 16530 14857 3829 5840 11380
22093 11103 7960 14614 11847 10785 7513 14098 16290 18906 13287 7882 17575 16206 15459 4121 16964 11696 19612 13219 2791 5574 11449 17036 0 12704 7440 18470 13566 13772 13854
9532 10356 7988 3917 5658 3836 5569 2200 7465 7212 2805 5044 7684 9824 5722 9901 4468 1145 10295 4126 12368 9396 1284 9561 12704 0 8449 7107 8974 3721 2175
17677 4076 9597 11899 11148 9058 3605 8780 14910 12655 10479 4149 10671 8778 8775 3319 11621 7963 12420 11208 9039 8686 7283 16530 7440 8449 0 12072 14236 11321 8485
8269 11414 15065 9339 12489 10919 10984 4957 12593 769 9119 10693 2478 6901 3356 14811 3523 8207 4267 10486 18794 16243 7901 14857 18470 7107 12072 0 15504 9751 5081
13272 17651 5624 6270 3426 5651 10674 11057 4425 15356 6424 10188 16563 18665 14691 13451 12108 8257 19166 5031 11461 8003 8993 3829 13566 8974 14236 15504 0 5755 11103
8846 13824 7031 882 3092 2993 7893 5513 3784 9603 931 7309 10923 13505 9199 11923 6364 3535 13502 841 12671 9173 4336 5840 13772 3721 11321 9751 5755 0 5619
9222 9508 10000 5579 7824 5989 6378 297 9186 5299 4770 5972 5509 7942 3599 10581 3194 3180 8121 6157 13880 11181 2820 11380 13854 2175 8485 5081 11103 5619 0
1 10 8 8
2 8 7 5
3 4 8 2
4 10 3 4
5 10 9 9
6 6 9 6
7 4 5 4
8 8 9 7
9 11 8 5
10 4 7 6
11 6 7 5
12 6 10 6
13 9 10 7
14 10 9 7
15 11 6 5
16 7 7 8
17 8 12 5
18 8 7 7
19 7 9 5
20 10 9 4
21 6 8 5
22 12 7 6
23 6 7 5
24 11 4 2
25 13 9 6
26 9 8 6
27 3 5 6
28 10 9 7
29 5 6 6
30 12 8 6
