270 30 3
30 60 700 9.00
0 13 30 3
0 6 4 3
0 5 1 1
0 6 3 1
0 6 2 1
0 7 12 1
0 5 21 1
0 1 2 2
0 15 4 1
0 3 4 2
0 11 17 3
0 2 17 1
0 2 16 2
0 24 23 3
0 8 18 2
0 3 19 1
0 7 19 3
0 23 19 1
0 6 9 2
0 4 24 2
0 3 1 1
0 23 29 3
0 1 19 2
0 7 15 1
0 2 25 3
0 8 27 2
0 10 28 3
0 10 7 2
0 4 7 3
0 11 23 2
0 10 25 3
0 6 27 3
0 10 9 1
0 9 27 3
0 3 6 2
0 16 4 1
0 19 21 1
0 3 16 3
0 1 19 2
0 22 3 2
0 10 30 3
0 2 14 1
0 1 13 1
0 9 27 3
0 24 29 1
0 22 8 3
0 22 17 1
0 4 5 3
0 4 11 3
0 6 6 1
0 1 24 3
0 25 7 3
0 1 25 1
0 2 2 1
0 1 22 1
0 1 28 3
0 1 10 1
0 8 6 2
0 1 2 3
0 7 4 3
0 2 5 3
0 4 23 2
0 5 22 3
0 2 4 2
0 3 14 3
0 10 27 3
0 3 11 2
0 8 11 3
0 12 5 3
0 3 5 2
0 5 29 1
0 3 25 3
0 1 17 1
0 2 24 3
0 18 5 3
0 2 28 2
0 12 3 2
0 12 18 3
0 1 5 1
0 12 5 3
0 17 27 1
0 5 25 3
0 1 25 1
0 22 30 2
0 15 13 2
0 5 11 1
0 1 25 2
0 16 5 1
0 11 18 1
0 1 8 3
0 1 29 1
0 6 28 2
0 16 3 1
0 5 3 2
0 11 28 2
0 18 22 3
0 10 19 3
0 21 17 1
0 5 19 2
0 5 30 2
0 5 28 2
0 23 16 1
0 7 2 3
0 5 5 1
0 2 17 1
0 1 2 1
0 9 5 1
0 4 25 2
0 7 14 2
0 2 23 2
0 3 12 1
0 2 23 1
0 1 7 2
0 10 25 1
0 9 20 2
0 1 26 2
0 21 15 1
0 2 14 3
0 13 20 2
0 8 16 1
0 4 24 2
0 8 26 3
0 4 14 1
0 12 29 3
0 1 7 3
0 2 11 1
0 12 12 1
0 14 21 1
0 3 2 1
0 2 4 2
0 9 19 2
0 6 11 3
0 17 3 1
0 17 17 2
0 17 2 2
0 1 22 1
0 7 13 2
0 1 5 3
0 5 16 2
0 6 21 2
0 6 13 3
0 15 24 3
0 25 18 1
0 9 7 3
0 21 8 3
0 9 15 3
0 4 9 2
0 9 17 3
0 2 12 2
0 1 28 2
0 10 13 3
0 15 8 3
0 6 29 1
0 2 15 3
0 2 29 3
0 15 8 3
0 4 21 1
0 10 12 3
0 6 24 2
0 2 22 1
0 6 25 3
0 15 2 3
0 3 25 1
0 1 18 1
0 5 3 2
0 12 7 2
0 6 13 3
0 5 14 1
0 16 25 3
0 1 23 2
0 12 21 2
0 11 10 3
0 3 6 2
0 23 8 2
0 9 2 1
0 1 30 3
0 11 7 2
0 6 24 2
0 9 29 1
0 2 7 1
0 8 12 3
0 1 28 1
0 7 4 1
0 2 8 1
0 4 25 1
0 8 2 3
0 2 14 2
0 4 11 3
0 3 8 2
0 6 11 3
0 11 25 2
0 5 9 3
0 8 13 2
0 4 17 1
0 16 12 1
0 20 11 3
0 20 19 3
0 8 16 1
0 9 11 3
0 1 11 2
0 6 27 3
0 3 12 2
0 13 15 2
0 9 4 2
0 13 18 3
0 1 21 1
0 20 19 3
0 9 11 1
0 2 30 1
0 10 11 2
0 1 23 3
0 13 20 3
0 1 26 1
0 17 8 1
0 4 24 1
0 1 9 2
1 3 23 2
1 15 6 2
1 8 2 2
1 20 6 1
1 22 15 2
1 11 1 3
1 23 11 2
1 2 11 2
1 14 12 1
1 1 16 2
1 17 2 1
1 15 26 2
1 16 9 3
1 3 27 1
1 7 24 1
1 16 15 2
1 19 19 2
1 5 17 3
1 17 8 2
1 13 8 1
1 10 11 1
1 4 24 1
1 10 2 3
1 2 19 3
1 24 24 3
1 10 22 3
1 5 9 2
1 15 30 2
1 22 9 1
1 1 25 2
1 10 7 1
1 9 23 3
1 4 9 3
1 3 30 3
1 8 14 3
1 9 8 3
1 3 20 1
1 10 4 1
1 3 20 3
1 1 14 2
1 18 25 3
1 15 19 1
1 3 22 2
1 10 26 1
1 10 6 2
1 8 7 1
1 1 11 3
1 5 24 3
1 14 17 1
1 6 8 1
1 19 20 1
1 5 19 2
1 1 14 2
1 6 2 1
0 8164 3861 12451 14400 6424 14849 9202 4543 11175 12636 13103 4957 16383 5587 15449 11753 15993 14649 7906 11648 4052 6903 2637 7150 7933 7616 12405 14272 2827 14719
8164 0 11752 9504 14553 1740 9200 2691 12676 16296 11609 9280 13047 9847 9148 8335 15419 16993 15756 5282 5231 8780 14532 7974 14738 8571 15711 4272 9705 6673 10794
3861 11752 0 13903 14189 10028 17132 13024 1464 8577 13222 14826 1514 18944 5773 18302 9979 15197 13930 11708 14466 4484 3069 4168 3327 8791 4030 15891 16171 5327 16317
12451 9504 13903 0 6095 9604 4559 12137 15342 12599 3043 1312 15399 6847 8208 7559 10277 8729 7832 14524 5614 9427 15203 10167 15260 5174 17510 9887 2748 9625 2431
14400 14553 14189 6095 0 14094 10324 17241 15615 9116 3130 7232 15462 12540 8870 13556 6271 2635 1894 18942 11600 10436 14223 11764 14169 6747 16827 15797 8327 11908 7202
6424 1740 10028 9604 14094 0 10090 3573 10936 14955 11316 9617 11311 11035 7805 9693 14300 16413 15127 4946 6240 7258 12841 6336 13052 7714 13975 5995 10278 5040 11220
14849 9200 17132 4559 10324 10090 0 11352 18488 17060 7494 3251 18645 2288 11834 3373 14821 12889 12167 14465 3975 12726 18915 13051 19012 9023 21002 7543 1999 12156 3270
9202 2691 13024 12137 17241 3573 11352 0 13715 18517 14299 11826 14151 11604 11374 9848 17857 19667 18420 3486 7419 10756 15983 9705 16212 11147 16797 4811 12112 8444 13278
4543 12676 1464 15342 15615 10936 18488 13715 0 9551 14686 16246 534 20254 7235 19542 11191 16551 15302 12058 15703 5916 3204 5451 3473 10246 3082 16884 17576 6509 17750
11175 16296 8577 12599 9116 14955 17060 18517 9551 0 10201 13894 9149 19312 7157 19560 2859 8682 7836 18542 16262 7886 6834 9220 6650 8539 9283 19453 15347 10288 14755
12636 11609 13222 3043 3130 11316 7494 14299 14686 10201 0 4277 14638 9769 7493 10595 7631 5756 4796 16238 8472 8977 13929 10082 13935 4705 16419 12670 5547 9923 4666
13103 9280 14826 1312 7232 9617 3251 11826 16246 13894 4277 0 16334 5539 9224 6334 11589 9848 9024 14452 4845 10343 16281 10953 16350 6236 18526 9116 1471 10288 1652
4957 13047 1514 15399 15462 11311 18645 14151 534 9149 14638 16334 0 20448 7236 19781 10879 16321 15088 12554 15943 5990 2688 5654 2955 10269 2666 17235 17682 6769 17816
16383 9847 18944 6847 12540 11035 2288 11604 20254 19312 9769 5539 20448 0 13852 1992 17104 15072 14401 14942 4834 14625 20892 14804 21003 11150 22881 7187 4232 13806 5371
5587 9148 5773 8208 8870 7805 11834 11374 7235 7157 7493 9224 7236 13852 0 13576 6712 10409 9064 11708 9894 1567 7088 2965 7179 3042 9307 12519 10632 3515 10638
15449 8335 18302 7559 13556 9693 3373 9848 19542 19560 10595 6334 19781 1992 13576 0 17557 16157 15358 13257 3838 14152 20472 14134 20606 11134 22302 5274 5319 13035 6638
11753 15419 9979 10277 6271 14300 14821 17857 11191 2859 7631 11589 10879 17104 6712 17557 0 5917 4992 18418 14539 7911 8953 9390 8823 7027 11540 18102 13002 10196 12276
15993 16993 15197 8729 2635 16413 12889 19667 16551 8682 5756 9848 16321 15072 10409 16157 5917 0 1351 21172 14228 11946 14700 13374 14599 8818 17316 18407 10891 13720 9705
14649 15756 13930 7832 1894 15127 12167 18420 15302 7836 4796 9024 15088 14401 9064 15358 4992 1351 0 19858 13209 10604 13562 12027 13474 7494 16182 17331 10176 12368 9082
7906 5282 11708 14524 18942 4946 14465 3486 12058 18542 16238 14452 12554 14942 11708 13257 18418 21172 19858 0 10491 10675 14776 9327 15030 12366 15072 8297 14967 8284 16012
11648 5231 14466 5614 11600 6240 3975 7419 15703 16262 8472 4845 15943 4834 9894 3838 14539 14228 13209 10491 0 10364 16683 10299 16825 7724 18471 4284 4778 9197 6051
4052 8780 4484 9427 10436 7258 12726 10756 5916 7886 8977 10343 5990 14625 1567 14152 7911 11946 10604 10675 10364 0 6321 1491 6461 4374 8276 12499 11696 2402 11836
6903 14532 3069 15203 14223 12841 18915 15983 3204 6834 13929 16281 2688 20892 7088 20472 8953 14700 13562 14776 16683 6321 0 6618 271 10047 2620 18553 17705 7901 17631
2637 7974 4168 10167 11764 6336 13051 9705 5451 9220 10082 10953 5654 14804 2965 14134 9390 13374 12027 9327 10299 1491 6618 0 6807 5384 8179 11935 12226 1301 12519
7150 14738 3327 15260 14169 13052 19012 16212 3473 6650 13935 16350 2955 21003 7179 20606 8823 14599 13474 15030 16825 6461 271 6807 0 10114 2721 18741 17780 8094 17685
7933 8571 8791 5174 6747 7714 9023 11147 10246 8539 4705 6236 10269 11150 3042 11134 7027 8818 7494 12366 7724 4374 10047 5384 10114 0 12336 11080 7672 5255 7606
7616 15711 4030 17510 16827 13975 21002 16797 3082 9283 16419 18526 2666 22881 9307 22302 11540 17316 16182 15072 18471 8276 2620 8179 2721 12336 0 19889 19919 9356 19941
12405 4272 15891 9887 15797 5995 7543 4811 16884 19453 12670 9116 17235 7187 12519 5274 18102 18407 17331 8297 4284 12499 18553 11935 18741 11080 19889 0 8867 10654 10208
14272 9705 16171 2748 8327 10278 1999 12112 17576 15347 5547 1471 17682 4232 10632 5319 13002 10891 10176 14967 4778 11696 17705 12226 17780 7672 19919 8867 0 11483 1378
2827 6673 5327 9625 11908 5040 12156 8444 6509 10288 9923 10288 6769 13806 3515 13035 10196 13720 12368 8284 9197 2402 7901 1301 8094 5255 9356 10654 11483 0 11898
14719 10794 16317 2431 7202 11220 3270 13278 17750 14755 4666 1652 17816 5371 10638 6638 12276 9705 9082 16012 6051 11836 17631 12519 17685 7606 19941 10208 1378 11898 0
1 8 10 2
2 5 7 1
3 7 7 3
4 9 3 5
5 12 7 4
6 12 9 3
7 5 7 4
8 11 9 3
9 5 5 3
10 7 6 3
11 5 2 3
12 9 4 7
13 11 5 5
14 7 5 2
15 9 5 2
16 5 3 2
17 9 9 5
18 10 6 7
19 11 4 4
20 4 4 4
21 7 9 4
22 7 6 4
23 7 5 6
24 8 4 4
25 12 6 3
26 9 7 6
27 9 8 6
28 12 9 6
29 7 11 4
30 8 4 2
