150 30 3
30 60 700 9.00
0 2 22 2
0 11 28 3
0 5 8 2
0 5 12 3
0 23 6 3
0 17 29 2
0 4 29 3
0 18 4 2
0 2 18 2
0 9 16 3
0 11 14 3
0 6 2 2
0 16 26 2
0 14 16 1
0 7 27 2
0 2 11 2
0 3 13 2
0 7 10 2
0 9 8 2
0 21 1 1
0 1 30 3
0 3 11 2
0 1 13 2
0 12 24 2
0 4 1 1
0 4 17 3
0 2 7 2
0 9 6 3
0 10 5 1
0 3 15 2
0 21 13 2
0 1 28 3
0 12 3 3
0 9 22 3
0 5 13 3
0 2 12 3
0 7 15 3
0 7 2 2
0 16 13 2
0 24 27 2
0 1 19 3
0 6 19 1
0 12 25 2
0 9 1 3
0 2 17 3
0 6 2 1
0 7 26 3
0 11 8 3
0 7 8 1
0 18 7 2
0 1 25 3
0 15 17 2
0 5 29 3
0 14 16 1
0 8 30 1
0 9 6 3
0 5 17 1
0 15 13 2
0 2 5 1
0 6 7 2
0 7 26 3
0 4 16 3
0 7 13 2
0 6 23 1
0 11 1 1
0 6 21 3
0 6 14 1
0 1 6 1
0 10 24 1
0 6 26 3
0 8 29 2
0 3 9 1
0 5 1 3
0 12 7 3
0 13 1 3
0 9 10 1
0 15 26 1
0 24 8 2
0 3 24 2
0 1 2 2
0 3 5 1
0 7 6 1
0 1 27 1
0 14 20 3
0 7 7 2
0 6 16 3
0 5 6 1
0 14 27 2
0 17 10 2
0 5 16 1
1 10 15 1
1 3 15 1
1 1 23 1
1 3 22 3
1 10 27 3
1 8 10 3
1 3 27 1
1 25 7 2
1 2 30 3
1 3 23 1
1 6 12 1
1 15 2 1
1 3 21 1
1 5 6 1
1 4 30 1
1 7 8 3
1 12 2 1
1 23 7 3
1 15 7 1
1 23 3 2
1 13 18 2
1 18 23 1
1 6 1 1
1 5 26 3
1 16 14 2
1 3 17 1
1 1 23 3
1 12 16 2
1 2 12 3
1 12 14 1
1 8 22 2
1 11 2 2
1 6 17 3
1 7 5 3
1 2 18 2
1 4 16 2
1 9 11 2
1 9 7 1
1 15 25 2
1 14 6 3
1 17 8 1
1 3 14 3
1 17 16 3
1 10 19 1
1 7 29 1
1 2 29 1
1 1 25 1
1 2 25 2
1 3 24 2
1 3 20 1
1 15 16 3
1 25 12 3
1 2 30 2
1 10 1 2
1 6 29 3
1 21 8 2
1 3 11 1
1 11 26 3
1 12 16 3
1 10 14 2
0 4749 14836 5324 13236 14204 17834 9933 7325 10501 10146 19118 9832 18262 5501 19077 17422 18138 16444 783 10771 16493 18862 15937 13060 12199 9655 8820 15438 18078 15391
4749 0 16740 5311 9178 13113 16475 10147 10442 7383 5576 17639 12942 14888 9063 17571 17851 14871 14029 3968 7989 14603 16722 15791 12724 14715 7741 11259 15290 16801 14446
14836 16740 0 11458 18086 9546 11414 7437 7857 14478 18528 12427 5987 18317 9785 12492 5665 17855 14142 15026 13715 12518 14419 6957 7430 3167 11867 6044 6866 11269 9301
5324 5311 11458 0 9607 8899 12518 5009 6088 6110 8023 13797 8318 13580 5480 13756 12749 13378 11273 4985 6065 11194 13589 10931 7933 9642 4538 6306 10424 12770 10117
13236 9178 18086 9607 0 9808 11570 10815 15426 3794 4167 12249 17248 6252 15081 12138 16185 6413 7494 12517 4405 9064 10171 13502 11106 17600 6382 14972 13139 11989 10958
14204 13113 9546 8899 9808 0 3647 4906 11156 7131 11902 4955 11579 8777 12119 4929 6403 8310 4612 13883 6202 3209 5551 3704 2272 10434 5445 9543 3377 3875 1353
17834 16475 11414 12518 11570 3647 0 8451 14555 9822 14482 1320 14652 8342 15655 1312 6600 7819 4367 17493 8944 2527 3152 4462 5406 13053 8734 12800 4567 423 2678
9933 10147 7437 5009 10815 4906 8451 0 6306 7103 11116 9771 7130 12359 7217 9761 7744 11993 8806 9773 6409 7936 10375 6007 3199 6843 4472 4901 5506 8601 5803
7325 10442 7857 6088 15426 11156 14555 6306 0 11702 14104 15858 2546 18328 1941 15864 11739 18014 15056 7692 11363 14240 16672 11179 9148 4950 9413 2029 10759 14643 11877
10501 7383 14478 6110 3794 7131 9822 7103 11702 0 4772 10816 13462 7765 11499 10728 13211 7662 6723 9874 929 7600 9484 10636 7889 13833 2632 11182 10208 10205 8444
10146 5576 18528 8023 4167 11902 14482 11116 14104 4772 0 15387 16317 10393 13266 15290 17885 10518 10919 9373 5700 12134 13707 15362 12512 17331 6930 14206 14919 14878 13216
19118 17639 12427 13797 12249 4955 1320 9771 15858 10816 15387 0 15903 8367 16973 124 7317 7849 4806 18764 9967 3254 2782 5486 6711 14220 9911 14086 5666 1234 3989
9832 12942 5987 8318 17248 11579 14652 7130 2546 13462 16317 15903 0 19485 4349 15928 10730 19122 15867 10226 12995 14776 17117 10762 9372 2835 10986 2301 10420 14668 12035
18262 14888 18317 13580 6252 8777 8342 12359 18328 7765 10393 8367 19485 0 18603 8243 14599 523 4271 17638 7550 6148 5637 12023 10921 18909 9139 17227 11867 8729 9271
5501 9063 9785 5480 15081 12119 15655 7217 1941 11499 13266 16973 4349 18603 0 16967 13422 18334 15658 5945 11310 15059 17517 12617 10297 6887 9490 3830 12168 15787 12989
19077 17571 12492 13756 12138 4929 1312 9761 15864 10728 15290 124 15928 8243 16967 0 7408 7725 4691 18720 9883 3157 2660 5546 6716 14264 9847 14100 5717 1267 3989
17422 17851 5665 12749 16185 6403 6600 7744 11739 13211 17885 7317 10730 14599 13422 7408 0 14089 10345 17366 12299 8453 9752 2705 5383 8290 10999 9711 3046 6331 5444
18138 14871 17855 13378 6413 8310 7819 11993 18014 7662 10518 7849 19122 523 18334 7725 14089 0 3774 17528 7388 5636 5127 11521 10474 18495 8901 16874 11372 8206 8775
16444 14029 14142 11273 7494 4612 4367 8806 15056 6723 10919 4806 15867 4271 15658 4691 10345 3774 0 15943 6041 1933 2795 7752 6844 14977 6790 13695 7598 4785 5001
783 3968 15026 4985 12517 13883 17493 9773 7692 9874 9373 18764 10226 17638 5945 18720 17366 17528 15943 0 10186 16067 18409 15777 12847 12489 9168 9061 15274 17751 15100
10771 7989 13715 6065 4405 6202 8944 6409 11363 929 5700 9967 12995 7550 11310 9883 12299 7388 6041 10186 0 6779 8758 9714 6997 13208 2014 10699 9289 9321 7517
16493 14603 12518 11194 9064 3209 2527 7936 14240 7600 12134 3254 14776 6148 15059 3157 8453 5636 1933 16067 6779 0 2460 5913 5472 13619 6975 12705 5807 2950 3234
18862 16722 14419 13589 10171 5551 3152 10375 16672 9484 13707 2782 17117 5637 17517 2660 9752 5127 2795 18409 8758 2460 0 7528 7752 15802 9257 15093 7558 3443 5214
15937 15791 6957 10931 13502 3704 4462 6007 11179 10636 15362 5486 10762 12023 12617 5546 2705 11521 7752 15777 9714 5913 7528 0 3068 8819 8568 9233 506 4312 2775
13060 12724 7430 7933 11106 2272 5406 3199 9148 7889 12512 6711 9372 10921 10297 6716 5383 10474 6844 12847 6997 5472 7752 3068 0 8163 5616 7418 2569 5504 2730
12199 14715 3167 9642 17600 10434 13053 6843 4950 13833 17331 14220 2835 18909 6887 14264 8290 18495 14977 12489 13208 13619 15802 8819 8163 0 11219 3479 8567 12998 10593
9655 7741 11867 4538 6382 5445 8734 4472 9413 2632 6930 9911 10986 9139 9490 9847 10999 8901 6790 9168 2014 6975 9257 8568 5616 11219 0 8689 8100 9060 6796
8820 11259 6044 6306 14972 9543 12800 4901 2029 11182 14206 14086 2301 17227 3830 14100 9711 16874 13695 9061 10699 12705 15093 9233 7418 3479 8689 0 8832 12859 10137
15438 15290 6866 10424 13139 3377 4567 5506 10759 10208 14919 5666 10420 11867 12168 5717 3046 11372 7598 15274 9289 5807 7558 506 2569 8567 8100 8832 0 4461 2597
18078 16801 11269 12770 11989 3875 423 8601 14643 10205 14878 1234 14668 8729 15787 1267 6331 8206 4785 17751 9321 2950 3443 4312 5504 12998 9060 12859 4461 0 2800
15391 14446 9301 10117 10958 1353 2678 5803 11877 8444 13216 3989 12035 9271 12989 3989 5444 8775 5001 15100 7517 3234 5214 2775 2730 10593 6796 10137 2597 2800 0
1 6 2 6
2 6 7 7
3 6 4 4
4 13 4 5
5 6 6 4
6 6 10 5
7 9 5 0
8 7 7 2
9 6 5 5
10 9 11 5
11 8 4 2
12 5 8 4
13 8 8 5
14 9 6 4
15 3 10 6
16 7 8 1
17 7 7 5
18 8 3 6
19 8 9 5
20 11 9 7
21 10 8 3
22 7 10 3
23 2 14 5
24 10 11 6
25 8 7 4
26 5 4 6
27 6 11 4
28 9 8 6
29 9 5 8
30 5 5 2
