270 30 3
30 60 700 9.00
0 4 30 2
0 4 3 2
0 10 17 2
0 12 7 2
0 1 13 1
0 1 6 1
0 12 29 1
0 5 30 2
0 5 5 3
0 12 19 1
0 22 8 1
0 9 18 3
0 21 14 3
0 1 23 3
0 15 7 2
0 6 29 3
0 6 8 1
0 3 9 3
0 13 27 3
0 9 11 1
0 6 14 2
0 7 4 3
0 2 12 1
0 5 30 3
0 14 7 1
0 7 10 2
0 5 18 1
0 14 12 3
0 1 27 2
0 15 15 2
0 10 11 1
0 15 22 3
0 8 26 1
0 13 18 1
0 4 2 2
0 1 15 1
0 2 6 1
0 8 8 1
0 1 24 1
0 12 21 2
0 11 12 3
0 4 18 1
0 21 17 2
0 10 4 2
0 10 25 3
0 23 14 1
0 2 25 3
0 20 21 1
0 9 14 3
0 13 21 2
0 9 13 3
0 1 18 3
0 8 1 2
0 11 26 2
0 8 22 2
0 4 16 3
0 15 13 1
0 4 25 1
0 5 29 2
0 12 24 3
0 11 12 2
0 8 8 2
0 16 21 3
0 1 7 1
0 7 26 2
0 15 5 2
0 19 10 1
0 7 13 3
0 1 7 2
0 13 21 1
0 8 28 1
0 7 15 1
0 8 5 2
0 2 3 1
0 12 2 1
0 1 5 3
0 1 28 2
0 3 10 3
0 6 5 3
0 14 16 1
0 1 26 1
0 1 11 1
0 12 2 2
0 7 3 2
0 18 14 3
0 3 22 3
0 11 25 1
0 1 28 2
0 9 7 2
0 13 19 1
0 3 15 1
0 6 17 1
0 13 6 3
0 10 7 3
0 1 5 1
0 4 18 2
0 4 19 2
0 18 7 3
0 14 9 1
0 1 21 3
0 5 1 1
0 6 18 2
0 1 23 1
0 15 14 2
0 20 4 2
0 2 4 3
0 23 18 2
0 6 18 3
0 2 17 2
0 17 12 3
0 23 13 2
0 12 4 2
0 20 26 3
0 4 14 2
0 24 13 3
0 14 28 3
0 24 9 2
0 5 20 1
0 8 13 1
0 4 25 1
0 4 27 3
0 9 23 2
0 2 16 1
0 1 11 1
0 16 11 1
0 1 20 3
0 2 13 2
0 4 28 2
0 6 6 2
0 2 11 2
0 6 23 1
0 5 14 2
0 2 11 2
0 1 26 2
0 1 23 1
0 23 7 3
0 5 13 1
0 1 14 3
0 2 21 1
0 7 10 1
0 17 30 2
0 20 22 2
0 2 10 1
0 3 22 1
0 2 28 2
0 1 11 3
0 2 11 1
0 6 14 2
0 20 2 1
0 5 8 2
0 20 16 3
0 2 30 3
0 18 22 3
0 24 23 1
0 1 23 1
0 11 8 3
0 3 28 3
0 10 30 3
0 9 21 3
0 1 20 3
0 9 27 3
0 8 19 2
0 2 25 1
0 8 3 3
0 1 5 1
0 9 20 3
0 25 20 1
0 18 26 3
0 6 8 2
0 8 4 2
0 4 25 2
0 11 28 3
0 3 27 3
0 6 11 3
0 13 13 2
0 1 2 3
0 13 26 2
0 22 30 2
0 10 25 1
0 10 14 2
0 2 28 2
0 22 1 1
0 20 28 3
0 6 13 3
0 1 10 1
0 19 13 1
0 2 11 1
0 21 13 3
0 1 9 3
0 1 26 3
0 8 19 2
0 3 26 2
0 1 30 2
0 4 5 3
0 19 24 3
0 9 13 3
0 3 22 3
0 5 22 1
0 17 13 2
0 3 30 1
0 11 23 1
0 4 7 1
0 4 14 1
0 24 12 2
0 3 16 1
0 2 10 1
0 21 29 3
0 2 30 2
0 18 18 1
0 16 20 1
0 2 28 2
0 6 26 3
0 19 20 1
0 12 21 3
0 20 15 3
0 13 19 1
0 3 12 2
0 8 8 2
0 7 29 3
0 4 19 3
0 23 28 1
0 3 12 3
0 8 16 2
0 3 29 3
0 12 5 3
0 1 23 2
0 1 13 2
0 8 25 2
0 6 12 3
0 3 2 3
0 5 21 1
0 1 6 2
0 1 15 1
0 7 27 3
0 14 24 1
0 1 20 2
0 13 2 2
0 17 29 1
0 4 19 2
0 24 1 3
0 15 6 3
0 13 29 3
0 4 3 2
0 17 20 3
0 17 16 1
0 4 26 1
0 4 22 1
0 4 8 1
0 4 12 2
0 1 5 1
0 6 16 2
0 13 15 3
0 18 21 3
0 7 1 1
0 2 1 2
0 6 22 3
0 4 5 1
0 1 19 3
0 4 8 1
0 4 6 2
0 2 4 3
0 6 4 1
0 8 27 2
0 12 29 2
0 3 19 3
0 11 26 3
0 3 28 3
0 2 17 3
0 9 25 1
0 2 8 1
0 17384 3779 9387 13245 14042 12888 16786 13959 10550 16985 16365 11041 13912 11051 4322 4447 21521 8287 2927 11285 12937 14716 11962 15861 10709 2030 12443 14334 15333 9087
17384 0 20371 17540 16555 10487 7351 6227 3816 10234 5296 7018 18872 6827 9875 19297 14180 12326 15957 16899 19658 7482 3492 10389 16879 9157 16104 8936 19120 6101 12429
3779 20371 0 12700 16802 17812 14943 20368 17183 14296 19200 19998 14199 15974 14789 6700 8223 25279 11825 3573 14309 14953 17408 15727 19465 12620 4299 16157 17653 18906 12864
9387 17540 12700 0 4464 8843 16933 13658 13770 7331 19832 12844 1836 17720 7746 6331 6404 15606 1782 12031 2420 17066 16520 7616 7169 15627 10645 8981 4962 12583 5119
13245 16555 16802 4464 0 6341 17852 11457 13115 6886 19924 10545 4030 18449 7030 10722 9414 11797 4978 15585 4662 18009 16447 6219 2720 17080 14131 7643 2565 10765 5712
14042 10487 17812 8843 6341 0 13401 5122 7461 3617 14510 4219 9552 13741 3212 13425 9597 7507 7907 15413 10332 13573 11063 2101 6399 13358 14024 2402 8853 4484 5100
12888 7351 14943 16933 17852 13401 0 11533 6710 11032 4275 11905 18659 1034 11013 16123 11411 18162 15152 11381 19341 175 3890 12111 19220 2339 11096 11057 20227 10517 12326
16786 6227 20368 13658 11457 5122 11533 0 4833 6807 11158 926 14568 11490 6284 17270 12620 6631 12440 17366 15358 11704 8133 6062 11178 12386 16176 4835 13946 1464 9061
13959 3816 17183 13770 13115 7461 6710 4833 0 6521 7051 5205 15159 6737 6211 15569 10476 11454 12161 13850 15937 6882 3640 6897 13787 7622 12885 5498 15669 3840 8652
10550 10234 14296 7331 6886 3617 11032 6807 6521 0 13081 6164 8644 11585 532 10489 6143 10987 5850 11802 9427 11194 9624 1539 8233 10507 10424 2008 9364 5517 2317
16985 5296 19200 19832 19924 14510 4275 11158 7051 13081 0 11812 21430 3264 12896 19924 14976 17542 18088 15631 22168 4287 3486 13773 20800 6614 15272 12453 22437 10623 14861
16365 7018 19998 12844 10545 4219 11905 926 5205 6164 11812 0 13708 11935 5633 16653 12119 6319 11677 17090 14496 12078 8670 5291 10254 12598 15856 4161 13027 1412 8363
11041 18872 14199 1836 4030 9552 18659 14568 15159 8644 21430 13708 0 19421 9000 7623 8237 15757 3566 13757 795 18796 18068 8662 6502 17414 12395 10094 3577 13615 6587
13912 6827 15974 17720 18449 13741 1034 11490 6737 11585 3264 11935 19421 0 11524 17100 12332 18113 15942 12414 20116 1025 3508 12577 19706 3361 12129 11446 20864 10577 13008
11051 9875 14789 7746 7030 3212 11013 6284 6211 532 12896 5633 9000 11524 0 11020 6656 10506 6310 12248 9788 11178 9423 1223 8209 10601 10882 1476 9544 5009 2806
4322 19297 6700 6331 10722 13425 16123 17270 15569 10489 19924 16653 7623 17100 11020 0 5123 20832 5973 7241 7655 16204 17180 11562 13441 14164 6253 12495 11165 15913 8387
4447 14180 8223 6404 9414 9597 11411 12620 10476 6143 14976 12119 8237 12332 6656 5123 0 17084 4813 6247 8736 11515 12102 7523 11865 9715 4785 8084 10984 11198 4668
21521 12326 25279 15606 11797 7507 18162 6631 11454 10987 17542 6319 15757 18113 10506 20832 17084 0 15065 22716 16440 18332 14715 9562 10027 18917 21375 9218 13630 7732 12596
8287 15957 11825 1782 4978 7907 15152 12440 12161 5850 18088 11677 3566 15942 6310 5973 4813 15065 0 10743 4198 15285 14804 6387 7649 13854 9313 7651 6201 11271 3552
2927 16899 3573 12031 15585 15413 11381 17366 13850 11802 15631 17090 13757 12414 12248 7241 6247 22716 10743 0 14062 11395 13866 13314 18096 9067 1463 13499 16912 15904 10808
11285 19658 14309 2420 4662 10332 19341 15358 15937 9427 22168 14496 795 20116 9788 7655 8736 16440 4198 14062 0 19475 18819 9457 7006 18047 12731 10888 3804 14409 7344
12937 7482 14953 17066 18009 13573 175 11704 6882 11194 4287 12078 18796 1025 11178 16204 11515 18332 15285 11395 19475 0 4032 12278 19385 2336 11133 11228 20380 10691 12475
14716 3492 17408 16520 16447 11063 3890 8133 3640 9624 3486 8670 18068 3508 9423 17180 12102 14715 14804 13866 18819 4032 0 10287 17322 5685 13230 8970 18967 7382 11482
11962 10389 15727 7616 6219 2101 12111 6062 6897 1539 13773 5291 8662 12577 1223 11562 7523 9562 6387 13314 9457 12278 10287 0 7130 11785 11923 1457 8776 4974 3176
15861 16879 19465 7169 2720 6399 19220 11178 13787 8233 20800 10254 6502 19706 8209 13441 11865 10027 7649 18096 7006 19385 17322 7130 0 18728 16635 8356 3648 10821 7707
10709 9157 12620 15627 17080 13358 2339 12386 7622 10507 6614 12598 17414 3361 10601 14164 9715 18917 13854 9067 18047 2336 5685 11785 18728 0 8855 10957 19325 11185 11399
2030 16104 4299 10645 14131 14024 11096 16176 12885 10424 15272 15856 12395 12129 10882 6253 4785 21375 9313 1463 12731 11133 13230 11923 16635 8855 0 12168 15496 14712 9361
12443 8936 16157 8981 7643 2402 11057 4835 5498 2008 12453 4161 10094 11446 1476 12495 8084 9218 7651 13499 10888 11228 8970 1457 8356 10957 12168 0 10206 3621 4226
14334 19120 17653 4962 2565 8853 20227 13946 15669 9364 22437 13027 3577 20864 9544 11165 10984 13630 6201 16912 3804 20380 18967 8776 3648 19325 15496 10206 0 13306 7935
15333 6101 18906 12583 10765 4484 10517 1464 3840 5517 10623 1412 13615 10577 5009 15913 11198 7732 11271 15904 14409 10691 7382 4974 10821 11185 14712 3621 13306 0 7813
9087 12429 12864 5119 5712 5100 12326 9061 8652 2317 14861 8363 6587 13008 2806 8387 4668 12596 3552 10808 7344 12475 11482 3176 7707 11399 9361 4226 7935 7813 0
1 11 5 2
2 11 11 5
3 7 8 4
4 10 2 6
5 6 6 3
6 10 5 5
7 12 4 4
8 5 10 4
9 7 10 6
10 8 6 4
11 7 4 3
12 7 4 7
13 7 5 3
14 7 8 4
15 7 4 3
16 8 7 5
17 9 6 2
18 8 11 3
19 9 3 5
20 3 8 6
21 9 12 5
22 3 6 4
23 10 5 7
24 5 9 4
25 8 12 2
26 10 4 6
27 7 6 1
28 5 7 5
29 12 3 4
30 6 7 3
