450 50 3
30 60 700 9.00
0 13 19 1
0 7 42 2
0 8 30 3
0 1 41 1
0 17 34 3
0 7 7 2
0 2 17 2
0 6 50 3
0 5 16 2
0 3 15 2
0 1 20 1
0 10 18 3
0 9 31 3
0 25 48 1
0 2 47 3
0 5 35 2
0 4 49 1
0 13 43 3
0 6 4 3
0 4 17 1
0 13 3 1
0 5 15 2
0 25 28 1
0 18 29 1
0 17 48 2
0 7 11 2
0 15 10 1
0 3 38 2
0 5 20 1
0 3 16 3
0 15 6 2
0 9 16 2
0 3 42 3
0 2 34 2
0 18 9 2
0 1 10 2
0 19 29 3
0 15 1 1
0 17 21 1
0 5 5 3
0 21 46 3
0 10 6 2
0 14 20 2
0 11 16 2
0 4 44 3
0 15 46 1
0 21 20 1
0 20 37 1
0 12 42 1
0 5 13 1
0 3 32 1
0 15 8 2
0 4 8 1
0 14 16 2
0 13 10 1
0 4 45 1
0 5 44 1
0 10 11 3
0 2 44 2
0 24 36 3
0 19 1 1
0 2 13 1
0 2 31 1
0 11 11 1
0 7 21 1
0 2 24 3
0 1 7 3
0 13 43 2
0 20 49 2
0 4 13 1
0 2 2 3
0 16 50 2
0 2 37 2
0 5 4 1
0 2 12 3
0 6 24 3
0 20 17 2
0 14 46 1
0 3 25 2
0 3 26 2
0 5 29 3
0 3 49 2
0 10 9 1
0 12 47 3
0 16 14 3
0 13 32 2
0 21 5 1
0 2 6 3
0 2 5 2
0 23 7 1
0 10 28 2
0 13 38 3
0 6 21 3
0 5 42 1
0 6 32 3
0 2 34 3
0 19 9 2
0 5 48 1
0 7 19 2
0 2 38 3
0 15 41 1
0 4 46 2
0 5 6 3
0 7 37 1
0 7 12 1
0 3 19 2
0 6 47 2
0 12 45 2
0 7 43 1
0 6 10 1
0 6 41 3
0 24 24 3
0 3 16 2
0 3 28 1
0 8 9 2
0 4 5 2
0 1 33 3
0 15 39 2
0 7 26 2
0 12 24 3
0 14 5 1
0 12 14 3
0 1 21 2
0 15 5 3
0 1 34 2
0 5 10 2
0 5 34 3
0 4 14 3
0 13 1 3
0 19 24 1
0 19 12 3
0 1 41 3
0 12 40 2
0 4 37 1
0 21 3 2
0 7 15 2
0 5 22 1
0 16 12 2
0 5 14 3
0 7 21 3
0 3 8 3
0 3 4 3
0 6 24 2
0 6 15 2
0 12 23 1
0 5 13 3
0 12 31 2
0 9 44 2
0 8 8 3
0 9 29 1
0 1 9 1
0 15 13 3
0 5 24 2
0 1 46 1
0 5 24 1
0 3 38 3
0 22 9 2
0 11 18 1
0 2 16 3
0 5 7 3
0 19 30 3
0 9 12 1
0 3 31 2
0 3 5 1
0 21 28 2
0 16 49 3
0 7 43 3
0 20 45 2
0 4 30 3
0 4 16 2
0 7 48 1
0 2 35 1
0 2 39 2
0 2 5 1
0 11 35 3
0 14 47 2
0 1 7 1
0 2 40 1
0 5 48 3
0 5 24 2
0 3 38 2
0 16 45 2
0 2 18 2
0 2 19 1
0 1 25 2
0 8 39 2
0 7 12 3
0 2 19 2
0 8 17 2
0 3 37 3
0 1 18 3
0 1 14 2
0 4 17 1
0 9 12 3
0 3 34 1
0 14 9 2
0 10 6 3
0 1 9 3
0 1 45 3
0 18 45 3
0 7 48 1
0 11 41 3
0 8 32 1
0 5 47 3
0 3 43 1
0 2 2 2
0 10 8 2
0 7 8 3
0 4 15 1
0 2 1 2
0 4 8 2
0 10 12 2
0 4 43 2
0 20 41 3
0 12 45 3
0 7 31 1
0 8 9 3
0 3 34 1
0 2 39 2
0 11 43 1
0 22 49 1
0 1 1 1
0 6 40 1
0 4 37 1
0 6 10 3
0 3 18 2
0 11 45 1
0 20 12 3
0 3 50 2
0 13 36 2
0 15 38 3
0 12 33 3
0 11 13 2
0 7 36 2
0 3 47 3
0 1 18 3
0 20 22 2
0 1 34 1
0 4 15 3
0 4 20 2
0 2 42 3
0 6 43 1
0 24 6 2
0 2 20 1
0 2 49 1
0 6 17 3
0 1 16 3
0 10 27 3
0 9 23 2
0 14 15 2
0 5 14 2
0 1 11 1
0 21 22 2
0 17 44 1
0 1 15 1
0 16 21 2
0 1 45 3
0 3 49 2
0 10 38 2
0 20 44 2
0 3 48 3
0 18 31 2
0 16 14 1
0 2 21 1
0 13 42 1
0 25 18 1
0 11 43 1
0 13 30 3
0 9 44 2
0 8 34 3
0 7 16 1
0 3 27 3
0 11 42 3
0 7 20 1
0 1 18 3
0 3 9 3
0 12 14 2
0 4 32 1
0 8 1 1
0 23 18 2
0 20 21 2
0 12 29 1
0 2 47 3
0 6 36 3
0 21 16 1
0 25 13 3
0 6 35 1
0 16 3 2
0 3 19 1
0 19 37 1
0 10 28 2
0 17 2 2
0 9 32 3
0 20 39 2
0 6 48 3
0 12 15 3
0 18 41 2
0 10 6 3
0 16 42 1
0 14 18 3
0 9 20 2
0 6 13 3
0 6 28 1
0 6 23 3
0 1 16 3
0 23 50 2
0 1 23 1
0 7 1 2
0 18 8 1
0 1 45 2
0 5 27 2
0 16 38 3
0 13 5 1
0 1 37 1
0 11 41 2
0 17 35 3
0 1 47 2
0 6 31 2
0 11 49 2
0 3 36 3
0 15 24 1
0 11 42 3
0 11 34 1
0 14 5 3
0 22 1 3
0 22 45 1
0 10 29 1
0 1 35 2
0 22 37 1
0 21 41 1
0 2 8 1
0 3 45 1
0 15 7 2
0 2 34 2
0 2 4 3
0 1 11 2
0 2 10 1
0 6 42 2
0 2 4 3
0 13 25 2
0 2 10 1
0 6 6 1
0 4 43 2
0 19 48 1
0 13 18 2
0 11 39 3
0 3 35 2
0 7 12 3
0 3 5 1
0 11 36 1
0 7 50 3
0 1 20 3
0 3 22 1
0 9 18 3
0 3 28 2
0 10 36 1
0 1 37 2
0 2 44 1
0 10 3 2
0 1 47 3
0 1 26 1
0 10 32 1
0 2 2 1
0 18 42 1
0 3 47 2
0 1 15 3
0 7 20 2
0 22 41 3
0 3 38 2
0 6 22 2
0 7 1 1
0 10 20 3
0 9 44 3
0 1 43 1
0 6 45 3
0 23 18 2
0 7 29 3
0 7 9 1
0 11 14 3
0 1 23 2
0 9 37 1
0 1 24 3
0 7 25 3
0 7 36 1
0 15 29 1
0 22 50 1
0 5 31 2
0 2 3 1
0 14 16 1
0 9 33 3
0 8 26 1
0 6 34 3
0 14 12 2
0 3 29 2
0 5 50 2
0 21 8 3
0 12 36 1
0 12 18 1
0 12 45 1
0 1 5 1
0 8 18 3
0 4 32 3
0 2 10 1
0 4 7 2
0 3 40 2
0 5 41 2
0 3 6 2
0 17 6 3
0 14 9 2
0 11 15 1
0 6 33 1
0 3 9 3
0 9 17 2
0 12 1 3
0 6 47 1
0 1 41 2
0 1 3 1
0 16 34 1
0 14 48 3
0 2 7 3
0 20 28 2
0 13 31 1
0 2 50 2
0 22 39 1
0 12 31 3
0 8 33 2
0 12 3 1
0 4 11 1
0 10 11 2
0 2 25 3
0 4 48 3
0 2 3 3
0 8 23 1
0 4 36 2
0 1 11 1
0 1 41 2
0 2 25 3
0 1 38 2
0 8 44 1
0 2 1 1
0 13 23 2
0 6 4 2
0 10 48 2
0 18 12 2
0 16 19 3
0 24 8 1
0 3 28 1
0 7 3 3
0 1 3 1
0 20 5 1
0 7847 10668 11974 7179 2094 4654 3544 3755 14509 19825 11509 14159 10129 13922 4600 17052 13416 15572 8648 8031 11824 6263 13091 20412 11378 15418 5639 12866 2914 15260 4723 6126 14451 5980 14898 4802 16297 14498 9352 16393 13798 2603 14660 4645 17124 2465 14341 13107 9026 16955
7847 0 6527 5464 6977 5762 7424 11004 6832 14124 12791 4798 8043 5082 7771 10195 11239 12506 9036 6771 3832 10493 10165 5786 12639 5116 8133 3093 5149 8634 12034 7954 2857 8189 1941 9231 4084 9875 7032 3097 10319 8210 9968 14030 9500 9745 6486 7517 5371 8865 11554
10668 6527 0 11177 4397 8988 12687 14201 11795 20610 16863 3705 13640 11492 13379 14662 16719 19011 5711 13219 3060 16999 15399 5419 14691 2949 12403 8876 9067 12838 18444 13147 5240 4497 7393 14983 9516 6208 11157 9426 15694 3377 13268 20533 14252 13556 8262 12560 6842 15173 17265
11974 5464 11177 0 12430 10127 9364 14357 9370 11448 7852 8059 2583 2427 2311 12507 5779 9775 11215 5781 9065 7991 11477 7643 9382 8745 3705 6345 3303 11532 7738 9844 8299 10898 6488 3840 7195 12037 3261 2684 4858 11582 13398 11200 11611 5400 11364 2373 6054 7955 6159
7179 6977 4397 12430 0 6074 10444 10538 9432 19648 19365 7132 15013 11854 14741 11644 18210 18206 10081 12445 3674 16274 12877 9034 18100 6576 14694 7799 11378 9825 18613 10793 4252 8865 6615 16207 7967 10604 13484 10020 17274 7769 9721 19667 11458 16135 4738 14363 9988 13927 18529
2094 5762 8988 10127 6074 0 4465 5481 3437 14141 17951 9495 12427 8472 12179 5708 15426 12870 13625 7560 6168 11099 6803 11031 18358 9412 13468 3804 10817 3872 14187 4759 4133 12532 3924 13270 3166 14373 12507 7462 14702 11973 4467 14231 5415 15162 1750 12474 11014 8443 15417
4654 7424 12687 9364 10444 4465 0 5349 1028 9872 16968 12120 11008 7057 10817 3144 13506 8764 16395 4520 9644 7224 2771 13207 18616 12289 13063 4331 11346 2502 10863 536 7449 15460 5665 11424 3372 17217 12431 7225 13032 15228 4579 10012 2268 14764 6146 11658 12603 4401 13210
3544 11004 14201 14357 10538 5481 5349 0 5029 14088 22131 14976 16234 12204 16027 2987 18836 13356 19088 9868 11567 12167 5199 16489 23285 14882 17984 8332 15778 2885 16037 5048 9608 17978 9069 16736 7323 19823 17197 11920 18327 17342 1036 14337 3723 19703 5952 16715 16360 9384 18558
3755 6832 11795 9370 9432 3437 1028 5029 0 10844 17108 11424 11205 7176 10997 3392 13855 9686 15697 5044 8771 8069 3604 12609 18473 11546 13035 3784 11079 2165 11569 1375 6573 14727 4981 11736 2754 16508 12318 7045 13314 14429 4136 10970 2669 14749 5123 11713 12121 5277 13631
14509 14124 20610 11448 19648 14141 9872 14088 10844 0 15456 18549 10756 9713 10801 11101 10814 1685 22347 7396 17683 3657 8889 18722 19457 19053 14043 11961 14740 11911 5242 9793 15782 21805 13358 9924 11681 23196 14306 11640 11178 22149 13747 449 10446 15174 15885 12385 17333 5737 9873
19825 12791 16863 7852 19365 17951 16968 22131 17108 15456 0 13172 5986 9934 6159 20063 4643 14124 14165 12785 15719 13137 18716 11710 5119 13941 4684 14190 7996 19270 10248 17404 15607 14536 14186 5968 15046 14725 5882 10490 4409 15770 21196 15054 19143 3307 19094 5484 10069 14468 5623
11509 4798 3705 8059 7132 9495 12120 14976 11424 18549 13172 0 10350 8940 10102 14684 13306 16885 4276 11371 3798 14893 14886 1902 11104 772 8779 7829 5512 12986 15680 12639 5382 3392 6457 11728 8748 5099 7541 6923 12261 3616 13958 18404 14076 9866 9449 9103 3138 13564 13940
14159 8043 13640 2583 15013 12427 11008 16234 11205 10756 5986 10350 0 4055 272 14085 3197 9182 13059 6807 11635 7748 12739 9643 8831 11074 3293 8625 5037 13356 6204 11433 10868 12912 8961 1387 9361 13836 3768 5147 2309 13748 15327 10430 13163 4515 13770 1698 7927 8605 3625
10129 5082 11492 2427 11854 8472 7057 12204 7176 9713 9934 8940 4055 0 3834 10183 6955 8030 12634 3377 8914 6094 9066 9009 11807 9512 6100 4708 5299 9337 6963 7515 7602 12118 5352 4798 5349 13483 5676 2072 6264 12556 11283 9530 9275 7765 9918 4612 7661 5609 6981
13922 7771 13379 2311 14741 12179 10817 16027 10997 10801 6159 10102 272 3834 0 13904 3469 9212 12853 6660 11364 7733 12587 9419 8856 10823 3244 8376 4819 13152 6333 11248 10597 12690 8697 1626 9122 13635 3633 4882 2574 13513 15114 10483 12984 4548 13513 1595 7711 8502 3889
4600 10195 14662 12507 11644 5708 3144 2987 3392 11101 20063 14684 14085 10183 13904 0 16449 10388 18939 7407 11742 9282 2212 15951 21752 14746 16207 7173 14431 1837 13230 2668 9582 17924 8305 14416 6137 19732 15570 10342 16041 17515 2774 11351 927 17906 6921 14791 15509 6561 16072
17052 11239 16719 5779 18210 15426 13506 18836 13855 10814 4643 13306 3197 6955 3469 16449 0 9509 15585 9042 14814 8665 14843 12381 9085 14053 5021 11648 7826 15954 5608 13872 14060 15597 12100 2157 12297 16307 6044 8308 1055 16559 17987 10411 15523 5219 16842 4206 10626 10353 1052
13416 12506 19011 9775 18206 12870 8764 13356 9686 1685 14124 16885 9182 8030 9212 10388 9509 0 20664 5835 16114 2013 8205 17039 17947 17399 12455 10458 13062 10973 4123 8759 14261 20130 11821 8433 10253 21513 12673 9970 9775 20490 12909 1526 9645 13644 14620 10783 15648 4433 8627
15572 9036 5711 11215 10081 13625 16395 19088 15697 22347 14165 4276 13059 12634 12853 18939 15585 20664 0 15394 7570 18716 19159 3626 10609 4216 10605 12095 8048 17219 18945 16915 9493 1216 10733 14428 13023 856 9544 10760 14538 2529 18087 22161 18345 11088 13359 11516 5174 17643 16402
8648 6771 13219 5781 12445 7560 4520 9868 5044 7396 12785 11371 6807 3377 6660 7407 9042 5835 15394 0 10288 3851 5932 11830 15128 11808 9377 4652 8596 7014 6642 4846 8431 14718 5987 7018 4600 16250 9042 4706 8650 14918 9085 7342 6481 10984 9268 7787 10696 2301 8700
8031 3832 3060 9065 3674 6168 9644 11567 8771 17683 15719 3798 11635 8914 11364 11742 14814 16114 7570 10288 0 14110 12372 5647 14481 3462 11062 5840 7724 9942 15861 10112 2198 6426 4368 12899 6456 8273 9840 6911 13840 5806 10586 17628 11280 12474 5791 10836 6382 12169 15223
11824 10493 16999 7991 16274 11099 7224 12167 8069 3657 13137 14893 7748 6094 7733 9282 8665 2013 18716 3851 14110 0 7211 15095 16579 15397 10940 8496 11239 9586 4056 7310 12281 18157 9835 7230 8353 19568 11027 7989 8729 18493 11606 3538 8453 12262 12844 9249 13747 2831 7926
6263 10165 15399 11477 12877 6803 2771 5199 3604 8889 18716 14886 12739 9066 12587 2212 14843 8205 19159 5932 12372 7211 0 15936 20849 15060 15166 7076 13799 3363 11224 2269 10174 18230 8434 12900 6139 19984 14672 9643 14537 17994 4915 9141 1664 16822 8305 13642 15259 4624 14375
13091 5786 5419 7643 9034 11031 13207 16489 12609 18722 11710 1902 9643 9009 9419 15951 12381 17039 3626 11830 5647 15095 15936 0 9277 2529 7575 8876 4609 14328 15381 13738 7010 3274 7646 11027 9868 4474 6393 7161 11326 4191 15460 18535 15279 8437 11154 8205 1757 14101 13117
20412 12639 14691 9382 18100 18358 18616 23285 18473 19457 5119 11104 8831 11807 8856 21752 9085 17947 10609 15128 14481 16579 20849 9277 0 11795 5765 14956 7547 20588 14486 19120 15092 11312 14436 9533 15962 10961 6189 11429 8418 12716 22273 19099 20883 4317 19097 7424 8112 17201 10137
11378 5116 2949 8745 6576 9412 12289 14882 11546 19053 13941 772 11074 9512 10823 14746 14053 17399 4216 11808 3462 15397 15060 2529 11795 0 9550 8056 6273 13012 16316 12800 5279 3181 6632 12448 8927 4989 8311 7468 13010 3110 13877 18922 14176 10636 9226 9853 3895 13961 14674
15418 8133 12403 3705 14694 13468 13063 17984 13035 14043 4684 8779 3293 6100 3244 16207 5021 12455 10605 9377 11062 10940 15166 7575 5765 9550 0 9792 3369 15189 9429 13547 10931 10699 9620 4368 10723 11307 1248 6091 3999 11761 17006 13721 15315 1719 14512 1692 5829 11435 5919
5639 3093 8876 6345 7799 3804 4331 8332 3784 11961 14190 7829 8625 4708 8376 7173 11648 10458 12095 4652 5840 8496 7076 8876 14956 8056 9792 0 7448 5730 10939 4862 3826 11199 1487 9497 1044 12927 8916 3713 10905 11078 7317 11945 6439 11504 5212 8706 8337 6347 11686
12866 5149 9067 3303 11378 10817 11346 15778 11079 14740 7996 5512 5037 5299 4819 14431 7826 13062 8048 8596 7724 11239 13799 4609 7547 6273 3369 7448 0 13144 10934 11869 7796 7875 6894 6420 8472 8845 2128 4156 6774 8751 14759 14498 13603 4761 11635 3623 2892 10877 8522
2914 8634 12838 11532 9825 3872 2502 2885 2165 11911 19270 12986 13356 9337 13152 1837 15954 10973 17219 7014 9942 9586 3363 14328 20588 13012 15189 5730 13144 0 13330 2287 7801 16181 6707 13851 4688 18001 14451 9170 15442 15730 2077 12105 1731 16905 5121 13877 13996 6759 15688
15260 12034 18444 7738 18613 14187 10863 16037 11569 5242 10248 15680 6204 6963 6333 13230 5608 4123 18945 6642 15861 4056 11224 15381 14486 16316 9429 10939 10934 13330 0 11047 14396 18631 11999 5079 11132 19759 9965 9020 6083 19261 15394 4825 12366 10302 15872 7901 13773 6670 4640
4723 7954 13147 9844 10793 4759 536 5048 1375 9793 17404 12639 11433 7515 11248 2668 13872 8759 16915 4846 10112 7310 2269 13738 19120 12800 13547 4862 11869 2287 11047 0 7914 15973 6183 11809 3893 17735 12932 7742 13425 15725 4347 9955 1768 15243 6393 12124 13139 4480 13546
6126 2857 5240 8299 4252 4133 7449 9608 6573 15782 15607 5382 10868 7602 10597 9582 14060 14261 9493 8431 2198 12281 10174 7010 15092 5279 10931 3826 7796 7801 14396 7914 0 8411 2453 12016 4318 10247 9789 5797 13157 7933 8599 15757 9095 12500 4167 10373 7259 10166 14329
14451 8189 4497 10898 8865 12532 15460 17978 14727 21805 14536 3392 12912 12118 12690 17924 15597 20130 1216 14718 6426 18157 18230 3274 11312 3181 10699 11199 7875 16181 18631 15973 8411 0 9797 14295 12092 1847 9566 10169 14543 1449 16985 21640 17358 11360 12206 11447 4993 16933 16360
5980 1941 7393 6488 6615 3924 5665 9069 4981 13358 14186 6457 8961 5352 8697 8305 12100 11821 10733 5987 4368 9835 8434 7646 14436 6632 9620 1487 6894 6707 11999 6183 2453 9797 0 9988 2296 11553 8614 3819 11269 9621 8033 13323 7647 11294 4909 8756 7312 7801 12260
14898 9231 14983 3840 16207 13270 11424 16736 11736 9924 5968 11728 1387 4798 1626 14416 2157 8433 14428 7018 12899 7230 12900 11027 9533 12448 4368 9497 6420 13851 5079 11809 12016 14295 9988 0 10140 15199 5040 6229 1637 15135 15872 9567 13490 5267 14697 2962 9308 8529 2326
4802 4084 9516 7195 7967 3166 3372 7323 2754 11681 15046 8748 9361 5349 9122 6137 12297 10253 13023 4600 6456 8353 6139 9868 15962 8927 10723 1044 8472 4688 11132 3893 4318 12092 2296 10140 0 13845 9887 4632 11607 11897 6318 11703 5419 12440 4763 9567 9372 5967 12261
16297 9875 6208 12037 10604 14373 17217 19823 16508 23196 14725 5099 13836 13483 13635 19732 16307 21513 856 16250 8273 19568 19984 4474 10961 4989 11307 12927 8845 18001 19759 17735 10247 1847 11553 15199 13845 0 10276 11615 15264 2872 18828 23008 19150 11710 14050 12273 5986 18499 17141
14498 7032 11157 3261 13484 12507 12431 17197 12318 14306 5882 7541 3768 5676 3633 15570 6044 12673 9544 9042 9840 11027 14672 6393 6189 8311 1248 8916 2128 14451 9965 12932 9789 9566 8614 5040 9887 10276 0 5283 4995 10584 16201 14012 14697 2714 13472 2083 4638 11208 6865
9352 3097 9426 2684 10020 7462 7225 11920 7045 11640 10490 6923 5147 2072 4882 10342 8308 9970 10760 4706 6911 7989 9643 7161 11429 7468 6091 3713 4156 9170 9020 7742 5797 10169 3819 6229 4632 11615 5283 0 7456 10536 10930 11486 9491 7808 8680 5012 5992 7002 8535
16393 10319 15694 4858 17274 14702 13032 18327 13314 11178 4409 12261 2309 6264 2574 16041 1055 9775 14538 8650 13840 8729 14537 11326 8418 13010 3999 10905 6774 15442 6083 13425 13157 14543 11269 1637 11607 15264 4995 7456 0 15505 17449 10795 15115 4362 16068 3158 9571 10153 1931
13798 8210 3377 11582 7769 11973 15228 17342 14429 22149 15770 3616 13748 12556 13513 17515 16559 20490 2529 14918 5806 18493 17994 4191 12716 3110 11761 11078 8751 15730 19261 15725 7933 1449 9621 15135 11897 2872 10584 10536 15505 0 16373 22011 17010 12545 11464 12368 5948 17067 17273
2603 9968 13268 13398 9721 4467 4579 1036 4136 13747 21196 13958 15327 11283 15114 2774 17987 12909 18087 9085 10586 11606 4915 15460 22273 13877 17006 7317 14759 2077 15394 4347 8599 16985 8033 15872 6318 18828 16201 10930 17449 16373 0 13970 3302 18724 5056 15762 15324 8789 17744
14660 14030 20533 11200 19667 14231 10012 14337 10970 449 15054 18404 10430 9530 10483 11351 10411 1526 22161 7342 17628 3538 9141 18535 19099 18922 13721 11945 14498 12105 4825 9955 15757 21640 13323 9567 11703 23008 14012 11486 10795 22011 13970 0 10673 14825 15978 12071 17122 5797 9461
4645 9500 14252 11611 11458 5415 2268 3723 2669 10446 19143 14076 13163 9275 12984 927 15523 9645 18345 6481 11280 8453 1664 15279 20883 14176 15315 6439 13603 1731 12366 1768 9095 17358 7647 13490 5419 19150 14697 9491 15115 17010 3302 10673 0 17009 6799 13885 14770 5697 15151
17124 9745 13556 5400 16135 15162 14764 19703 14749 15174 3307 9866 4515 7765 4548 17906 5219 13644 11088 10984 12474 12262 16822 8437 4317 10636 1719 11504 4761 16905 10302 15243 12500 11360 11294 5267 12440 11710 2714 7808 4362 12545 18724 14825 17009 0 16170 3198 6772 12976 6241
2465 6486 8262 11364 4738 1750 6146 5952 5123 15885 19094 9449 13770 9918 13513 6921 16842 14620 13359 9268 5791 12844 8305 11154 19097 9226 14512 5212 11635 5121 15872 6393 4167 12206 4909 14697 4763 14050 13472 8680 16068 11464 5056 15978 6799 16170 0 13659 11409 10192 16897
14341 7517 12560 2373 14363 12474 11658 16715 11713 12385 5484 9103 1698 4612 1595 14791 4206 10783 11516 7787 10836 9249 13642 8205 7424 9853 1692 8706 3623 13877 7901 12124 10373 11447 8756 2962 9567 12273 2083 5012 3158 12368 15762 12071 13885 3198 13659 0 6457 9790 4913
13107 5371 6842 6054 9988 11014 12603 16360 12121 17333 10069 3138 7927 7661 7711 15509 10626 15648 5174 10696 6382 13747 15259 1757 8112 3895 5829 8337 2892 13996 13773 13139 7259 4993 7312 9308 9372 5986 4638 5992 9571 5948 15324 17122 14770 6772 11409 6457 0 12994 11371
9026 8865 15173 7955 13927 8443 4401 9384 5277 5737 14468 13564 8605 5609 8502 6561 10353 4433 17643 2301 12169 2831 4624 14101 17201 13961 11435 6347 10877 6759 6670 4480 10166 16933 7801 8529 5967 18499 11208 7002 10153 17067 8789 5797 5697 12976 10192 9790 12994 0 9813
16955 11554 17265 6159 18529 15417 13210 18558 13631 9873 5623 13940 3625 6981 3889 16072 1052 8627 16402 8700 15223 7926 14375 13117 10137 14674 5919 11686 8522 15688 4640 13546 14329 16360 12260 2326 12261 17141 6865 8535 1931 17273 17744 9461 15151 6241 16897 4913 11371 9813 0
1 11 9 4
2 11 7 6
3 12 11 6
4 6 8 7
5 7 13 4
6 7 7 8
7 8 11 2
8 12 11 6
9 14 12 6
10 10 7 6
11 7 9 4
12 9 9 7
13 9 9 2
14 15 8 6
15 9 10 6
16 9 3 8
17 11 8 6
18 7 10 8
19 8 11 9
20 11 9 4
21 8 11 6
22 10 7 5
23 9 10 7
24 12 10 8
25 6 10 4
26 6 11 5
27 10 14 2
28 10 9 1
29 15 8 5
30 11 7 6
31 8 12 6
32 10 10 6
33 8 10 3
34 11 7 3
35 11 5 4
36 9 6 2
37 9 4 3
38 7 13 5
39 10 8 2
40 11 4 7
41 9 10 6
42 9 10 5
43 9 9 3
44 10 6 7
45 8 11 3
46 7 13 4
47 11 7 6
48 8 9 6
49 11 6 2
50 7 9 2
