350 50 3
30 60 700 9.00
0 19 46 3
0 3 14 1
0 11 42 2
0 8 14 2
0 1 31 2
0 13 25 2
0 3 5 3
0 8 11 3
0 9 30 3
0 10 2 2
0 16 6 1
0 18 48 2
0 16 41 3
0 4 43 1
0 8 46 3
0 12 5 2
0 24 19 1
0 9 37 2
0 4 45 3
0 9 16 3
0 24 24 3
0 6 3 3
0 3 1 1
0 1 47 3
0 3 14 1
0 5 34 2
0 10 29 2
0 15 7 3
0 14 38 3
0 2 11 1
0 4 41 2
0 17 34 1
0 5 43 2
0 10 10 2
0 8 39 3
0 7 23 1
0 11 12 1
0 21 4 1
0 3 14 3
0 1 45 2
0 14 21 1
0 22 14 2
0 20 3 3
0 1 38 3
0 8 10 2
0 5 24 3
0 1 49 2
0 10 13 2
0 8 28 1
0 4 39 1
0 2 21 1
0 6 48 2
0 5 13 2
0 2 36 1
0 5 13 3
0 15 19 3
0 6 11 1
0 8 7 3
0 1 41 2
0 8 7 1
0 3 41 2
0 13 2 2
0 1 6 2
0 10 22 1
0 4 12 1
0 1 12 3
0 11 18 2
0 3 11 3
0 15 46 1
0 13 10 3
0 9 8 3
0 6 10 2
0 2 49 2
0 13 15 1
0 13 17 2
0 19 8 1
0 7 45 3
0 17 24 3
0 5 46 2
0 5 18 1
0 12 41 1
0 1 6 3
0 6 18 2
0 6 15 2
0 7 41 3
0 8 47 3
0 24 36 1
0 5 4 1
0 13 13 1
0 8 20 2
0 18 23 3
0 23 38 1
0 8 32 1
0 21 33 3
0 15 6 2
0 22 2 1
0 1 16 1
0 1 50 1
0 4 43 2
0 1 36 2
0 22 50 2
0 22 29 2
0 7 31 3
0 22 40 2
0 4 39 3
0 2 3 1
0 22 19 1
0 7 26 2
0 21 34 2
0 1 30 1
0 10 39 1
0 8 1 2
0 21 50 2
0 1 30 3
0 10 38 1
0 4 37 1
0 14 15 1
0 4 2 2
0 3 46 3
0 17 2 3
0 3 45 1
0 20 3 3
0 11 27 1
0 10 7 1
0 2 19 3
0 4 26 1
0 1 14 2
0 11 23 3
0 10 39 2
0 2 35 3
0 15 28 1
0 14 49 3
0 5 45 2
0 3 25 2
0 4 15 3
0 20 40 1
0 2 49 3
0 6 2 3
0 14 12 3
0 13 35 1
0 1 33 2
0 12 27 1
0 8 17 1
0 2 49 3
0 3 21 1
0 1 5 1
0 2 13 3
0 4 2 1
0 8 11 1
0 5 1 3
0 4 38 3
0 16 20 2
0 3 22 1
0 5 18 1
0 1 16 2
0 4 24 1
0 4 46 2
0 13 49 3
0 16 47 1
0 16 26 1
0 13 28 2
0 9 29 1
0 12 40 3
0 8 20 2
0 22 20 1
0 3 50 1
0 3 1 2
0 12 46 1
0 5 26 1
0 4 15 2
0 9 15 2
0 1 37 2
0 16 39 1
0 11 44 1
0 9 21 2
0 3 31 2
0 4 48 2
0 5 23 1
0 2 26 2
0 3 32 2
0 11 45 2
0 4 17 3
0 2 34 3
0 4 15 2
0 1 33 3
0 4 38 1
0 1 32 1
0 9 7 1
0 12 49 1
0 17 38 3
0 3 39 2
0 8 28 1
0 10 44 3
0 4 10 2
0 5 48 2
0 4 14 3
0 7 12 1
0 11 35 3
0 8 31 2
0 16 49 1
0 3 34 1
0 17 6 1
0 25 3 3
0 11 14 2
0 2 35 3
0 2 45 2
0 3 27 2
0 14 45 1
0 6 3 1
0 4 3 2
1 13 46 1
1 4 30 3
1 8 35 2
1 8 22 2
1 17 15 2
1 3 49 1
1 22 2 2
1 11 19 1
1 3 22 2
1 10 38 3
1 2 10 3
1 2 1 2
1 3 20 2
1 14 37 1
1 10 30 3
1 10 35 3
1 18 23 3
1 1 14 3
1 8 35 1
1 1 19 1
1 1 30 2
1 19 12 2
1 10 32 1
1 13 29 3
1 1 21 2
1 7 33 1
1 15 17 1
1 4 49 1
1 3 28 2
1 5 18 3
1 12 19 2
1 2 46 2
1 4 40 2
1 11 37 1
1 7 44 3
1 14 16 1
1 8 46 1
1 4 45 1
1 7 39 3
1 1 23 1
1 17 42 3
1 12 44 3
1 2 45 1
1 8 48 2
1 4 14 2
1 5 30 1
1 6 1 3
1 7 26 2
1 9 20 2
1 8 31 3
1 8 5 1
1 2 2 1
1 3 10 3
1 1 25 3
1 11 29 2
1 10 31 1
1 13 9 3
1 17 16 1
1 7 13 1
1 16 11 1
1 11 12 1
1 1 37 3
1 19 47 2
1 6 13 2
1 12 38 1
1 13 9 3
1 7 10 3
1 8 7 2
1 18 37 3
1 4 4 1
1 19 31 2
1 12 43 3
1 6 11 2
1 3 19 3
1 7 3 2
1 3 12 1
1 10 36 3
1 14 12 3
1 2 1 3
1 1 8 3
1 15 16 2
1 2 26 3
1 16 45 3
1 1 29 2
1 2 27 2
1 13 35 2
1 22 37 1
1 6 34 1
1 10 38 2
1 24 50 2
1 3 27 3
1 1 18 3
1 8 5 2
1 1 19 1
1 10 6 1
1 13 17 3
1 21 41 3
1 6 27 3
1 9 26 2
1 12 22 2
1 7 3 1
1 4 14 1
1 1 18 3
1 6 7 3
1 9 27 2
1 8 44 1
1 4 39 2
1 4 7 1
1 1 26 3
1 8 24 1
1 17 27 3
1 4 43 1
1 16 5 3
1 16 31 1
1 8 35 3
1 3 30 3
1 8 4 1
1 25 34 2
1 15 2 2
1 3 11 2
1 6 8 1
1 3 23 3
1 2 21 3
1 6 11 1
1 2 26 2
1 4 45 3
1 8 8 1
1 10 13 3
1 11 49 1
1 22 7 1
1 10 3 1
1 5 20 2
1 2 21 3
1 1 36 3
1 7 38 1
1 9 11 3
1 3 42 2
1 7 7 3
1 24 8 1
1 3 30 2
0 17063 16439 6229 8526 5030 9443 13802 9258 15012 19685 7550 18044 18903 6576 3632 12608 5155 20260 4659 13859 6764 8111 8223 9284 11292 7157 15233 2475 16022 14702 17605 5576 16315 12098 15506 14772 11495 13486 9208 12686 13248 12163 18780 4725 9038 16724 15445 4501 16431 8248
17063 0 2149 15374 9817 15455 9952 10260 19060 4512 2680 9683 13902 14493 12190 19183 14940 16491 3412 19890 4265 10735 16748 9423 14264 13851 12640 4721 14827 14641 9997 6432 12771 5097 11528 15257 9291 12435 8254 18293 11094 13341 6279 2590 12863 17192 8134 2876 18753 7051 13716
16439 2149 0 14036 8583 14258 10443 11588 19500 2476 3650 8898 15611 16255 12276 18890 15982 16526 3969 19675 5277 10567 17157 9421 14881 14754 11301 6306 14084 16100 11466 8413 11698 6928 12580 16630 10786 10571 6256 18770 9130 14520 7020 2354 12593 17700 9943 4395 18615 8853 14182
6229 15374 14036 0 5564 1201 11589 16174 15026 11941 17657 6441 21044 21926 9666 9853 16767 10663 17996 10877 13579 8370 13398 9387 13559 15230 2740 15359 4629 19594 16896 18175 3181 16555 15084 19348 16700 5836 9159 14800 7391 16792 12619 16320 7635 14350 18020 14791 10683 17377 12354
8526 9817 8583 5564 0 5678 7975 12083 14637 6713 12157 2190 17080 17936 7440 11664 14120 10567 12551 12614 8253 5414 12478 5600 11451 12542 2852 10100 6052 16169 12623 12980 3188 11293 11574 16180 12269 5019 5055 14134 5211 13567 7689 10912 6294 13327 13153 9321 11858 12369 10302
5030 15455 14258 1201 5678 0 10879 15495 13864 12289 17834 6136 20299 21181 8768 8657 15817 9510 18226 9682 13345 7647 12283 8780 12569 14301 3089 15072 3499 18749 16255 17835 2785 16261 14295 18460 16102 6817 9783 13656 8271 15933 12226 16579 6688 13236 17545 14650 9482 16959 11373
9443 9952 10443 11589 7975 10879 0 4623 9114 10457 12562 5862 9459 10340 2945 10216 6309 6911 13354 10686 5774 3233 6796 2388 4454 4794 9798 6458 8186 8232 5427 8353 8460 7333 3623 8205 5385 12989 11600 8359 12930 5592 3714 12363 4767 7272 7287 7420 9426 7072 3769
13802 10260 11588 16174 12083 15495 4623 0 10674 12538 12402 10148 4997 5858 7241 13896 5002 10241 13287 14131 6329 7850 8804 6810 5958 4462 14232 5581 12766 4575 952 5698 13017 5687 2107 5041 1393 16969 14733 9854 16601 3195 5059 12848 9276 8776 3791 7387 12834 4253 6265
9258 19060 19500 15026 14637 13864 9114 10674 0 19201 21645 12609 12614 13278 7510 6536 6420 4374 22453 5979 14839 9558 2346 10273 4928 6249 14852 15189 10407 9989 11559 16255 13024 15791 8597 9080 12060 19144 19410 822 19786 8117 12790 21474 8361 1932 14462 16443 5153 14803 5346
15012 4512 2476 11941 6713 12289 10457 12538 19201 0 6025 7526 16974 17687 11742 17779 16466 15817 6182 18637 6332 9817 16862 8929 14881 15097 9244 7816 12575 17113 12594 10307 9899 8675 13162 17519 11967 8120 3780 18527 6655 15204 7572 4469 11645 17511 11552 6041 17676 10487 14023
19685 2680 3650 17657 12157 17834 12562 12402 21645 6025 0 12237 15501 15990 14862 21858 17249 19163 890 22569 6806 13413 19349 12102 16804 16258 14918 6839 17412 16573 12003 7720 15214 6837 13866 17278 11288 14139 9741 20868 12621 15563 8858 1757 15536 19760 9721 5239 21433 8703 16311
7550 9683 8898 6441 2190 6136 5862 10148 12609 7526 12237 0 15134 16002 5285 10271 11940 8691 12765 11154 7210 3234 10398 3474 9266 10361 4129 8945 5190 14089 10761 11738 3352 10137 9481 14058 10474 7187 6827 12069 7377 11441 6184 11246 4378 11222 11618 8554 10261 10943 8127
18044 13902 15611 21044 17080 20299 9459 4997 12614 16974 15501 15134 0 882 11709 17419 6235 13729 16380 17415 10644 12676 11470 11752 9055 6999 19198 9306 17358 2667 4542 7801 17918 8813 6040 3666 5066 21950 19519 11882 21524 4903 9840 16376 13826 11038 5801 11218 16166 6864 9879
18903 14493 16255 21926 17936 21181 10340 5858 13278 17687 15990 16002 882 0 12585 18220 6954 14540 16861 18194 11367 13557 12222 12627 9867 7804 20071 9961 18236 3289 5361 8270 18798 9396 6918 4228 5849 22791 20301 12564 22343 5720 10642 16931 14704 11755 6359 11862 16954 7442 10719
6576 12190 12276 9666 7440 8768 2945 7241 7510 11742 14862 5285 11709 12585 0 7332 7128 4302 15593 7875 8264 2084 5210 2858 4088 5572 8441 9241 5653 9995 8131 11287 6790 10195 5672 9693 8199 12305 11967 6894 12650 7173 6280 14409 2125 5978 10213 9938 6657 10017 2895
3632 19183 18890 9853 11664 8657 10216 13896 6536 17779 21858 10271 17419 18220 7332 0 11410 3706 22521 1027 15503 8450 6224 9815 8367 10420 10677 16570 5826 15073 14845 18558 8985 17523 11914 14371 15085 15063 16712 6752 16171 12518 13577 21170 6325 6984 17302 17166 1405 17235 7687
12608 14940 15982 16767 14120 15817 6309 5002 6420 16466 17249 11940 6235 6954 7128 11410 0 7815 18122 11300 10757 8826 5287 8563 3336 1584 15520 10418 12494 3700 5701 10664 13912 10662 3416 2964 6341 19128 17901 5665 19193 1883 8989 17519 9136 4804 8641 12083 10093 9236 4472
5155 16491 16526 10663 10567 9510 6911 10241 4374 15817 19163 8691 13729 14540 4302 3706 7815 0 19894 3896 12528 6009 2958 7116 4674 6736 10524 13367 6037 11432 11193 15127 8694 14229 8228 10777 11471 14865 15507 4153 15612 8826 10508 18693 4314 3883 13742 14202 2600 13758 3994
20260 3412 3969 17996 12551 18226 13354 13287 22453 6182 890 12765 16380 16861 15593 22521 18122 19894 0 23250 7621 14089 20148 12807 17629 17116 15264 7718 17953 17463 12892 8591 15654 7727 14734 18168 12177 14231 9794 21680 12655 16444 9663 1714 16195 20575 10604 6085 22130 9590 17113
4659 19890 19675 10877 12614 9682 10686 14131 5979 18637 22569 11154 17415 18194 7875 1027 11300 3896 23250 0 16117 9162 6028 10481 8419 10431 11691 17103 6833 14993 15083 18981 9987 18017 12099 14241 15367 16083 17668 6304 17176 12535 14154 21934 7082 6690 17635 17788 1297 17629 7870
13859 4265 5277 13579 8253 13345 5774 6329 14839 6332 6806 7210 10644 11367 8264 15503 10757 12528 7621 16117 0 7160 12547 5723 10009 9609 11022 1872 11889 10876 6288 4763 10560 3047 7342 11368 5644 12327 9110 14062 11485 9248 2060 6797 9312 12955 5410 1675 14918 4426 9508
6764 10735 10567 8370 5414 7647 3233 7850 9558 9817 13413 3234 12676 13557 2084 8450 8826 6009 14089 9162 7160 0 7280 1460 6037 7242 6739 8470 5113 11294 8627 10884 5274 9553 6732 11141 8520 10356 9886 8963 10611 8537 5400 12790 2158 8061 10190 8792 8059 9778 4892
8111 16748 17157 13398 12478 12283 6796 8804 2346 16862 19349 10398 11470 12222 5210 6224 5287 2958 20148 6028 12547 7280 0 7937 2856 4603 12928 12983 8784 8987 9730 14230 11120 13647 6697 8215 10160 17124 17160 1684 17666 6667 10491 19145 6282 954 12549 14168 4859 12790 3039
8223 9423 9421 9387 5600 8780 2388 6810 10273 8929 12102 3474 11752 12627 2858 9815 8563 7116 12807 10481 5723 1460 7937 0 6194 7001 7450 7010 6502 10618 7510 9452 6216 8098 6009 10588 7325 10619 9515 9607 10631 7972 3941 11577 3593 8615 8848 7368 9331 8382 5192
9284 14264 14881 13559 11451 12569 4454 5958 4928 14881 16804 9266 9055 9867 4088 8367 3336 4674 17629 8419 10009 6037 2856 6194 0 2067 12516 10267 9195 6800 6891 11387 10827 10865 3852 6226 7306 16374 15706 4119 16639 4153 7988 16738 5935 2999 9693 11576 7146 9943 1213
11292 13851 14754 15230 12542 14301 4794 4462 6249 15097 16258 10361 6999 7804 5572 10420 1584 6736 17116 10431 9609 7242 4603 7001 2067 0 13942 9490 11023 4744 5320 10130 12346 9887 2475 4232 5854 17547 16394 5435 17631 2104 7734 16406 7613 4398 8249 11035 9173 8676 3052
7157 12640 11301 2740 2852 3089 9798 14232 14852 9244 14918 4129 19198 20071 8441 10677 15520 10524 15264 11691 11022 6739 12928 7450 12516 13942 0 12842 4865 18001 14873 15699 1830 14039 13404 17877 14600 4414 6722 14485 5533 15269 10250 13594 6704 13850 15713 12153 11198 14996 11309
15233 4721 6306 15359 10100 15072 6458 5581 15189 7816 6839 8945 9306 9961 9241 16570 10418 13367 7718 17103 1872 8470 12983 7010 10267 9490 12842 0 13402 9919 5276 2893 12294 1197 7058 10543 4570 14189 10857 14384 13310 8726 3070 7296 10572 13265 3737 1916 15861 2681 9978
2475 14827 14084 4629 6052 3499 8186 12766 10407 12575 17412 5190 17358 18236 5653 5826 12494 6037 17953 6833 11889 5113 8784 6502 9195 11023 4865 13402 0 15607 13605 15946 3165 14536 11319 15236 13564 9272 11023 10171 10345 12783 10365 16434 3532 9738 15302 13409 6350 14880 8023
16022 14641 16100 19594 16169 18749 8232 4575 9989 17113 16573 14089 2667 3289 9995 15073 3700 11432 17463 14993 10876 11294 8987 10618 6800 4744 18001 9919 15607 0 4649 9143 16561 9737 4609 1022 5350 21158 19222 9276 20942 2824 9609 17207 12111 8483 7002 11804 13775 7917 7774
14702 9997 11466 16896 12623 16255 5427 952 11559 12594 12003 10761 4542 5361 8131 14845 5701 11193 12892 15083 6288 8627 9730 7510 6891 5320 14873 5276 13605 4649 0 4970 13726 5192 3040 5281 715 17439 14994 10741 16984 3834 5303 12570 10137 9675 2954 7155 13786 3563 7217
17605 6432 8413 18175 12980 17835 8353 5698 16255 10307 7720 11738 7801 8270 11287 18558 10664 15127 8591 18981 4763 10884 14230 9452 11387 10130 15699 2893 15946 9143 4970 0 15072 1736 7681 9970 4326 17059 13589 15434 16129 8803 5629 8730 12884 14331 2144 4291 17701 1455 11390
5576 12771 11698 3181 3188 2785 8460 13017 13024 9899 15214 3352 17918 18798 6790 8985 13912 8694 15654 9987 10560 5274 11120 6216 10827 12346 1830 12294 3165 16561 13726 15072 0 13485 12005 16374 13521 6212 7944 12665 7190 13786 9481 14043 4942 12048 14853 11871 9430 14230 9614
16315 5097 6928 16555 11293 16261 7333 5687 15791 8675 6837 10137 8813 9396 10195 17523 10662 14229 7727 18017 3047 9553 13647 8098 10865 9887 14039 1197 14536 9737 5192 1736 13485 0 7415 10451 4479 15323 11878 14977 14396 8882 4173 7569 11626 13859 3039 2633 16759 1954 10690
12098 11528 12580 15084 11574 14295 3623 2107 8597 13162 13866 9481 6040 6918 5672 11914 3416 8228 14734 12099 7342 6732 6697 6009 3852 2475 13404 7058 11319 4609 3040 7681 12005 7415 0 4635 3473 16575 14871 7775 16427 2083 5620 14104 7787 6687 5873 8677 10805 6226 4234
15506 15257 16630 19348 16180 18460 8205 5041 9080 17519 17278 14058 3666 4228 9693 14371 2964 10777 18168 14241 11368 11141 8215 10588 6226 4232 17877 10543 15236 1022 5281 9970 16374 10451 4635 0 5995 21191 19459 8391 21062 2618 9961 17838 11783 7651 7827 12397 13046 8691 7282
14772 9291 10786 16700 12269 16102 5385 1393 12060 11967 11288 10474 5066 5849 8199 15085 6341 11471 12177 15367 5644 8520 10160 7325 7306 5854 14600 4570 13564 5350 715 4326 13521 4479 3473 5995 0 17022 14456 11240 16511 4492 4799 11861 10144 10158 2402 6457 14070 2896 7532
11495 12435 10571 5836 5019 6817 12989 16969 19144 8120 14139 7187 21950 22791 12305 15063 19128 14865 14231 16083 12327 10356 17124 10619 16374 17547 4414 14189 9272 21158 17439 17059 6212 15323 16575 21191 17022 0 4449 18728 1774 18581 12276 12523 10842 18020 17601 12957 15612 16704 15198
13486 8254 6256 9159 5055 9783 11600 14733 19410 3780 9741 6827 19519 20301 11967 16712 17901 15507 9794 17668 9110 9886 17160 9515 15706 16394 6722 10857 11023 19222 14994 13589 7944 11878 14871 19459 14456 4449 0 18841 2882 16953 9698 8092 11195 17945 14519 9316 16907 13515 14662
9208 18293 18770 14800 14134 13656 8359 9854 822 18527 20868 12069 11882 12564 6894 6752 5665 4153 21680 6304 14062 8963 1684 9607 4119 5435 14485 14384 10171 9276 10741 15434 12665 14977 7775 8391 11240 18728 18841 0 19311 7327 12017 20721 7899 1120 13642 15658 5348 13981 4593
12686 11094 9130 7391 5211 8271 12930 16601 19786 6655 12621 7377 21524 22343 12650 16171 19193 15612 12655 17176 11485 10611 17666 10631 16639 17631 5533 13310 10345 20942 16984 16129 7190 14396 16427 21062 16511 1774 2882 19311 0 18479 11715 10960 11425 18527 16860 11919 16601 15908 15503
13248 13341 14520 16792 13567 15933 5592 3195 8117 15204 15563 11441 4903 5720 7173 12518 1883 8826 16444 12535 9248 8537 6667 7972 4153 2104 15269 8726 12783 2824 3834 8803 13786 8882 2083 2618 4492 18581 16953 7327 18479 0 7638 15930 9287 6362 6764 10467 11277 7386 5017
12163 6279 7020 12619 7689 12226 3714 5059 12790 7572 8858 6184 9840 10642 6280 13577 8989 10508 9663 14154 2060 5400 10491 3941 7988 7734 10250 3070 10365 9609 5303 5629 9481 4173 5620 9961 4799 12276 9698 12017 11715 7638 0 8757 7508 10914 5472 3713 12935 4759 7453
18780 2590 2354 16320 10912 16579 12363 12848 21474 4469 1757 11246 16376 16931 14409 21170 17519 18693 1714 21934 6797 12790 19145 11577 16738 16406 13594 7296 16434 17207 12570 8730 14043 7569 14104 17838 11861 12523 8092 20721 10960 15930 8757 0 14855 19631 10580 5466 20849 9512 16130
4725 12863 12593 7635 6294 6688 4767 9276 8361 11645 15536 4378 13826 14704 2125 6325 9136 4314 16195 7082 9312 2158 6282 3593 5935 7613 6704 10572 3532 12111 10137 12884 4942 11626 7787 11783 10144 10842 11195 7899 11425 9287 7508 14855 0 7181 12019 10949 6045 11707 4725
9038 17192 17700 14350 13327 13236 7272 8776 1932 17511 19760 11222 11038 11755 5978 6984 4804 3883 20575 6690 12955 8061 954 8615 2999 4398 13850 13265 9738 8483 9675 14331 12048 13859 6687 7651 10158 18020 17945 1120 18527 6362 10914 19631 7181 0 12559 14545 5592 12880 3519
16724 8134 9943 18020 13153 17545 7287 3791 14462 11552 9721 11618 5801 6359 10213 17302 8641 13742 10604 17635 5410 10190 12549 8848 9693 8249 15713 3737 15302 7002 2954 2144 14853 3039 5873 7827 2402 17601 14519 13642 16860 6764 5472 10580 12019 12559 0 5576 16340 1090 9857
15445 2876 4395 14791 9321 14650 7420 7387 16443 6041 5239 8554 11218 11862 9938 17166 12083 14202 6085 17788 1675 8792 14168 7368 11576 11035 12153 1916 13409 11804 7155 4291 11871 2633 8677 12397 6457 12957 9316 15658 11919 10467 3713 5466 10949 14545 5576 0 16592 4492 11129
4501 18753 18615 10683 11858 9482 9426 12834 5153 17676 21433 10261 16166 16954 6657 1405 10093 2600 22130 1297 14918 8059 4859 9331 7146 9173 11198 15861 6350 13775 13786 17701 9430 16759 10805 13046 14070 15612 16907 5348 16601 11277 12935 20849 6045 5592 16340 16592 0 16343 6574
16431 7051 8853 17377 12369 16959 7072 4253 14803 10487 8703 10943 6864 7442 10017 17235 9236 13758 9590 17629 4426 9778 12790 8382 9943 8676 14996 2681 14880 7917 3563 1455 14230 1954 6226 8691 2896 16704 13515 13981 15908 7386 4759 9512 11707 12880 1090 4492 16343 0 9975
8248 13716 14182 12354 10302 11373 3769 6265 5346 14023 16311 8127 9879 10719 2895 7687 4472 3994 17113 7870 9508 4892 3039 5192 1213 3052 11309 9978 8023 7774 7217 11390 9614 10690 4234 7282 7532 15198 14662 4593 15503 5017 7453 16130 4725 3519 9857 11129 6574 9975 0
1 8 12 3
2 10 5 7
3 9 7 3
4 8 12 4
5 6 11 6
6 12 8 4
7 5 10 2
8 5 6 6
9 8 14 4
10 10 5 5
11 10 8 7
12 12 9 6
13 12 8 4
14 13 8 5
15 11 9 6
16 4 7 7
17 11 8 5
18 6 7 4
19 5 11 6
20 8 1 6
21 6 10 2
22 7 10 1
23 11 10 3
24 10 13 4
25 5 10 4
26 8 5 4
27 13 7 3
28 4 6 6
29 5 3 5
30 9 7 1
31 10 9 4
32 9 10 7
33 6 7 7
34 8 10 7
35 9 8 6
36 8 10 2
37 6 10 2
38 7 10 6
39 8 7 3
40 11 5 4
41 9 10 6
42 11 6 3
43 7 7 4
44 4 5 4
45 8 4 7
46 9 7 4
47 10 5 5
48 8 10 6
49 6 11 2
50 12 6 5
