450 50 3
30 60 700 9.00
0 8 15 3
0 4 25 2
0 6 15 3
0 13 42 3
0 5 25 2
0 6 15 1
0 3 33 2
0 7 25 1
0 4 18 2
0 6 22 1
0 6 9 2
0 8 19 1
0 1 20 2
0 14 4 2
0 7 12 1
0 13 36 3
0 5 28 3
0 11 4 3
0 15 5 1
0 1 40 2
0 2 39 3
0 6 45 3
0 10 9 1
0 7 45 1
0 22 11 2
0 3 46 3
0 6 40 2
0 2 2 2
0 7 11 3
0 11 47 2
0 7 34 3
0 3 46 2
0 7 8 1
0 3 31 2
0 2 21 3
0 17 4 2
0 3 28 1
0 12 18 3
0 2 5 2
0 6 40 3
0 16 12 3
0 6 19 1
0 9 28 3
0 3 33 1
0 5 19 1
0 24 36 2
0 13 7 1
0 2 31 1
0 6 19 3
0 15 9 1
0 1 42 3
0 1 13 1
0 4 1 1
0 16 8 2
0 13 31 1
0 21 20 3
0 5 50 3
0 2 16 2
0 5 41 1
0 3 10 3
0 1 19 3
0 18 9 1
0 3 4 2
0 12 5 3
0 7 25 2
0 7 25 3
0 15 19 2
0 18 6 2
0 10 43 1
0 2 36 3
0 10 26 2
0 1 44 1
0 10 47 2
0 3 13 2
0 11 48 2
0 8 9 3
0 8 24 3
0 14 37 2
0 6 50 3
0 11 27 2
0 1 18 3
0 20 30 1
0 7 8 3
0 5 4 3
0 8 43 1
0 1 28 2
0 8 31 3
0 13 14 1
0 7 9 3
0 10 45 1
0 6 37 1
0 2 4 3
0 3 10 1
0 23 48 2
0 1 40 2
0 12 15 3
0 5 12 2
0 7 19 3
0 20 34 1
0 1 37 2
0 5 35 3
0 8 4 2
0 3 5 3
0 10 50 1
0 6 4 2
0 15 42 3
0 9 11 1
0 6 44 1
0 1 50 3
0 2 26 1
0 13 1 3
0 11 50 2
0 13 7 1
0 10 39 2
0 10 39 2
0 3 21 3
0 1 46 3
0 7 24 3
0 16 39 1
0 5 28 2
0 2 15 2
0 15 31 1
0 2 27 3
0 2 30 2
0 4 3 2
0 3 26 2
0 12 7 2
0 7 23 3
0 12 35 2
0 2 49 3
0 4 18 1
0 9 27 2
0 8 26 1
0 12 44 3
0 12 34 1
0 8 10 2
0 13 15 2
0 5 40 1
0 4 43 2
0 1 46 1
0 19 40 2
0 9 20 3
0 14 44 2
0 16 30 3
0 1 26 1
0 8 24 1
0 3 23 2
0 5 8 1
0 1 13 1
0 10 7 1
0 5 40 1
0 25 17 2
0 2 37 1
0 6 34 1
0 9 20 2
0 1 13 3
0 21 43 2
0 5 43 3
0 4 21 3
0 2 12 3
0 20 21 2
0 23 31 3
0 13 40 2
0 12 29 1
0 1 44 1
0 23 34 1
0 6 44 2
0 24 2 2
0 14 45 3
0 23 7 2
0 19 8 3
0 14 26 1
0 5 32 2
0 8 3 1
0 3 16 3
0 3 22 3
0 24 4 1
0 1 2 3
0 3 42 1
0 2 23 3
0 15 11 2
0 3 33 1
0 1 50 2
0 7 44 2
0 1 22 1
0 23 41 3
0 18 44 3
0 5 14 3
0 6 24 2
0 7 31 1
0 12 45 2
0 7 46 1
0 11 2 2
0 1 16 1
0 9 5 3
0 4 4 1
0 22 19 1
0 8 50 2
0 11 9 3
0 7 39 2
0 3 42 1
0 2 31 1
0 5 22 1
0 5 4 3
0 7 40 3
0 7 16 2
0 9 29 1
0 18 15 1
0 3 36 1
0 2 50 3
0 7 39 2
0 5 39 1
0 5 36 3
0 5 28 2
0 15 31 3
0 14 19 1
0 5 25 2
0 1 1 2
0 8 40 2
0 16 45 1
0 24 40 3
0 9 22 3
0 1 35 1
0 8 31 1
0 24 9 1
0 11 13 3
0 8 42 2
0 3 9 3
0 19 38 3
0 20 17 1
0 2 30 2
0 17 1 1
0 12 2 2
0 6 39 2
0 25 4 3
0 4 32 3
0 10 48 3
0 4 17 2
0 14 25 3
0 3 1 2
0 18 6 3
0 3 29 3
0 2 9 3
0 7 31 1
0 3 43 3
0 7 1 3
0 4 39 3
0 8 25 1
0 1 33 1
0 2 48 2
0 14 32 2
0 11 36 2
0 5 26 2
0 8 4 2
0 15 12 2
0 3 17 2
0 9 20 3
0 5 21 3
0 14 38 3
0 5 18 3
0 23 4 3
0 10 28 1
0 4 4 1
0 12 43 1
0 6 22 2
0 2 37 1
0 6 17 2
0 1 46 2
0 6 45 3
0 22 21 1
0 14 6 3
0 3 28 3
0 24 21 3
0 2 3 1
0 1 33 1
0 6 32 1
0 5 13 1
0 23 31 3
0 1 26 2
0 19 6 1
0 2 9 1
0 1 35 3
0 1 12 3
0 16 9 2
0 11 7 3
0 4 27 3
0 1 28 3
0 3 14 1
0 13 50 2
0 18 19 1
0 4 2 2
0 3 24 3
0 10 21 1
0 5 9 1
0 11 39 2
0 10 42 1
0 6 38 2
0 19 34 1
0 23 26 3
0 6 5 3
0 2 20 2
0 1 39 1
0 1 16 2
0 12 20 1
0 15 18 3
0 11 41 1
0 3 30 2
0 1 27 3
0 3 36 1
0 8 33 3
0 2 48 1
0 18 19 3
0 3 46 2
0 10 48 3
0 1 40 2
0 8 12 3
0 2 45 2
0 8 19 3
0 6 38 1
0 9 18 1
0 3 49 1
0 1 39 2
0 4 24 1
0 24 40 1
0 2 10 3
0 6 7 1
0 2 26 1
0 9 10 3
0 7 41 1
0 4 23 3
0 1 37 3
0 5 19 1
0 13 33 2
0 5 4 3
0 6 28 3
0 5 37 1
0 15 25 1
0 1 48 3
0 1 16 3
0 19 22 1
0 14 34 1
0 12 35 2
0 9 17 1
0 1 11 1
0 6 13 2
0 15 49 1
0 5 3 3
0 1 38 2
0 1 37 1
0 5 14 1
0 10 22 1
0 7 48 3
0 13 36 3
0 11 5 3
0 15 46 2
0 6 42 2
0 1 10 2
0 15 15 2
0 9 27 1
0 2 30 3
1 3 29 2
1 9 25 1
1 9 16 2
1 4 12 1
1 2 35 2
1 3 19 3
1 5 50 2
1 23 29 2
1 6 44 2
1 4 44 2
1 18 2 1
1 2 24 2
1 1 49 1
1 11 15 1
1 9 43 2
1 24 33 1
1 18 28 3
1 7 23 1
1 20 9 2
1 6 16 3
1 2 36 1
1 9 34 2
1 5 12 2
1 6 35 1
1 2 27 3
1 7 21 3
1 14 12 3
1 4 7 3
1 6 13 3
1 2 14 3
1 15 32 3
1 9 46 3
1 8 10 1
1 1 8 2
1 4 5 3
1 17 17 3
1 8 2 3
1 6 1 2
1 2 28 1
1 2 10 2
1 6 15 3
1 13 11 3
1 17 32 2
1 2 42 3
1 1 22 1
1 7 25 1
1 8 20 2
1 13 44 3
1 22 25 1
1 5 1 2
1 4 43 2
1 19 2 2
1 8 33 3
1 7 32 3
1 8 2 1
1 12 46 1
1 2 43 1
1 8 29 2
1 3 10 1
1 9 49 2
1 12 31 3
1 15 3 2
1 7 44 3
1 8 19 3
1 6 29 1
1 4 3 2
1 2 27 3
1 6 32 3
1 1 8 1
1 8 26 1
1 4 9 1
1 6 15 3
1 13 41 1
1 3 6 2
1 7 23 1
1 11 25 3
1 6 37 3
1 3 35 1
1 2 50 1
1 9 5 3
1 4 32 2
1 15 7 3
1 3 31 2
1 14 48 2
1 15 36 1
1 15 29 1
1 22 33 1
1 4 3 3
1 13 31 1
1 9 46 2
0 7995 8576 6507 1918 17751 12494 9742 16482 4058 5157 11865 15192 17860 3454 15867 19454 17780 5713 15427 8698 9613 17818 17469 17095 16580 16323 18223 11410 18394 16002 15612 15085 3682 10907 18462 2984 17273 22566 15799 7177 16922 673 13104 5194 6693 11647 13893 16351 23535 5457
7995 0 971 5321 6285 10489 6436 4394 9162 5090 3504 11723 7247 9873 4566 12735 14313 10539 7148 15122 4115 6230 11626 10257 12998 9198 9703 10419 5430 11605 16323 7674 7105 5399 2916 11270 5408 17276 15922 12778 8089 10074 8642 5540 2869 5469 5539 6073 9173 17046 3408
8576 971 0 6291 6780 10513 5469 3534 8283 5318 3737 12663 6898 9315 5217 13480 14785 9652 8099 16032 3409 7102 11937 9364 13635 8330 9946 9688 5988 11766 17251 7331 6691 6234 2444 11308 5827 18188 16072 13534 9058 10244 9236 5550 3381 6439 4576 5886 9251 17225 4317
6507 5321 6291 0 5957 12024 11739 9462 14241 6677 5939 6817 10742 13873 4253 9572 12950 15624 2131 10425 8864 3112 11507 15362 10633 14241 10241 14999 5454 12317 11440 11096 10840 2882 7529 12646 5928 12527 16322 9532 2770 10938 6886 8097 4820 225 10831 9206 10631 17219 2472
1918 6285 6780 5957 0 16381 10579 7827 14578 2188 3252 12111 13529 16094 1996 15527 18687 15870 5824 15753 6788 8931 16756 15558 16549 14679 15127 16370 10258 17173 16491 13955 13388 3136 9165 17119 1066 17714 21418 15483 7355 15670 2587 11598 3423 6172 9730 12298 14997 22438 4272
17751 10489 10513 12024 16381 0 12605 12867 10623 15554 13983 13734 4799 6348 14416 10035 7171 11427 13997 15233 13387 9488 3591 11401 8500 10413 2418 8736 6570 1972 16767 4536 5330 14253 8331 804 15687 16991 5755 10230 13718 1604 18304 4967 13184 11948 12289 4848 1406 6982 12295
12494 6436 5469 11739 10579 12605 0 2752 4622 8472 7426 18087 7852 8347 9727 18301 18532 5655 13443 21372 3806 12399 15165 5336 18064 4814 13052 7289 10555 14358 22640 8186 7353 11210 5409 13379 9514 23526 18333 18387 14494 13017 13157 8492 7872 11895 919 7942 11747 19571 9588
9742 4394 3534 9462 7827 12867 2752 0 7035 5729 4690 16076 8457 9860 7033 16990 17973 8221 10994 19510 1081 10620 14878 7902 17052 7183 12798 9347 9385 14402 20691 8862 8059 8598 4676 13670 6762 21662 18604 17048 12158 12940 10406 8163 5227 9640 1925 8019 11782 19809 7151
16482 9162 8283 14241 14578 10623 4622 7035 0 12621 11327 19717 6098 4794 13354 18577 17485 1384 16229 22581 8107 13910 13868 1128 17818 254 11886 2941 11227 12576 23993 6213 5572 14515 6743 11275 13524 24680 15950 18709 16972 11556 17155 8171 11446 14343 5175 7088 10241 17187 12570
4058 5090 5318 6677 2188 15554 8472 5729 12621 0 1594 13322 12215 14532 2511 16078 18684 13877 7181 16976 4666 9280 16387 13562 16847 12740 14590 14590 9909 16566 17852 12648 12005 4323 7762 16326 1202 19019 20873 16064 8668 15038 4708 10625 2451 6902 7649 11141 14214 21958 4408
5157 3504 3737 5939 3252 13983 7426 4690 11327 1594 0 12741 10629 12998 2420 15019 17338 12623 6895 16363 3718 8202 14919 12312 15647 11427 13080 13153 8489 15035 17345 11062 10427 4173 6180 14759 2207 18456 19348 15021 8279 13504 5830 9043 1161 6157 6549 9547 12653 20447 3488
11865 11723 12663 6817 12111 13734 18087 16076 19717 13322 12741 0 14771 17968 10815 5609 10748 21052 6289 3656 15586 5819 11393 20838 7624 19655 11349 19699 8671 12995 4633 14985 15083 9070 13129 14024 12398 5716 15795 5432 4758 12190 11932 12003 11635 6606 17218 13255 12637 16266 9289
15192 7247 6898 10742 13529 4799 7852 8457 6098 12215 10629 14771 0 3229 11739 12736 11397 7129 12873 17193 9149 9278 7798 7031 11799 5922 5789 5032 6133 6659 18676 433 543 12160 4457 5551 12649 19208 10488 12887 13133 5500 15822 2806 10116 10756 7614 1570 4179 11728 10037
17860 9873 9315 13873 16094 6348 8347 9860 4794 14532 12998 17968 3229 0 14439 15593 13497 5265 16001 20275 10767 12507 9871 5306 14427 4547 8148 2399 9356 8309 21776 2983 3038 15071 6957 6870 15138 22247 11275 15759 16327 7605 18512 6035 12681 13901 8468 4795 6400 12497 12950
3454 4566 5217 4253 1996 14416 9727 7033 13354 2511 2420 10815 11739 14439 0 13781 16748 14692 4687 14470 6109 7070 14764 14390 14696 13429 13133 14906 8262 15181 15341 12159 11637 1844 7482 15147 1681 16508 19422 13752 6161 13681 4086 9684 1909 4476 8827 10445 13026 20442 2293
15867 12735 13480 9572 15527 10035 18301 16990 18577 16078 15019 5609 12736 15593 13781 0 5255 19761 10228 5441 16847 6819 6863 19618 2115 18447 7687 17730 7745 8710 6939 12795 13190 12417 12897 10052 15461 6990 10611 216 8945 8442 16116 10412 13862 9355 17569 11505 9356 10911 11671
19454 14313 14785 12950 18687 7171 18532 17973 17485 18684 17338 10748 11397 13497 16748 5255 0 18428 14218 10501 18147 9841 3640 18366 3148 17299 5617 15866 8900 5273 11911 11274 11932 15793 13357 6790 18356 11662 5544 5461 13220 5950 19830 10041 16262 12770 17991 10711 7250 5688 14464
17780 10539 9652 15624 15870 11427 5655 8221 1384 13877 12623 21052 7129 5265 14692 19761 18428 0 17612 23870 9300 15254 14793 320 18921 1402 12871 2999 12516 13397 25294 7183 6628 15881 8121 12029 14811 25958 16539 19899 18353 12479 18452 9388 12783 15725 6317 8256 11181 17762 13947
5713 7148 8099 2131 5824 13997 13443 10994 16229 7181 6895 6289 12873 16001 4687 10228 14218 17612 0 9929 10262 4674 13180 17342 11613 16241 12093 17093 7451 14147 10705 13226 12970 2858 9568 14585 6171 11906 18012 10146 1532 12829 5902 10218 5931 2129 12524 11336 12618 18840 3858
15427 15122 16032 10425 15753 15233 21372 19510 22581 16976 16363 3656 17193 20275 14470 5441 10501 23870 9929 0 19085 8973 12260 23681 7482 22492 12825 22217 11354 14073 1534 17338 17575 12725 16213 15343 16053 2156 15987 5226 8398 13630 15448 14555 15244 10209 20530 15772 14371 16185 12892
8698 4115 3409 8864 6788 13387 3806 1081 8107 4666 3718 15586 9149 10767 6109 16847 18147 9300 10262 19085 0 10304 15181 8982 17043 8251 13133 10366 9396 14831 20216 9566 8787 7751 5071 14191 5726 21229 19084 16892 11497 13339 9358 8554 4383 9055 3003 8557 12236 20273 6470
9613 6230 7102 3112 8931 9488 12399 10620 13910 9280 8202 5819 9278 12507 7070 6819 9841 15254 4674 8973 10304 0 8512 15034 7627 13854 7459 14049 3210 9494 10262 9552 9519 5957 7316 10020 8736 11128 13343 6819 4230 8222 9997 6473 7043 2940 11560 7714 8152 14193 4878
17818 11626 11937 11507 16756 3591 15165 14878 13868 16387 14919 11393 7798 9871 14764 6863 3640 14793 13180 12260 15181 8512 0 14735 5081 13678 2113 12231 6512 1882 13779 7655 8338 14151 10204 3349 16255 13843 4832 7072 12524 2315 18284 6747 13936 11371 14691 7244 3627 5721 12488
17469 10257 9364 15362 15558 11401 5336 7902 1128 13562 12312 20838 7031 5306 14390 19618 18366 320 17342 23681 8982 15034 14735 0 18807 1189 12793 3108 12327 13368 25099 7103 6520 15590 7870 12017 14498 25775 16573 19754 18096 12420 18141 9228 12480 15465 5997 8114 11116 17799 13664
17095 12998 13635 10633 16549 8500 18064 17052 17818 16847 15647 7624 11799 14427 14696 2115 3148 18921 11613 7482 17043 7627 5081 18807 0 17665 6304 16672 7668 6963 8947 11792 12293 13514 12679 8396 16358 8858 8515 2326 10468 6964 17406 9788 14513 10431 17402 10747 8045 8795 12477
16580 9198 8330 14241 14679 10413 4814 7183 254 12740 11427 19655 5922 4547 13429 18447 17299 1402 16241 22492 8251 13854 13678 1189 17665 0 11705 2692 11137 12369 23910 6025 5401 14565 6727 11059 13628 24586 15719 18582 16963 11364 17253 8049 11523 14338 5341 6949 10052 16954 12604
16323 9703 9946 10241 15127 2418 13052 12798 11886 14590 13080 11349 5789 8148 13133 7687 5617 12871 12093 12825 13133 7459 2113 12793 6304 11705 0 10443 4914 2081 14358 5690 6321 12708 8122 2689 14550 14608 6298 7876 11654 840 16830 4647 12151 10135 12580 5139 1748 7368 10901
18223 10419 9688 14999 16370 8736 7289 9347 2941 14590 13153 19699 5032 2399 14906 17730 15866 2999 17093 22217 10366 14049 12231 3108 16672 2692 10443 0 11028 10702 23694 4936 4645 15797 7603 9269 15354 24239 13615 17887 17602 9945 18891 7706 13046 15059 7657 6463 8703 14827 13725
11410 5430 5988 5454 10258 6570 10555 9385 11227 9909 8489 8671 6133 9356 8262 7745 8900 12516 7451 11354 9396 3210 6512 12327 7668 11137 4914 11028 0 6989 12780 6381 6419 7799 5153 7200 9743 13454 11172 7834 7331 5543 11917 3339 7460 5380 9832 4593 5178 12180 6004
18394 11605 11766 12317 17173 1972 14358 14402 12576 16566 15035 12995 6659 8309 15181 8710 5273 13397 14147 14073 14831 9494 1882 13368 6963 12369 2081 10702 6989 0 15598 6435 7199 14786 9764 1520 16571 15698 4318 8917 13657 1531 18905 6278 14140 12207 13981 6454 2631 5460 12962
16002 16323 17251 11440 16491 16767 22640 20691 23993 17852 17345 4633 18676 21776 15341 6939 11911 25294 10705 1534 20216 10262 13779 25099 8947 23910 14358 23694 12780 15598 0 18830 19049 13549 17554 16875 16874 1324 17426 6725 9191 15164 15962 16014 16251 11231 21785 17240 15902 17581 13911
15612 7674 7331 11096 13955 4536 8186 8862 6213 12648 11062 14985 433 2983 12159 12795 11274 7183 13226 17338 9566 9552 7655 7103 11792 6025 5690 4936 6381 6435 18830 0 834 12559 4890 5267 13078 19336 10178 12951 13454 5344 16240 3087 10544 11105 7977 1892 4028 11421 10437
15085 7105 6691 10840 13388 5330 7353 8059 5572 12005 10427 15083 543 3038 11637 13190 11932 6628 12970 17575 8787 9519 8338 6520 12293 5401 6321 4645 6419 7199 19049 834 0 12139 4249 6075 12484 19605 11000 13338 13290 6042 15723 3081 9967 10866 7144 1829 4721 12242 10013
3682 5399 6234 2882 3136 14253 11210 8598 14515 4323 4173 9070 12160 15071 1844 12417 15793 15881 2858 12725 7751 5957 14151 15590 13514 14565 12708 15797 7799 14786 13549 12559 12139 0 8211 14936 3330 14735 18919 12368 4359 13337 4134 9813 3375 3085 10295 10740 12847 19871 2126
10907 2916 2444 7529 9165 8331 5409 4676 6743 7762 6180 13129 4457 6957 7482 12897 13357 8121 9568 16213 5071 7316 10204 7870 12679 6727 8122 7603 5153 9764 17554 4890 4249 8211 0 9134 8243 18355 14013 12987 10237 8283 11556 3496 5743 7619 4724 3548 7165 15202 6124
18462 11270 11308 12646 17119 804 13379 13670 11275 16326 14759 14024 5551 6870 15147 10052 6790 12029 14585 15343 14191 10020 3349 12017 8396 11059 2689 9269 7200 1520 16875 5267 6075 14936 9134 0 16440 17037 4964 10254 14244 1854 19007 5759 13946 12560 13076 5651 2123 6195 13005
2984 5408 5827 5928 1066 15687 9514 6762 13524 1202 2207 12398 12649 15138 1681 15461 18356 14811 6171 16053 5726 8736 16255 14498 16358 13628 14550 15354 9743 16571 16874 13078 12484 3330 8243 16440 0 18065 20848 15432 7685 15054 3652 10835 2547 6151 8664 11469 14318 21897 3899
17273 17276 18188 12527 17714 16991 23526 21662 24680 19019 18456 5716 19208 22247 16508 6990 11662 25958 11906 2156 21229 11128 13843 25775 8858 24586 14608 24239 13454 15698 1324 19336 19605 14735 18355 17037 18065 0 17205 6785 10382 15390 17247 16612 17347 12313 22686 17816 16216 17268 14998
22566 15922 16072 16322 21418 5755 18333 18604 15950 20873 19348 15795 10488 11275 19422 10611 5544 16539 18012 15987 19084 13343 4832 16573 8515 15719 6298 13615 11172 4318 17426 10178 11000 18919 14013 4964 20848 17205 0 10826 17333 5848 23052 10554 18440 16191 18040 10590 6850 1245 17176
15799 12778 13534 9532 15483 10230 18387 17048 18709 16064 15021 5432 12887 15759 13752 216 5461 19899 10146 5226 16892 6819 7072 19754 2326 18582 7876 17887 7834 8917 6725 12951 13338 12368 12987 10254 15432 6785 10826 0 8846 8635 16039 10541 13862 9314 17649 11644 9537 11121 11657
7177 8089 9058 2770 7355 13718 14494 12158 16972 8668 8279 4758 13133 16327 6161 8945 13220 18353 1532 8398 11497 4230 12524 18096 10468 16963 11654 17602 7331 13657 9191 13454 13290 4359 10237 14244 7685 10382 17333 8846 0 12433 7314 10381 7254 2641 13583 11567 12379 18089 5027
16922 10074 10244 10938 15670 1604 13017 12940 11556 15038 13504 12190 5500 7605 13681 8442 5950 12479 12829 13630 13339 8222 2315 12420 6964 11364 840 9945 5543 1531 15164 5344 6042 13337 8283 1854 15054 15390 5848 8635 12433 0 17444 4787 12615 10841 12596 5076 1321 6982 11478
673 8642 9236 6886 2587 18304 13157 10406 17155 4708 5830 11932 15822 18512 4086 16116 19830 18452 5902 15448 9358 9997 18284 18141 17406 17253 16830 18891 11917 18905 15962 16240 15723 4134 11556 19007 3652 17247 23052 16039 7314 17444 0 13698 5856 7061 12313 14508 16902 24005 6012
13104 5540 5550 8097 11598 4967 8492 8163 8171 10625 9043 12003 2806 6035 9684 10412 10041 9388 10218 14555 8554 6473 6747 9228 9788 8049 4647 7706 3339 6278 16014 3087 3081 9813 3496 5759 10835 16612 10554 10541 10381 4787 13698 0 8301 8089 7965 1254 3710 11729 7732
5194 2869 3381 4820 3423 13184 7872 5227 11446 2451 1161 11635 10116 12681 1909 13862 16262 12783 5931 15244 4383 7043 13936 12480 14513 11523 12151 13046 7460 14140 16251 10544 9967 3375 5743 13946 2547 17347 18440 13862 7254 12615 5856 8301 0 5035 6964 8922 11827 19517 2352
6693 5469 6439 225 6172 11948 11895 9640 14343 6902 6157 6606 10756 13901 4476 9355 12770 15725 2129 10209 9055 2940 11371 15465 10431 14338 10135 15059 5380 12207 11231 11105 10866 3085 7619 12560 6151 12313 16191 9314 2641 10841 7061 8089 5035 0 10990 9213 10558 17079 2685
11647 5539 4576 10831 9730 12289 919 1925 5175 7649 6549 17218 7614 8468 8827 17569 17991 6317 12524 20530 3003 11560 14691 5997 17402 5341 12580 7657 9832 13981 21785 7977 7144 10295 4724 13076 8664 22686 18040 17649 13583 12596 12313 7965 6964 10990 0 7529 11354 19271 8669
13893 6073 5886 9206 12298 4848 7942 8019 7088 11141 9547 13255 1570 4795 10445 11505 10711 8256 11336 15772 8557 7714 7244 8114 10747 6949 5139 6463 4593 6454 17240 1892 1829 10740 3548 5651 11469 17816 10590 11644 11567 5076 14508 1254 8922 9213 7529 0 3826 11804 8628
16351 9173 9251 10631 14997 1406 11747 11782 10241 14214 12653 12637 4179 6400 13026 9356 7250 11181 12618 14371 12236 8152 3627 11116 8045 10052 1748 8703 5178 2631 15902 4028 4721 12847 7165 2123 14318 16216 6850 9537 12379 1321 16902 3710 11827 10558 11354 3826 0 8037 10895
23535 17046 17225 17219 22438 6982 19571 19809 17187 21958 20447 16266 11728 12497 20442 10911 5688 17762 18840 16185 20273 14193 5721 17799 8795 16954 7368 14827 12180 5460 17581 11421 12242 19871 15202 6195 21897 17268 1245 11121 18089 6982 24005 11729 19517 17079 19271 11804 8037 0 18180
5457 3408 4317 2472 4272 12295 9588 7151 12570 4408 3488 9289 10037 12950 2293 11671 14464 13947 3858 12892 6470 4878 12488 13664 12477 12604 10901 13725 6004 12962 13911 10437 10013 2126 6124 13005 3899 14998 17176 11657 5027 11478 6012 7732 2352 2685 8669 8628 10895 18180 0
1 9 4 2
2 11 3 0
3 9 4 5
4 9 7 5
5 6 6 3
6 8 5 2
7 7 9 5
8 8 5 2
9 4 6 5
10 6 7 3
11 11 9 1
12 3 11 6
13 8 8 4
14 11 5 2
15 8 7 0
16 9 7 3
17 8 7 1
18 6 6 4
19 7 7 1
20 2 4 5
21 3 8 6
22 12 8 3
23 2 5 6
24 9 8 7
25 6 8 3
26 4 6 4
27 9 3 0
28 5 10 1
29 7 2 5
30 7 5 6
31 10 4 3
32 7 2 0
33 5 7 2
34 11 5 3
35 6 5 7
36 6 2 5
37 10 4 3
38 11 9 3
39 7 5 3
40 8 7 2
41 10 10 7
42 13 7 3
43 8 2 4
44 6 3 4
45 5 8 4
46 6 5 4
47 11 10 4
48 8 10 4
49 7 6 5
50 4 4 2
