250 50 3
30 60 700 9.00
0 6 38 2
0 5 6 3
0 11 38 3
0 6 40 3
0 13 31 1
0 6 40 2
0 7 35 3
0 23 30 3
0 5 36 3
0 15 24 2
0 18 34 2
0 5 49 2
0 14 26 3
0 18 41 1
0 11 45 1
0 13 16 2
0 11 1 3
0 4 43 2
0 2 8 1
0 14 9 2
0 8 40 2
0 1 49 1
0 5 38 1
0 20 32 2
0 4 18 3
0 8 1 1
0 6 20 1
0 7 37 3
0 2 16 1
0 3 4 1
0 11 43 3
0 1 25 2
0 24 31 2
0 16 22 3
0 2 19 3
0 12 37 3
0 22 7 1
0 1 21 2
0 2 42 3
0 3 40 2
0 18 32 2
0 15 18 1
0 25 18 3
0 5 44 1
0 3 28 1
0 2 47 2
0 8 40 1
0 1 42 1
0 13 24 3
0 25 11 2
0 15 1 3
0 10 2 1
0 1 35 1
0 1 45 2
0 4 23 3
0 13 20 1
0 9 44 2
0 8 43 2
0 1 33 1
0 1 4 1
0 1 10 2
0 10 48 2
0 24 50 3
0 5 2 2
0 15 48 1
0 6 10 3
0 7 11 3
0 7 48 3
0 5 41 1
0 1 7 2
0 4 46 1
0 4 36 2
0 13 46 2
0 2 36 2
0 16 27 2
0 24 22 1
0 15 14 1
0 11 10 1
0 3 10 2
0 3 23 3
0 9 14 1
0 13 48 3
0 8 37 1
0 16 17 3
0 20 10 2
0 5 11 1
0 3 15 2
0 5 35 1
0 17 38 1
0 6 12 1
0 1 1 3
0 2 29 1
0 12 11 2
0 4 44 1
0 5 42 2
0 17 45 2
0 16 13 3
0 4 50 3
0 17 25 2
0 9 48 3
0 18 20 3
0 13 33 2
0 3 4 2
0 17 32 2
0 6 33 1
0 2 3 2
0 15 15 2
0 1 34 1
0 5 3 1
0 3 32 3
0 24 9 2
0 1 14 3
0 3 41 1
0 3 18 1
0 2 3 1
0 9 1 3
0 6 34 1
0 25 22 3
0 5 4 3
0 7 44 3
0 2 30 1
0 2 38 1
0 8 3 2
0 3 20 3
0 6 3 1
0 12 36 3
0 5 21 3
0 21 5 1
0 23 9 1
0 20 47 3
0 12 42 1
0 4 14 1
0 22 43 2
0 5 36 3
0 12 49 1
0 3 36 2
0 1 48 2
0 12 27 2
0 7 43 2
0 21 26 3
0 19 48 3
0 13 42 3
0 5 49 1
0 4 11 3
0 21 2 3
0 9 9 3
0 4 46 3
0 1 1 2
0 7 31 2
0 1 28 1
1 4 7 1
1 8 36 1
1 14 14 2
1 4 41 3
1 2 34 2
1 1 32 1
1 3 29 1
1 9 50 3
1 23 19 2
1 19 37 2
1 7 10 2
1 16 30 3
1 8 15 3
1 7 45 1
1 8 40 3
1 5 39 3
1 8 30 1
1 20 3 3
1 17 30 1
1 1 41 2
1 8 17 3
1 17 18 1
1 2 45 2
1 3 1 3
1 15 50 2
1 2 36 1
1 13 43 1
1 1 23 3
1 10 44 1
1 12 33 2
1 2 39 2
1 1 28 1
1 2 35 3
1 25 28 3
1 22 47 3
1 23 48 2
1 23 13 3
1 23 7 2
1 16 23 2
1 5 13 1
1 1 23 1
1 1 9 2
1 7 45 3
1 23 12 3
1 6 11 3
1 1 38 2
1 19 5 1
1 1 2 1
1 4 24 1
1 3 37 2
1 1 29 2
1 13 47 3
1 14 20 3
1 1 16 3
1 7 28 3
1 4 28 1
1 8 27 2
1 3 14 3
1 12 21 1
1 7 2 1
1 2 27 3
1 9 31 1
1 22 8 1
1 9 24 3
1 2 11 1
1 3 5 2
1 19 29 3
1 1 29 3
1 17 27 1
1 9 35 3
1 13 50 3
1 21 43 2
1 8 26 3
1 12 14 1
1 10 15 1
1 11 24 1
1 5 2 3
1 4 45 3
1 1 13 2
1 13 30 1
1 4 23 1
1 3 44 2
1 2 15 2
1 9 37 1
1 6 28 1
1 5 41 1
1 8 27 2
1 8 35 2
1 3 20 1
1 8 17 3
1 1 19 1
1 11 48 1
1 8 11 1
1 17 50 2
1 2 44 2
1 22 9 3
1 8 13 2
1 19 39 1
1 2 38 1
1 1 25 2
0 13042 11648 9110 12674 18128 10877 2239 10254 3517 16051 3810 15696 10225 10738 11668 9666 12945 8920 10671 11083 6314 9751 18748 13618 11253 13600 18610 8078 14383 16616 16367 9981 16366 11307 14463 8679 14107 4020 12811 2925 9457 16940 14709 20541 7277 11986 5380 10707 16739 5467
13042 0 3163 13459 1609 9741 7375 13121 4876 9540 5045 10076 5084 3378 8129 3126 6877 17231 4917 5192 4269 12731 8669 8909 1768 5954 9695 10093 15349 10337 10814 7286 7506 6526 7170 7250 6211 4997 9186 4954 15054 11585 5369 12381 10481 6289 14391 9627 4036 14306 7577
11648 3163 0 14228 4386 12786 4213 11235 1889 8189 8202 9440 4167 1611 9793 38 3823 18340 2735 6925 6172 12890 10006 12057 2375 7906 11948 13161 15628 12686 13532 5583 4394 5184 4012 4717 3517 7882 7629 2213 13185 12634 8520 14546 13644 4379 15707 9533 1086 16616 6503
9110 13459 14228 0 12143 12746 16081 11235 13987 8992 13354 6605 18122 12668 5995 14222 14732 4336 12372 8448 9369 2797 5034 14212 14951 8082 7269 13173 2833 7708 10091 19811 15389 19351 16324 18672 13261 11067 9702 16286 11882 2115 14383 6870 15730 11379 2907 5338 13862 8423 8976
12674 1609 4386 12143 0 8406 8496 13027 5830 9254 4066 9410 6687 4044 6617 4353 7799 15788 5430 3737 2802 11649 7242 7804 3377 4409 8086 8789 14185 8729 9264 8893 8490 8134 8355 8773 6879 3508 9025 6394 14915 10202 4655 10773 9480 6505 12911 8727 5044 12698 7254
18128 9741 12786 12746 8406 0 16886 19296 14183 15416 4983 14320 14142 12319 7590 12752 16098 14333 13492 7754 7761 14061 8711 2049 11308 6956 5478 482 15550 5156 3172 16528 16818 15608 16759 16923 14999 4991 15550 14694 20905 10755 5337 6919 3041 14102 11540 12849 13428 7497 13672
10877 7375 4213 16081 8496 16886 0 9685 2740 8021 12407 10069 6176 4641 12841 4250 1361 20394 3964 10286 9729 14127 12744 16251 6355 11327 15393 17279 16825 16191 17344 5859 901 6186 484 3715 2821 11918 7258 3194 11485 14891 12730 17831 17854 4705 18088 10829 3459 19994 7187
2239 13121 11235 11235 13027 19296 9685 0 9611 3919 16706 5308 15066 9997 12178 11261 8623 15157 8532 11619 11872 8456 11290 19711 13410 12342 15130 19776 10315 15944 18073 15424 8787 15551 10148 13380 7923 14946 4005 12039 1953 11393 17520 16480 21514 6933 14077 6982 10205 18574 5850
10254 4876 1889 13987 5830 14183 2740 9611 0 6926 9823 8536 5469 1901 10247 1925 2003 18232 1633 7594 7004 12323 10250 13627 4264 8630 12707 14584 15067 13495 14607 6248 2662 6132 2719 4721 1712 9202 6274 2592 11546 12605 10234 15191 15272 3075 15770 8945 846 17334 5525
3517 9540 8189 8992 9254 15416 8021 3919 6926 0 12819 2391 12293 6726 8510 8206 6702 13272 5486 7709 7955 6537 7744 15793 10106 8462 11500 15894 9065 12336 14351 13147 7173 13057 8396 11388 5489 11029 783 9516 5706 8523 13657 13135 17597 3868 11560 3831 7294 15305 2000
16051 5045 8202 13354 4066 4983 12407 16706 9823 12819 0 12462 9161 8097 7360 8165 11815 16208 9494 5580 4991 13680 8388 3872 6442 5449 7209 5255 15853 7503 6946 11549 12483 10625 12213 12034 10943 2296 12720 9919 18525 11244 1031 9713 5451 10496 13227 11383 9006 11147 10855
3810 10076 9440 6605 9410 14320 10069 5308 8536 2391 12462 0 13607 7853 6952 9449 8714 10881 6943 6963 7471 4175 6007 14984 11001 7476 9859 14802 6786 10662 12846 14765 9271 14547 10397 13196 7354 10420 3127 11097 6656 6267 13395 11183 16770 5518 9220 1677 8715 13299 3011
15696 5084 4167 18122 6687 14142 6176 15066 5469 12293 9161 13607 0 5760 13139 4157 6691 22090 6808 10182 9287 16973 13573 12860 3336 11010 14770 14413 19694 15394 15685 2390 6871 1483 5724 3522 7142 9860 11688 3105 16990 16387 8994 17460 14103 8433 19327 13645 4999 19356 10664
10225 3378 1611 12668 4044 12319 4641 9997 1901 6726 8097 7853 5760 0 8494 1615 3782 16820 1550 5749 5119 11282 8600 11842 3420 6775 10855 12728 14021 11632 12707 7162 4499 6793 4604 6092 2866 7330 6225 3633 11948 11129 8597 13377 13524 3064 14241 7922 1322 15500 4954
10738 8129 9793 5995 6617 7590 12841 12178 10247 8510 7360 6952 13139 8494 0 9775 11651 9217 8882 2958 3862 6604 1140 8647 9814 2234 2993 8065 8533 3835 5899 15154 12400 14517 12927 14507 10218 5072 8860 12003 13607 3892 8391 5030 10331 8650 6302 5366 9815 7231 7185
11668 3126 38 14222 4353 12752 4250 11261 1925 8206 8165 9449 4157 1615 9775 0 3861 18331 2757 6904 6149 12891 9992 12021 2340 7883 11924 13126 15628 12661 13503 5589 4432 5183 4048 4737 3549 7849 7649 2233 13211 12624 8482 14524 13607 4400 15695 9536 1119 16592 6515
9666 6877 3823 14732 7799 16098 1361 8623 2003 6702 11815 8714 6691 3782 11651 3861 0 19050 2794 9203 8718 12766 11498 15603 6160 10247 14283 16509 15465 15096 16362 6801 756 6971 1695 4800 1488 11108 5949 3586 10483 13573 12236 16665 17262 3354 16773 9470 2843 18844 5826
12945 17231 18340 4336 15788 14333 20394 15157 18232 13272 16208 10881 22090 16820 9217 18331 19050 0 16633 12056 12990 6814 8562 16135 18831 11449 9197 14676 5026 9248 11248 23903 19714 23382 20625 22879 17573 14034 14000 20453 15502 5713 17201 7468 17364 15697 2981 9673 18055 7916 13311
8920 4917 2735 12372 5430 13492 3964 8532 1633 5486 9494 6943 6808 1550 8882 2757 2794 16633 0 6412 5960 10691 8788 13160 4892 7456 11489 13919 13436 12302 13600 7822 3550 7629 4087 6354 1508 8512 4900 4154 10484 11036 10053 13884 14877 1644 14216 7312 1812 16057 3938
10671 5192 6925 8448 3737 7754 10286 11619 7594 7709 5580 6963 10182 5749 2958 6904 9203 12056 6412 0 936 8250 3504 8105 6859 1044 5113 8226 10635 5906 7257 12207 9958 11560 10311 11640 7864 3458 7802 9137 13316 6472 6564 7638 9906 6592 9199 5805 7065 9751 5919
11083 4269 6172 9369 2802 7761 9729 11872 7004 7955 4991 7471 9287 5119 3862 6149 8718 12990 5960 936 0 9073 4440 7871 5956 1753 5778 8218 11511 6531 7644 11350 9469 10681 9719 10869 7450 3076 7957 8375 13633 7405 5929 8380 9672 6362 10127 6454 6411 10445 6062
6314 12731 12890 2797 11649 14061 14127 8456 12323 6537 13680 4175 16973 11282 6604 12891 12766 6814 10691 8250 9073 0 5467 15245 14012 8232 8765 14522 2747 9387 11793 18416 13363 18074 14423 17043 11346 11406 7293 14785 9091 3638 14701 9070 16903 9461 5690 3382 12346 10876 6942
9751 8669 10006 5034 7242 8711 12744 11290 10250 7744 8388 6007 13573 8600 1140 9992 11498 8562 8788 3504 4440 5467 0 9788 10285 3048 3853 9184 7467 4656 6869 15485 12234 14904 12872 14681 10031 6092 8166 12192 12646 2987 9419 5456 11471 8348 5754 4372 9903 7660 6613
18748 8909 12057 14212 7804 2049 16251 19711 13627 15793 3872 14984 12860 11842 8647 12021 15603 16135 13160 8105 7871 15245 9788 0 10301 7510 7049 1984 16963 6888 5157 15246 16289 14292 16069 15867 14644 4817 15826 13789 21420 12151 3866 8817 1804 13990 13272 13638 12824 9530 13931
13618 1768 2375 14951 3377 11308 6355 13410 4264 10106 6442 11001 3336 3420 9814 2340 6160 18831 4892 6859 5956 14012 10285 10301 0 7675 11461 11633 16688 12105 12541 5520 6674 4763 6062 5615 5872 6707 9635 3515 15362 13147 6559 14145 11764 6478 16032 10779 3454 16073 8251
11253 5954 7906 8082 4409 6956 11327 12342 8630 8462 5449 7476 11010 6775 2234 7883 10247 11449 7456 1044 1753 8232 3048 7510 7675 0 4080 7435 10451 4866 6247 13098 11002 12416 11348 12612 8904 3179 8620 10114 13977 6023 6471 6641 9294 7599 8533 6155 8087 8731 6764
13600 9695 11948 7269 8086 5478 15393 15130 12707 11500 7209 9859 14770 10855 2993 11924 14283 9197 11489 5113 5778 8765 3853 7049 11461 4080 0 5904 10082 848 3064 16967 15039 16221 15424 16631 12905 5281 11851 14145 16498 5312 8148 2694 8481 11462 6268 8224 12165 4669 10156
18610 10093 13161 13173 8789 482 17279 19776 14584 15894 5255 14802 14413 12728 8065 13126 16509 14676 13919 8226 8218 14522 9184 1984 11633 7435 5904 0 15984 5546 3457 16802 17225 15873 17144 17246 15425 5409 16024 15043 21387 11195 5531 7236 2692 14551 11910 13330 13821 7695 14145
8078 15349 15628 2833 14185 15550 16825 10315 15067 9065 15853 6786 19694 14021 8533 15628 15465 5026 13436 10635 11511 2747 7467 16963 16688 10451 10082 15984 0 10539 12924 21162 16044 20812 17133 19786 14062 13557 9841 17532 10511 4814 16884 9647 18516 12183 5193 6129 15093 11048 9656
14383 10337 12686 7708 8729 5156 16191 15944 13495 12336 7503 10662 15394 11632 3835 12661 15096 9248 12302 5906 6531 9387 4656 6888 12105 4866 848 5546 10539 0 2413 17622 15851 16854 16213 17350 13726 5738 12694 14873 17289 5847 8394 2212 8194 12300 6397 9016 12936 3969 11004
16616 10814 13532 10091 9264 3172 17344 18073 14607 14351 6946 12846 15685 12707 5899 13503 16362 11248 13600 7257 7644 11793 6869 5157 12541 6247 3064 3457 12924 2413 0 18014 17112 17167 17304 18037 15082 5838 14636 15637 19500 8260 7638 3787 6147 13845 8547 11236 13955 4413 12858
16367 7286 5583 19811 8893 16528 5859 15424 6248 13147 11549 14765 2390 7162 15154 5589 6801 23903 7822 12207 11350 18416 15485 15246 5520 13098 16967 16802 21162 17622 18014 0 6715 992 5376 2236 7695 12178 12462 3669 17278 18191 11379 19644 16467 9320 21224 15040 6080 21591 11757
9981 7506 4394 15389 8490 16818 901 8787 2662 7173 12483 9271 6871 4499 12400 4432 756 19714 3550 9958 9469 13363 12234 16289 6674 11002 15039 17225 16044 15851 17112 6715 0 6991 1362 4601 2205 11829 6403 3802 10596 14270 12875 17417 17933 4024 17472 10100 3480 19597 6443
16366 6526 5184 19351 8134 15608 6186 15551 6132 13057 10625 14547 1483 6793 14517 5183 6971 23382 7629 11560 10681 18074 14904 14292 4763 12416 16221 15873 20812 16854 17167 992 6991 0 5705 2836 7696 11341 12404 3555 17438 17670 10426 18907 15493 9195 20656 14715 5834 20820 11558
11307 7170 4012 16324 8355 16759 484 10148 2719 8396 12213 10397 5724 4604 12927 4048 1695 20625 4087 10311 9719 14423 12872 16069 6062 11348 15424 17144 17133 16213 17304 5376 1362 5705 0 3240 3080 11809 7640 2792 11957 15086 12502 17894 17650 4971 18277 11103 3359 20045 7481
14463 7250 4717 18672 8773 16923 3715 13380 4721 11388 12034 13196 3522 6092 14507 4737 4800 22879 6354 11640 10869 17043 14681 15867 5615 12612 16631 17246 19786 17350 18037 2236 4601 2836 3240 0 5902 12245 10665 2505 15196 17207 12053 19250 17251 7679 20331 13665 4826 21299 10195
8679 6211 3517 13261 6879 14999 2821 7923 1712 5489 10943 7354 7142 2866 10218 3549 1488 17573 1508 7864 7450 11346 10031 14644 5872 8904 12905 15425 14062 13726 15082 7695 2205 7696 3080 5902 0 10017 4779 4147 9850 12085 11462 15243 16349 1891 15286 8024 2431 17431 4406
14107 4997 7882 11067 3508 4991 11918 14946 9202 11029 2296 10420 9860 7330 5072 7849 11108 14034 8512 3458 3076 11406 6092 4817 6707 3179 5281 5409 13557 5738 5838 12178 11829 11341 11809 12245 10017 0 11028 9897 16698 8961 3327 7924 6611 9216 11055 9235 8462 9616 9134
4020 9186 7629 9702 9025 15550 7258 4005 6274 783 12720 3127 11688 6225 8860 7649 5949 14000 4900 7802 7957 7293 8166 15826 9635 8620 11851 16024 9841 12694 14636 12462 6403 12404 7640 10665 4779 11028 0 8854 5895 9142 13521 13598 17628 3259 12220 4465 6693 15784 1895
12811 4954 2213 16286 6394 14694 3194 12039 2592 9516 9919 11097 3105 3633 12003 2233 3586 20453 4154 9137 8375 14785 12192 13789 3515 10114 14145 15043 17532 14873 15637 3669 3802 3555 2792 2505 4147 9897 8854 0 13945 14762 10073 16753 15276 5667 17865 11404 2441 18813 8089
2925 15054 13185 11882 14915 20905 11485 1953 11546 5706 18525 6656 16990 11948 13607 13211 10483 15502 10484 13316 13633 9091 12646 21420 15362 13977 16498 21387 10511 17289 19500 17278 10596 17438 11957 15196 9850 16698 5895 13945 0 12357 19362 17632 23221 8885 14781 8275 12151 19655 7689
9457 11585 12634 2115 10202 10755 14891 11393 12605 8523 11244 6267 16387 11129 3892 12624 13573 5713 11036 6472 7405 3638 2987 12151 13147 6023 5312 11195 4814 5847 8260 18191 14270 17670 15086 17207 12085 8961 9142 14762 12357 0 12273 5440 13706 10253 3202 4692 12382 7328 8049
16940 5369 8520 14383 4655 5337 12730 17520 10234 13657 1031 13395 8994 8597 8391 8482 12236 17201 10053 6564 5929 14701 9419 3866 6559 6471 8148 5531 16884 8394 7638 11379 12875 10426 12502 12053 11462 3327 13521 10073 19362 12273 0 10595 5209 11157 14222 12357 9399 11932 11677
14709 12381 14546 6870 10773 6919 17831 16480 15191 13135 9713 11183 17460 13377 5030 14524 16665 7468 13884 7638 8380 9070 5456 8817 14145 6641 2694 7236 9647 2212 3787 19644 17417 18907 17894 19250 15243 7924 13598 16753 17632 5440 10595 0 9928 13676 4868 9507 14697 2210 12067
20541 10481 13644 15730 9480 3041 17854 21514 15272 17597 5451 16770 14103 13524 10331 13607 17262 17364 14877 9906 9672 16903 11471 1804 11764 9294 8481 2692 18516 8194 6147 16467 17933 15493 17650 17251 16349 6611 17628 15276 23221 13706 5209 9928 0 15753 14581 15403 14457 10298 15733
7277 6289 4379 11379 6505 14102 4705 6933 3075 3868 10496 5518 8433 3064 8650 4400 3354 15697 1644 6592 6362 9461 8348 13990 6478 7599 11462 14551 12183 12300 13845 9320 4024 9195 4971 7679 1891 9216 3259 5667 8885 10253 11157 13676 15753 0 13455 6132 3435 15880 2531
11986 14391 15707 2907 12911 11540 18088 14077 15770 11560 13227 9220 19327 14241 6302 15695 16773 2981 14216 9199 10127 5690 5754 13272 16032 8533 6268 11910 5193 6397 8547 21224 17472 20656 18277 20331 15286 11055 12220 17865 14781 3202 14222 4868 14581 13455 0 7757 15515 5917 11227
5380 9627 9533 5338 8727 12849 10829 6982 8945 3831 11383 1677 13645 7922 5366 9536 9470 9673 7312 5805 6454 3382 4372 13638 10779 6155 8224 13330 6129 9016 11236 15040 10100 14715 11103 13665 8024 9235 4465 11404 8275 4692 12357 9507 15403 6132 7757 0 8966 11627 3659
10707 4036 1086 13862 5044 13428 3459 10205 846 7294 9006 8715 4999 1322 9815 1119 2843 18055 1812 7065 6411 12346 9903 12824 3454 8087 12165 13821 15093 12936 13955 6080 3480 5834 3359 4826 2431 8462 6693 2441 12151 12382 9399 14697 14457 3435 15515 8966 0 16815 5724
16739 14306 16616 8423 12698 7497 19994 18574 17334 15305 11147 13299 19356 15500 7231 16592 18844 7916 16057 9751 10445 10876 7660 9530 16073 8731 4669 7695 11048 3969 4413 21591 19597 20820 20045 21299 17431 9616 15784 18813 19655 7328 11932 2210 10298 15880 5917 11627 16815 0 14273
5467 7577 6503 8976 7254 13672 7187 5850 5525 2000 10855 3011 10664 4954 7185 6515 5826 13311 3938 5919 6062 6942 6613 13931 8251 6764 10156 14145 9656 11004 12858 11757 6443 11558 7481 10195 4406 9134 1895 8089 7689 8049 11677 12067 15733 2531 11227 3659 5724 14273 0
1 5 3 6
2 5 3 3
3 7 6 5
4 9 9 3
5 5 8 3
6 5 4 2
7 8 3 9
8 7 5 5
9 8 7 1
10 5 7 5
11 0 7 6
12 8 7 2
13 6 6 5
14 4 5 5
15 8 4 2
16 3 4 6
17 8 8 2
18 6 8 1
19 8 4 1
20 7 5 2
21 4 5 1
22 3 6 5
23 2 6 2
24 4 11 2
25 5 5 1
26 4 6 3
27 6 5 2
28 2 3 1
29 5 6 3
30 5 3 2
31 7 9 3
32 1 7 6
33 5 6 4
34 5 4 4
35 5 0 8
36 0 8 4
37 8 6 3
38 3 5 5
39 8 4 3
40 2 9 0
41 7 3 0
42 5 4 2
43 7 4 4
44 3 4 4
45 4 8 4
46 5 11 1
47 6 5 3
48 4 4 1
49 4 6 6
50 14 2 1
